Vload_(V)	ILoad_(A)	RsLoad (ohm)	SunsVoc_Voltage_(V)	SunsVoc_Current_(A)	Model_Voltage_(V)	Model_Current_(A)	Carrier_Density_(cm-3)	Lifetime_(s)	Inverse_Lifetime_(s-1)	Efficiency_(%)	Intensity_(suns)	Dark_IV_Voltage_(V)	Dark_IV_Current_(A)
4.158087	3.831983	0	64.72321	-0.517246	65.526243	-0.517246	2.300733E+15	0.000238	4186.322514	14.846208	1.117287	0	0
4.931868	3.82848	7.624106	64.833918	-0.414848	65.472834	-0.414848	2.382129E+15	0.000253	3946.950075	14.862368	1.116163	0	0
9.505123	3.791699	10.694756	64.739055	-0.184454	65.025095	-0.184454	2.312237E+15	0.000259	3845.959929	14.83392	1.113908	0	0
13.839754	3.786409	9.706537	64.565908	0.080446	64.439597	0.080446	2.18911E+15	0.000263	3795.152905	14.857314	1.11127	0	0
18.157825	3.78663	8.559893	64.374507	0.33326	63.844104	0.33326	2.059483E+15	0.000265	3763.020452	14.838618	1.109816	0	0
22.479703	3.785732	7.441601	64.173836	0.571947	63.250699	0.571947	1.930611E+15	0.000267	3741.168021	14.867859	1.109148	0	0
26.813574	3.783939	6.342441	63.977861	0.787638	62.689311	0.787638	1.81143E+15	0.000268	3724.215679	14.851452	1.107958	0	0
31.131906	3.78147	5.260961	63.78454	0.983908	62.153602	0.983908	1.700067E+15	0.000269	3712.972577	14.853914	1.106107	0	0
35.454797	3.778794	4.177991	63.591424	1.165164	61.63484	1.165164	1.594726E+15	0.000269	3706.894013	14.853981	1.102887	0	0
39.749754	3.766401	3.273974	63.402637	1.3368	61.129579	1.3368	1.497222E+15	0.00027	3694.674242	14.849409	1.099278	0	0
44.066878	3.712561	2.739002	63.210541	1.498088	60.631015	1.498088	1.403337E+15	0.000271	3687.495638	14.875551	1.094881	0	0
45.486569	3.674214	2.632569	63.018732	1.649296	60.143423	1.649296	1.314732E+15	0.000271	3681.399171	14.853998	1.091113	0	0
46.908514	3.621858	2.527184	62.826065	1.791774	59.663716	1.791774	1.230681E+15	0.000272	3676.457261	14.886453	1.087411	0	0
48.330371	3.55372	2.420379	62.633929	1.925166	59.194738	1.925166	1.151587E+15	0.000272	3672.393305	14.86762	1.08429	0	0
49.748107	3.46059	2.327418	62.443263	2.049811	58.737642	2.049811	1.077557E+15	0.000272	3668.413784	14.894969	1.080548	0	0
51.173541	3.341223	2.2335	62.251126	2.165067	58.290573	2.165067	1.007247E+15	0.000272	3670.92795	14.882953	1.07594	0	0
52.601844	3.187817	2.144318	62.064013	2.268981	57.865834	2.268981	9.427254E+14	0.000272	3677.878344	14.891668	1.070936	0	0
54.004401	2.996214	2.067232	61.881637	2.360958	57.465067	2.360958	8.834169E+14	0.000271	3694.019199	14.902768	1.065488	0	0
55.399855	2.763263	1.99749	61.706979	2.44768	57.080316	2.44768	8.297804E+14	0.00027	3701.101862	14.899366	1.060695	0	0
56.79205	2.482908	1.93543	61.524603	2.529708	56.691234	2.529708	7.769241E+14	0.000269	3718.812934	14.928979	1.055558	0	0
58.164282	2.159055	1.879766	61.349087	2.606622	56.317539	2.606622	7.289552E+14	0.000268	3729.560653	14.910377	1.051056	0	0
59.524126	1.787607	1.833554	61.171489	2.679163	55.946641	2.679163	6.831746E+14	0.000267	3744.010291	14.941155	1.046071	0	0
60.863967	1.377633	1.813778	60.98997	2.747248	55.576511	2.747248	6.39112E+14	0.000265	3765.873035	14.929714	1.040901	0	0
62.161523	0.936414	1.817406	60.811106	2.810965	55.215799	2.810965	5.98259E+14	0.000264	3786.806919	14.946082	1.035335	0	0
63.35576	0.497306	1.821982	60.634447	2.870965	54.862922	2.870965	5.602844E+14	0.000263	3805.929291	14.950634	1.029107	0	0
49.290477	3.490713	2.366418	60.458482	2.926909	54.516827	2.926909	5.246868E+14	0.000261	3827.622029	14.949644	1.023448	0	0
64.607019	0	0	60.279413	2.979426	54.171414	2.979426	4.906273E+14	0.000259	3855.883854	14.975573	1.017518	0	0
0	0	0	60.10549	3.02875	53.837395	3.02875	4.595297E+14	0.000258	3878.698704	14.960855	1.012123	0	0
0	0	0	59.933895	3.075103	53.51079	3.075103	4.306637E+14	0.000256	3899.883348	14.994199	1.00614	0	0
0	0	0	59.760952	3.118101	53.187658	3.118101	4.033003E+14	0.000255	3927.941541	14.972915	1.000329	0	0
0	0	0	59.594012	3.157843	52.877913	3.157843	3.784471E+14	0.000253	3952.898805	14.995618	0.994088	0	0
0	0	0	59.428134	3.195178	52.573289	3.195178	3.551907E+14	0.000251	3978.496933	14.992778	0.987754	0	0
0	0	0	59.25805	3.230027	52.266932	3.230027	3.32755E+14	0.000249	4014.372018	15.003222	0.981824	0	0
0	0	0	59.092539	3.262532	51.970608	3.262532	3.122208E+14	0.000247	4047.384899	15.016704	0.975735	0	0
0	0	0	58.929601	3.293034	51.68101	3.293034	2.931893E+14	0.000245	4079.261806	15.008737	0.970255	0	0
0	0	0	58.771441	3.321493	51.401388	3.321493	2.757797E+14	0.000243	4107.792006	15.038427	0.964245	0	0
0	0	0	58.606093	3.348633	51.113827	3.348633	2.586396E+14	0.000241	4147.172372	15.020887	0.958672	0	0
0	0	0	58.446912	3.373881	50.838026	3.373881	2.431082E+14	0.000239	4181.671463	15.053318	0.952649	0	0
0	0	0	58.288344	3.397615	50.56561	3.397615	2.28531E+14	0.000237	4217.941625	15.045237	0.946779	0	0
0	0	0	58.130837	3.420008	50.296894	3.420008	2.148877E+14	0.000235	4254.505819	15.057846	0.941146	0	0
0	0	0	57.974025	3.441058	50.031448	3.441058	2.020881E+14	0.000233	4292.828821	15.071504	0.935341	0	0
0	0	0	57.820193	3.460678	49.772724	3.460678	1.902505E+14	0.000231	4331.077417	15.062702	0.929894	0	0
0	0	0	57.664851	3.479286	49.513597	3.479286	1.789801E+14	0.000229	4373.098077	15.089675	0.924023	0	0
0	0	0	57.51155	3.496682	49.259523	3.496682	1.684949E+14	0.000226	4416.117606	15.066599	0.918615	0	0
0	0	0	57.357882	3.513128	49.0066	3.513128	1.585852E+14	0.000224	4461.944401	15.097228	0.912797	0	0
0	0	0	57.204868	3.528789	48.755901	3.528789	1.492828E+14	0.000222	4507.178585	15.084381	0.907052	0	0
0	0	0	57.053568	3.543433	48.509511	3.543433	1.406091E+14	0.00022	4554.085442	15.097332	0.901367	0	0
0	0	0	56.900512	3.557483	48.261615	3.557483	1.323363E+14	0.000217	4603.174289	15.106717	0.895436	0	0
0	0	0	56.748274	3.570757	48.016279	3.570757	1.245807E+14	0.000215	4653.299389	15.097506	0.890128	0	0
0	0	0	56.595381	3.583664	47.770476	3.583664	1.172403E+14	0.000213	4700.326801	15.129068	0.88427	0	0
0	0	0	56.447635	3.595561	47.533955	3.595561	1.105507E+14	0.000211	4745.942818	15.108042	0.878915	0	0
0	0	0	56.293762	3.606825	47.290019	3.606825	1.039822E+14	0.000208	4805.344669	15.137584	0.873329	0	0
0	0	0	56.146097	3.617398	47.056153	3.617398	9.803992E+13	0.000206	4857.270005	15.125739	0.867742	0	0
0	0	0	55.993654	3.627474	46.816477	3.627474	9.225593E+13	0.000203	4919.428813	15.137146	0.862414	0	0
0	0	0	55.845622	3.637074	46.583876	3.637074	8.696128E+13	0.000201	4973.970497	15.144855	0.856867	0	0
0	0	0	55.693056	3.646003	46.346291	3.646003	8.181793E+13	0.000198	5044.448973	15.12991	0.85173	0	0
0	0	0	55.546739	3.654533	46.118237	3.654533	7.71675E+13	0.000196	5103.136445	15.158823	0.846283	0	0
0	0	0	55.396828	3.662652	45.885905	3.662652	7.267351E+13	0.000193	5170.803085	15.133397	0.841377	0	0
0	0	0	55.251817	3.670311	45.661413	3.670311	6.857272E+13	0.000191	5232.141247	15.160649	0.83626	0	0
0	0	0	55.100272	3.677559	45.42853	3.677559	6.453152E+13	0.000188	5310.536358	15.153422	0.831401	0	0
0	0	0	54.953261	3.684435	45.202791	3.684435	6.083657E+13	0.000186	5382.27227	15.153452	0.826753	0	0
0	0	0	54.801798	3.69103	44.971281	3.69103	5.724873E+13	0.000183	5463.939681	15.172809	0.82161	0	0
0	0	0	54.653357	3.697223	44.744899	3.697223	5.393597E+13	0.00018	5544.736741	15.152087	0.81718	0	0
0	0	0	54.502302	3.703138	44.515363	3.703138	5.07599E+13	0.000178	5633.075627	15.185099	0.812222	0	0
0	0	0	54.351533	3.708718	44.286939	3.708718	4.777482E+13	0.000175	5725.818916	15.162492	0.807713	0	0
0	0	0	54.20007	3.714127	44.057813	3.714127	4.495138E+13	0.000172	5818.453836	15.181041	0.803237	0	0
0	0	0	54.051344	3.71909	43.833601	3.71909	4.234019E+13	0.000169	5917.122644	15.183192	0.798629	0	0
0	0	0	53.898778	3.723996	43.603944	3.723996	3.981806E+13	0.000166	6018.485534	15.171656	0.794292	0	0
0	0	0	53.750337	3.728702	43.380523	3.728702	3.750746E+13	0.000164	6110.816974	15.199212	0.789334	0	0
0	0	0	53.597527	3.732946	43.152042	3.732946	3.526798E+13	0.00016	6231.795193	15.167384	0.784958	0	0
0	0	0	53.445982	3.737124	42.925397	3.737124	3.317837E+13	0.000158	6344.833996	15.192749	0.780363	0	0
0	0	0	53.295254	3.741083	42.700391	3.741083	3.122219E+13	0.000155	6461.004574	15.176809	0.775841	0	0
0	0	0	53.146446	3.744862	42.478485	3.744862	2.940351E+13	0.000152	6575.369922	15.185243	0.771438	0	0
0	0	0	52.992288	3.748501	42.249262	3.748501	2.763056E+13	0.000149	6705.05324	15.194395	0.766731	0	0
0	0	0	52.838048	3.751865	42.02059	3.751865	2.596318E+13	0.000146	6848.132352	15.173965	0.762605	0	0
0	0	0	52.682256	3.755154	41.789814	3.755154	2.438071E+13	0.000143	6993.248261	15.2018	0.758011	0	0
0	0	0	52.529241	3.758533	41.562604	3.758533	2.292E+13	0.000141	7111.693218	15.178836	0.753753	0	0
0	0	0	52.372429	3.761516	41.331047	3.761516	2.151345E+13	0.000138	7268.983184	15.197013	0.749555	0	0
0	0	0	52.211369	3.76436	41.093758	3.76436	2.01583E+13	0.000134	7444.584984	15.192252	0.745172	0	0
0	0	0	52.050147	3.76708	40.856501	3.76708	1.888698E+13	0.000131	7626.054095	15.181483	0.741205	0	0
0	0	0	51.88823	3.769793	40.618181	3.769793	1.769063E+13	0.000128	7801.441866	15.2078	0.736742	0	0
0	0	0	51.727946	3.772213	40.382967	3.772213	1.658079E+13	0.000125	7999.778306	15.176545	0.732796	0	0
0	0	0	51.557984	3.774699	40.133697	3.774699	1.547969E+13	0.000122	8212.375126	15.198275	0.728584	0	0
0	0	0	51.385449	3.77703	39.881143	3.77703	1.44365E+13	0.000118	8447.419234	15.184514	0.724373	0	0
0	0	0	51.221001	3.779187	39.640542	3.779187	1.350755E+13	0.000115	8674.056383	15.183054	0.720466	0	0
0	0	0	51.055041	3.781289	39.397878	3.781289	1.263053E+13	0.000112	8906.98989	15.197159	0.716215	0	0
0	0	0	50.880995	3.783288	39.143947	3.783288	1.177175E+13	0.000109	9180.012127	15.168966	0.712532	0	0
0	0	0	50.712258	3.785104	38.898067	3.785104	1.099485E+13	0.000106	9462.152051	15.197683	0.708301	0	0
0	0	0	50.547728	3.786968	38.657958	3.786968	1.028663E+13	0.000103	9711.504688	15.180421	0.704421	0	0
0	0	0	50.374254	3.788694	38.405475	3.788694	9.589171E+12	9.981826E-5	10018.207083	15.179398	0.70058	0	0
0	0	0	50.20225	3.790446	38.154942	3.790446	8.944252E+12	9.703041E-5	10306.0475	15.191952	0.696381	0	0
0	0	0	50.02894	3.792026	37.903027	3.792026	8.338232E+12	9.403335E-5	10634.524582	15.16661	0.692739	0	0
0	0	0	49.847789	3.793635	37.639787	3.793635	7.74858E+12	9.104962E-5	10983.022558	15.191462	0.68858	0	0
0	0	0	49.669823	3.795204	37.38115	3.795204	7.209866E+12	8.833363E-5	11320.716145	15.161069	0.684885	0	0
0	0	0	49.489162	3.796594	37.119191	3.796594	6.701245E+12	8.53282E-5	11719.455453	15.173204	0.681083	0	0
0	0	0	49.30703	3.797988	36.855068	3.797988	6.224757E+12	8.251163E-5	12119.503276	15.168182	0.677229	0	0
0	0	0	49.121469	3.799335	36.586158	3.799335	5.774089E+12	7.969336E-5	12548.096572	15.153444	0.673659	0	0
0	0	0	48.933702	3.800597	36.314325	3.800597	5.351235E+12	7.682866E-5	13015.975987	15.17348	0.669745	0	0
0	0	0	48.744139	3.801757	36.040223	3.801757	4.955714E+12	7.387919E-5	13535.611302	15.146406	0.666155	0	0
0	0	0	48.55429	3.802966	35.765496	3.802966	4.588871E+12	7.126123E-5	14032.876024	15.159162	0.662585	0	0
0	0	0	48.356191	3.80413	35.479107	3.80413	4.234987E+12	6.851499E-5	14595.345208	15.153428	0.658777	0	0
0	0	0	48.160053	3.8051	35.196126	3.8051	3.911479E+12	6.556345E-5	15252.401382	15.136827	0.655293	0	0
0	0	0	47.96024	3.806279	34.907142	3.806279	3.607293E+12	6.323805E-5	15813.265052	15.160638	0.651505	0	0
0	0	0	47.755444	3.807212	34.611849	3.807212	3.32004E+12	6.039459E-5	16557.774945	15.130419	0.648008	0	0
0	0	0	47.549873	3.808156	34.315367	3.808156	3.054689E+12	5.777E-5	17310.02116	15.141792	0.644497	0	0
0	0	0	47.338462	3.80901	34.010829	3.80901	2.803892E+12	5.499657E-5	18182.952015	15.134291	0.640888	0	0
0	0	0	47.127255	3.809864	33.706539	3.809864	2.573889E+12	5.243561E-5	19071.008467	15.116368	0.637562	0	0
0	0	0	46.916457	3.810721	33.402781	3.810721	2.363137E+12	5.008287E-5	19966.906678	15.140878	0.633893	0	0
0	0	0	46.703371	3.811582	33.095708	3.811582	2.167625E+12	4.787734E-5	20886.707485	15.112326	0.630541	0	0
0	0	0	46.488897	3.812318	32.78706	3.812318	1.987165E+12	4.55341E-5	21961.56368	15.120303	0.62713	0	0
0	0	0	46.271769	3.81301	32.474749	3.81301	1.819764E+12	4.32189E-5	23138.022956	15.119866	0.623672	0	0
0	0	0	46.055703	3.813732	32.16381	3.813732	1.667179E+12	4.116144E-5	24294.584528	15.094123	0.620419	0	0
0	0	0	45.839228	3.814379	31.852528	3.814379	1.527132E+12	3.908947E-5	25582.336625	15.113486	0.616922	0	0
0	0	0	45.616587	3.814975	31.532603	3.814975	1.395354E+12	3.696821E-5	27050.266593	15.089715	0.613597	0	0
0	0	0	45.391169	3.815652	31.208382	3.815652	1.27351E+12	3.513952E-5	28457.984031	15.086133	0.610318	0	0
0	0	0	45.166364	3.816227	30.885387	3.816227	1.162593E+12	3.324885E-5	30076.226271	15.100393	0.606814	0	0
0	0	0	44.937025	3.816788	30.555941	3.816788	1.059386E+12	3.141702E-5	31829.87803	15.070238	0.603647	0	0
0	0	0	44.704829	3.817278	30.22266	3.817278	9.642211E+11	2.954637E-5	33845.103994	15.089091	0.600335	0	0
0	0	0	44.469569	3.817876	29.884566	3.817876	8.765149E+11	2.799787E-5	35716.998373	15.076145	0.59693	0	0
0	0	0	44.230307	3.818358	29.541176	3.818358	7.954937E+11	2.630789E-5	38011.416291	15.062993	0.593836	0	0
0	0	0	43.989004	3.818963	29.194367	3.818963	7.213636E+11	2.496514E-5	40055.854086	15.077003	0.590405	0	0
0	0	0	43.746231	3.819383	28.846146	3.819383	6.537509E+11	2.338076E-5	42770.21445	15.044533	0.587324	0	0
0	0	0	43.496882	3.819916	28.488076	3.819916	5.908978E+11	2.206541E-5	45319.809002	15.046152	0.584085	0	0
0	0	0	43.245002	3.820372	28.126665	3.820372	5.335391E+11	2.070545E-5	48296.460542	15.03966	0.5807	0	0
0	0	0	42.987201	3.820835	27.756743	3.820835	4.805927E+11	1.942659E-5	51475.847456	15.019437	0.577685	0	0
0	0	0	42.724377	3.821185	27.380079	3.821185	4.320194E+11	1.802867E-5	55467.197157	15.037003	0.574307	0	0
0	0	0	42.458245	3.821657	26.998178	3.821657	3.878347E+11	1.692439E-5	59086.315855	15.013342	0.57116	0	0
0	0	0	42.182475	3.82196	26.603175	3.82196	3.46811E+11	1.559181E-5	64136.237662	15.020694	0.568019	0	0
0	0	0	41.900213	3.822332	26.198597	3.822332	3.093111E+11	1.444254E-5	69239.879622	15.023087	0.56474	0	0
0	0	0	41.619624	3.822719	25.796328	3.822719	2.760531E+11	1.34274E-5	74474.566594	14.990402	0.561785	0	0
0	0	0	41.333156	3.823149	25.385453	3.823149	2.457843E+11	1.253758E-5	79760.189735	15.009286	0.558532	0	0
0	0	0	41.046442	3.823569	24.974248	3.823569	2.188126E+11	1.17181E-5	85338.0555	14.982773	0.555432	0	0
0	0	0	40.757156	3.823789	24.560183	3.823789	1.945975E+11	1.070196E-5	93440.786179	14.972388	0.552384	0	0
0	0	0	40.462234	3.824097	24.137687	3.824097	1.726671E+11	9.865593E-6	101362.376821	14.982282	0.549164	0	0
0	0	0	40.15992	3.824338	23.704896	3.824338	1.527497E+11	9.003184E-6	111071.818833	14.951425	0.546229	0	0
0	0	0	39.857485	3.824644	23.271632	3.824644	1.351231E+11	8.296873E-6	120527.338853	14.966703	0.543214	0	0
0	0	0	39.549699	3.824887	22.830985	3.824887	1.192715E+11	7.57431E-6	132025.228302	14.960162	0.540074	0	0
0	0	0	39.239096	3.825293	22.385581	3.825293	1.051592E+11	7.082592E-6	141191.251611	14.937312	0.537198	0	0
0	0	0	38.926043	3.82555	21.937306	3.82555	9.262462E+10	6.487823E-6	154134.903934	14.948643	0.534177	0	0
0	0	0	38.60617	3.825742	21.479566	3.825742	8.135884E+10	5.873731E-6	170249.527818	14.917805	0.531228	0	0
0	0	0	38.284582	3.826011	21.019011	3.826011	7.14136E+10	5.388506E-6	185580.182512	14.908089	0.528326	0	0
0	0	0	37.953234	3.826245	20.544659	3.826245	6.24365E+10	4.902982E-6	203957.520595	14.915707	0.525285	0	0
0	0	0	37.61919	3.82654	20.066159	3.82654	5.452824E+10	4.513779E-6	221543.86406	14.888146	0.522422	0	0
0	0	0	37.282779	3.826733	19.584724	3.826733	4.757593E+10	4.083194E-6	244906.340571	14.890181	0.519573	0	0
0	0	0	36.941426	3.827067	19.095557	3.827067	4.142696E+10	3.797409E-6	263337.476552	14.894429	0.516532	0	0
0	0	0	36.599828	3.827241	18.606768	3.827241	3.606912E+10	3.427581E-6	291750.945063	14.866402	0.513795	0	0
0	0	0	36.248592	3.827398	18.10428	3.827398	3.128176E+10	3.074457E-6	325260.698122	14.874953	0.51082	0	0
0	0	0	35.891639	3.827676	17.593037	3.827676	2.706699E+10	2.831462E-6	353174.382443	14.856072	0.50797	0	0
0	0	0	35.52897	3.827887	17.07392	3.827887	2.336588E+10	2.570667E-6	389004.15099	14.83273	0.505286	0	0
0	0	0	35.16385	3.82801	16.551717	3.82801	2.015082E+10	2.285594E-6	437523.008539	14.836511	0.502338	0	0
0	0	0	34.794442	3.828317	16.022479	3.828317	1.734796E+10	2.132238E-6	468990.875974	14.811113	0.499594	0	0
0	0	0	34.422502	3.828294	15.491226	3.828294	1.491964E+10	1.822437E-6	548715.75067	14.809635	0.496877	0	0
0	0	0	34.045376	3.828501	14.951419	3.828501	1.280427E+10	1.657146E-6	603447.202633	14.81241	0.493948	0	0
0	0	0	33.661635	3.828666	14.402356	3.828666	1.09594E+10	1.488939E-6	671619.178469	14.774833	0.49139	0	0
0	0	0	33.270788	3.828768	13.843448	3.828768	9.353352E+9	1.310913E-6	762827.077953	14.793507	0.488573	0	0
0	0	0	32.872917	3.828927	13.274205	3.828927	7.959964E+9	1.173516E-6	852139.829662	14.773563	0.48577	0	0
0	0	0	32.460672	3.829144	12.684106	3.829144	6.734787E+9	1.06903E-6	935427.030806	14.741326	0.483245	0	0
0	0	0	32.048508	3.829212	12.094884	3.829212	5.698375E+9	9.266349E-7	1079173.742064	14.758975	0.480448	0	0
0	0	0	31.635364	3.829352	11.503878	3.829352	4.81954E+9	8.25271E-7	1211723.119676	14.736528	0.477791	0	0
0	0	0	31.218341	3.829485	10.907351	3.829485	4.069838E+9	7.340375E-7	1362328.165663	14.71938	0.475259	0	0
0	0	0	30.787107	3.829601	10.290597	3.829601	3.41701E+9	6.463696E-7	1547102.396718	14.733574	0.472442	0	0
0	0	0	30.349257	3.829694	9.664505	3.829694	2.861216E+9	5.632263E-7	1775485.236722	14.705571	0.469844	0	0
0	0	0	29.90377	3.829844	9.027182	3.829844	2.388418E+9	5.031249E-7	1987577.843454	14.688238	0.467292	0	0
0	0	0	29.459754	3.829952	8.392178	3.829952	1.994936E+9	4.425295E-7	2259736.312931	14.684959	0.464568	0	0
0	0	0	29.015125	3.83011	7.756006	3.83011	1.665864E+9	4.007871E-7	2495090.170092	14.654464	0.462116	0	0
0	0	0	28.573192	3.830216	7.123965	3.830216	1.392595E+9	3.550645E-7	2816389.731866	14.654216	0.459478	0	0
0	0	0	28.132688	3.830328	6.49392	3.830328	1.164828E+9	3.170748E-7	3153829.919998	14.652163	0.456827	0	0
0	0	0	27.693613	3.8304	5.866135	3.8304	9.748784E+8	2.774044E-7	3604844.969218	14.627877	0.454374	0	0
0	0	0	27.25613	3.830577	5.240012	3.830577	8.16431E+8	2.61621E-7	3822323.629735	14.629329	0.451882	0	0
0	0	0	26.818893	3.830579	4.615238	3.830579	6.83804E+8	2.194553E-7	4556735.690964	14.610336	0.449191	0	0
0	0	0	26.377408	3.830731	3.983518	3.830731	5.717366E+8	2.057692E-7	4859814.639428	14.576883	0.446831	0	0
0	0	0	25.931677	3.830778	3.346338	3.830778	4.772133E+8	1.783698E-7	5606331.722774	14.590657	0.444213	0	0
0	0	0	25.485823	3.830925	2.708375	3.830925	3.982975E+8	1.696743E-7	5893643.479424	14.580066	0.4417	0	0
0	0	0	25.038336	3.830816	2.069607	3.830816	3.322117E+8	1.282168E-7	7799290.822978	14.553532	0.43938	0	0
0	0	0	24.589746	3.8309	1.428101	3.8309	2.769671E+8	1.152307E-7	8678240.174553	14.56217	0.436861	0	0
0	0	0	24.132948	3.83102	0.774638	3.83102	2.301421E+8	1.077185E-7	9283458.21597	14.537648	0.434375	0	0
0	0	0	23.670841	3.831117	0.11372	3.831117	1.908224E+8	9.933587E-8	1.006686E+7	14.515034	0.432187	0	0
0	0	0	23.197259	3.831172	-0.563343	3.831172	1.57486E+8	8.753345E-8	1.14242E+7	14.513855	0.429628	0	0
0	0	0	22.715959	3.83125	-1.251587	3.83125	1.295674E+8	7.969501E-8	1.254784E+7	14.491061	0.427367	0	0
0	0	0	22.238988	3.831231	-1.93304	3.831231	1.067853E+8	6.402211E-8	1.56196E+7	14.484265	0.424981	0	0
0	0	0	21.755768	3.831322	-2.624118	3.831322	8.778641E+7	5.986212E-8	1.670505E+7	14.478912	0.422634	0	0
0	0	0	21.263443	3.831419	-3.32826	3.831419	7.190177E+7	5.747749E-8	1.739811E+7	14.441031	0.420346	0	0
0	0	0	20.765399	3.831388	-4.039749	3.831388	5.875505E+7	4.447016E-8	2.248699E+7	14.434651	0.418066	0	0
0	0	0	20.2558	3.831479	-4.768548	3.831479	4.778768E+7	4.267672E-8	2.343198E+7	14.43111	0.415719	0	0
0	0	0	19.736807	3.831491	-5.510264	3.831491	3.871978E+7	3.546923E-8	2.819345E+7	14.396497	0.413557	0	0
0	0	0	19.207892	3.831546	-6.266443	3.831546	3.124658E+7	3.221869E-8	3.103789E+7	14.389268	0.411362	0	0
0	0	0	18.67865	3.83159	-7.023024	3.83159	2.521243E+7	2.893199E-8	3.456382E+7	14.401963	0.408988	0	0
0	0	0	18.154022	3.831618	-7.772902	3.831618	2.038165E+7	2.514611E-8	3.976759E+7	14.359875	0.4068	0	0
0	0	0	17.632621	3.831702	-8.518562	3.831702	1.649803E+7	2.647632E-8	3.77696E+7	14.341105	0.40481	0	0
0	0	0	17.111178	3.831745	-9.264	3.831745	1.335419E+7	2.522416E-8	3.964453E+7	14.335006	0.40247	0	0
0	0	0	16.586142	3.831749	-10.014315	3.831749	1.07937E+7	2.075516E-8	4.818078E+7	14.304906	0.400321	0	0
0	0	0	16.072745	3.831778	-10.748175	3.831778	8765411	1.928767E-8	5.184658E+7	14.302973	0.398212	0	0
0	0	0	15.565595	3.831783	-11.472932	3.831783	7136322	1.60336E-8	6.236903E+7	14.308239	0.395964	0	0
0	0	0	15.070288	3.831831	-12.181081	3.831831	5837969.5	1.73065E-8	5.778175E+7	14.266479	0.393975	0	0
0	0	0	14.580902	3.831766	-12.879957	3.831766	4787313	9.920564E-9	1.008007E+8	14.249253	0.391866	0	0
0	0	0	14.102951	3.831928	-13.564132	3.831928	3943983.5	3.237716E-8	3.088597E+7	14.248298	0.389737	0	0
0	0	0	13.635535	3.831911	-14.231964	3.831911	3263123.5	2.048492E-8	4.881639E+7	14.21015	0.38772	0	0
0	0	0	13.188824	3.831909	-14.870314	3.831909	2722560.5	1.660314E-8	6.022958E+7	14.193468	0.38575	0	0
0	0	0	12.769595	3.831901	-15.469344	3.831901	2296998	1.257122E-8	7.954675E+7	14.205052	0.383509	0	0
0	0	0	12.360699	3.831924	-16.053844	3.831924	1946090	1.483495E-8	6.740838E+7	14.164876	0.381565	0	0
0	0	0	11.960704	3.831886	-16.625167	3.831886	1654751.5	7.678166E-9	1.302394E+8	14.145964	0.379688	0	0
0	0	0	11.578596	3.831939	-17.171607	3.831939	1417268	1.440503E-8	6.942021E+7	14.138552	0.377638	0	0
0	0	0	11.203186	3.831949	-17.708163	3.831949	1217167.5	1.623721E-8	6.158692E+7	14.110051	0.375668	0	0
0	0	0	10.838678	3.832019	-18.229587	3.832019	1049950.5	-1.318275E-8	-7.585669E+7	14.096494	0.373731	0	0
0	0	0	10.48242	3.831962	-18.738262	3.831962	908739.5	1.939636E-8	5.155608E+7	14.099039	0.371682	0	0
0	0	0	10.133716	3.831996	-19.236833	3.831996	788933.5	-2.806582E-8	-3.563053E+7	14.081192	0.369745	0	0
0	0	0	9.787585	3.832093	-19.732217	3.832093	685637.5	-2.814334E-9	-3.553239E+8	14.034939	0.368013	0	0
0	0	0	9.451214	3.831985	-20.212077	3.831985	598228.5	-1.276942E-7	-7831212.164765	14.034321	0.366023	0	0
0	0	0	9.119866	3.832038	-20.685998	3.832038	523026.5	-4.293732E-9	-2.328976E+8	14.026338	0.364066	0	0
0	0	0	8.797829	3.832053	-21.146321	3.832053	459008	-2.968867E-9	-3.368289E+8	14.005154	0.362254	0	0
0	0	0	8.483346	3.832114	-21.596213	3.832114	404061	-1.391039E-9	-7.188869E+8	13.989506	0.360436	0	0
0	0	0	8.1716	3.832006	-22.040867	3.832006	356086	-6.909509E-9	-1.447281E+8	13.963161	0.358433	0	0
0	0	0	7.865611	3.832017	-22.478223	3.832017	314541	-4.196061E-9	-2.383187E+8	13.930507	0.356661	0	0
0	0	0	7.565748	3.832173	-22.907983	3.832173	278534	-6.605714E-10	-1.513841E+9	13.9153	0.35487	0	0
0	0	0	7.268009	3.832082	-23.332747	3.832082	246861	-1.121085E-9	-8.919926E+8	13.926952	0.352913	0	0
0	0	0	6.977415	3.832129	-23.748393	3.832129	219424.5	-6.78766E-10	-1.473262E+9	13.887672	0.351088	0	0
0	0	0	6.695684	3.832156	-24.151225	3.832156	195739.5	-5.095052E-10	-1.962688E+9	13.864171	0.349343	0	0
0	0	0	6.416443	3.832139	-24.550141	3.832139	174787.5	-5.041534E-10	-1.983523E+9	13.858438	0.347333	0	0
0	0	0	6.146472	3.832051	-24.935226	3.832051	156666	-1.044982E-9	-9.569542E+8	13.823768	0.345607	0	0
0	0	0	5.881116	3.832068	-25.314571	3.832068	140686	-7.507147E-10	-1.332064E+9	13.813446	0.343842	0	0
0	0	0	5.616332	3.832103	-25.693255	3.832103	126365.5	-4.731923E-10	-2.113306E+9	13.807492	0.342024	0	0
0	0	0	5.359347	3.83211	-26.060553	3.83211	113862	-4.050527E-10	-2.468814E+9	13.780873	0.340166	0	0
0	0	0	5.104404	3.832101	-26.424811	3.832101	102681	-3.913687E-10	-2.555136E+9	13.737806	0.338606	0	0
0	0	0	4.854566	3.832118	-26.781983	3.832118	92789.5	-3.094588E-10	-3.231448E+9	13.716062	0.336795	0	0
0	0	0	4.593171	3.832167	-27.155934	3.832167	83459	-2.047566E-10	-4.883848E+9	13.715065	0.33495	0	0
0	0	0	4.354481	3.832205	-27.497353	3.832205	75761	-1.54007E-10	-6.493213E+9	13.682563	0.333304	0	0
0	0	0	4.121509	3.832095	-27.829372	3.832095	68932.5	-2.776081E-10	-3.6022E+9	13.663868	0.331618	0	0
0	0	0	3.883472	3.832112	-28.16968	3.832112	62590.5	-2.190093E-10	-4.566016E+9	13.651209	0.32982	0	0
0	0	0	3.657972	3.832201	-28.492676	3.832201	57122	-1.183723E-10	-8.447921E+9	13.629747	0.328048	0	0
0	0	0	3.43868	3.832156	-28.805687	3.832156	52263	-1.360393E-10	-7.350816E+9	13.598661	0.326455	0	0
0	0	0	3.223226	3.832125	-29.113317	3.832125	47891.5	-1.525695E-10	-6.554392E+9	13.580277	0.324743	0	0
0	0	0	3.010549	3.832125	-29.417244	3.832125	43934.5	-1.399635E-10	-7.144719E+9	13.569411	0.322991	0	0
0	0	0	2.801262	3.832175	-29.716759	3.832175	40360.5	-9.466711E-11	-1.056333E+10	13.543168	0.321292	0	0
0	0	0	2.59712	3.832192	-30.008635	3.832192	37154.5	-8.01051E-11	-1.24836E+10	13.518045	0.319698	0	0
0	0	0	2.399838	3.832141	-30.290131	3.832141	34298.5	-9.761079E-11	-1.024477E+10	13.516216	0.31792	0	0
0	0	0	2.204312	3.832137	-30.569513	3.832137	31684.5	-9.264201E-11	-1.079424E+10	13.488819	0.316227	0	0
0	0	0	2.017281	3.832207	-30.837389	3.832207	29371	-5.914211E-11	-1.690843E+10	13.446393	0.314694	0	0
0	0	0	1.829841	3.832222	-31.105381	3.832222	27221.5	-5.141828E-11	-1.944834E+10	13.428309	0.313048	0	0
0	0	0	1.649098	3.832152	-31.363075	3.832152	25298	-6.749633E-11	-1.481562E+10	13.424773	0.311388	0	0
0	0	0	1.472276	3.832108	-31.615382	3.832108	23548	-8.518948E-11	-1.173854E+10	13.396731	0.309848	0	0
0	0	0	1.300762	3.832139	-31.860759	3.832139	21966	-6.335826E-11	-1.578326E+10	13.370658	0.308307	0	0
0	0	0	1.135701	3.83222	-32.097337	3.83222	20544	-3.915173E-11	-2.554166E+10	13.370258	0.306615	0	0
0	0	0	0.975539	3.832177	-32.325852	3.832177	19252.5	-4.466664E-11	-2.238807E+10	13.353612	0.305055	0	0
0	0	0	0.827139	3.83223	-32.538385	3.83223	18128.5	-3.307196E-11	-3.023709E+10	13.322274	0.303494	0	0
0	0	0	0.688417	3.832188	-32.73626	3.832188	17137	-3.770917E-11	-2.651875E+10	13.275373	0.302086	0	0
0	0	0	0.571216	3.832099	-32.902973	3.832099	16341.5	-6.341809E-11	-1.576837E+10	13.262663	0.300486	0	0
0	0	0	0.464388	3.832133	-33.055933	3.832133	15649	-4.704486E-11	-2.125631E+10	13.242895	0.298893	0	0
0	0	0	0.377038	3.832133	-33.18076	3.832133	15104.5	-4.540796E-11	-2.202257E+10	13.213218	0.297458	0	0
0	0	0	0.302879	3.83212	-33.286627	3.83212	14657	-4.812998E-11	-2.077707E+10	13.190419	0.296057	0	0
0	0	0	0.241379	3.832141	-33.374699	3.832141	14296	-4.068527E-11	-2.457892E+10	13.183513	0.294417	0	0
0	0	0	0.190824	3.832211	-33.447558	3.832211	14006	-2.768052E-11	-3.612648E+10	13.164243	0.29291	0	0
0	0	0	0.139655	3.832148	-33.520125	3.832148	13718.5	-3.754015E-11	-2.663815E+10	13.125328	0.291508	0	0
0	0	0	0.106741	3.832188	-33.567514	3.832188	13536.5	-2.978644E-11	-3.357232E+10	13.117862	0.289975	0	0
0	0	0	0.066476	3.832192	-33.625092	3.832192	13317.5	-2.871253E-11	-3.4828E+10	13.083996	0.28852	0	0
0	0	0	0.052592	3.832177	-33.644804	3.832177	13242.5	-3.072318E-11	-3.254872E+10	13.057016	0.287052	0	0
0	0	0	0.02466	3.832175	-33.684702	3.832175	13093.5	-3.071131E-11	-3.25613E+10	13.025677	0.285624	0	0
0	0	0	-0.003885	3.832211	-33.72581	3.832211	12943	-2.557968E-11	-3.909353E+10	13.00388	0.28423	0	0
0	0	0	-0.01389	3.83211	-33.739216	3.83211	12890.5	-4.585666E-11	-2.180708E+10	12.979495	0.282782	0	0
0	0	0	-0.020547	3.832203	-33.749546	3.832203	12856	-2.638496E-11	-3.790038E+10	12.954286	0.281374	0	0
0	0	0	-0.035003	3.832194	-33.770131	3.832194	12780.5	-2.727921E-11	-3.665795E+10	12.932199	0.279965	0	0
0	0	0	-0.053665	3.832239	-33.797191	3.832239	12684.5	-2.237546E-11	-4.469182E+10	12.907132	0.278663	0	0
0	0	0	-0.066039	3.832156	-33.814148	3.832156	12621	-3.285216E-11	-3.04394E+10	12.885178	0.277228	0	0
0	0	0	-0.0749	3.832169	-33.826924	3.832169	12575.5	-3.050188E-11	-3.278487E+10	12.862704	0.275807	0	0
0	0	0	-0.081393	3.832146	-33.835998	3.832146	12542.5	-3.476781E-11	-2.876224E+10	12.825692	0.27461	0	0
0	0	0	-0.085681	3.832211	-33.842702	3.832211	12520.5	-2.474468E-11	-4.041272E+10	12.812613	0.273215	0	0
0	0	0	-0.087478	3.832173	-33.844935	3.832173	12511.5	-2.967227E-11	-3.37015E+10	12.779421	0.27184	0	0
0	0	0	-0.090255	3.832266	-33.849722	3.832266	12497.5	-1.990684E-11	-5.023399E+10	12.763027	0.270459	0	0
0	0	0	-0.093277	3.832207	-33.853519	3.832207	12482	-2.513404E-11	-3.978668E+10	12.739984	0.269156	0	0
0	0	0	-0.09834	3.83219	-33.860607	3.83219	12456.5	-2.713026E-11	-3.685922E+10	12.705981	0.267913	0	0
0	0	0	-0.106998	3.832264	-33.87363	3.832264	12413	-1.992091E-11	-5.019852E+10	12.677449	0.266558	0	0
0	0	0	-0.114961	3.832272	-33.885084	3.832272	12373	-1.927695E-11	-5.187542E+10	12.67357	0.265249	0	0
0	0	0	-0.124802	3.832217	-33.898665	3.832217	12323.5	-2.369709E-11	-4.219927E+10	12.643181	0.263927	0	0
0	0	0	-0.133296	3.832249	-33.911083	3.832249	12281.5	-2.080486E-11	-4.806569E+10	12.611717	0.262638	0	0
0	0	0	-0.142444	3.83219	-33.923634	3.83219	12236	-2.665001E-11	-3.752344E+10	12.597731	0.261309	0	0
0	0	0	-0.147957	3.832099	-33.930712	3.832099	12208.5	-4.737875E-11	-2.110651E+10	12.57147	0.260039	0	0
0	0	0	-0.153266	3.832251	-33.939639	3.832251	12182.5	-2.047466E-11	-4.884087E+10	12.534929	0.258737	0	0
0	0	0	-0.156206	3.832165	-33.943077	3.832165	12167.5	-3.01986E-11	-3.311411E+10	12.501696	0.257501	0	0
0	0	0	-0.158533	3.832165	-33.946404	3.832165	12156	-3.017006E-11	-3.314544E+10	12.47573	0.256251	0	0
0	0	0	-0.160126	3.832192	-33.948922	3.832192	12148.5	-2.619217E-11	-3.817935E+10	12.45002	0.254936	0	0
0	0	0	-0.160984	3.832188	-33.95011	3.832188	12144	-2.672231E-11	-3.742192E+10	12.42587	0.253693	0	0
0	0	0	-0.16225	3.83216	-33.951677	3.83216	12138	-3.084266E-11	-3.242263E+10	12.404386	0.252456	0	0
0	0	0	-0.163311	3.832093	-33.952599	3.832093	12132.5	-4.980018E-11	-2.008025E+10	12.369042	0.25128	0	0
0	0	0	-0.165639	3.832152	-33.956446	3.832152	12121.5	-3.234077E-11	-3.092073E+10	12.337114	0.250043	0	0
0	0	0	-0.166742	3.832135	-33.957873	3.832135	12116	-3.591788E-11	-2.784129E+10	12.310662	0.248873	0	0
0	0	0	-0.170376	3.832167	-33.963346	3.832167	12098	-2.968098E-11	-3.369161E+10	12.292428	0.247571	0	0
0	0	0	-0.17446	3.832171	-33.969219	3.832171	12078	-2.896603E-11	-3.45232E+10	12.263428	0.246374	0	0
0	0	0	-0.179564	3.832146	-33.97629	3.832146	12053	-3.341092E-11	-2.993034E+10	12.226909	0.245277	0	0
0	0	0	-0.185526	3.832247	-33.985705	3.832247	12024	-2.053161E-11	-4.87054E+10	12.204233	0.244073	0	0
0	0	0	-0.188957	3.832141	-33.989676	3.832141	12007	-3.417096E-11	-2.926461E+10	12.184968	0.24287	0	0
0	0	0	-0.191162	3.832188	-33.993237	3.832188	11996.5	-2.639774E-11	-3.788203E+10	12.158139	0.241707	0	0
0	0	0	-0.195736	3.832106	-33.999046	3.832106	11974.5	-4.406699E-11	-2.269273E+10	12.116297	0.240517	0	0
0	0	0	-0.19986	3.832141	-34.005257	3.832141	11954.5	-3.402155E-11	-2.939313E+10	12.088442	0.239346	0	0
0	0	0	-0.202147	3.832213	-34.009158	3.832213	11943	-2.33868E-11	-4.275915E+10	12.064962	0.238156	0	0
0	0	0	-0.201085	3.832154	-34.00712	3.832154	11948.5	-3.148563E-11	-3.176053E+10	12.041955	0.236993	0	0
0	0	0	-0.201698	3.832217	-34.008554	3.832217	11945.5	-2.297023E-11	-4.353461E+10	12.015829	0.235862	0	0
0	0	0	-0.20182	3.832224	-34.008785	3.832224	11945	-2.236481E-11	-4.47131E+10	11.978668	0.234745	0	0
0	0	0	-0.201412	3.832108	-34.007177	3.832108	11947	-4.32206E-11	-2.313711E+10	11.954934	0.233608	0	0
0	0	0	-0.200473	3.832116	-34.005909	3.832116	11951.5	-4.049168E-11	-2.469643E+10	11.928254	0.232425	0	0
0	0	0	-0.20084	3.832165	-34.006863	3.832165	11949.5	-2.965755E-11	-3.371823E+10	11.898364	0.231334	0	0
0	0	0	-0.200432	3.832192	-34.006521	3.832192	11951.5	-2.576743E-11	-3.880868E+10	11.870216	0.23017	0	0
0	0	0	-0.199942	3.832156	-34.005504	3.832156	11954	-3.111597E-11	-3.213784E+10	11.837086	0.22904	0	0
0	0	0	-0.199901	3.832224	-34.006042	3.832224	11954	-2.238166E-11	-4.467943E+10	11.808362	0.227949	0	0
0	0	0	-0.200187	3.832179	-34.006059	3.832179	11952.5	-2.743214E-11	-3.645358E+10	11.785294	0.226805	0	0
0	0	0	-0.20084	3.832232	-34.007459	3.832232	11949.5	-2.161482E-11	-4.626455E+10	11.758919	0.225767	0	0
0	0	0	-0.200595	3.832217	-34.006978	3.832217	11950.5	-2.297984E-11	-4.35164E+10	11.728177	0.22461	0	0
0	0	0	-0.20182	3.832194	-34.008524	3.832194	11945	-2.549589E-11	-3.922201E+10	11.705491	0.223579	0	0
0	0	0	-0.201902	3.832287	-34.00946	3.832287	11944.5	-1.770474E-11	-5.648206E+10	11.670414	0.222528	0	0
0	0	0	-0.199615	3.832213	-34.00554	3.832213	11955.5	-2.341128E-11	-4.271445E+10	11.649596	0.221404	0	0
0	0	0	-0.195491	3.832203	-33.999553	3.832203	11975.5	-2.457787E-11	-4.068701E+10	11.621775	0.220359	0	0
0	0	0	-0.196879	3.832188	-34.001407	3.832188	11968.5	-2.633613E-11	-3.797065E+10	11.583785	0.219249	0	0
0	0	0	-0.195164	3.832173	-33.998825	3.832173	11977	-2.840465E-11	-3.52055E+10	11.561899	0.218171	0	0
0	0	0	-0.195327	3.83223	-33.999562	3.83223	11976.5	-2.184882E-11	-4.576906E+10	11.528067	0.217126	0	0
0	0	0	-0.194592	3.832215	-33.998381	3.832215	11980	-2.324599E-11	-4.301817E+10	11.48417	0.216174	0	0
0	0	0	-0.196552	3.832287	-34.001815	3.832287	11970.5	-1.774327E-11	-5.635939E+10	11.460613	0.215163	0	0
0	0	0	-0.197165	3.832089	-34.00094	3.832089	11967.5	-5.108782E-11	-1.957414E+10	11.414989	0.214165	0	0
0	0	0	-0.200228	3.832194	-34.006248	3.832194	11952.5	-2.551189E-11	-3.91974E+10	11.391075	0.213094	0	0
0	0	0	-0.202269	3.832152	-34.008793	3.832152	11942.5	-3.186319E-11	-3.138418E+10	11.36606	0.21199	0	0
0	0	0	-0.206843	3.832201	-34.015758	3.832201	11920.5	-2.470252E-11	-4.048171E+10	11.33264	0.210991	0	0
0	0	0	-0.210559	3.832211	-34.021162	3.832211	11902.5	-2.352331E-11	-4.251103E+10	11.315007	0.209993	0	0
0	0	0	-0.213622	3.832122	-34.024756	3.832122	11888	-3.844579E-11	-2.601065E+10	11.258974	0.209087	0	0
0	0	0	-0.215909	3.832139	-34.028173	3.832139	11876.5	-3.425632E-11	-2.919169E+10	11.229756	0.208043	0	0
0	0	0	-0.218972	3.832203	-34.033109	3.832203	11862	-2.434493E-11	-4.107631E+10	11.201221	0.207031	0	0
0	0	0	-0.221626	3.832209	-34.036958	3.832209	11849.5	-2.363743E-11	-4.230579E+10	11.177386	0.205967	0	0
0	0	0	-0.223504	3.832122	-34.038879	3.832122	11840	-3.829056E-11	-2.61161E+10	11.145809	0.205015	0	0
0	0	0	-0.225097	3.832137	-34.041285	3.832137	11832.5	-3.459693E-11	-2.89043E+10	11.110822	0.204069	0	0
0	0	0	-0.225587	3.832167	-34.042246	3.832167	11830.5	-2.90247E-11	-3.445341E+10	11.077953	0.203005	0	0
0	0	0	-0.225587	3.832158	-34.042172	3.832158	11830.5	-3.042348E-11	-3.286934E+10	11.033627	0.202106	0	0
0	0	0	-0.2262	3.832175	-34.043196	3.832175	11827.5	-2.774186E-11	-3.604661E+10	11.009165	0.201141	0	0
0	0	0	-0.228323	3.832137	-34.045895	3.832137	11817	-3.455161E-11	-2.894221E+10	10.983492	0.200228	0	0
0	0	0	-0.229181	3.832118	-34.046953	3.832118	11813	-3.939709E-11	-2.538258E+10	10.953038	0.199131	0	0
0	0	0	-0.230202	3.832196	-34.049102	3.832196	11808	-2.495393E-11	-4.007385E+10	10.914348	0.198258	0	0
0	0	0	-0.231508	3.832106	-34.050168	3.832106	11802	-4.343217E-11	-2.302441E+10	10.883374	0.197306	0	0
0	0	0	-0.23208	3.832207	-34.051879	3.832207	11799	-2.375873E-11	-4.208979E+10	10.847967	0.196341	0	0
0	0	0	-0.232897	3.832213	-34.053102	3.832213	11795	-2.309699E-11	-4.329568E+10	10.816503	0.195482	0	0
0	0	0	-0.233632	3.832154	-34.053631	3.832154	11792	-3.107323E-11	-3.218204E+10	10.784667	0.194483	0	0
0	0	0	-0.233387	3.832255	-34.054175	3.832255	11793	-1.951275E-11	-5.124854E+10	10.74918	0.193538	0	0
0	0	0	-0.233673	3.832135	-34.053522	3.832135	11791.5	-3.49559E-11	-2.860747E+10	10.719888	0.192553	0	0
0	0	0	-0.233795	3.832198	-34.054256	3.832198	11791	-2.467371E-11	-4.052897E+10	10.678525	0.191627	0	0
0	0	0	-0.234285	3.832205	-34.055012	3.832205	11788.5	-2.396366E-11	-4.172985E+10	10.654158	0.190649	0	0
0	0	0	-0.234204	3.832179	-34.054672	3.832179	11789	-2.70569E-11	-3.695915E+10	10.608738	0.189829	0	0
0	0	0	-0.233469	3.832279	-34.054497	3.832279	11792.5	-1.797885E-11	-5.562092E+10	10.58868	0.188818	0	0
0	0	0	-0.232693	3.83227	-34.053313	3.83227	11796	-1.851313E-11	-5.401572E+10	10.555421	0.187984	0	0
0	0	0	-0.233305	3.832207	-34.05363	3.832207	11793.5	-2.374766E-11	-4.210941E+10	10.519998	0.187079	0	0
0	0	0	-0.233224	3.832133	-34.052861	3.832133	11794	-3.545575E-11	-2.820417E+10	10.487896	0.18614	0	0
0	0	0	-0.233346	3.832268	-34.054229	3.832268	11793	-1.864552E-11	-5.363219E+10	10.450745	0.185287	0	0
0	0	0	-0.231713	3.832137	-34.050739	3.832137	11801	-3.450483E-11	-2.898145E+10	10.42174	0.184388	0	0
0	0	0	-0.23159	3.832186	-34.050993	3.832186	11801.5	-2.623916E-11	-3.811098E+10	10.370917	0.183568	0	0
0	0	0	-0.231386	3.832091	-34.049862	3.832091	11802.5	-4.939555E-11	-2.024474E+10	10.340835	0.182702	0	0
0	0	0	-0.230814	3.832201	-34.050014	3.832201	11805	-2.446317E-11	-4.087778E+10	10.30888	0.181757	0	0
0	0	0	-0.231508	3.832152	-34.050578	3.832152	11802	-3.148833E-11	-3.17578E+10	10.27746	0.180977	0	0
0	0	0	-0.23061	3.832163	-34.049387	3.832163	11806	-2.964612E-11	-3.373123E+10	10.245503	0.180137	0	0
0	0	0	-0.2311	3.832239	-34.050758	3.832239	11804	-2.082226E-11	-4.802554E+10	10.210451	0.179245	0	0
0	0	0	-0.230324	3.832188	-34.049202	3.832188	11807.5	-2.598186E-11	-3.84884E+10	10.17809	0.178445	0	0
0	0	0	-0.230202	3.832236	-34.049456	3.832236	11808	-2.100289E-11	-4.76125E+10	10.14179	0.177625	0	0
0	0	0	-0.22963	3.832188	-34.04821	3.832188	11811	-2.598956E-11	-3.847699E+10	10.099626	0.176831	0	0
0	0	0	-0.227261	3.832277	-34.045608	3.832277	11822	-1.815349E-11	-5.508583E+10	10.056006	0.175939	0	0
0	0	0	-0.226567	3.832234	-34.044243	3.832234	11825.5	-2.121077E-11	-4.714585E+10	10.017263	0.175159	0	0
0	0	0	-0.225873	3.832182	-34.042785	3.832182	11829	-2.685988E-11	-3.723024E+10	10.000821	0.174339	0	0
0	0	0	-0.225342	3.832226	-34.042418	3.832226	11831.5	-2.195968E-11	-4.553801E+10	9.957666	0.173566	0	0
0	0	0	-0.22571	3.832232	-34.042999	3.832232	11829.5	-2.139776E-11	-4.673386E+10	9.919846	0.172726	0	0
0	0	0	-0.225628	3.832144	-34.0421	3.832144	11830	-3.322424E-11	-3.00985E+10	9.873133	0.171933	0	0
0	0	0	-0.226649	3.832209	-34.044136	3.832209	11825	-2.358855E-11	-4.239344E+10	9.83538	0.171159	0	0
0	0	0	-0.226567	3.832215	-34.044075	3.832215	11825.5	-2.29462E-11	-4.35802E+10	9.791481	0.170412	0	0
0	0	0	-0.228037	3.832179	-34.04586	3.832179	11818.5	-2.71246E-11	-3.68669E+10	9.763115	0.169645	0	0
0	0	0	-0.228691	3.832179	-34.046793	3.832179	11815.5	-2.711772E-11	-3.687626E+10	9.722038	0.168845	0	0
0	0	0	-0.229834	3.832097	-34.047701	3.832097	11810	-4.668099E-11	-2.142199E+10	9.698441	0.167933	0	0
0	0	0	-0.231223	3.832148	-34.050132	3.832148	11803.5	-3.229982E-11	-3.095992E+10	9.65687	0.167206	0	0
0	0	0	-0.231059	3.832154	-34.049954	3.832154	11804	-3.110485E-11	-3.214933E+10	9.605106	0.166505	0	0
0	0	0	-0.232407	3.832141	-34.051768	3.832141	11797.5	-3.357474E-11	-2.97843E+10	9.572304	0.165731	0	0
0	0	0	-0.232734	3.832217	-34.052906	3.832217	11796	-2.268275E-11	-4.408636E+10	9.529949	0.164951	0	0
0	0	0	-0.233264	3.832215	-34.053646	3.832215	11793.5	-2.288411E-11	-4.369845E+10	9.491044	0.164198	0	0
0	0	0	-0.233591	3.832192	-34.053908	3.832192	11792	-2.542355E-11	-3.933361E+10	9.448416	0.163484	0	0
0	0	0	-0.233428	3.832287	-34.054513	3.832287	11793	-1.748017E-11	-5.720767E+10	9.414294	0.162816	0	0
0	0	0	-0.234122	3.832116	-34.053996	3.832116	11789.5	-3.994283E-11	-2.503578E+10	9.405519	0.161937	0	0
0	0	0	-0.23453	3.83219	-34.055232	3.83219	11787.5	-2.567318E-11	-3.895116E+10	9.35796	0.161209	0	0
0	0	0	-0.234204	3.832173	-34.054616	3.832173	11789	-2.795879E-11	-3.576692E+10	9.313948	0.160522	0	0
0	0	0	-0.234939	3.832141	-34.055387	3.832141	11785.5	-3.354059E-11	-2.981462E+10	9.281888	0.159788	0	0
0	0	0	-0.236164	3.832165	-34.057342	3.832165	11779.5	-2.923562E-11	-3.420485E+10	9.23419	0.159074	0	0
0	0	0	-0.236981	3.832226	-34.05905	3.832226	11776	-2.185667E-11	-4.575263E+10	9.199938	0.158353	0	0
0	0	0	-0.23743	3.832101	-34.058592	3.832101	11773.5	-4.48747E-11	-2.228427E+10	9.159034	0.157659	0	0
0	0	0	-0.238206	3.832255	-34.061061	3.832255	11770	-1.94747E-11	-5.134868E+10	9.125469	0.156899	0	0
0	0	0	-0.238328	3.832177	-34.060547	3.832177	11769.5	-2.730575E-11	-3.662232E+10	9.091073	0.156225	0	0
0	0	0	-0.237675	3.832173	-34.059576	3.832173	11772.5	-2.791966E-11	-3.581705E+10	9.045883	0.155464	0	0
0	0	0	-0.238614	3.832163	-34.060825	3.832163	11768	-2.955069E-11	-3.384015E+10	9.01131	0.154757	0	0
0	0	0	-0.239063	3.832186	-34.061672	3.832186	11766	-2.616023E-11	-3.822596E+10	8.975489	0.153977	0	0
0	0	0	-0.238696	3.83226	-34.061799	3.83226	11767.5	-1.91733E-11	-5.215586E+10	8.93461	0.153329	0	0
0	0	0	-0.23792	3.832201	-34.060169	3.832201	11771.5	-2.439375E-11	-4.099411E+10	8.885176	0.152707	0	0
0	0	0	-0.23694	3.832167	-34.05847	3.832167	11776	-2.889099E-11	-3.461286E+10	8.843634	0.151941	0	0
0	0	0	-0.235796	3.832247	-34.057544	3.832247	11781.5	-2.011752E-11	-4.970791E+10	8.812663	0.151273	0	0
0	0	0	-0.235796	3.832194	-34.057078	3.832194	11781.5	-2.51469E-11	-3.976633E+10	8.776544	0.150572	0	0
0	0	0	-0.235347	3.832217	-34.056641	3.832217	11783.5	-2.265872E-11	-4.413313E+10	8.72849	0.149924	0	0
0	0	0	-0.235592	3.832192	-34.056768	3.832192	11782.5	-2.540307E-11	-3.936532E+10	8.683005	0.149223	0	0
0	0	0	-0.23498	3.832266	-34.056544	3.832266	11785.5	-1.877272E-11	-5.326879E+10	8.652297	0.148483	0	0
0	0	0	-0.234939	3.832137	-34.055349	3.832137	11785.5	-3.445951E-11	-2.901956E+10	8.601582	0.147815	0	0
0	0	0	-0.234449	3.832165	-34.054891	3.832165	11788	-2.925672E-11	-3.418018E+10	8.578149	0.147108	0	0
0	0	0	-0.23453	3.832089	-34.054337	3.832089	11787.5	-5.031942E-11	-1.987304E+10	8.527529	0.146493	0	0
0	0	0	-0.234204	3.832217	-34.055007	3.832217	11789	-2.266929E-11	-4.411254E+10	8.498201	0.145779	0	0
0	0	0	-0.233999	3.832106	-34.053728	3.832106	11790	-4.338801E-11	-2.304784E+10	8.44339	0.145184	0	0
0	0	0	-0.233591	3.832211	-34.054076	3.832211	11792	-2.330492E-11	-4.290939E+10	8.397487	0.14443	0	0
0	0	0	-0.233591	3.832287	-34.054746	3.832287	11792	-1.747869E-11	-5.721252E+10	8.363832	0.14369	0	0
0	0	0	-0.232856	3.832184	-34.052783	3.832184	11795.5	-2.650188E-11	-3.773317E+10	8.30965	0.143161	0	0
0	0	0	-0.231835	3.832144	-34.05097	3.832144	11800.5	-3.314139E-11	-3.017375E+10	8.273384	0.142526	0	0
0	0	0	-0.231182	3.832139	-34.049999	3.832139	11803.5	-3.404576E-11	-2.937223E+10	8.242398	0.141859	0	0
0	0	0	-0.231753	3.832173	-34.051114	3.832173	11800.5	-2.798607E-11	-3.573207E+10	8.198716	0.141244	0	0
0	0	0	-0.230733	3.832209	-34.049972	3.832209	11805.5	-2.354966E-11	-4.246347E+10	8.153972	0.140583	0	0
0	0	0	-0.230651	3.832211	-34.049874	3.832211	11806	-2.333259E-11	-4.285851E+10	8.113361	0.139935	0	0
0	0	0	-0.230242	3.832245	-34.049588	3.832245	11808	-2.032538E-11	-4.919958E+10	8.079408	0.139293	0	0
0	0	0	-0.231304	3.832148	-34.050249	3.832148	11803	-3.229846E-11	-3.096123E+10	8.041432	0.138698	0	0
0	0	0	-0.231345	3.832186	-34.050642	3.832186	11802.5	-2.624138E-11	-3.810775E+10	7.992365	0.138024	0	0
0	0	0	-0.232162	3.83219	-34.051847	3.83219	11798.5	-2.569713E-11	-3.891485E+10	7.961655	0.137449	0	0
0	0	0	-0.232529	3.832239	-34.052801	3.832239	11797	-2.080991E-11	-4.805403E+10	7.913312	0.136814	0	0
0	0	0	-0.232734	3.832239	-34.053092	3.832239	11796	-2.080814E-11	-4.805811E+10	7.869965	0.136226	0	0
0	0	0	-0.234204	3.832065	-34.053665	3.832065	11789	-6.452029E-11	-1.5499E+10	7.818178	0.135604	0	0
0	0	0	-0.233918	3.832205	-34.054487	3.832205	11790.5	-2.396773E-11	-4.172277E+10	7.781904	0.135016	0	0
0	0	0	-0.234408	3.832099	-34.054255	3.832099	11788	-4.574687E-11	-2.185942E+10	7.74209	0.134328	0	0
0	0	0	-0.23453	3.832169	-34.055045	3.832169	11787.5	-2.859058E-11	-3.497655E+10	7.70529	0.13378	0	0
0	0	0	-0.234775	3.83216	-34.055321	3.83216	11786.5	-2.99495E-11	-3.338954E+10	7.652909	0.133185	0	0
0	0	0	-0.235184	3.832224	-34.056463	3.832224	11784.5	-2.206431E-11	-4.532207E+10	7.608717	0.132543	0	0
0	0	0	-0.235347	3.83222	-34.05666	3.83222	11783.5	-2.245641E-11	-4.453072E+10	7.547556	0.132048	0	0
0	0	0	-0.236082	3.83222	-34.05771	3.83222	11780	-2.244974E-11	-4.454396E+10	7.509663	0.131393	0	0
0	0	0	-0.236654	3.832042	-34.056962	3.832042	11777.5	-8.977988E-11	-1.113835E+10	7.493925	0.130778	0	0
0	0	0	-0.237471	3.832184	-34.059377	3.832184	11773.5	-2.645245E-11	-3.780368E+10	7.433681	0.130282	0	0
0	0	0	-0.236735	3.832129	-34.057843	3.832129	11777	-3.643087E-11	-2.744925E+10	7.396521	0.129674	0	0
0	0	0	-0.237103	3.832139	-34.058461	3.832139	11775	-3.396356E-11	-2.944332E+10	7.344965	0.129159	0	0
0	0	0	-0.239512	3.832188	-34.062333	3.832188	11763.5	-2.588504E-11	-3.863236E+10	7.311467	0.128478	0	0
0	0	0	-0.239349	3.832163	-34.061876	3.832163	11764.5	-2.954191E-11	-3.385022E+10	7.271349	0.127949	0	0
0	0	0	-0.240207	3.832234	-34.063735	3.832234	11760.5	-2.109419E-11	-4.740643E+10	7.228765	0.127347	0	0
0	0	0	-0.241922	3.832184	-34.065739	3.832184	11752	-2.640415E-11	-3.787284E+10	7.169702	0.126812	0	0
0	0	0	-0.242534	3.832285	-34.067508	3.832285	11749	-1.753674E-11	-5.702315E+10	7.137281	0.126263	0	0
0	0	0	-0.242248	3.832177	-34.06615	3.832177	11750.5	-2.726167E-11	-3.668154E+10	7.108631	0.125635	0	0
0	0	0	-0.241881	3.832165	-34.065512	3.832165	11752.5	-2.916861E-11	-3.428343E+10	7.043823	0.125172	0	0
0	0	0	-0.24086	3.832137	-34.063811	3.832137	11757.5	-3.437764E-11	-2.908867E+10	7.003509	0.124656	0	0
0	0	0	-0.241187	3.832169	-34.064558	3.832169	11755.5	-2.851297E-11	-3.507176E+10	6.956749	0.124127	0	0
0	0	0	-0.240697	3.832158	-34.063764	3.832158	11758	-3.023704E-11	-3.307202E+10	6.906519	0.123539	0	0
0	0	0	-0.238777	3.832175	-34.06117	3.832175	11767	-2.759995E-11	-3.623195E+10	6.872834	0.122951	0	0
0	0	0	-0.23841	3.832217	-34.061018	3.832217	11769	-2.263083E-11	-4.41875E+10	6.830624	0.122442	0	0
0	0	0	-0.238573	3.832169	-34.060823	3.832169	11768	-2.854328E-11	-3.503451E+10	6.788699	0.121959	0	0
0	0	0	-0.237552	3.832217	-34.059792	3.832217	11773	-2.263852E-11	-4.417249E+10	6.731062	0.121476	0	0
0	0	0	-0.236613	3.832131	-34.057686	3.832131	11777.5	-3.591195E-11	-2.784588E+10	6.682136	0.120875	0	0
0	0	0	-0.236572	3.832163	-34.057907	3.832163	11777.5	-2.957455E-11	-3.381286E+10	6.647149	0.120372	0	0
0	0	0	-0.23547	3.832156	-34.056276	3.832156	11783	-3.067086E-11	-3.260424E+10	6.600756	0.119876	0	0
0	0	0	-0.235919	3.832234	-34.057607	3.832234	11781	-2.113096E-11	-4.732394E+10	6.579683	0.119308	0	0
0	0	0	-0.235796	3.83219	-34.057041	3.83219	11781.5	-2.566011E-11	-3.8971E+10	6.530597	0.118832	0	0
0	0	0	-0.236123	3.832167	-34.057303	3.832167	11780	-2.890081E-11	-3.460111E+10	6.484936	0.118349	0	0
0	0	0	-0.234775	3.832255	-34.056159	3.832255	11786.5	-1.9502E-11	-5.12768E+10	6.440093	0.117827	0	0
0	0	0	-0.234612	3.832222	-34.055628	3.832222	11787	-2.226429E-11	-4.491498E+10	6.396025	0.117311	0	0
0	0	0	-0.234244	3.832182	-34.054749	3.832182	11789	-2.676906E-11	-3.735656E+10	6.344573	0.116895	0	0
0	0	0	-0.233305	3.832167	-34.053276	3.832167	11793.5	-2.893393E-11	-3.45615E+10	6.324075	0.116273	0	0
0	0	0	-0.233714	3.832245	-34.054549	3.832245	11791.5	-2.029698E-11	-4.926842E+10	6.269488	0.11583	0	0
0	0	0	-0.232815	3.83223	-34.053135	3.83223	11795.5	-2.151862E-11	-4.647138E+10	6.20522	0.115348	0	0
0	0	0	-0.232325	3.832131	-34.051559	3.832131	11798	-3.597446E-11	-2.77975E+10	6.164583	0.114885	0	0
0	0	0	-0.23208	3.832188	-34.051711	3.832188	11799	-2.596315E-11	-3.851612E+10	6.124025	0.11433	0	0
0	0	0	-0.232774	3.832186	-34.052685	3.832186	11796	-2.622693E-11	-3.812875E+10	6.088383	0.113834	0	0
0	0	0	-0.232815	3.832188	-34.052762	3.832188	11795.5	-2.595545E-11	-3.852755E+10	6.029324	0.113318	0	0
0	0	0	-0.232938	3.832226	-34.053272	3.832226	11795	-2.189193E-11	-4.567893E+10	6.013148	0.112809	0	0
0	0	0	-0.233469	3.832211	-34.053901	3.832211	11792.5	-2.330591E-11	-4.290757E+10	5.947677	0.112346	0	0
0	0	0	-0.234163	3.832258	-34.055303	3.832258	11789	-1.935609E-11	-5.166333E+10	5.897152	0.11189	0	0
0	0	0	-0.233632	3.832247	-34.054451	3.832247	11792	-2.013545E-11	-4.966364E+10	5.868293	0.111375	0	0
0	0	0	-0.234857	3.832112	-34.055009	3.832112	11786	-4.124018E-11	-2.42482E+10	5.812468	0.110892	0	0
0	0	0	-0.234449	3.832224	-34.055413	3.832224	11788	-2.207086E-11	-4.530861E+10	5.754236	0.110449	0	0
0	0	0	-0.234775	3.832152	-34.055246	3.832152	11786.5	-3.144697E-11	-3.179956E+10	5.712905	0.110039	0	0
0	0	0	-0.235878	3.832207	-34.057306	3.832207	11781	-2.372249E-11	-4.215409E+10	5.677818	0.109523	0	0
0	0	0	-0.235837	3.83222	-34.05736	3.83222	11781	-2.245164E-11	-4.454017E+10	5.625316	0.109021	0	0
0	0	0	-0.23694	3.832158	-34.058395	3.832158	11776	-3.028333E-11	-3.302147E+10	5.580729	0.108578	0	0
0	0	0	-0.238124	3.832272	-34.061094	3.832272	11770.5	-1.833827E-11	-5.453078E+10	5.531445	0.108115	0	0
0	0	0	-0.237552	3.83216	-34.059289	3.83216	11773	-2.991519E-11	-3.342783E+10	5.48295	0.107692	0	0
0	0	0	-0.237756	3.832116	-34.05919	3.832116	11772	-3.988354E-11	-2.5073E+10	5.451018	0.107183	0	0
0	0	0	-0.237471	3.832169	-34.059247	3.832169	11773.5	-2.855662E-11	-3.501814E+10	5.402798	0.106786	0	0
0	0	0	-0.237797	3.832173	-34.059751	3.832173	11772	-2.791848E-11	-3.581858E+10	5.353717	0.106291	0	0
0	0	0	-0.239267	3.832182	-34.061927	3.832182	11765	-2.671456E-11	-3.743277E+10	5.314312	0.105841	0	0
0	0	0	-0.241513	3.832163	-34.064969	3.832163	11754	-2.951554E-11	-3.388046E+10	5.285434	0.105325	0	0
0	0	0	-0.242208	3.832188	-34.066184	3.832188	11751	-2.585753E-11	-3.867345E+10	5.212745	0.104942	0	0
0	0	0	-0.243841	3.832243	-34.069003	3.832243	11743	-2.037783E-11	-4.907294E+10	5.163499	0.104532	0	0
0	0	0	-0.2438	3.83226	-34.069094	3.83226	11743.5	-1.91342E-11	-5.226245E+10	5.138278	0.103983	0	0
0	0	0	-0.244739	3.832156	-34.069523	3.832156	11738.5	-3.055503E-11	-3.272784E+10	5.097141	0.103567	0	0
0	0	0	-0.243964	3.83223	-34.069066	3.83223	11742.5	-2.142193E-11	-4.668113E+10	0	0	0	0
0	0	0	-0.244331	3.83227	-34.069946	3.83227	11740.5	-1.842602E-11	-5.427107E+10	0	0	0	0
0	0	0	-0.243555	3.832093	-34.067272	3.832093	11744.5	-4.820756E-11	-2.074363E+10	0	0	0	0
0	0	0	-0.242861	3.832198	-34.067211	3.832198	11748	-2.458373E-11	-4.067732E+10	0	0	0	0
0	0	0	-0.242779	3.832243	-34.067486	3.832243	11748	-2.038651E-11	-4.905206E+10	0	0	0	0
0	0	0	-0.241473	3.832249	-34.065674	3.832249	11754.5	-1.991212E-11	-5.022066E+10	0	0	0	0
0	0	0	-0.240166	3.832167	-34.06308	3.832167	11760.5	-2.885297E-11	-3.465848E+10	0	0	0	0
0	0	0	-0.238696	3.832184	-34.061128	3.832184	11767.5	-2.643897E-11	-3.782295E+10	0	0	0	0
0	0	0	-0.238206	3.832222	-34.060763	3.832222	11770	-2.223218E-11	-4.497985E+10	0	0	0	0
0	0	0	-0.238696	3.832158	-34.060905	3.832158	11767.5	-3.026147E-11	-3.304532E+10	0	0	0	0
0	0	0	-0.237675	3.832201	-34.059818	3.832201	11772.5	-2.439582E-11	-4.099063E+10	0	0	0	0
0	0	0	-0.237226	3.832173	-34.058934	3.832173	11774.5	-2.79244E-11	-3.581097E+10	0	0	0	0
0	0	0	-0.237266	3.832217	-34.059384	3.832217	11774.5	-2.264141E-11	-4.416686E+10	0	0	0	0
0	0	0	-0.236368	3.832163	-34.057616	3.832163	11778.5	-2.957706E-11	-3.380999E+10	0	0	0	0
0	0	0	-0.236245	3.832148	-34.05731	3.832148	11779	-3.223278E-11	-3.102432E+10	0	0	0	0
0	0	0	-0.235878	3.832211	-34.057344	3.832211	11781	-2.328318E-11	-4.294945E+10	0	0	0	0
0	0	0	-0.23551	3.832211	-34.056819	3.832211	11782.5	-2.328615E-11	-4.294399E+10	0	0	0	0
0	0	0	-0.235633	3.832182	-34.056733	3.832182	11782	-2.675316E-11	-3.737876E+10	0	0	0	0
0	0	0	-0.234775	3.832205	-34.055712	3.832205	11786.5	-2.39596E-11	-4.173693E+10	0	0	0	0
0	0	0	-0.234612	3.832228	-34.055684	3.832228	11787	-2.168849E-11	-4.610741E+10	0	0	0	0
0	0	0	-0.234163	3.832171	-34.054539	3.832171	11789	-2.827294E-11	-3.536951E+10	0	0	0	0
0	0	0	-0.232979	0	-0.232979	0	11795	0	0	0	0	0	0
0	0	0	-0.233346	0	-0.233346	0	11793	0	0	0	0	0	0
