Vload_(V)	ILoad_(I)	RsLoad (ohm)	SunsVoc_Voltage_(V)	SunsVoc_Current_(A)	Model_Voltage_(V)	Model_Current_(I)	Carrier_Density_(cm-3)	Lifetime_(s)	Inverse_Lifetime_(s-1)
4.44105	9.84247	0.00000	40.1210	-0.535229	40.2872	-0.535229	1099070000000000	0.0000743289	13451.7
4.43603	9.84012	1.95745	40.2701	-0.571199	40.4481	-0.571199	1201530000000000	0.0000809773	12346.7
4.50795	9.83518	2.25026	40.2075	-0.102526	40.2394	-0.102526	1157460000000000	0.0000816837	12240.1
5.28534	9.83772	2.06646	40.1121	0.457478	39.9701	0.457478	1093190000000000	0.0000817509	12230.3
7.03564	9.83168	2.09019	40.0020	1.07844	39.6683	1.07844	1023170000000000	0.0000819362	12202.9
8.74969	9.82103	2.09680	39.8836	1.68396	39.3641	1.68396	952536000000000	0.0000819413	12202.4
10.6007	9.81598	1.94531	39.7628	2.25591	39.0689	2.25591	885150000000000	0.0000818850	12210.9
12.3966	9.81267	1.78263	39.6414	2.78473	38.7875	2.78473	822018000000000	0.0000817425	12232.4
14.2037	9.81251	1.59935	39.5210	3.27335	38.5205	3.27335	763656000000000	0.0000815874	12255.8
15.9967	9.80982	1.43362	39.4003	3.72922	38.2640	3.72922	709089000000000	0.0000814069	12283.1
17.8081	9.81510	1.21694	39.2774	4.14470	38.0185	4.14470	657349000000000	0.0000809698	12349.6
19.6025	9.80347	1.10503	39.1586	4.52273	37.7892	4.52273	610768000000000	0.0000805784	12409.7
21.4057	9.80645	0.904262	39.0417	4.87302	37.5707	4.87302	568020000000000	0.0000802208	12465.1
23.2005	9.80275	0.741999	38.9268	5.19591	37.3630	5.19591	528813000000000	0.0000798736	12519.3
24.9972	9.80664	0.536934	38.8132	5.49743	37.1637	5.49743	492625000000000	0.0000795710	12567.0
26.7945	9.79378	0.413290	38.6979	5.77665	36.9698	5.77665	458339000000000	0.0000791172	12639.1
27.3954	9.79980	0.327624	38.5842	6.03618	36.7839	6.03618	426781000000000	0.0000786929	12707.3
27.9994	9.79763	0.274634	38.4742	6.27422	36.6084	6.27422	398285000000000	0.0000783378	12765.0
28.5925	9.78691	0.254427	38.3640	6.49489	36.4383	6.49489	371583000000000	0.0000779036	12836.2
29.1838	9.77117	0.241758	38.2546	6.70040	36.2737	6.70040	346793000000000	0.0000774617	12909.4
29.7803	9.74368	0.241823	38.1462	6.89199	36.1146	6.89199	323821000000000	0.0000770273	12982.2
30.3762	9.69661	0.254251	38.0392	7.06927	35.9614	7.06927	302618000000000	0.0000765854	13057.2
30.9664	9.61815	0.274417	37.9331	7.23285	35.8132	7.23285	282927000000000	0.0000760904	13142.1
31.5641	9.53900	0.270056	37.8283	7.38514	35.6699	7.38514	264711000000000	0.0000756032	13226.8
32.1468	9.41524	0.276259	37.7250	7.52639	35.5315	7.52639	247880000000000	0.0000751140	13313.0
32.7312	9.25555	0.278747	37.6201	7.66059	35.3938	7.66059	231864000000000	0.0000745823	13407.9
33.3089	9.05461	0.278655	37.5169	7.78685	35.2603	7.78685	217105000000000	0.0000741242	13490.8
33.8785	8.78655	0.280487	37.4146	7.90336	35.1308	7.90336	203396000000000	0.0000736162	13583.9
34.4376	8.47256	0.278242	37.3147	8.01082	35.0061	8.01082	190823000000000	0.0000731174	13676.6
34.9994	8.09503	0.274402	37.2156	8.11105	34.8845	8.11105	179106000000000	0.0000726007	13773.9
35.5398	7.65319	0.270799	37.1183	8.20494	34.7665	8.20494	168293000000000	0.0000721289	13864.0
36.0918	7.13174	0.264675	37.0202	8.29399	34.6494	8.29399	158048000000000	0.0000716336	13959.9
36.6303	6.51715	0.261095	36.9230	8.37788	34.5346	8.37788	148496000000000	0.0000711594	14052.9
37.1443	5.83457	0.258325	36.8261	8.45602	34.4220	8.45602	139555000000000	0.0000706436	14155.5
37.6553	5.07347	0.256014	36.7311	8.52988	34.3124	8.52988	131299000000000	0.0000702048	14244.0
38.1386	4.25344	0.258303	36.6350	8.60194	34.2023	8.60194	123439000000000	0.0000698358	14319.3
38.6269	3.38124	0.258598	36.5406	8.66742	34.0959	8.66742	116175000000000	0.0000693886	14411.6
39.0534	2.51739	0.266424	36.4463	8.72903	33.9908	8.72903	109342000000000	0.0000689216	14509.2
32.5770	9.32108	0.270616	36.3533	8.78681	33.8880	8.78681	102995000000000	0.0000684737	14604.1
40.1434	0.00000	0.00000	36.2616	8.84072	33.7876	8.84072	97087100000000	0.0000680200	14701.5
0.00000	0.00000	0.00000	36.1716	8.89085	33.6899	8.89085	91622900000000	0.0000675730	14798.8
0.00000	0.00000	0.00000	36.0825	8.93807	33.5940	8.93807	86515100000000	0.0000671375	14894.8
0.00000	0.00000	0.00000	35.9940	8.98211	33.4995	8.98211	81719500000000	0.0000666624	15001.0
0.00000	0.00000	0.00000	35.9075	9.02412	33.4075	9.02412	77288100000000	0.0000662838	15086.6
0.00000	0.00000	0.00000	35.8194	9.06352	33.3148	9.06352	73019500000000	0.0000657903	15199.8
0.00000	0.00000	0.00000	35.7336	9.10069	33.2249	9.10069	69086400000000	0.0000653661	15298.4
0.00000	0.00000	0.00000	35.6481	9.13551	33.1360	9.13551	65379200000000	0.0000649053	15407.1
0.00000	0.00000	0.00000	35.5620	9.16912	33.0469	9.16912	61843300000000	0.0000644595	15513.6
0.00000	0.00000	0.00000	35.4754	9.20077	32.9579	9.20077	58481700000000	0.0000639619	15634.3
0.00000	0.00000	0.00000	35.3901	9.23082	32.8707	9.23082	55349200000000	0.0000635102	15745.5
0.00000	0.00000	0.00000	35.3045	9.25947	32.7835	9.25947	52369500000000	0.0000630440	15861.9
0.00000	0.00000	0.00000	35.2215	9.28580	32.6995	9.28580	49637000000000	0.0000625814	15979.2
0.00000	0.00000	0.00000	35.1394	9.31131	32.6165	9.31131	47073300000000	0.0000621991	16077.4
0.00000	0.00000	0.00000	35.0568	9.33554	32.5335	9.33554	44626100000000	0.0000617835	16185.5
0.00000	0.00000	0.00000	34.9756	9.35847	32.4521	9.35847	42342700000000	0.0000614003	16286.6
0.00000	0.00000	0.00000	34.8925	9.38034	32.3692	9.38034	40127400000000	0.0000609419	16409.1
0.00000	0.00000	0.00000	34.8109	9.40080	32.2882	9.40080	38064700000000	0.0000604862	16532.7
0.00000	0.00000	0.00000	34.7304	9.42054	32.2084	9.42054	36134000000000	0.0000601049	16637.6
0.00000	0.00000	0.00000	34.6511	9.43881	32.1302	9.43881	34327500000000	0.0000596837	16755.0
0.00000	0.00000	0.00000	34.5717	9.45639	32.0520	9.45639	32607900000000	0.0000592761	16870.2
0.00000	0.00000	0.00000	34.4940	9.47312	31.9758	9.47312	31010600000000	0.0000589268	16970.2
0.00000	0.00000	0.00000	34.4159	9.48956	31.8991	9.48956	29480500000000	0.0000586287	17056.5
0.00000	0.00000	0.00000	34.3389	9.50458	31.8239	9.50458	28047300000000	0.0000582573	17165.2
0.00000	0.00000	0.00000	34.2620	9.51832	31.7492	9.51832	26686200000000	0.0000577794	17307.2
0.00000	0.00000	0.00000	34.1849	9.53189	31.6743	9.53189	25387000000000	0.0000573682	17431.3
0.00000	0.00000	0.00000	34.1098	9.54619	31.6011	9.54619	24181600000000	0.0000572823	17457.4
0.00000	0.00000	0.00000	34.0340	9.55738	31.5282	9.55738	23024300000000	0.0000566816	17642.4
0.00000	0.00000	0.00000	33.9580	9.56933	31.4548	9.56933	21918400000000	0.0000563195	17755.8
0.00000	0.00000	0.00000	33.8830	9.58054	31.3825	9.58054	20879400000000	0.0000559463	17874.3
0.00000	0.00000	0.00000	33.8086	9.59145	31.3110	9.59145	19897700000000	0.0000556327	17975.0
0.00000	0.00000	0.00000	33.7341	9.60151	31.2395	9.60151	18959400000000	0.0000552223	18108.6
0.00000	0.00000	0.00000	33.6614	9.61144	31.1697	9.61144	18087400000000	0.0000549468	18199.4
0.00000	0.00000	0.00000	33.5881	9.62130	31.0995	9.62130	17249500000000	0.0000547384	18268.7
0.00000	0.00000	0.00000	33.5166	9.62942	31.0313	9.62942	16468400000000	0.0000542516	18432.6
0.00000	0.00000	0.00000	33.4453	9.63755	30.9634	9.63755	15725300000000	0.0000538582	18567.3
0.00000	0.00000	0.00000	33.3748	9.64635	30.8960	9.64635	15022400000000	0.0000537596	18601.3
0.00000	0.00000	0.00000	33.3050	9.65295	30.8299	9.65295	14358800000000	0.0000531742	18806.1
0.00000	0.00000	0.00000	33.2346	9.66146	30.7627	9.66146	13718300000000	0.0000531917	18799.9
0.00000	0.00000	0.00000	33.1654	9.66827	30.6970	9.66827	13116300000000	0.0000528455	18923.1
0.00000	0.00000	0.00000	33.0959	9.67366	30.6315	9.67366	12539000000000	0.0000521317	19182.2
0.00000	0.00000	0.00000	33.0262	9.68136	30.5652	9.68136	11985600000000	0.0000522118	19152.8
0.00000	0.00000	0.00000	32.9572	9.68732	30.4999	9.68732	11460700000000	0.0000518448	19288.3
0.00000	0.00000	0.00000	32.8882	9.69245	30.4349	9.69245	10959700000000	0.0000512738	19503.1
0.00000	0.00000	0.00000	32.8206	9.69907	30.3708	9.69907	10489900000000	0.0000513388	19478.5
0.00000	0.00000	0.00000	32.7527	9.70469	30.3067	9.70469	10038200000000	0.0000511327	19557.0
0.00000	0.00000	0.00000	32.6855	9.70853	30.2437	9.70853	9610440000000	0.0000503591	19857.4
0.00000	0.00000	0.00000	32.6186	9.71286	30.1809	9.71286	9202650000000	0.0000498326	20067.2
0.00000	0.00000	0.00000	32.5511	9.71861	30.1171	9.71861	8808510000000	0.0000499146	20034.2
0.00000	0.00000	0.00000	32.4855	9.72371	30.0554	9.72371	8442050000000	0.0000498888	20044.6
0.00000	0.00000	0.00000	32.4194	9.72713	29.9934	9.72713	8087570000000	0.0000492130	20319.9
0.00000	0.00000	0.00000	32.3530	9.73066	29.9313	9.73066	7746900000000	0.0000486285	20564.1
0.00000	0.00000	0.00000	32.2876	9.73504	29.8699	9.73504	7425450000000	0.0000485117	20613.6
0.00000	0.00000	0.00000	32.2226	9.73990	29.8087	9.73990	7118910000000	0.0000487113	20529.1
0.00000	0.00000	0.00000	32.1561	9.74365	29.7464	9.74365	6818730000000	0.0000484265	20649.8
0.00000	0.00000	0.00000	32.0903	9.74638	29.6850	9.74638	6534040000000	0.0000477247	20953.5
0.00000	0.00000	0.00000	32.0247	9.74904	29.6238	9.74904	6261620000000	0.0000470356	21260.5
0.00000	0.00000	0.00000	31.9591	9.75229	29.5625	9.75229	6001010000000	0.0000467049	21411.0
0.00000	0.00000	0.00000	31.8948	9.75587	29.5023	9.75587	5755930000000	0.0000466481	21437.1
0.00000	0.00000	0.00000	31.8263	9.75949	29.4382	9.75949	5506020000000	0.0000465716	21472.3
0.00000	0.00000	0.00000	31.7603	9.76271	29.3764	9.76271	5275100000000	0.0000464197	21542.6
0.00000	0.00000	0.00000	31.6961	9.76549	29.3166	9.76549	5060240000000	0.0000461342	21675.9
0.00000	0.00000	0.00000	31.6303	9.76742	29.2554	9.76742	4848940000000	0.0000453468	22052.3
0.00000	0.00000	0.00000	31.5644	9.76962	29.1941	9.76962	4645920000000	0.0000447625	22340.1
0.00000	0.00000	0.00000	31.5000	9.77237	29.1340	9.77237	4455830000000	0.0000446159	22413.5
0.00000	0.00000	0.00000	31.4360	9.77541	29.0742	9.77541	4274830000000	0.0000447383	22352.2
0.00000	0.00000	0.00000	31.3717	9.77814	29.0142	9.77814	4100130000000	0.0000447363	22353.2
0.00000	0.00000	0.00000	31.3087	9.78066	28.9556	9.78066	3936200000000	0.0000446989	22371.9
0.00000	0.00000	0.00000	31.2445	9.78286	28.8958	9.78286	3775620000000	0.0000444563	22494.0
0.00000	0.00000	0.00000	31.1814	9.78440	28.8372	9.78440	3624160000000	0.0000438029	22829.5
0.00000	0.00000	0.00000	31.1168	9.78600	28.7772	9.78600	3475610000000	0.0000431999	23148.2
0.00000	0.00000	0.00000	31.0533	9.78731	28.7183	9.78731	3335190000000	0.0000424383	23563.6
0.00000	0.00000	0.00000	30.9908	9.78875	28.6604	9.78875	3202890000000	0.0000418454	23897.5
0.00000	0.00000	0.00000	30.9282	9.79073	28.6021	9.79073	3075340000000	0.0000417144	23972.5
0.00000	0.00000	0.00000	30.8655	9.79241	28.5439	9.79241	2952810000000	0.0000414011	24154.0
0.00000	0.00000	0.00000	30.8029	9.79457	28.4856	9.79457	2835280000000	0.0000415461	24069.6
0.00000	0.00000	0.00000	30.7407	9.79687	28.4277	9.79687	2723290000000	0.0000419187	23855.7
0.00000	0.00000	0.00000	30.6776	9.79862	28.3691	9.79862	2614070000000	0.0000418426	23899.1
0.00000	0.00000	0.00000	30.6157	9.80038	28.3116	9.80038	2511210000000	0.0000418761	23879.9
0.00000	0.00000	0.00000	30.5528	9.80153	28.2533	9.80153	2410870000000	0.0000413358	24192.1
0.00000	0.00000	0.00000	30.4910	9.80298	28.1959	9.80298	2316020000000	0.0000411622	24294.1
0.00000	0.00000	0.00000	30.4283	9.80433	28.1378	9.80433	2223800000000	0.0000409192	24438.4
0.00000	0.00000	0.00000	30.3659	9.80493	28.0801	9.80493	2135540000000	0.0000399236	25047.8
0.00000	0.00000	0.00000	30.3029	9.80574	28.0219	9.80574	2050140000000	0.0000391797	25523.4
0.00000	0.00000	0.00000	30.2406	9.80693	27.9641	9.80693	1968850000000	0.0000388803	25720.0
0.00000	0.00000	0.00000	30.1770	9.80797	27.9051	9.80797	1889270000000	0.0000384383	26015.7
0.00000	0.00000	0.00000	30.1131	9.80851	27.8461	9.80851	1812650000000	0.0000374614	26694.2
0.00000	0.00000	0.00000	30.0498	9.80957	27.7875	9.80957	1739760000000	0.0000371190	26940.4
0.00000	0.00000	0.00000	29.9870	9.81052	27.7294	9.81052	1670270000000	0.0000366910	27254.6
0.00000	0.00000	0.00000	29.9233	9.81181	27.6703	9.81181	1602700000000	0.0000366898	27255.6
0.00000	0.00000	0.00000	29.8601	9.81339	27.6117	9.81339	1538340000000	0.0000371339	26929.6
0.00000	0.00000	0.00000	29.7967	9.81416	27.5530	9.81416	1476310000000	0.0000366086	27316.0
0.00000	0.00000	0.00000	29.7324	9.81517	27.4935	9.81517	1416060000000	0.0000364132	27462.6
0.00000	0.00000	0.00000	29.6689	9.81689	27.4345	9.81689	1358850000000	0.0000372800	26824.0
0.00000	0.00000	0.00000	29.6048	9.81815	27.3752	9.81815	1303570000000	0.0000376292	26575.1
0.00000	0.00000	0.00000	29.5402	9.81924	27.3153	9.81924	1250050000000	0.0000377692	26476.6
0.00000	0.00000	0.00000	29.4746	9.81962	27.2547	9.81962	1197970000000	0.0000368014	27172.9
0.00000	0.00000	0.00000	29.4091	9.82037	27.1942	9.82037	1148180000000	0.0000364674	27421.7
0.00000	0.00000	0.00000	29.3432	9.82107	27.1333	9.82107	1100140000000	0.0000360769	27718.6
0.00000	0.00000	0.00000	29.2767	9.82203	27.0717	9.82203	1053670000000	0.0000361854	27635.5
0.00000	0.00000	0.00000	29.2101	9.82254	27.0102	9.82254	1009120000000	0.0000355444	28133.8
0.00000	0.00000	0.00000	29.1421	9.82308	26.9473	9.82308	965541000000	0.0000349442	28617.0
0.00000	0.00000	0.00000	29.0752	9.82360	26.8856	9.82360	924593000000	0.0000343871	29080.7
0.00000	0.00000	0.00000	29.0068	9.82410	26.8223	9.82410	884435000000	0.0000337898	29594.8
0.00000	0.00000	0.00000	28.9382	9.82440	26.7590	9.82440	845930000000	0.0000328655	30427.1
0.00000	0.00000	0.00000	28.8691	9.82489	26.6952	9.82489	808854000000	0.0000322996	30960.1
0.00000	0.00000	0.00000	28.7992	9.82538	26.6306	9.82538	772992000000	0.0000317511	31495.0
0.00000	0.00000	0.00000	28.7305	9.82546	26.5672	9.82546	739300000000	0.0000305060	32780.4
0.00000	0.00000	0.00000	28.6597	9.82614	26.5018	9.82614	706126000000	0.0000303567	32941.7
0.00000	0.00000	0.00000	28.5885	9.82656	26.4361	9.82656	674269000000	0.0000297392	33625.6
0.00000	0.00000	0.00000	28.5171	9.82685	26.3701	9.82685	643733000000	0.0000289268	34570.0
0.00000	0.00000	0.00000	28.4439	9.82748	26.3026	9.82748	613915000000	0.0000287450	34788.7
0.00000	0.00000	0.00000	28.3704	9.82758	26.2348	9.82758	585330000000	0.0000275896	36245.6
0.00000	0.00000	0.00000	28.2957	9.82800	26.1657	9.82800	557615000000	0.0000270517	36966.2
0.00000	0.00000	0.00000	28.2206	9.82854	26.0964	9.82854	531128000000	0.0000267692	37356.4
0.00000	0.00000	0.00000	28.1452	9.82910	26.0267	9.82910	505760000000	0.0000265443	37672.8
0.00000	0.00000	0.00000	28.0681	9.82923	25.9556	9.82923	481093000000	0.0000255010	39214.1
0.00000	0.00000	0.00000	27.9859	9.82964	25.8797	9.82964	456114000000	0.0000249562	40070.1
0.00000	0.00000	0.00000	27.9046	9.83011	25.8046	9.83011	432674000000	0.0000245685	40702.5
0.00000	0.00000	0.00000	27.8233	9.83093	25.7296	9.83093	410466000000	0.0000249712	40046.2
0.00000	0.00000	0.00000	27.7423	9.83089	25.6548	9.83089	389438000000	0.0000236068	42360.7
0.00000	0.00000	0.00000	27.6609	9.83107	25.5797	9.83107	369417000000	0.0000227570	43942.4
0.00000	0.00000	0.00000	27.5792	9.83191	25.5042	9.83191	350344000000	0.0000232860	42944.2
0.00000	0.00000	0.00000	27.4956	9.83229	25.4271	9.83229	331851000000	0.0000228799	43706.5
0.00000	0.00000	0.00000	27.4101	9.83252	25.3482	9.83252	313951000000	0.0000221431	45160.9
0.00000	0.00000	0.00000	27.3227	9.83273	25.2675	9.83273	296643000000	0.0000213904	46750.0
0.00000	0.00000	0.00000	27.2355	9.83301	25.1871	9.83301	280327000000	0.0000207940	48090.8
0.00000	0.00000	0.00000	27.1467	9.83357	25.1051	9.83357	264645000000	0.0000208735	47907.6
0.00000	0.00000	0.00000	27.0575	9.83356	25.0228	9.83356	249758000000	0.0000196781	50817.9
0.00000	0.00000	0.00000	26.9663	9.83412	24.9386	9.83412	235409000000	0.0000197996	50506.1
0.00000	0.00000	0.00000	26.8730	9.83433	24.8526	9.83433	221595000000	0.0000191108	52326.3
0.00000	0.00000	0.00000	26.7781	9.83494	24.7649	9.83494	208360000000	0.0000194161	51503.6
0.00000	0.00000	0.00000	26.6825	9.83496	24.6767	9.83496	195826000000	0.0000183032	54635.2
0.00000	0.00000	0.00000	26.5842	9.83538	24.5861	9.83538	183737000000	0.0000181974	54952.9
0.00000	0.00000	0.00000	26.4840	9.83563	24.4936	9.83563	172165000000	0.0000176742	56579.8
0.00000	0.00000	0.00000	26.3805	9.83600	24.3980	9.83600	160986000000	0.0000174683	57246.5
0.00000	0.00000	0.00000	26.2765	9.83670	24.3021	9.83670	150488000000	0.0000183224	54578.0
0.00000	0.00000	0.00000	26.1696	9.83656	24.2035	9.83656	140405000000	0.0000166908	59913.2
0.00000	0.00000	0.00000	26.0613	9.83676	24.1036	9.83676	130879000000	0.0000160911	62146.0
0.00000	0.00000	0.00000	25.9499	9.83668	24.0009	9.83668	121756000000	0.0000147760	67677.4
0.00000	0.00000	0.00000	25.8375	9.83756	23.8971	9.83756	113198000000	0.0000161909	61763.1
0.00000	0.00000	0.00000	25.7215	9.83758	23.7901	9.83758	104990000000	0.0000150860	66286.8
0.00000	0.00000	0.00000	25.6029	9.83758	23.6808	9.83758	97214800000	0.0000139712	71575.8
0.00000	0.00000	0.00000	25.4810	9.83811	23.5683	9.83811	89825200000	0.0000144825	69049.0
0.00000	0.00000	0.00000	25.3559	9.83796	23.4529	9.83796	82820700000	0.0000129069	77477.8
0.00000	0.00000	0.00000	25.2283	9.83867	23.3352	9.83867	76242000000	0.0000140809	71018.2
0.00000	0.00000	0.00000	25.0975	9.83854	23.2146	9.83854	70038700000	0.0000125107	79931.6
0.00000	0.00000	0.00000	24.9644	9.83887	23.0918	9.83887	64247400000	0.0000125487	79689.6
0.00000	0.00000	0.00000	24.8272	9.83907	22.9653	9.83907	58777300000	0.0000121399	82373.2
0.00000	0.00000	0.00000	24.6867	9.83885	22.8357	9.83885	53655100000	0.0000104210	95960.5
0.00000	0.00000	0.00000	24.5422	9.83918	22.7024	9.83918	48853800000	0.0000104259	95914.7
0.00000	0.00000	0.00000	24.3940	9.83969	22.5657	9.83969	44377600000	0.0000112037	89256.4
0.00000	0.00000	0.00000	24.2395	9.83964	22.4233	9.83964	40145700000	0.00000998242	100176
0.00000	0.00000	0.00000	24.0821	9.83986	22.2781	9.83986	36247500000	0.00000976301	102427
0.00000	0.00000	0.00000	23.9209	9.83992	22.1295	9.83992	32650100000	0.00000898244	111328
0.00000	0.00000	0.00000	23.7573	9.84021	21.9786	9.84021	29361900000	0.00000912351	109607
0.00000	0.00000	0.00000	23.5873	9.84017	21.8219	9.84017	26296400000	0.00000801941	124697
0.00000	0.00000	0.00000	23.4146	9.84012	21.6626	9.84012	23508900000	0.00000703861	142073
0.00000	0.00000	0.00000	23.2378	9.84045	21.4995	9.84045	20961700000	0.00000728520	137265
0.00000	0.00000	0.00000	23.0562	9.84064	21.3321	9.84064	18632700000	0.00000716796	139510
0.00000	0.00000	0.00000	22.8704	9.84070	21.1607	9.84070	16516400000	0.00000654936	152687
0.00000	0.00000	0.00000	22.6799	9.84077	20.9851	9.84077	14597000000	0.00000604813	165340
0.00000	0.00000	0.00000	22.4830	9.84094	20.8035	9.84094	12846300000	0.00000588761	169848
0.00000	0.00000	0.00000	22.2827	9.84099	20.6188	9.84099	11281000000	0.00000536057	186547
0.00000	0.00000	0.00000	22.0781	9.84102	20.4301	9.84102	9878870000	0.00000480075	208301
0.00000	0.00000	0.00000	21.8678	9.84116	20.2362	9.84116	8619120000	0.00000464109	215467
0.00000	0.00000	0.00000	21.6521	9.84089	20.0374	9.84089	7493920000	0.00000334285	299146
0.00000	0.00000	0.00000	21.4322	9.84122	19.8346	9.84122	6497410000	0.00000365147	273862
0.00000	0.00000	0.00000	21.2090	9.84118	19.6288	9.84118	5621840000	0.00000305419	327419
0.00000	0.00000	0.00000	20.9808	9.84111	19.4184	9.84111	4848110000	0.00000250831	398675
0.00000	0.00000	0.00000	20.7466	9.84100	19.2025	9.84100	4164900000	0.00000199606	500988
0.00000	0.00000	0.00000	20.5049	9.84139	18.9796	9.84139	3560540000	0.00000232430	430236
0.00000	0.00000	0.00000	20.2580	9.84161	18.7519	9.84161	3033600000	0.00000247919	403358
0.00000	0.00000	0.00000	20.0104	9.84180	18.5236	9.84180	2583470000	0.00000273031	366258
0.00000	0.00000	0.00000	19.7580	9.84145	18.2910	9.84145	2193280000	0.00000150815	663066
0.00000	0.00000	0.00000	19.5027	9.84149	18.0555	9.84149	1858500000	0.00000133461	749282
0.00000	0.00000	0.00000	19.2441	9.84122	17.8171	9.84122	1571490000	0.000000884127	1131060
0.00000	0.00000	0.00000	18.9811	9.84167	17.5746	9.84167	1325030000	0.00000117209	853177
0.00000	0.00000	0.00000	18.7125	9.84174	17.3269	9.84174	1113130000	0.00000107240	932484
0.00000	0.00000	0.00000	18.4427	9.84161	17.0782	9.84161	934422000	0.000000764222	1308520
0.00000	0.00000	0.00000	18.1684	9.84167	16.8253	9.84167	782103000	0.000000691985	1445120
0.00000	0.00000	0.00000	17.8900	9.84154	16.5686	9.84154	652874000	0.000000496488	2014150
0.00000	0.00000	0.00000	17.6077	9.84193	16.3082	9.84193	543603000	0.000000714807	1398980
0.00000	0.00000	0.00000	17.3250	9.84173	16.0476	9.84173	452519000	0.000000429715	2327120
0.00000	0.00000	0.00000	17.0369	9.84187	15.7819	9.84187	375387000	0.000000440174	2271830
0.00000	0.00000	0.00000	16.7406	9.84166	15.5088	9.84166	309746000	0.000000270425	3697880
0.00000	0.00000	0.00000	16.4416	9.84154	15.2332	9.84154	255145000	0.000000194058	5153100
0.00000	0.00000	0.00000	16.1438	9.84185	14.9585	9.84185	210322000	0.000000238048	4200830
0.00000	0.00000	0.00000	15.8425	9.84226	14.6807	9.84226	172979000	0.000000579956	1724270
0.00000	0.00000	0.00000	15.5408	9.84210	14.4025	9.84210	142229000	0.000000268730	3721210
0.00000	0.00000	0.00000	15.2357	9.84202	14.1212	9.84202	116689000	0.000000183168	5459460
0.00000	0.00000	0.00000	14.9272	9.84204	13.8368	9.84204	95528600	0.000000157574	6346220
0.00000	0.00000	0.00000	14.6191	9.84206	13.5527	9.84206	78221100	0.000000135934	7356500
0.00000	0.00000	0.00000	14.3082	9.84217	13.2661	9.84217	63937400	0.000000151721	6591040
0.00000	0.00000	0.00000	13.9945	9.84194	12.9768	9.84194	52161800	0.0000000700316	14279300
0.00000	0.00000	0.00000	13.6806	9.84211	12.6874	9.84211	42553200	0.0000000828191	12074500
0.00000	0.00000	0.00000	13.3654	9.84202	12.3967	9.84202	34683700	0.0000000544473	18366400
0.00000	0.00000	0.00000	13.0438	9.84184	12.1003	9.84184	28153900	0.0000000313227	31925700
0.00000	0.00000	0.00000	12.7199	9.84193	11.8016	9.84193	22818000	0.0000000300151	33316500
0.00000	0.00000	0.00000	12.3989	9.84199	11.5057	9.84199	18529000	0.0000000271205	36872400
0.00000	0.00000	0.00000	12.0777	9.84174	11.2095	9.84174	15043300	0.0000000145004	68963400
0.00000	0.00000	0.00000	11.7582	9.84210	10.9149	9.84210	12227500	0.0000000231060	43278800
0.00000	0.00000	0.00000	11.4388	9.84213	10.6204	9.84213	9939250	0.0000000205787	48594000
0.00000	0.00000	0.00000	11.1184	9.84236	10.3249	9.84236	8073900	0.0000000506006	19762600
0.00000	0.00000	0.00000	10.8021	9.84197	10.0334	9.84197	6576370	0.00000000921055	108571000
0.00000	0.00000	0.00000	10.4850	9.84190	9.74098	9.84190	5353600	0.00000000663880	150630000
0.00000	0.00000	0.00000	10.1688	9.84189	9.44945	9.84189	4360810	0.00000000530634	188454000
0.00000	0.00000	0.00000	9.85640	9.84240	9.16139	9.84240	3560910	0.0000000363530	27508000
0.00000	0.00000	0.00000	9.54560	9.84200	8.87486	9.84200	2910730	0.00000000435869	229427000
0.00000	0.00000	0.00000	9.23147	9.84230	8.58520	9.84230	2374120	0.0000000100359	99642700
0.00000	0.00000	0.00000	8.91772	9.84219	8.29592	9.84219	1936910	0.00000000495912	201649000
0.00000	0.00000	0.00000	8.61280	9.84187	8.01480	9.84187	1589300	0.00000000186404	536469000
0.00000	0.00000	0.00000	8.31053	9.84210	7.73609	9.84210	1306320	0.00000000246854	405097000
0.00000	0.00000	0.00000	8.01328	9.84225	7.46202	9.84225	1077230	0.00000000343539	291088000
0.00000	0.00000	0.00000	7.71942	9.84214	7.19109	9.84214	890270	0.00000000190399	525213000
0.00000	0.00000	0.00000	7.42896	9.84232	6.92327	9.84232	737380	0.00000000358368	279043000
0.00000	0.00000	0.00000	7.14443	9.84203	6.66094	9.84203	613100	0.000000000986336	1013850000
0.00000	0.00000	0.00000	6.86612	9.84226	6.40432	9.84226	511828	0.00000000171658	582555000
0.00000	0.00000	0.00000	6.59122	9.84231	6.15086	9.84231	428232	0.00000000193629	516453000
0.00000	0.00000	0.00000	6.32227	9.84217	5.90289	9.84217	359675	0.000000000853570	1171550000
0.00000	0.00000	0.00000	6.06227	9.84213	5.66317	9.84213	303852	0.000000000629116	1589530000
0.00000	0.00000	0.00000	5.80664	9.84243	5.42746	9.84243	257420	0.00000000497447	201026000
0.00000	0.00000	0.00000	5.55804	9.84223	5.19826	9.84223	219082	0.000000000636180	1571880000
0.00000	0.00000	0.00000	5.31367	9.84215	4.97295	9.84215	186966	0.000000000413477	2418510000
0.00000	0.00000	0.00000	5.07904	9.84196	4.75663	9.84196	160569	0.000000000220138	4542600000
0.00000	0.00000	0.00000	4.85552	9.84206	4.55053	9.84206	138896	0.000000000241395	4142590000
0.00000	0.00000	0.00000	4.63981	9.84215	4.35164	9.84215	120758	0.000000000267058	3744510000
0.00000	0.00000	0.00000	4.43373	9.84192	4.16164	9.84192	105648	0.000000000136214	7341410000
0.00000	0.00000	0.00000	4.23595	9.84223	3.97927	9.84223	92927.0	0.000000000269845	3705820000
0.00000	0.00000	0.00000	4.04678	9.84202	3.80486	9.84202	82195.0	0.000000000129036	7749790000
0.00000	0.00000	0.00000	3.86434	9.84218	3.63664	9.84218	73021.0	0.000000000179865	5559720000
0.00000	0.00000	0.00000	3.68946	9.84217	3.47540	9.84217	65190.0	0.000000000154707	6463830000
0.00000	0.00000	0.00000	3.52244	9.84224	3.32140	9.84224	58496.0	0.000000000177816	5623800000
0.00000	0.00000	0.00000	3.36211	9.84209	3.17358	9.84209	52718.0	0.0000000000968036	10330200000
0.00000	0.00000	0.00000	3.20976	9.84202	3.03311	9.84202	47757.0	0.0000000000749724	13338200000
0.00000	0.00000	0.00000	3.06262	9.84197	2.89745	9.84197	43410.0	0.0000000000607983	16447800000
0.00000	0.00000	0.00000	2.92152	9.84234	2.76735	9.84234	39612.0	0.000000000226409	4416790000
0.00000	0.00000	0.00000	2.78543	9.84206	2.64188	9.84206	36266.0	0.0000000000630286	15865800000
0.00000	0.00000	0.00000	2.65543	9.84204	2.52201	9.84204	33333.0	0.0000000000549876	18185900000
0.00000	0.00000	0.00000	2.53216	9.84207	2.40836	9.84207	30771.0	0.0000000000549494	18198600000
0.00000	0.00000	0.00000	2.41343	9.84218	2.29888	9.84218	28490.0	0.0000000000701766	14249800000
0.00000	0.00000	0.00000	2.30056	9.84218	2.19481	9.84218	26478.0	0.0000000000652206	15332600000
0.00000	0.00000	0.00000	2.19191	9.84228	2.09464	9.84228	24677.0	0.0000000000922970	10834600000
0.00000	0.00000	0.00000	2.08711	9.84213	1.99802	9.84213	23055.0	0.0000000000477347	20949100000
0.00000	0.00000	0.00000	1.98670	9.84210	1.90544	9.84210	21601.0	0.0000000000408193	24498200000
0.00000	0.00000	0.00000	1.89000	9.84227	1.81628	9.84227	20287.0	0.0000000000717448	13938300000
0.00000	0.00000	0.00000	1.79443	9.84240	1.72816	9.84240	19068.0	0.000000000194667	5136970000
0.00000	0.00000	0.00000	1.70354	9.84229	1.64436	9.84229	17976.0	0.0000000000713436	14016700000
0.00000	0.00000	0.00000	1.61896	9.84214	1.56638	9.84214	17016.0	0.0000000000363916	27478900000
0.00000	0.00000	0.00000	1.53768	9.84204	1.49143	9.84204	16142.0	0.0000000000266285	37553700000
0.00000	0.00000	0.00000	1.45831	9.84207	1.41825	9.84207	15332.0	0.0000000000273792	36524100000
0.00000	0.00000	0.00000	1.38466	9.84188	1.35034	9.84188	14617.0	0.0000000000174592	57276500000
0.00000	0.00000	0.00000	1.31386	9.84221	1.28507	9.84221	13961.0	0.0000000000388051	25769800000
0.00000	0.00000	0.00000	1.24594	9.84212	1.22245	9.84212	13359.0	0.0000000000268047	37306900000
0.00000	0.00000	0.00000	1.18132	9.84227	1.16287	9.84227	12811.0	0.0000000000453060	22072100000
0.00000	0.00000	0.00000	1.11889	9.84225	1.10530	9.84225	12303.0	0.0000000000392354	25487200000
0.00000	0.00000	0.00000	1.05860	9.84221	1.04972	9.84221	11830.0	0.0000000000328819	30411900000
0.00000	0.00000	0.00000	0.999894	9.84184	0.995588	9.84184	11388.0	0.0000000000126700	78926500000
0.00000	0.00000	0.00000	0.945303	9.84225	0.945254	9.84225	10992.0	0.0000000000350545	28527000000
0.00000	0.00000	0.00000	0.892886	9.84236	0.896925	9.84236	10625.0	0.0000000000665908	15017100000
0.00000	0.00000	0.00000	0.842787	9.84227	0.850733	9.84227	10285.0	0.0000000000363728	27493100000
0.00000	0.00000	0.00000	0.794159	9.84214	0.805897	9.84214	9966.00	0.0000000000213140	46917600000
0.00000	0.00000	0.00000	0.747834	9.84234	0.763185	9.84234	9670.00	0.0000000000552705	18092800000
0.00000	0.00000	0.00000	0.703289	9.84202	0.722114	9.84202	9395.00	0.0000000000147490	67801400000
0.00000	0.00000	0.00000	0.661081	9.84212	0.683197	9.84212	9141.00	0.0000000000183413	54521700000
0.00000	0.00000	0.00000	0.619885	9.84221	0.645214	9.84221	8900.00	0.0000000000247379	40423900000
0.00000	0.00000	0.00000	0.580012	9.84214	0.608451	9.84214	8673.00	0.0000000000185487	53912200000
0.00000	0.00000	0.00000	0.542981	9.84204	0.574308	9.84204	8467.00	0.0000000000139675	71594600000
0.00000	0.00000	0.00000	0.506620	9.84219	0.540783	9.84219	8270.00	0.0000000000211739	47227900000
0.00000	0.00000	0.00000	0.472236	9.84223	0.509080	9.84223	8088.00	0.0000000000234863	42578000000
0.00000	0.00000	0.00000	0.438293	9.84201	0.477783	9.84201	7911.00	0.0000000000121261	82466900000
0.00000	0.00000	0.00000	0.407143	9.84224	0.449063	9.84224	7753.00	0.0000000000235675	42431300000
0.00000	0.00000	0.00000	0.375829	9.84191	0.420190	9.84191	7597.00	0.00000000000960422	104121000000
0.00000	0.00000	0.00000	0.346051	9.84234	0.392737	9.84234	7452.00	0.0000000000425931	23478000000
0.00000	0.00000	0.00000	0.317367	9.84197	0.366288	9.84197	7314.00	0.0000000000102437	97621000000
0.00000	0.00000	0.00000	0.290301	9.84225	0.341334	9.84225	7187.00	0.0000000000229200	43630000000
0.00000	0.00000	0.00000	0.264623	9.84229	0.317659	9.84229	7069.00	0.0000000000280556	35643500000
0.00000	0.00000	0.00000	0.238324	9.84229	0.293411	9.84229	6949.00	0.0000000000275794	36259000000
0.00000	0.00000	0.00000	0.213610	9.84197	0.270622	9.84197	6838.00	0.00000000000957703	104417000000
0.00000	0.00000	0.00000	0.190594	9.84224	0.249403	9.84224	6737.00	0.0000000000204791	48830300000
0.00000	0.00000	0.00000	0.169278	9.84224	0.229749	9.84224	6645.00	0.0000000000201994	49506400000
0.00000	0.00000	0.00000	0.147536	9.84231	0.209703	9.84231	6551.00	0.0000000000296209	33759900000
0.00000	0.00000	0.00000	0.126415	9.84230	0.190230	9.84230	6462.00	0.0000000000273162	36608300000
0.00000	0.00000	0.00000	0.106847	9.84220	0.172186	9.84220	6381.00	0.0000000000170081	58795400000
0.00000	0.00000	0.00000	0.0876861	9.84239	0.154521	9.84239	6302.00	0.0000000000555963	17986800000
0.00000	0.00000	0.00000	0.0699140	9.84211	0.138133	9.84211	6230.00	0.0000000000121257	82469400000
0.00000	0.00000	0.00000	0.0519785	9.84196	0.121595	9.84196	6158.00	0.00000000000844254	118448000000
0.00000	0.00000	0.00000	0.0360686	9.84242	0.106930	9.84242	6095.00	0.0000000000907679	11017100000
0.00000	0.00000	0.00000	0.0209591	9.84240	0.0929983	9.84240	6035.00	0.0000000000616120	16230600000
0.00000	0.00000	0.00000	0.00692762	9.84246	0.0800616	9.84246	5980.00	0.00000000107856	927163000
0.00000	0.00000	0.00000	-0.00663013	9.84190	0.0675570	9.84190	5928.00	0.00000000000735112	136034000000
0.00000	0.00000	0.00000	-0.0200245	9.84230	0.0552102	9.84230	5877.00	0.0000000000248433	40252300000
0.00000	0.00000	0.00000	-0.0325859	9.84187	0.0436251	9.84187	5829.00	0.00000000000683665	146271000000
0.00000	0.00000	0.00000	-0.0427297	9.84230	0.0342758	9.84230	5791.00	0.0000000000244798	40850000000
0.00000	0.00000	0.00000	-0.0528898	9.84212	0.0249065	9.84212	5753.00	0.0000000000115433	86630200000
0.00000	0.00000	0.00000	-0.0618249	9.84200	0.0166674	9.84200	5720.00	0.00000000000856548	116748000000
0.00000	0.00000	0.00000	-0.0705312	9.84228	0.00864223	9.84228	5687.00	0.0000000000212705	47013400000
0.00000	0.00000	0.00000	-0.0779798	9.84229	0.00177462	9.84229	5660.00	0.0000000000224635	44516600000
0.00000	0.00000	0.00000	-0.0850037	9.84201	-0.00470379	9.84201	5634.00	0.00000000000863587	115796000000
0.00000	0.00000	0.00000	-0.0917336	9.84215	-0.0109077	9.84215	5610.00	0.0000000000124066	80602400000
0.00000	0.00000	0.00000	-0.0974017	9.84237	-0.0161320	9.84237	5589.00	0.0000000000387707	25792700000
0.00000	0.00000	0.00000	-0.102792	9.84218	-0.0211035	9.84218	5569.00	0.0000000000137176	72899300000
0.00000	0.00000	0.00000	-0.107823	9.84194	-0.0257442	9.84194	5551.00	0.00000000000745298	134175000000
0.00000	0.00000	0.00000	-0.111940	9.84214	-0.0295379	9.84214	5536.00	0.0000000000118397	84461900000
0.00000	0.00000	0.00000	-0.115566	9.84226	-0.0328804	9.84226	5523.00	0.0000000000185231	53986500000
0.00000	0.00000	0.00000	-0.118767	9.84225	-0.0358324	9.84225	5512.00	0.0000000000175783	56888400000
0.00000	0.00000	0.00000	-0.121838	9.84236	-0.0386629	9.84236	5501.00	0.0000000000344768	29005000000
0.00000	0.00000	0.00000	-0.124583	9.84249	-0.0411920	9.84249	5491.00	-0.000000000217397	-4599890000
0.00000	0.00000	0.00000	-0.126477	9.84210	-0.0429424	9.84210	5485.00	0.0000000000103650	96478700000
0.00000	0.00000	0.00000	-0.129156	9.84239	-0.0454098	9.84239	5475.00	0.0000000000483005	20703700000
0.00000	0.00000	0.00000	-0.130610	9.84201	-0.0467535	9.84201	5470.00	0.00000000000838449	119268000000
0.00000	0.00000	0.00000	-0.132848	9.84215	-0.0488156	9.84215	5462.00	0.0000000000120793	82786500000
0.00000	0.00000	0.00000	-0.134204	9.84217	-0.0500654	9.84217	5457.00	0.0000000000129504	77217700000
0.00000	0.00000	0.00000	-0.135690	9.84229	-0.0514350	9.84229	5452.00	0.0000000000216380	46214900000
0.00000	0.00000	0.00000	-0.137405	9.84234	-0.0530159	9.84234	5446.00	0.0000000000311275	32125900000
0.00000	0.00000	0.00000	-0.138418	9.84216	-0.0539512	9.84216	5442.00	0.0000000000124594	80260600000
0.00000	0.00000	0.00000	-0.139594	9.84202	-0.0550368	9.84202	5438.00	0.00000000000853697	117138000000
0.00000	0.00000	0.00000	-0.140819	9.84230	-0.0561639	9.84230	5434.00	0.0000000000229707	43533800000
0.00000	0.00000	0.00000	-0.141799	9.84218	-0.0570686	9.84218	5430.00	0.0000000000133752	74765400000
0.00000	0.00000	0.00000	-0.142387	9.84213	-0.0576113	9.84213	5428.00	0.0000000000112385	88979700000
0.00000	0.00000	0.00000	-0.143514	9.84219	-0.0586499	9.84219	5424.00	0.0000000000138872	72008600000
0.00000	0.00000	0.00000	-0.144266	9.84216	-0.0593430	9.84216	5421.00	0.0000000000124113	80571600000
0.00000	0.00000	0.00000	-0.145050	9.84232	-0.0600645	9.84232	5419.00	0.0000000000263365	37970100000
0.00000	0.00000	0.00000	-0.145507	9.84229	-0.0604865	9.84229	5417.00	0.0000000000214991	46513500000
0.00000	0.00000	0.00000	-0.146275	9.84205	-0.0611964	9.84205	5415.00	0.00000000000916568	109103000000
0.00000	0.00000	0.00000	-0.147271	9.84238	-0.0621123	9.84238	5411.00	0.0000000000420258	23794900000
0.00000	0.00000	0.00000	-0.147598	9.84240	-0.0624133	9.84240	5410.00	0.0000000000552313	18105700000
0.00000	0.00000	0.00000	-0.147663	9.84219	-0.0624753	9.84219	5409.00	0.0000000000138488	72208300000
0.00000	0.00000	0.00000	-0.148954	9.84198	-0.0636670	9.84198	5405.00	0.00000000000773691	129251000000
0.00000	0.00000	0.00000	-0.149330	9.84202	-0.0640130	9.84202	5404.00	0.00000000000848359	117875000000
0.00000	0.00000	0.00000	-0.149836	9.84209	-0.0644793	9.84209	5402.00	0.00000000000991945	100812000000
0.00000	0.00000	0.00000	-0.150555	9.84207	-0.0651421	9.84207	5400.00	0.00000000000964306	103702000000
0.00000	0.00000	0.00000	-0.150898	9.84225	-0.0654569	9.84225	5398.00	0.0000000000172147	58089800000
0.00000	0.00000	0.00000	-0.150620	9.84220	-0.0652012	9.84220	5399.00	0.0000000000143907	69489500000
0.00000	0.00000	0.00000	-0.150979	9.84220	-0.0655326	9.84220	5398.00	0.0000000000143880	69502300000
0.00000	0.00000	0.00000	-0.151322	9.84202	-0.0658504	9.84202	5397.00	0.00000000000847260	118027000000
0.00000	0.00000	0.00000	-0.151698	9.84212	-0.0661960	9.84212	5396.00	0.0000000000108270	92361600000
0.00000	0.00000	0.00000	-0.151878	9.84225	-0.0663605	9.84225	5395.00	0.0000000000172052	58122100000
0.00000	0.00000	0.00000	-0.151469	9.84225	-0.0659840	9.84225	5396.00	0.0000000000172083	58111300000
0.00000	0.00000	0.00000	-0.151682	9.84173	-0.0661843	9.84173	5396.00	0.00000000000512525	195112000000
0.00000	0.00000	0.00000	-0.151584	9.84215	-0.0660903	9.84215	5396.00	0.0000000000119333	83799000000
0.00000	0.00000	0.00000	-0.151633	9.84234	-0.0661338	9.84234	5396.00	0.0000000000308417	32423600000
0.00000	0.00000	0.00000	-0.151469	9.84231	-0.0659834	9.84231	5396.00	0.0000000000243985	40986200000
0.00000	0.00000	0.00000	-0.151845	9.84214	-0.0663313	9.84214	5395.00	0.0000000000115381	86669300000
0.00000	0.00000	0.00000	-0.151600	9.84225	-0.0661045	9.84225	5396.00	0.0000000000172083	58111300000
0.00000	0.00000	0.00000	-0.152319	9.84215	-0.0667680	9.84215	5394.00	0.0000000000119289	83830100000
0.00000	0.00000	0.00000	-0.151633	9.84229	-0.0661342	9.84229	5396.00	0.0000000000214158	46694600000
0.00000	0.00000	0.00000	-0.151355	9.84202	-0.0658806	9.84202	5397.00	0.00000000000847260	118027000000
0.00000	0.00000	0.00000	-0.151959	9.84233	-0.0664351	9.84233	5395.00	0.0000000000283412	35284300000
0.00000	0.00000	0.00000	-0.152204	9.84212	-0.0666629	9.84212	5394.00	0.0000000000108230	92395900000
0.00000	0.00000	0.00000	-0.152384	9.84219	-0.0668279	9.84219	5393.00	0.0000000000138079	72422500000
0.00000	0.00000	0.00000	-0.151665	9.84218	-0.0661653	9.84218	5396.00	0.0000000000132914	75236500000
0.00000	0.00000	0.00000	-0.151976	9.84234	-0.0664500	9.84234	5395.00	0.0000000000308360	32429600000
0.00000	0.00000	0.00000	-0.152253	9.84207	-0.0667084	9.84207	5394.00	0.00000000000963235	103817000000
0.00000	0.00000	0.00000	-0.152221	9.84263	-0.0666735	9.84263	5394.00	-0.0000000000239230	-41800800000
0.00000	0.00000	0.00000	-0.151992	9.84188	-0.0664691	9.84188	5395.00	0.00000000000644402	155183000000
0.00000	0.00000	0.00000	-0.152237	9.84216	-0.0666926	9.84216	5394.00	0.0000000000123495	80974900000
0.00000	0.00000	0.00000	-0.152939	9.84200	-0.0673416	9.84200	5391.00	0.00000000000807282	123872000000
0.00000	0.00000	0.00000	-0.153103	9.84239	-0.0674889	9.84239	5391.00	0.0000000000475594	21026300000
0.00000	0.00000	0.00000	-0.153250	9.84204	-0.0676274	9.84204	5390.00	0.00000000000889158	112466000000
0.00000	0.00000	0.00000	-0.153593	9.84237	-0.0679409	9.84237	5389.00	0.0000000000373833	26749900000
0.00000	0.00000	0.00000	-0.154312	9.84232	-0.0686039	9.84232	5386.00	0.0000000000261761	38202800000
0.00000	0.00000	0.00000	-0.154981	9.84201	-0.0692241	9.84201	5384.00	0.00000000000825266	121173000000
0.00000	0.00000	0.00000	-0.154753	9.84249	-0.0690091	9.84249	5385.00	-0.000000000213200	-4690430000
0.00000	0.00000	0.00000	-0.154638	9.84240	-0.0689045	9.84240	5385.00	0.0000000000549761	18189700000
0.00000	0.00000	0.00000	-0.155537	9.84223	-0.0697343	9.84223	5382.00	0.0000000000156285	63985700000
0.00000	0.00000	0.00000	-0.156108	9.84244	-0.0702596	9.84244	5380.00	0.000000000148018	6755920000
0.00000	0.00000	0.00000	-0.156353	9.84218	-0.0704877	9.84218	5379.00	0.0000000000132496	75474200000
0.00000	0.00000	0.00000	-0.156076	9.84225	-0.0702311	9.84225	5380.00	0.0000000000171573	58284100000
0.00000	0.00000	0.00000	-0.156778	9.84237	-0.0708777	9.84237	5378.00	0.0000000000373070	26804600000
0.00000	0.00000	0.00000	-0.157235	9.84221	-0.0713007	9.84221	5376.00	0.0000000000149428	66921900000
0.00000	0.00000	0.00000	-0.157807	9.84243	-0.0718260	9.84243	5374.00	0.000000000103849	9629340000
0.00000	0.00000	0.00000	-0.157448	9.84193	-0.0714990	9.84193	5375.00	0.00000000000707047	141433000000
0.00000	0.00000	0.00000	-0.157889	9.84231	-0.0719023	9.84231	5374.00	0.0000000000242990	41154000000
0.00000	0.00000	0.00000	-0.158297	9.84215	-0.0722802	9.84215	5373.00	0.0000000000118824	84157800000
0.00000	0.00000	0.00000	-0.158542	9.84246	-0.0725034	9.84246	5372.00	0.000000000968899	1032100000
0.00000	0.00000	0.00000	-0.158624	9.84226	-0.0725805	9.84226	5371.00	0.0000000000180134	55514300000
0.00000	0.00000	0.00000	-0.158902	9.84179	-0.0728406	9.84179	5370.00	0.00000000000559131	178849000000
0.00000	0.00000	0.00000	-0.159310	9.84205	-0.0732149	9.84205	5369.00	0.00000000000908782	110037000000
0.00000	0.00000	0.00000	-0.159669	9.84227	-0.0735443	9.84227	5368.00	0.0000000000189839	52676300000
0.00000	0.00000	0.00000	-0.159539	9.84216	-0.0734248	9.84216	5368.00	0.0000000000122900	81367100000
0.00000	0.00000	0.00000	-0.159294	9.84188	-0.0732013	9.84188	5369.00	0.00000000000641297	155934000000
0.00000	0.00000	0.00000	-0.159179	9.84207	-0.0730942	9.84207	5369.00	0.00000000000958770	104300000000
0.00000	0.00000	0.00000	-0.159310	9.84205	-0.0732149	9.84205	5369.00	0.00000000000908782	110037000000
0.00000	0.00000	0.00000	-0.159163	9.84221	-0.0730779	9.84221	5370.00	0.0000000000149261	66996700000
0.00000	0.00000	0.00000	-0.159081	9.84220	-0.0730027	9.84220	5370.00	0.0000000000143134	69864700000
0.00000	0.00000	0.00000	-0.159032	9.84204	-0.0729589	9.84204	5370.00	0.00000000000885858	112885000000
0.00000	0.00000	0.00000	-0.158951	9.84205	-0.0728835	9.84205	5370.00	0.00000000000908952	110017000000
0.00000	0.00000	0.00000	-0.159130	9.84241	-0.0730461	9.84241	5370.00	0.0000000000650511	15372500000
0.00000	0.00000	0.00000	-0.158771	9.84227	-0.0727160	9.84227	5371.00	0.0000000000189945	52646900000
0.00000	0.00000	0.00000	-0.158706	9.84239	-0.0726547	9.84239	5371.00	0.0000000000473830	21104600000
0.00000	0.00000	0.00000	-0.158444	9.84239	-0.0724137	9.84239	5372.00	0.0000000000473918	21100700000
0.00000	0.00000	0.00000	-0.158983	9.84206	-0.0729136	9.84206	5370.00	0.00000000000933281	107149000000
0.00000	0.00000	0.00000	-0.158314	9.84214	-0.0722954	9.84214	5373.00	0.0000000000114911	87024200000
0.00000	0.00000	0.00000	-0.158461	9.84244	-0.0724283	9.84244	5372.00	0.000000000147798	6765980000
0.00000	0.00000	0.00000	-0.158477	9.84265	-0.0724416	9.84265	5372.00	-0.0000000000209618	-47705900000
0.00000	0.00000	0.00000	-0.159000	9.84202	-0.0729290	9.84202	5370.00	0.00000000000843022	118621000000
0.00000	0.00000	0.00000	-0.158738	9.84243	-0.0726844	9.84243	5371.00	0.000000000103791	9634720000
0.00000	0.00000	0.00000	-0.158297	9.84239	-0.0722782	9.84239	5373.00	0.0000000000474006	21096800000
0.00000	0.00000	0.00000	-0.158036	9.84193	-0.0720412	9.84193	5373.00	0.00000000000706784	141486000000
0.00000	0.00000	0.00000	-0.157905	9.84231	-0.0719174	9.84231	5374.00	0.0000000000242990	41154000000
0.00000	0.00000	0.00000	-0.158395	9.84216	-0.0723705	9.84216	5372.00	0.0000000000122991	81306500000
0.00000	0.00000	0.00000	-0.158428	9.84218	-0.0724005	9.84218	5372.00	0.0000000000132323	75572600000
0.00000	0.00000	0.00000	-0.157922	9.84199	-0.0719353	9.84199	5374.00	0.00000000000786595	127130000000
0.00000	0.00000	0.00000	-0.158559	9.84229	-0.0725200	9.84229	5371.00	0.0000000000213165	46911900000
0.00000	0.00000	0.00000	-0.159212	9.84244	-0.0731211	9.84244	5369.00	0.000000000147716	6769760000
0.00000	0.00000	0.00000	-0.158673	9.84247	-0.0726238	9.84247	5371.00	-0.000000000544904	-1835180000
0.00000	0.00000	0.00000	-0.159196	9.84226	-0.0731076	9.84226	5369.00	0.0000000000180067	55535000000
0.00000	0.00000	0.00000	-0.159669	9.84240	-0.0735432	9.84240	5368.00	0.0000000000548025	18247300000
0.00000	0.00000	0.00000	-0.160094	9.84261	-0.0739329	9.84261	5366.00	-0.0000000000255436	-39148800000
0.00000	0.00000	0.00000	-0.160355	9.84270	-0.0741731	9.84270	5365.00	-0.0000000000160975	-62121600000
0.00000	0.00000	0.00000	-0.161025	9.84212	-0.0747957	9.84212	5363.00	0.0000000000107608	92929900000
0.00000	0.00000	0.00000	-0.161221	9.84206	-0.0749769	9.84206	5362.00	0.00000000000931891	107309000000
0.00000	0.00000	0.00000	-0.161531	9.84211	-0.0752627	9.84211	5361.00	0.0000000000104343	95837400000
0.00000	0.00000	0.00000	-0.161662	9.84211	-0.0753831	9.84211	5361.00	0.0000000000104343	95837400000
0.00000	0.00000	0.00000	-0.161384	9.84253	-0.0751234	9.84253	5362.00	-0.0000000000617295	-16199700000
0.00000	0.00000	0.00000	-0.161695	9.84165	-0.0754172	9.84165	5361.00	0.00000000000461902	216496000000
0.00000	0.00000	0.00000	-0.162430	9.84223	-0.0760900	9.84223	5358.00	0.0000000000155588	64272300000
0.00000	0.00000	0.00000	-0.162806	9.84232	-0.0764355	9.84232	5357.00	0.0000000000260352	38409600000
0.00000	0.00000	0.00000	-0.162740	9.84215	-0.0763768	9.84215	5357.00	0.0000000000118471	84409100000
0.00000	0.00000	0.00000	-0.163328	9.84227	-0.0769179	9.84227	5355.00	0.0000000000189379	52804200000
0.00000	0.00000	0.00000	-0.163247	9.84199	-0.0768451	9.84199	5355.00	0.00000000000783814	127581000000
0.00000	0.00000	0.00000	-0.163508	9.84207	-0.0770853	9.84207	5354.00	0.00000000000956092	104592000000
0.00000	0.00000	0.00000	-0.163345	9.84226	-0.0769331	9.84226	5355.00	0.0000000000179597	55680200000
0.00000	0.00000	0.00000	-0.163247	9.84238	-0.0768417	9.84238	5355.00	0.0000000000415909	24043700000
0.00000	0.00000	0.00000	-0.164031	9.84203	-0.0775676	9.84203	5353.00	0.00000000000861174	116120000000
0.00000	0.00000	0.00000	-0.163606	9.84214	-0.0771751	9.84214	5354.00	0.0000000000114504	87333000000
0.00000	0.00000	0.00000	-0.163622	9.84241	-0.0771878	9.84241	5354.00	0.0000000000648573	15418500000
0.00000	0.00000	0.00000	-0.163508	9.84224	-0.0770839	9.84224	5354.00	0.0000000000162750	61443800000
0.00000	0.00000	0.00000	-0.163198	9.84198	-0.0768000	9.84198	5355.00	0.00000000000766534	130457000000
0.00000	0.00000	0.00000	-0.163296	9.84201	-0.0768901	9.84201	5355.00	0.00000000000820821	121829000000
0.00000	0.00000	0.00000	-0.163394	9.84213	-0.0769794	9.84213	5355.00	0.0000000000110874	90192700000
0.00000	0.00000	0.00000	-0.163149	9.84189	-0.0767556	9.84189	5355.00	0.00000000000651611	153466000000
0.00000	0.00000	0.00000	-0.162806	9.84204	-0.0764380	9.84204	5357.00	0.00000000000883714	113159000000
0.00000	0.00000	0.00000	-0.162675	9.84223	-0.0763159	9.84223	5357.00	0.0000000000155559	64284300000
0.00000	0.00000	0.00000	-0.163181	9.84230	-0.0767821	9.84230	5355.00	0.0000000000226367	44176000000
0.00000	0.00000	0.00000	-0.162740	9.84201	-0.0763780	9.84201	5357.00	0.00000000000821128	121784000000
0.00000	0.00000	0.00000	-0.162316	9.84215	-0.0759852	9.84215	5358.00	0.0000000000118493	84393400000
0.00000	0.00000	0.00000	-0.162512	9.84214	-0.0761660	9.84214	5358.00	0.0000000000114590	87267800000
0.00000	0.00000	0.00000	-0.162397	9.84227	-0.0760595	9.84227	5358.00	0.0000000000189485	52774600000
0.00000	0.00000	0.00000	-0.162561	9.84239	-0.0762090	9.84239	5358.00	0.0000000000472683	21155800000
0.00000	0.00000	0.00000	-0.161973	9.84225	-0.0756681	9.84225	5360.00	0.0000000000170935	58501600000
0.00000	0.00000	0.00000	-0.161891	9.84185	-0.0755963	9.84185	5360.00	0.00000000000606737	164816000000
0.00000	0.00000	0.00000	-0.162348	9.84210	-0.0760158	9.84210	5358.00	0.0000000000101250	98765500000
0.00000	0.00000	0.00000	-0.161531	9.84209	-0.0752628	9.84209	5361.00	0.00000000000984416	101583000000
0.00000	0.00000	0.00000	-0.161989	9.84246	-0.0756812	9.84246	5360.00	0.000000000966735	1034410000
0.00000	0.00000	0.00000	-0.161711	9.84219	-0.0754276	9.84219	5361.00	0.0000000000137259	72854800000
0.00000	0.00000	0.00000	-0.161760	9.84238	-0.0754711	9.84238	5361.00	0.0000000000416375	24016800000
0.00000	0.00000	0.00000	-0.162283	9.84234	-0.0759534	9.84234	5359.00	0.0000000000306302	32647500000
0.00000	0.00000	0.00000	-0.162512	9.84238	-0.0761639	9.84238	5358.00	0.0000000000416142	24030300000
0.00000	0.00000	0.00000	-0.162038	9.84204	-0.0757301	9.84204	5359.00	0.00000000000884044	113117000000
0.00000	0.00000	0.00000	-0.161662	9.84220	-0.0753823	9.84220	5361.00	0.0000000000142894	69982000000
0.00000	0.00000	0.00000	-0.162626	9.84263	-0.0762672	9.84263	5357.00	-0.0000000000237589	-42089600000
0.00000	0.00000	0.00000	-0.162299	9.84193	-0.0759720	9.84193	5359.00	0.00000000000704942	141856000000
0.00000	0.00000	0.00000	-0.163067	9.84209	-0.0766786	9.84209	5356.00	0.00000000000983498	101678000000
0.00000	0.00000	0.00000	-0.163149	9.84226	-0.0767523	9.84226	5355.00	0.0000000000179597	55680200000
0.00000	0.00000	0.00000	-0.163949	9.84215	-0.0774913	9.84215	5353.00	0.0000000000118382	84472200000
0.00000	0.00000	0.00000	-0.164227	9.84231	-0.0777459	9.84231	5352.00	0.0000000000241995	41323100000
0.00000	0.00000	0.00000	-0.163933	0.00000	-0.163933	0.00000	5353.00	0.00000	0.00000
0.00000	0.00000	0.00000	-0.164129	0.00000	-0.164129	0.00000	5352.00	0.00000	0.00000
