Vload_(V)	ILoad_(A)	RsLoad (ohm)	SunsVoc_Voltage_(V)	SunsVoc_Current_(A)	Model_Voltage_(V)	Model_Current_(A)	Carrier_Density_(cm-3)	Lifetime_(s)	Inverse_Lifetime_(s-1)	Efficiency_(%)	Intensity_(suns)	Dark_IV_Voltage_(V)	Dark_IV_Current_(A)
4.604289	9.600828	0	39.001687	-0.917702	39.28676	-0.917702	5.54053E+14	3.69682E-5	27049.766424	17.137654	1.098281	0	0
4.618933	9.601658	1.04982	38.943291	-0.514321	39.103031	-0.514321	5.342719E+14	3.706996E-5	26975.547933	17.167621	1.096223	0	0
4.661553	9.603182	-0.501986	38.840089	0.108736	38.806327	0.108736	5.009633E+14	3.704043E-5	26997.10909	17.105837	1.096223	0	0
5.074273	9.597989	2.02364	38.715586	0.779142	38.473758	0.779142	4.634401E+14	3.687008E-5	27121.907571	17.147615	1.094047	0	0
7.32868	9.595274	1.934465	38.592358	1.38246	38.163429	1.38246	4.289832E+14	3.66342E-5	27296.590586	17.09856	1.093691	0	0
9.865527	9.583183	1.901323	38.474373	1.934629	37.874332	1.934629	3.983259E+14	3.64662E-5	27422.393889	17.116425	1.092583	0	0
12.448329	9.568908	1.744167	38.352288	2.463315	37.588544	2.463315	3.688453E+14	3.626848E-5	27571.925873	17.131154	1.091039	0	0
14.858404	9.560575	1.535309	38.230202	2.954664	37.314446	2.954664	3.414914E+14	3.606125E-5	27730.403975	17.109769	1.090802	0	0
17.263796	9.5579	1.295781	38.112103	3.396501	37.05977	3.396501	3.16917E+14	3.584948E-5	27894.243189	17.168801	1.088705	0	0
19.658663	9.553274	1.064081	37.995229	3.802829	36.817407	3.802829	2.943005E+14	3.562418E-5	28070.675816	17.12751	1.088942	0	0
22.065661	9.54375	0.845835	37.879955	4.177905	36.586402	4.177905	2.735428E+14	3.540168E-5	28247.121384	17.178777	1.08819	0	0
24.478657	9.530981	0.629797	37.764747	4.526793	36.363646	4.526793	2.542316E+14	3.516479E-5	28437.425674	17.158956	1.088032	0	0
26.869803	9.523457	0.397305	37.648673	4.85319	36.14706	4.85319	2.361291E+14	3.490631E-5	28648.026517	17.164627	1.088428	0	0
27.771536	9.522556	0.304764	37.533922	5.157458	35.938705	5.157458	2.194791E+14	3.466671E-5	28846.038765	17.17866	1.087636	0	0
28.676586	9.491068	0.27059	37.419057	5.442151	35.736351	5.442151	2.039699E+14	3.442253E-5	29050.668595	17.137643	1.08823	0	0
29.561716	9.396745	0.289783	37.305956	5.704772	35.542635	5.704772	1.897545E+14	3.418211E-5	29255.013029	17.177774	1.087003	0	0
30.445157	9.24014	0.301445	37.193133	5.952718	35.353783	5.952718	1.765477E+14	3.396457E-5	29442.393464	17.12914	1.08728	0	0
31.319199	9.003074	0.306399	37.079476	6.185528	35.168828	6.185528	1.641608E+14	3.373438E-5	29643.308623	17.144967	1.086964	0	0
32.187907	8.660038	0.306555	36.96747	6.397514	34.991993	6.397514	1.527942E+14	3.347646E-5	29871.69772	17.132885	1.085935	0	0
33.042664	8.171827	0.307505	36.8594	6.590346	34.825026	6.590346	1.425655E+14	3.323614E-5	30087.700095	17.099196	1.086251	0	0
33.87112	7.544546	0.306032	36.752032	6.76808	34.663454	6.76808	1.330745E+14	3.296998E-5	30330.592998	17.145299	1.083837	0	0
34.689449	6.748481	0.305139	36.646331	6.934638	34.50702	6.934638	1.243421E+14	3.273099E-5	30552.056169	17.090039	1.084154	0	0
35.483889	5.807443	0.30211	36.540972	7.091627	34.353911	7.091627	1.162032E+14	3.250233E-5	30766.998791	17.153242	1.081701	0	0
36.249716	4.732838	0.30097	36.436153	7.238635	34.204443	7.238635	1.086301E+14	3.227505E-5	30983.663355	17.111487	1.081344	0	0
36.974333	3.572386	0.303304	36.331089	7.376673	34.057526	7.376673	1.015307E+14	3.203792E-5	31212.999527	17.133403	1.07992	0	0
37.659585	2.346708	0.316358	36.228164	7.505346	33.915645	7.505346	9.502256E+13	3.182546E-5	31421.373136	17.142556	1.077783	0	0
38.259829	1.188118	0.338367	36.126759	7.625174	33.778022	7.625174	8.901574E+13	3.162189E-5	31623.653608	17.110562	1.076991	0	0
31.113093	9.066818	0.305989	36.025762	7.737369	33.643176	7.737369	8.34081E+13	3.14138E-5	31833.136808	17.164111	1.074063	0	0
38.853733	0	0	35.925206	7.842026	33.51111	7.842026	7.817375E+13	3.119435E-5	32057.081403	17.113826	1.07343	0	0
0	0	0	35.825679	7.939461	33.382306	7.939461	7.331463E+13	3.097112E-5	32288.137154	17.152121	1.071531	0	0
0	0	0	35.727344	8.030583	33.256647	8.030583	6.880881E+13	3.075449E-5	32515.568928	17.13077	1.069948	0	0
0	0	0	35.630807	8.116203	33.134479	8.116203	6.465343E+13	3.056376E-5	32718.484619	17.118646	1.069394	0	0
0	0	0	35.53342	8.196739	33.013047	8.196739	6.071448E+13	3.034797E-5	32951.126124	17.154651	1.066861	0	0
0	0	0	35.438728	8.271525	32.896071	8.271525	5.711373E+13	3.015425E-5	33162.817194	17.104887	1.06698	0	0
0	0	0	35.342974	8.343048	32.779058	8.343048	5.368879E+13	2.995785E-5	33380.224565	17.177195	1.064368	0	0
0	0	0	35.251925	8.409671	32.66823	8.409671	5.062204E+13	2.982652E-5	33527.201388	17.113158	1.064803	0	0
0	0	0	35.162395	8.470468	32.560711	8.470468	4.777667E+13	2.966409E-5	33710.79474	17.167734	1.063062	0	0
0	0	0	35.073926	8.528498	32.455105	8.528498	4.512162E+13	2.953168E-5	33861.936387	17.144299	1.062192	0	0
0	0	0	34.985605	8.582364	32.350932	8.582364	4.261766E+13	2.936809E-5	34050.559505	17.137794	1.061677	0	0
0	0	0	34.895193	8.63385	32.245424	8.63385	4.019783E+13	2.917546E-5	34275.383349	17.167668	1.059224	0	0
0	0	0	34.808162	8.682382	32.144185	8.682382	3.799798E+13	2.903613E-5	34439.845742	17.122722	1.058907	0	0
0	0	0	34.721572	8.727779	32.044353	8.727779	3.592842E+13	2.888227E-5	34623.3183	17.176655	1.056335	0	0
0	0	0	34.636076	8.771399	31.946158	8.771399	3.399534E+13	2.876552E-5	34763.845178	17.111763	1.055939	0	0
0	0	0	34.550581	8.811957	31.84891	8.811957	3.2166E+13	2.861691E-5	34944.375676	17.143811	1.054	0	0
0	0	0	34.465428	8.850567	31.752605	8.850567	3.044161E+13	2.847654E-5	35116.628997	17.121932	1.051982	0	0
0	0	0	34.382759	8.886776	31.659504	8.886776	2.885578E+13	2.836188E-5	35258.587664	17.108619	1.050993	0	0
0	0	0	34.299272	8.921412	31.566082	8.921412	2.733793E+13	2.823979E-5	35411.026487	17.157599	1.047629	0	0
0	0	0	34.216489	8.95391	31.474015	8.95391	2.591154E+13	2.811095E-5	35573.328752	17.102118	1.047352	0	0
0	0	0	34.134734	8.984607	31.383526	8.984607	2.457579E+13	2.798998E-5	35727.067668	17.176381	1.044028	0	0
0	0	0	34.053224	9.013587	31.29381	9.013587	2.331246E+13	2.786144E-5	35891.903219	17.111633	1.043316	0	0
0	0	0	33.972155	9.041473	31.20487	9.041473	2.212029E+13	2.775458E-5	36030.090418	17.157078	1.040942	0	0
0	0	0	33.891413	9.067309	31.116886	9.067309	2.099341E+13	2.761624E-5	36210.577724	17.144223	1.038844	0	0
0	0	0	33.812337	9.091905	31.030937	9.091905	1.994536E+13	2.750563E-5	36356.197742	17.13626	1.037697	0	0
0	0	0	33.733196	9.115206	30.945323	9.115206	1.894876E+13	2.738505E-5	36516.272041	17.175029	1.034768	0	0
0	0	0	33.655034	9.137643	30.860949	9.137643	1.801331E+13	2.72942E-5	36637.816587	17.125488	1.034254	0	0
0	0	0	33.576743	9.158457	30.776944	9.158457	1.712252E+13	2.716517E-5	36811.848343	17.181522	1.031801	0	0
0	0	0	33.498941	9.178514	30.69366	9.178514	1.62809E+13	2.705667E-5	36959.459516	17.130578	1.030732	0	0
0	0	0	33.423034	9.197683	30.612529	9.197683	1.549961E+13	2.698306E-5	37060.287109	17.155224	1.028951	0	0
0	0	0	33.346931	9.215805	30.531526	9.215805	1.47539E+13	2.689378E-5	37183.319962	17.155206	1.026854	0	0
0	0	0	33.270337	9.232788	30.450387	9.232788	1.403956E+13	2.677259E-5	37351.630075	17.13958	1.025825	0	0
0	0	0	33.195067	9.248842	30.370846	9.248842	1.337123E+13	2.66611E-5	37507.829761	17.185498	1.023055	0	0
0	0	0	33.119569	9.264636	30.291161	9.264636	1.27328E+13	2.658082E-5	37621.108998	17.125149	1.022818	0	0
0	0	0	33.044103	9.279785	30.211706	9.279785	1.212508E+13	2.650649E-5	37726.611243	17.173092	1.020246	0	0
0	0	0	32.969993	9.293658	30.133988	9.293658	1.155648E+13	2.640453E-5	37872.292256	17.13307	1.01894	0	0
0	0	0	32.894706	9.307153	30.05522	9.307153	1.100614E+13	2.630261E-5	38019.038289	17.161293	1.016645	0	0
0	0	0	32.821886	9.319529	29.979241	9.319529	1.049875E+13	2.619395E-5	38176.758128	17.169066	1.014231	0	0
0	0	0	32.749165	9.331705	29.903423	9.331705	1.001537E+13	2.611846E-5	38287.095103	17.145536	1.012964	0	0
0	0	0	32.675871	9.34348	29.827161	9.34348	9.550685E+12	2.60462E-5	38393.310447	17.182027	1.010432	0	0
0	0	0	32.604129	9.354211	29.752757	9.354211	9.116713E+12	2.594461E-5	38543.654051	17.128811	1.009245	0	0
0	0	0	32.532159	9.36452	29.678257	9.36452	8.701156E+12	2.584224E-5	38696.331385	17.162446	1.006791	0	0
0	0	0	32.461103	9.374805	29.604672	9.374805	8.309455E+12	2.580182E-5	38756.955076	17.144204	1.004654	0	0
0	0	0	32.39057	9.383988	29.531943	9.383988	7.938065E+12	2.569251E-5	38921.847602	17.153846	1.002517	0	0
0	0	0	32.318976	9.393014	29.45821	9.393014	7.578046E+12	2.55925E-5	39073.944337	17.181774	0.999589	0	0
0	0	0	32.248688	9.401709	29.385875	9.401709	7.240477E+12	2.552027E-5	39184.542693	17.137762	0.998837	0	0
0	0	0	32.178449	9.40996	29.313724	9.40996	6.918157E+12	2.543833E-5	39310.755769	17.194973	0.995711	0	0
0	0	0	32.107491	9.418078	29.240902	9.418078	6.607098E+12	2.537378E-5	39410.768625	17.145368	0.994801	0	0
0	0	0	32.037236	9.425659	29.168941	9.425659	6.312892E+12	2.529307E-5	39536.528634	17.18526	0.99207	0	0
0	0	0	31.967422	9.432651	29.097598	9.432651	6.033506E+12	2.517873E-5	39716.055736	17.17542	0.990211	0	0
0	0	0	31.897493	9.439652	29.026139	9.439652	5.766051E+12	2.510778E-5	39828.289176	17.16308	0.989063	0	0
0	0	0	31.824069	9.446255	28.951337	9.446255	5.497971E+12	2.496308E-5	40059.159201	17.197847	0.98653	0	0
0	0	0	31.754336	9.452704	28.880242	9.452704	5.254914E+12	2.489835E-5	40163.295947	17.147622	0.985818	0	0
0	0	0	31.685682	9.458467	28.810426	9.458467	5.026109E+12	2.477838E-5	40357.757483	17.186323	0.983563	0	0
0	0	0	31.614169	9.464434	28.737714	9.464434	4.798361E+12	2.469038E-5	40501.603025	17.164356	0.981426	0	0
0	0	0	31.544567	9.470088	28.666993	9.470088	4.586609E+12	2.462154E-5	40614.850449	17.167013	0.979962	0	0
0	0	0	31.476027	9.475414	28.597425	9.475414	4.387218E+12	2.45513E-5	40731.047063	17.191456	0.977271	0	0
0	0	0	31.407715	9.480104	28.528277	9.480104	4.197115E+12	2.439983E-5	40983.89814	17.147259	0.97644	0	0
0	0	0	31.339567	9.485069	28.459209	9.485069	4.015672E+12	2.434635E-5	41073.923312	17.212427	0.972997	0	0
0	0	0	31.270357	9.489804	28.389158	9.489804	3.839426E+12	2.427051E-5	41202.2693	17.141815	0.972641	0	0
0	0	0	31.202438	9.494147	28.320506	9.494147	3.673986E+12	2.417014E-5	41373.366351	17.195797	0.969792	0	0
0	0	0	31.132068	9.498153	28.249528	9.498153	3.510091E+12	2.399303E-5	41678.777166	17.173122	0.967892	0	0
0	0	0	31.064443	9.502462	28.181179	9.502462	3.359479E+12	2.396929E-5	41720.05864	17.174753	0.96623	0	0
0	0	0	30.997242	9.50601	28.113482	9.50601	3.216213E+12	2.380584E-5	42006.505208	17.20599	0.96346	0	0
0	0	0	30.929519	9.510138	28.045092	9.510138	3.078012E+12	2.381988E-5	41981.746992	17.152787	0.962708	0	0
0	0	0	30.863004	9.513558	27.978115	9.513558	2.948058E+12	2.370828E-5	42179.360698	17.212614	0.959542	0	0
0	0	0	30.79533	9.516809	27.91004	9.516809	2.821466E+12	2.356814E-5	42430.156924	17.153134	0.958632	0	0
0	0	0	30.729011	9.520248	27.843253	9.520248	2.702685E+12	2.353957E-5	42481.659423	17.197286	0.956258	0	0
0	0	0	30.661598	9.52333	27.775489	9.52333	2.587066E+12	2.342848E-5	42683.101967	17.194878	0.953963	0	0
0	0	0	30.595427	9.525903	27.709111	9.525903	2.478387E+12	2.321515E-5	43075.327577	17.176933	0.952934	0	0
0	0	0	30.528014	9.528941	27.641361	9.528941	2.372362E+12	2.316121E-5	43175.642857	17.225398	0.949847	0	0
0	0	0	30.461091	9.532125	27.574053	9.532125	2.271594E+12	2.320519E-5	43093.813881	17.153218	0.949847	0	0
0	0	0	30.394952	9.53477	27.507686	9.53477	2.176211E+12	2.312101E-5	43250.707406	17.223615	0.946523	0	0
0	0	0	30.327718	9.537037	27.44035	9.537037	2.083354E+12	2.292076E-5	43628.562405	17.163536	0.945692	0	0
0	0	0	30.261302	9.53926	27.373836	9.53926	1.995514E+12	2.274714E-5	43961.560988	17.212954	0.943358	0	0
0	0	0	30.192565	9.541928	27.304888	9.541928	1.908505E+12	2.274082E-5	43973.789645	17.198555	0.941379	0	0
0	0	0	30.124891	9.544542	27.23701	9.544542	1.826546E+12	2.277488E-5	43908.02214	17.186463	0.940231	0	0
0	0	0	30.057952	9.546511	27.170055	9.546511	1.748939E+12	2.259791E-5	44251.87788	17.22089	0.937659	0	0
0	0	0	29.989722	9.548417	27.101841	9.548417	1.673229E+12	2.240584E-5	44631.218385	17.15451	0.937184	0	0
0	0	0	29.923893	9.550712	27.03589	9.550712	1.603291E+12	2.245268E-5	44538.113642	17.221961	0.934137	0	0
0	0	0	29.855843	9.552703	26.967829	9.552703	1.534064E+12	2.237162E-5	44699.49587	17.170495	0.93295	0	0
0	0	0	29.788626	9.554227	26.900735	9.554227	1.468618E+12	2.211796E-5	45212.136247	17.218457	0.930576	0	0
0	0	0	29.720723	9.556058	26.832868	9.556058	1.405339E+12	2.203051E-5	45391.595392	17.206919	0.928637	0	0
0	0	0	29.653441	9.557698	26.765674	9.557698	1.345328E+12	2.189174E-5	45679.327443	17.170997	0.928043	0	0
0	0	0	29.585979	9.559571	26.698233	9.559571	1.287729E+12	2.190536E-5	45650.921643	17.218917	0.924838	0	0
0	0	0	29.517063	9.561137	26.629443	9.561137	1.231434E+12	2.177433E-5	45925.644153	17.150548	0.924521	0	0
0	0	0	29.449307	9.562407	26.561892	9.562407	1.178486E+12	2.15269E-5	46453.506966	17.228999	0.92096	0	0
0	0	0	29.379787	9.564269	26.492414	9.564269	1.126525E+12	2.162562E-5	46241.453256	17.171078	0.919852	0	0
0	0	0	29.310528	9.565528	26.423377	9.565528	1.077037E+12	2.141343E-5	46699.655117	17.211096	0.917913	0	0
0	0	0	29.240485	9.567126	26.353461	9.567126	1.029199E+12	2.143229E-5	46658.56925	17.194135	0.916014	0	0
0	0	0	29.169593	9.568164	26.282872	9.568164	9.829442E+11	2.111942E-5	47349.792924	17.175347	0.914945	0	0
0	0	0	29.099974	9.569623	26.213419	9.569623	9.395442E+11	2.113117E-5	47323.458893	17.21565	0.912056	0	0
0	0	0	29.028576	9.57082	26.14228	9.57082	8.970237E+11	2.097928E-5	47666.078925	17.158374	0.911423	0	0
0	0	0	28.957814	9.572343	26.071675	9.572343	8.567814E+11	2.110939E-5	47372.285087	17.230787	0.908376	0	0
0	0	0	28.885354	9.573401	25.999526	9.573401	8.174431E+11	2.091743E-5	47807.021854	17.1792	0.907268	0	0
0	0	0	28.813514	9.574238	25.928059	9.574238	7.802249E+11	2.059299E-5	48560.20275	17.208868	0.905408	0	0
0	0	0	28.743324	9.5752	25.85819	9.5752	7.454985E+11	2.041542E-5	48982.571454	17.204181	0.903232	0	0
0	0	0	28.669508	9.576638	25.784583	9.576638	7.106441E+11	2.061792E-5	48501.506214	17.175177	0.90252	0	0
0	0	0	28.595953	9.577495	25.711411	9.577495	6.77534E+11	2.037939E-5	49069.176325	17.23239	0.899354	0	0
0	0	0	28.521794	9.578173	25.637693	9.578173	6.457133E+11	2.000334E-5	49991.64119	17.166507	0.899116	0	0
0	0	0	28.44623	9.579315	25.562443	9.579315	6.148265E+11	2.00578E-5	49855.904976	17.239284	0.89603	0	0
0	0	0	28.371237	9.580658	25.487699	9.580658	5.856341E+11	2.037687E-5	49075.251803	17.180557	0.895001	0	0
0	0	0	28.293305	9.580944	25.410359	9.580944	5.567649E+11	1.965137E-5	50887.04209	17.206993	0.892983	0	0
0	0	0	28.216336	9.581959	25.333755	9.581959	5.296498E+11	1.969962E-5	50762.40285	17.20222	0.891044	0	0
0	0	0	28.138583	9.582826	25.256419	9.582826	5.03599E+11	1.963311E-5	50934.355892	17.17624	0.889896	0	0
0	0	0	28.058021	9.583325	25.176408	9.583325	4.779575E+11	1.916434E-5	52180.258047	17.2291	0.887047	0	0
0	0	0	27.971725	9.584373	25.090549	9.584373	4.519377E+11	1.927493E-5	51880.868318	17.175794	0.886097	0	0
0	0	0	27.890444	9.584734	25.009867	9.584734	4.287266E+11	1.869509E-5	53489.977896	17.221265	0.883802	0	0
0	0	0	27.807186	9.585812	24.927011	9.585812	4.061865E+11	1.898434E-5	52674.981638	17.186651	0.882298	0	0
0	0	0	27.724925	9.586183	24.845355	9.586183	3.850802E+11	1.84537E-5	54189.660836	17.191369	0.880834	0	0
0	0	0	27.642043	9.586966	24.76296	9.586966	3.649237E+11	1.847477E-5	54127.876557	17.207056	0.87842	0	0
0	0	0	27.558213	9.587347	24.679747	9.587347	3.456097E+11	1.799215E-5	55579.802988	17.170677	0.877471	0	0
0	0	0	27.472816	9.588172	24.594846	9.588172	3.269851E+11	1.81319E-5	55151.411002	17.242601	0.874265	0	0
0	0	0	27.384821	9.58887	24.507409	9.58887	3.088434E+11	1.812583E-5	55169.895887	17.175873	0.873988	0	0
0	0	0	27.296451	9.589178	24.419716	9.589178	2.916371E+11	1.756774E-5	56922.527027	17.222218	0.871456	0	0
0	0	0	27.208375	9.58978	24.332227	9.58978	2.75442E+11	1.749752E-5	57150.950603	17.192859	0.870031	0	0
0	0	0	27.117979	9.590521	24.242397	9.590521	2.59755E+11	1.768575E-5	56542.70467	17.18619	0.868725	0	0
0	0	0	27.026472	9.590564	24.151675	9.590564	2.44785E+11	1.673714E-5	59747.372458	17.224867	0.865995	0	0
0	0	0	26.933054	9.591051	24.058926	9.591051	2.303919E+11	1.653717E-5	60469.854198	17.174462	0.865243	0	0
0	0	0	26.838379	9.591959	23.964803	9.591959	2.166682E+11	1.714563E-5	58323.894309	17.238048	0.862473	0	0
0	0	0	26.742298	9.592446	23.869415	9.592446	2.035764E+11	1.704482E-5	58668.853161	17.175479	0.8618	0	0
0	0	0	26.644291	9.592606	23.772214	9.592606	1.910367E+11	1.63051E-5	61330.494772	17.208612	0.859822	0	0
0	0	0	26.544339	9.592902	23.673045	9.592902	1.790434E+11	1.585338E-5	63078.023557	17.202428	0.857843	0	0
0	0	0	26.441986	9.593494	23.571407	9.593494	1.675419E+11	1.603265E-5	62372.701396	17.174721	0.856972	0	0
0	0	0	26.338572	9.593928	23.468765	9.593928	1.566713E+11	1.593481E-5	62755.682563	17.238313	0.853648	0	0
0	0	0	26.233393	9.594214	23.364418	9.594214	1.463384E+11	1.552738E-5	64402.374993	17.170327	0.853292	0	0
0	0	0	26.12578	9.594489	23.257661	9.594489	1.364713E+11	1.510945E-5	66183.758358	17.231739	0.850562	0	0
0	0	0	26.016044	9.595229	23.148661	9.595229	1.270944E+11	1.593005E-5	62774.453361	17.168587	0.849612	0	0
0	0	0	25.904773	9.59504	23.038416	9.59504	1.182439E+11	1.433662E-5	69751.44637	17.199274	0.847752	0	0
0	0	0	25.791084	9.595326	22.925633	9.595326	1.098374E+11	1.400909E-5	71382.211928	17.203052	0.845497	0	0
0	0	0	25.673785	9.595728	22.809237	9.595728	1.017898E+11	1.400567E-5	71399.662103	17.170083	0.844547	0	0
0	0	0	25.554199	9.596552	22.690449	9.596552	9.419206E+10	1.545744E-5	64693.781888	17.240376	0.841183	0	0
0	0	0	25.432293	9.596616	22.569587	9.596616	8.703037E+10	1.449979E-5	68966.492299	17.164086	0.840985	0	0
0	0	0	25.307333	9.596722	22.445686	9.596722	8.025401E+10	1.371721E-5	72901.114337	17.234616	0.838097	0	0
0	0	0	25.17958	9.596881	22.319	9.596881	7.38713E+10	1.313515E-5	76131.596807	17.167583	0.837345	0	0
0	0	0	25.049507	9.597135	22.189986	9.597135	6.789398E+10	1.290263E-5	77503.605585	17.183724	0.835841	0	0
0	0	0	24.917769	9.5974	22.059317	9.5974	6.233291E+10	1.27597E-5	78371.725067	17.213424	0.832952	0	0
0	0	0	24.78206	9.597738	21.924692	9.597738	5.708017E+10	1.296396E-5	77136.924443	17.163701	0.832478	0	0
0	0	0	24.64222	9.597845	21.78604	9.597845	5.213013E+10	1.226109E-5	81558.809494	17.241048	0.829153	0	0
0	0	0	24.499014	9.598109	21.644005	9.598109	4.750555E+10	1.226019E-5	81564.808039	17.146217	0.82951	0	0
0	0	0	24.352672	9.598226	21.498905	9.598226	4.320324E+10	1.165008E-5	85836.350163	17.218981	0.8267	0	0
0	0	0	24.202181	9.598269	21.349714	9.598269	3.918497E+10	1.074344E-5	93080.088964	17.159021	0.82575	0	0
0	0	0	24.047623	9.598512	21.196431	9.598512	3.544677E+10	1.073945E-5	93114.595704	17.189396	0.82393	0	0
0	0	0	23.89264	9.598502	21.042804	9.598502	3.205637E+10	9.670506E-6	103407.20535	17.202869	0.821437	0	0
0	0	0	23.73501	9.599199	20.886343	9.599199	2.894052E+10	1.24655E-5	80221.40082	17.168246	0.820646	0	0
0	0	0	23.572056	9.598799	20.724929	9.598799	2.603744E+10	9.002315E-6	111082.537776	17.22378	0.817955	0	0
0	0	0	23.407305	9.599158	20.561509	9.599158	2.339828E+10	9.829729E-6	101732.202762	17.137123	0.817796	0	0
0	0	0	23.239565	9.59958	20.395107	9.59958	2.098589E+10	1.180141E-5	84735.616965	17.209829	0.815145	0	0
0	0	0	23.070354	9.599285	20.22746	9.599285	1.880428E+10	8.552429E-6	116925.850955	17.155892	0.814077	0	0
0	0	0	22.896782	9.599507	20.055337	9.599507	1.680186E+10	8.925888E-6	112033.664866	17.191511	0.812256	0	0
0	0	0	22.721626	9.599592	19.881684	9.599592	1.499724E+10	8.513587E-6	117459.298498	17.199642	0.809961	0	0
0	0	0	22.54139	9.599877	19.702935	9.599877	1.334242E+10	9.846175E-6	101562.280111	17.152939	0.809645	0	0
0	0	0	22.359944	9.599983	19.523042	9.599983	1.186088E+10	9.848858E-6	101534.611394	17.213602	0.806677	0	0
0	0	0	22.175624	9.600036	19.340315	9.600036	1.052421E+10	9.324138E-6	107248.525392	17.127481	0.806914	0	0
0	0	0	21.988723	9.599931	19.155076	9.599931	9.322555E+9	7.290642E-6	137162.137002	17.213745	0.803669	0	0
0	0	0	21.79787	9.600258	18.965791	9.600258	8.236956E+9	1.014143E-5	98605.445816	17.151176	0.802838	0	0
0	0	0	21.603471	9.600153	18.77312	9.600153	7.261058E+9	7.545807E-6	132523.922369	17.190476	0.80082	0	0
0	0	0	21.408093	9.600269	18.579412	9.600269	6.396715E+9	8.030168E-6	124530.392729	17.173889	0.799158	0	0
0	0	0	21.210982	9.600681	18.3839	9.600681	5.628935E+9	2.681637E-5	37290.652142	17.143602	0.798446	0	0
0	0	0	21.01036	9.600365	18.185122	9.600365	4.942038E+9	7.478986E-6	133707.965433	17.18736	0.796071	0	0
0	0	0	20.806455	9.600956	17.982822	9.600956	4.329732E+9	-2.385609E-5	-41918.023649	17.118138	0.795834	0	0
0	0	0	20.597944	9.600449	17.776279	9.600449	3.781971E+9	7.002584E-6	142804.43308	17.197868	0.792787	0	0
0	0	0	20.383927	9.600597	17.564087	9.600597	3.291732E+9	9.99362E-6	100063.837783	17.13688	0.792075	0	0
0	0	0	20.171169	9.600312	17.353268	9.600312	2.867379E+9	3.9E-6	256410.245603	17.177461	0.790215	0	0
0	0	0	19.958426	9.600587	17.142302	9.600587	2.497758E+9	7.258215E-6	137774.924744	17.167238	0.788355	0	0
0	0	0	19.740424	9.600619	16.926193	9.600619	2.168372E+9	7.254639E-6	137842.833749	17.13125	0.788078	0	0
0	0	0	19.5227	9.600819	16.71031	9.600819	1.882763E+9	0.000144	6950.702542	17.190385	0.784952	0	0
0	0	0	19.303571	9.600904	16.493068	9.600904	1.633283E+9	-1.522114E-5	-65698.083562	17.112047	0.784991	0	0
0	0	0	19.082236	9.600819	16.27369	9.600819	1.414836E+9	0.00011	9123.106193	17.202886	0.781667	0	0
0	0	0	18.857194	9.600714	16.050642	9.600714	1.222661E+9	7.491693E-6	133481.182571	17.12148	0.78143	0	0
0	0	0	18.631368	9.600988	15.826706	9.600988	1.056052E+9	-4.635398E-6	-215731.198634	17.166404	0.779412	0	0
0	0	0	18.404823	9.60101	15.602132	9.60101	9.117211E+8	-3.534431E-6	-282931.008275	17.137901	0.777987	0	0
0	0	0	18.176007	9.600461	15.375473	9.600461	7.859574E+8	1.500158E-6	666596.445263	17.113636	0.777354	0	0
0	0	0	17.944415	9.6014	15.145628	9.6014	6.763223E+8	-8.30438E-7	-1204183.747188	17.168359	0.774544	0	0
0	0	0	17.71212	9.601263	14.9154	9.601263	5.817154E+8	-9.398065E-7	-1064048.829796	17.10338	0.774228	0	0
0	0	0	17.478518	9.600978	14.68392	9.600978	4.999185E+8	-2.346942E-6	-426086.296834	17.177411	0.771418	0	0
0	0	0	17.244067	9.601062	14.45149	9.601062	4.293867E+8	-1.288161E-6	-776300.244798	17.11332	0.770746	0	0
0	0	0	17.007427	9.601168	14.216885	9.601168	3.682827E+8	-7.613418E-7	-1313470.535452	17.146765	0.769202	0	0
0	0	0	16.765136	9.601073	13.976735	9.601073	3.147181E+8	-9.032736E-7	-1107084.292434	17.13799	0.767303	0	0
0	0	0	16.521929	9.601252	13.735599	9.601252	2.687847E+8	-4.449579E-7	-2247403.624062	17.102252	0.766868	0	0
0	0	0	16.281647	9.601516	13.497337	9.601516	2.299911E+8	-2.346829E-7	-4261069.638286	17.170038	0.763702	0	0
0	0	0	16.039813	9.601295	13.257678	9.601295	1.965986E+8	-2.959723E-7	-3378694.587673	17.097574	0.763543	0	0
0	0	0	15.79886	9.601168	13.018865	9.601168	1.681505E+8	-3.47551E-7	-2877275.448014	17.162352	0.761011	0	0
0	0	0	15.556977	9.60178	12.778915	9.60178	1.437321E+8	-1.059995E-7	-9434003.454553	17.089851	0.760694	0	0
0	0	0	15.314898	9.601157	12.539129	9.601157	1.22844E+8	-2.620403E-7	-3816206.179608	17.125202	0.758795	0	0
0	0	0	15.070499	9.601559	12.296747	9.601559	1.048337E+8	-1.007813E-7	-9922478.988076	17.128375	0.756895	0	0
0	0	0	14.826656	9.601632	12.05501	9.601632	8.949609E+7	-7.81301E-8	-1.279916E+7	17.099128	0.756144	0	0
0	0	0	14.583531	9.601221	11.814126	9.601221	7.643809E+7	-1.36731E-7	-7313630.087502	17.153948	0.753532	0	0
0	0	0	14.339524	9.60121	11.572251	9.60121	6.524799E+7	-1.199394E-7	-8337543.189833	17.080126	0.753413	0	0
0	0	0	14.09359	9.601632	11.328342	9.601632	5.562645E+7	-4.856127E-8	-2.059254E+7	17.131885	0.751316	0	0
0	0	0	13.848358	9.601464	11.085299	9.601464	4.744533E+7	-5.243144E-8	-1.907253E+7	17.100451	0.74997	0	0
0	0	0	13.604073	9.601411	10.843161	9.601411	4.049231E+7	-4.880235E-8	-2.049082E+7	17.096743	0.749219	0	0
0	0	0	13.357959	9.601749	10.599098	9.601749	3.451725E+7	-2.633084E-8	-3.797827E+7	17.129417	0.746448	0	0
0	0	0	13.109902	9.60121	10.35336	9.60121	2.938679E+7	-5.40175E-8	-1.851252E+7	17.069988	0.746409	0	0
0	0	0	12.856829	9.601253	10.102484	9.601253	2.493764E+7	-4.127564E-8	-2.422736E+7	17.151243	0.743204	0	0
0	0	0	12.607187	9.601284	9.855011	9.601284	2.120924E+7	-3.266548E-8	-3.061336E+7	17.062501	0.743362	0	0
0	0	0	12.35926	9.601506	9.609184	9.601506	1.805834E+7	-1.871208E-8	-5.344141E+7	17.121407	0.741146	0	0
0	0	0	12.10983	9.601421	9.361955	9.601421	1.536057E+7	-1.818316E-8	-5.499593E+7	17.084757	0.740038	0	0
0	0	0	11.861152	9.601495	9.115425	9.601495	1.307219E+7	-1.375979E-8	-7.267552E+7	17.087572	0.73889	0	0
0	0	0	11.611803	9.601548	8.868238	9.601548	1.11199E+7	-1.084642E-8	-9.219633E+7	17.122056	0.736556	0	0
0	0	0	11.360985	9.601559	8.619606	9.601559	9450160	-9.084494E-9	-1.100777E+8	17.058632	0.736437	0	0
0	0	0	11.109334	9.601632	8.370129	9.601632	8026806	-7.007184E-9	-1.427107E+8	17.12844	0.733786	0	0
0	0	0	10.857061	9.601548	8.120083	9.601548	6815088	-6.647466E-9	-1.504333E+8	17.047979	0.733548	0	0
0	0	0	10.604283	9.601411	7.86955	9.601411	5784390	-6.971362E-9	-1.43444E+8	17.101165	0.73153	0	0
0	0	0	10.34796	9.601717	7.615376	9.601717	4898296	-3.869699E-9	-2.58418E+8	17.081599	0.730026	0	0
0	0	0	10.091261	9.601253	7.36105	9.601253	4146929	-6.863702E-9	-1.45694E+8	17.064909	0.729512	0	0
0	0	0	9.83386	9.601337	7.105871	9.601337	3509218	-4.843786E-9	-2.064501E+8	17.12166	0.726544	0	0
0	0	0	9.573633	9.601231	6.847945	9.601231	2964135	-5.163016E-9	-1.936852E+8	17.031969	0.726979	0	0
0	0	0	9.308342	9.601516	6.584888	9.601516	2495508	-2.546159E-9	-3.927485E+8	17.121924	0.723972	0	0
0	0	0	9.036191	9.601706	6.315058	9.601706	2091642	-1.672281E-9	-5.979858E+8	17.028492	0.72417	0	0
0	0	0	8.76809	9.601347	6.049399	9.601347	1757749	-2.376891E-9	-4.207177E+8	17.088705	0.721914	0	0
0	0	0	8.496462	9.601643	5.780057	9.601643	1473779	-1.269896E-9	-7.87466E+8	17.067693	0.720371	0	0
0	0	0	8.223216	9.601516	5.509232	9.601516	1234390	-1.259443E-9	-7.940015E+8	17.057334	0.719698	0	0
0	0	0	7.947389	9.601369	5.235854	9.601369	1032155	-1.341174E-9	-7.456151E+8	17.090876	0.717363	0	0
0	0	0	7.66658	9.601654	4.957416	9.601654	860269	-7.317776E-10	-1.366535E+9	17.013513	0.717601	0	0
0	0	0	7.383256	9.601622	4.676573	9.601622	715838	-6.332175E-10	-1.579236E+9	17.102724	0.714474	0	0
0	0	0	7.096485	9.601696	4.392284	9.601696	594326	-4.80949E-10	-2.079222E+9	17.00824	0.714672	0	0
0	0	0	6.80666	9.601738	4.104976	9.601738	492463	-3.80021E-10	-2.631434E+9	17.081368	0.712179	0	0
0	0	0	6.514074	9.601875	3.814905	9.601875	407329	-2.731251E-10	-3.661326E+9	17.05353	0.710953	0	0
0	0	0	6.224624	9.601675	3.528038	9.601675	337598	-2.800104E-10	-3.571295E+9	17.034515	0.710478	0	0
0	0	0	5.94148	9.601421	3.247435	9.601421	280951	-3.325747E-10	-3.006843E+9	17.083104	0.707826	0	0
0	0	0	5.665784	9.601559	2.974107	9.601559	234942	-2.258502E-10	-4.427713E+9	16.995463	0.70842	0	0
0	0	0	5.398549	9.601833	2.709127	9.601833	197549	-1.380287E-10	-7.244868E+9	17.090371	0.705136	0	0
0	0	0	5.143647	9.601917	2.456426	9.601917	167441	-1.079212E-10	-9.266023E+9	16.992544	0.705413	0	0
0	0	0	4.903463	9.601938	2.218332	9.601938	143283	-9.05945E-11	-1.10382E+10	17.078659	0.702761	0	0
0	0	0	4.671837	9.601759	1.988779	9.601759	123294	-9.298485E-11	-1.075444E+10	17.028209	0.701693	0	0
0	0	0	4.452741	9.601453	1.77168	9.601453	106959	-1.20194E-10	-8.319884E+9	17.030147	0.700941	0	0
0	0	0	4.243168	9.601675	1.563874	9.601675	93363	-7.74371E-11	-1.291371E+10	17.050155	0.698844	0	0
0	0	0	4.043509	9.601907	1.365893	9.601907	82021	-5.338257E-11	-1.87327E+10	16.982108	0.698923	0	0
0	0	0	3.851332	9.601643	1.175467	9.601643	72408	-6.239103E-11	-1.602795E+10	17.060404	0.695955	0	0
0	0	0	3.668858	9.601527	0.994617	9.601527	64325	-6.463881E-11	-1.547058E+10	16.979245	0.695955	0	0
0	0	0	3.494453	9.601917	0.821626	9.601917	57444	-3.702453E-11	-2.700912E+10	17.058668	0.693462	0	0
0	0	0	3.328689	9.602012	0.657282	9.602012	51587	-3.058195E-11	-3.269903E+10	16.991784	0.693066	0	0
0	0	0	3.169655	9.601865	0.499677	9.601865	46531	-3.151808E-11	-3.172782E+10	17.010977	0.691642	0	0
0	0	0	3.018429	9.602202	0.349677	9.602202	42183	-2.154932E-11	-4.640518E+10	17.024975	0.689584	0	0
0	0	0	2.872447	9.60178	0.205086	9.60178	38371	-2.829653E-11	-3.534002E+10	16.962062	0.68998	0	0
0	0	0	2.733406	9.601685	0.067285	9.601685	35062	-2.872288E-11	-3.481545E+10	17.058242	0.686458	0	0
0	0	0	2.600753	9.60177	-0.064234	9.60177	32171	-2.39904E-11	-4.168335E+10	16.953513	0.68713	0	0
0	0	0	2.473963	9.601865	-0.189943	9.601865	29631	-2.007075E-11	-4.982375E+10	17.039238	0.68436	0	0
0	0	0	2.35441	9.601548	-0.308365	9.601548	27420	-2.67455E-11	-3.738946E+10	16.962693	0.684123	0	0
0	0	0	2.238908	9.601611	-0.422877	9.601611	25441	-2.280803E-11	-4.384422E+10	17.000281	0.682303	0	0
0	0	0	2.128453	9.601938	-0.532459	9.601938	23681	-1.497294E-11	-6.678713E+10	16.987136	0.680878	0	0
0	0	0	2.022474	9.602118	-0.637563	9.602118	22108	-1.203344E-11	-8.310178E+10	16.951873	0.680601	0	0
0	0	0	1.920725	9.601654	-0.738294	9.601654	20696	-1.76048E-11	-5.680269E+10	17.024751	0.677673	0	0
0	0	0	1.819434	9.601706	-0.838716	9.601706	19380	-1.549442E-11	-6.453938E+10	16.93092	0.678227	0	0
0	0	0	1.724285	9.601569	-0.932997	9.601569	18220	-1.726535E-11	-5.791948E+10	17.015023	0.675536	0	0
0	0	0	1.636209	9.60139	-1.020255	9.60139	17208	-2.151902E-11	-4.647053E+10	16.933611	0.675338	0	0
0	0	0	1.551056	9.601506	-1.104697	9.601506	16283	-1.687233E-11	-5.926864E+10	16.97517	0.673913	0	0
0	0	0	1.468076	9.601369	-1.186914	9.601369	15430	-2.004961E-11	-4.987628E+10	16.975366	0.671974	0	0
0	0	0	1.390993	9.60158	-1.263383	9.60158	14677	-1.37126E-11	-7.292566E+10	16.948212	0.671539	0	0
0	0	0	1.317896	9.601907	-1.335933	9.601907	13997	-9.109812E-12	-1.097718E+11	17.005619	0.668848	0	0
0	0	0	1.24751	9.601727	-1.405655	9.601727	13373	-1.044075E-11	-9.577859E+10	16.908504	0.669521	0	0
0	0	0	1.179705	9.601717	-1.472866	9.601717	12798	-1.011052E-11	-9.890687E+10	16.997578	0.666474	0	0
0	0	0	1.115363	9.601537	-1.536597	9.601537	12274	-1.215028E-11	-8.23026E+10	16.906083	0.666711	0	0
0	0	0	1.052295	9.601632	-1.599141	9.601632	11782	-1.028533E-11	-9.722582E+10	16.957518	0.664851	0	0
0	0	0	0.993098	9.601738	-1.65785	9.601738	11338	-8.749239E-12	-1.142956E+11	16.935675	0.663348	0	0
0	0	0	0.936449	9.601316	-1.713887	9.601316	10929	-1.573863E-11	-6.353794E+10	16.928243	0.662438	0	0
0	0	0	0.883345	9.60178	-1.766656	9.60178	10559	-7.78669E-12	-1.284243E+11	16.956504	0.660419	0	0
0	0	0	0.830209	9.601738	-1.819317	9.601738	10201	-7.871846E-12	-1.27035E+11	16.882902	0.660538	0	0
0	0	0	0.781483	9.601664	-1.867598	9.601664	9884	-8.301519E-12	-1.204599E+11	16.954025	0.658164	0	0
0	0	0	0.734635	9.6014	-1.913964	9.6014	9588	-1.176872E-11	-8.497098E+10	16.874471	0.658124	0	0
0	0	0	0.688016	9.601643	-1.960243	9.601643	9302	-8.015155E-12	-1.247637E+11	16.945241	0.655592	0	0
0	0	0	0.645971	9.601253	-2.001814	9.601253	9052	-1.498218E-11	-6.674597E+10	16.921442	0.654484	0	0
0	0	0	0.603108	9.601601	-2.044398	9.601601	8804	-8.0007E-12	-1.249891E+11	16.903274	0.654009	0	0
0	0	0	0.562827	9.601516	-2.084304	9.601516	8577	-8.751075E-12	-1.142717E+11	16.950174	0.651595	0	0
0	0	0	0.525895	9.601601	-2.120938	9.601601	8374	-7.609934E-12	-1.314072E+11	16.856915	0.652307	0	0
0	0	0	0.489321	9.601727	-2.157227	9.601727	8178	-6.384837E-12	-1.566211E+11	16.938923	0.649418	0	0
0	0	0	0.452797	9.601685	-2.193421	9.601685	7986	-6.542152E-12	-1.528549E+11	16.859799	0.64926	0	0
0	0	0	0.420259	9.6012	-2.225542	9.6012	7819	-1.478072E-11	-6.765568E+10	16.921234	0.647163	0	0
0	0	0	0.3879	9.601601	-2.257729	9.601601	7657	-6.958355E-12	-1.437121E+11	16.879209	0.646174	0	0
0	0	0	0.356194	9.601738	-2.289195	9.601738	7501	-5.788326E-12	-1.727615E+11	16.878827	0.645224	0	0
0	0	0	0.326253	9.601242	-2.318739	9.601242	7357	-1.248753E-11	-8.007987E+10	16.91123	0.643127	0	0
0	0	0	0.297732	9.601749	-2.34715	9.601749	7222	-5.509104E-12	-1.815177E+11	16.836244	0.643285	0	0
0	0	0	0.270339	9.601886	-2.374341	9.601886	7095	-4.7099E-12	-2.123187E+11	16.917165	0.640713	0	0
0	0	0	0.243763	9.601411	-2.400555	9.601411	6974	-8.405056E-12	-1.18976E+11	16.844605	0.640357	0	0
0	0	0	0.217219	9.60159	-2.426917	9.60159	6854	-6.314916E-12	-1.583552E+11	16.898174	0.638457	0	0
0	0	0	0.194269	9.601875	-2.449745	9.601875	6753	-4.528068E-12	-2.208447E+11	16.868532	0.637587	0	0
0	0	0	0.171008	9.601843	-2.472794	9.601843	6652	-4.59947E-12	-2.174163E+11	16.849948	0.636914	0	0
0	0	0	0.147993	9.601917	-2.495629	9.601917	6553	-4.223621E-12	-2.367636E+11	16.905569	0.634381	0	0
0	0	0	0.126121	9.601654	-2.517237	9.601654	6461	-5.495971E-12	-1.819515E+11	16.818858	0.634935	0	0
0	0	0	0.105719	9.601801	-2.537502	9.601801	6376	-4.599938E-12	-2.173943E+11	16.900599	0.632205	0	0
0	0	0	0.085382	9.601537	-2.557588	9.601537	6293	-6.22957E-12	-1.605247E+11	16.829409	0.632046	0	0
0	0	0	0.067463	9.60159	-2.575366	9.60159	6220	-5.730781E-12	-1.744963E+11	16.866657	0.630266	0	0
0	0	0	0.049707	9.601664	-2.592987	9.601664	6149	-5.164513E-12	-1.936291E+11	16.850531	0.62896	0	0
0	0	0	0.033536	9.601601	-2.609	9.601601	6084	-5.52888E-12	-1.808685E+11	16.81807	0.628643	0	0
0	0	0	0.017512	9.601601	-2.624884	9.601601	6022	-5.472537E-12	-1.827306E+11	16.869923	0.626348	0	0
0	0	0	0.001945	9.601717	-2.640347	9.601717	5961	-4.709237E-12	-2.123486E+11	16.80411	0.626229	0	0
0	0	0	-0.011254	9.601812	-2.653456	9.601812	5910	-4.217986E-12	-2.3708E+11	16.870383	0.623934	0	0
0	0	0	-0.024583	9.601432	-2.666565	9.601432	5859	-6.814276E-12	-1.467507E+11	16.805349	0.623618	0	0
0	0	0	-0.036033	9.601654	-2.677976	9.601654	5816	-4.947309E-12	-2.021301E+11	16.832617	0.622233	0	0
0	0	0	-0.045671	9.601759	-2.687559	9.601759	5780	-4.359113E-12	-2.294045E+11	16.840596	0.620531	0	0
0	0	0	-0.05619	9.601601	-2.697943	9.601601	5740	-5.216267E-12	-1.91708E+11	16.775634	0.620927	0	0
0	0	0	-0.065158	9.601801	-2.706887	9.601801	5707	-4.117291E-12	-2.428782E+11	16.86511	0.617761	0	0
0	0	0	-0.073619	9.601464	-2.715182	9.601464	5676	-6.272354E-12	-1.594298E+11	16.773267	0.618038	0	0
0	0	0	-0.081443	9.601453	-2.722935	9.601453	5647	-6.345753E-12	-1.575857E+11	16.867616	0.615347	0	0
0	0	0	-0.088598	9.601464	-2.73003	9.601464	5621	-6.211575E-12	-1.609898E+11	16.773525	0.615624	0	0
0	0	0	-0.095001	9.601253	-2.736319	9.601253	5598	-9.265381E-12	-1.079286E+11	16.799861	0.614318	0	0
0	0	0	-0.100228	9.601506	-2.74157	9.601506	5579	-5.78092E-12	-1.729828E+11	16.80328	0.612656	0	0
0	0	0	-0.104916	9.601453	-2.746203	9.601453	5562	-6.250235E-12	-1.59994E+11	16.760444	0.612419	0	0
0	0	0	-0.110045	9.601295	-2.751244	9.601295	5543	-8.343716E-12	-1.198507E+11	16.833995	0.609965	0	0
0	0	0	-0.114031	9.601738	-2.755317	9.601738	5529	-4.266585E-12	-2.343795E+11	16.749348	0.609847	0	0
0	0	0	-0.117478	9.601611	-2.758698	9.601611	5516	-4.945131E-12	-2.022191E+11	16.818398	0.607987	0	0
0	0	0	-0.120549	9.601685	-2.761763	9.601685	5506	-4.510529E-12	-2.217035E+11	16.75637	0.607552	0	0
0	0	0	-0.123064	9.601622	-2.764239	9.601622	5497	-4.862546E-12	-2.056536E+11	16.769668	0.606523	0	0
0	0	0	-0.125302	9.601411	-2.766399	9.601411	5489	-6.615336E-12	-1.511639E+11	16.796281	0.604346	0	0
0	0	0	-0.126919	9.601474	-2.76802	9.601474	5483	-5.960039E-12	-1.677841E+11	16.729329	0.604465	0	0
0	0	0	-0.129206	9.601727	-2.770356	9.601727	5475	-4.274515E-12	-2.339447E+11	16.818027	0.601576	0	0
0	0	0	-0.130153	9.601464	-2.771223	9.601464	5472	-6.04692E-12	-1.653734E+11	16.707179	0.602368	0	0
0	0	0	-0.131934	9.601696	-2.773051	9.601696	5465	-4.422465E-12	-2.261183E+11	16.807924	0.599637	0	0
0	0	0	-0.133502	9.601675	-2.7746	9.601675	5460	-4.528631E-12	-2.208173E+11	16.704651	0.600112	0	0
0	0	0	-0.134498	9.601421	-2.775518	9.601421	5456	-6.458519E-12	-1.548342E+11	16.760107	0.598213	0	0
0	0	0	-0.135756	9.601632	-2.776823	9.601632	5452	-4.759433E-12	-2.101091E+11	16.744624	0.59663	0	0
0	0	0	-0.136655	9.60158	-2.777699	9.60158	5448	-5.09002E-12	-1.964629E+11	16.704973	0.596471	0	0
0	0	0	-0.137602	9.601411	-2.778592	9.601411	5445	-6.562307E-12	-1.523854E+11	16.780136	0.593662	0	0
0	0	0	-0.138647	9.601738	-2.779718	9.601738	5441	-4.198678E-12	-2.381702E+11	16.680869	0.594295	0	0
0	0	0	-0.139791	9.60158	-2.780808	9.60158	5437	-5.079742E-12	-1.968604E+11	16.765624	0.591921	0	0
0	0	0	-0.140232	9.601643	-2.781263	9.601643	5436	-4.68398E-12	-2.134937E+11	16.66968	0.592	0	0
0	0	0	-0.141522	9.601527	-2.78251	9.601527	5431	-5.457495E-12	-1.832342E+11	16.727899	0.59014	0	0
0	0	0	-0.141882	9.601189	-2.782773	9.601189	5430	-1.056497E-11	-9.465246E+10	16.71419	0.588755	0	0
0	0	0	-0.143041	9.601643	-2.784048	9.601643	5426	-4.675363E-12	-2.138871E+11	16.684977	0.588557	0	0
0	0	0	-0.143891	9.601559	-2.784866	9.601559	5423	-5.21314E-12	-1.91823E+11	16.762713	0.585787	0	0
0	0	0	-0.144266	9.601854	-2.78532	9.601854	5421	-3.709735E-12	-2.695611E+11	16.640925	0.587053	0	0
0	0	0	-0.144806	9.601548	-2.78577	9.601548	5420	-5.286675E-12	-1.891548E+11	16.747466	0.584046	0	0
0	0	0	-0.145639	9.601896	-2.786692	9.601896	5417	-3.560447E-12	-2.808636E+11	16.647985	0.584165	0	0
0	0	0	-0.145557	9.601801	-2.786585	9.601801	5417	-3.908071E-12	-2.558807E+11	16.716437	0.582146	0	0
0	0	0	-0.146406	9.601432	-2.787325	9.601432	5414	-6.296721E-12	-1.588128E+11	16.669411	0.581236	0	0
0	0	0	-0.146913	9.601833	-2.787937	9.601833	5412	-3.781398E-12	-2.644524E+11	16.657635	0.58088	0	0
0	0	0	-0.147207	9.601654	-2.788179	9.601654	5411	-4.602801E-12	-2.17259E+11	16.70447	0.578348	0	0
0	0	0	-0.147435	9.601622	-2.788397	9.601622	5411	-4.786472E-12	-2.089221E+11	16.608582	0.579099	0	0
0	0	0	-0.148448	9.601474	-2.789361	9.601474	5407	-5.877427E-12	-1.701425E+11	16.696395	0.576329	0	0
0	0	0	-0.148873	9.601369	-2.789753	9.601369	5406	-7.024511E-12	-1.423587E+11	16.605518	0.576488	0	0
0	0	0	-0.148824	9.6014	-2.789713	9.6014	5406	-6.635557E-12	-1.507032E+11	16.682067	0.574509	0	0
0	0	0	-0.148873	9.601495	-2.789788	9.601495	5406	-5.690321E-12	-1.75737E+11	16.630963	0.573876	0	0
0	0	0	-0.149575	9.601326	-2.790437	9.601326	5403	-7.615832E-12	-1.313054E+11	16.641017	0.573085	0	0
0	0	0	-0.149592	9.601358	-2.790462	9.601358	5403	-7.160521E-12	-1.396546E+11	16.658504	0.571146	0	0
0	0	0	-0.149641	9.601706	-2.790607	9.601706	5403	-4.319728E-12	-2.314961E+11	16.585013	0.571502	0	0
0	0	0	-0.149641	9.601812	-2.790636	9.601812	5403	-3.856138E-12	-2.593268E+11	16.684335	0.568336	0	0
0	0	0	-0.149608	9.601727	-2.79058	9.601727	5403	-4.218302E-12	-2.370622E+11	16.579456	0.569048	0	0
0	0	0	-0.150261	9.601822	-2.791254	9.601822	5400	-3.813076E-12	-2.622555E+11	16.670135	0.566674	0	0
0	0	0	-0.150082	9.602002	-2.791125	9.602002	5401	-3.230635E-12	-3.095367E+11	16.581809	0.566713	0	0
0	0	0	-0.150212	9.601801	-2.791199	9.601801	5401	-3.896528E-12	-2.566387E+11	16.610458	0.56521	0	0
0	0	0	-0.150408	9.601664	-2.791356	9.601664	5400	-4.535431E-12	-2.204862E+11	16.594274	0.563983	0	0
0	0	0	-0.150229	9.60178	-2.79121	9.60178	5401	-3.982945E-12	-2.510705E+11	16.557319	0.563666	0	0
0	0	0	-0.15	9.601432	-2.790887	9.601432	5402	-6.282764E-12	-1.591656E+11	16.623178	0.561213	0	0
0	0	0	-0.15031	9.6014	-2.791186	9.6014	5400	-6.628192E-12	-1.508707E+11	16.533212	0.561569	0	0
0	0	0	-0.150049	9.601527	-2.790962	9.601527	5401	-5.427349E-12	-1.84252E+11	16.628592	0.559116	0	0
0	0	0	-0.150212	9.601675	-2.791165	9.601675	5401	-4.479695E-12	-2.232295E+11	16.542071	0.559155	0	0
0	0	0	-0.150114	9.60177	-2.791094	9.60177	5401	-4.027607E-12	-2.482864E+11	16.574916	0.557968	0	0
0	0	0	-0.149559	9.601875	-2.790572	9.601875	5403	-3.622857E-12	-2.760252E+11	16.565413	0.556385	0	0
0	0	0	-0.149673	9.601622	-2.790616	9.601622	5403	-4.779396E-12	-2.092315E+11	16.519791	0.556504	0	0
0	0	0	-0.149967	9.601464	-2.790864	9.601464	5402	-5.969566E-12	-1.675164E+11	16.605198	0.553497	0	0
0	0	0	-0.149853	9.601643	-2.7908	9.601643	5402	-4.654683E-12	-2.148374E+11	16.494501	0.554644	0	0
0	0	0	-0.149771	9.601337	-2.790635	9.601337	5402	-7.456382E-12	-1.341133E+11	16.582678	0.552112	0	0
0	0	0	-0.150049	9.601738	-2.79102	9.601738	5401	-4.167811E-12	-2.399341E+11	16.491353	0.552191	0	0
0	0	0	-0.149951	9.601337	-2.790813	9.601337	5402	-7.456382E-12	-1.341133E+11	16.545366	0.550489	0	0
0	0	0	-0.150082	9.601675	-2.791035	9.601675	5401	-4.479695E-12	-2.232295E+11	16.523613	0.549183	0	0
0	0	0	-0.149886	9.601759	-2.790864	9.601759	5402	-4.074036E-12	-2.454569E+11	16.504506	0.548708	0	0
0	0	0	-0.150229	9.601843	-2.791227	9.601843	5401	-3.734477E-12	-2.677751E+11	16.545317	0.546611	0	0
0	0	0	-0.1508	9.601696	-2.791753	9.601696	5399	-4.369055E-12	-2.288824E+11	16.453493	0.547205	0	0
0	0	0	-0.150768	9.601675	-2.791715	9.601675	5399	-4.478036E-12	-2.233122E+11	16.538564	0.54487	0	0
0	0	0	-0.151339	9.601369	-2.792198	9.601369	5397	-7.012817E-12	-1.425961E+11	16.442159	0.544909	0	0
0	0	0	-0.151846	9.60158	-2.792758	9.60158	5395	-5.040502E-12	-1.983929E+11	16.507895	0.54305	0	0
0	0	0	-0.151519	9.601411	-2.792387	9.601411	5396	-6.503252E-12	-1.537692E+11	16.4823	0.541942	0	0
0	0	0	-0.15165	9.601548	-2.792555	9.601548	5396	-5.263266E-12	-1.899961E+11	16.459833	0.541862	0	0
0	0	0	-0.152009	9.601685	-2.792949	9.601685	5395	-4.419598E-12	-2.262649E+11	16.506915	0.539528	0	0
0	0	0	-0.152417	9.601537	-2.793313	9.601537	5393	-5.338642E-12	-1.873136E+11	16.40093	0.540438	0	0
0	0	0	-0.152744	9.601474	-2.793619	9.601474	5392	-5.861122E-12	-1.706158E+11	16.502453	0.537589	0	0
0	0	0	-0.15294	9.601643	-2.79386	9.601643	5391	-4.645205E-12	-2.152757E+11	16.409713	0.537707	0	0
0	0	0	-0.153447	9.60158	-2.794345	9.60158	5390	-5.035831E-12	-1.98577E+11	16.476505	0.535768	0	0
0	0	0	-0.153398	9.601601	-2.794302	9.601601	5390	-4.898202E-12	-2.041565E+11	16.438056	0.534898	0	0
0	0	0	-0.1541	9.601485	-2.794966	9.601485	5387	-5.761514E-12	-1.735655E+11	16.422108	0.534542	0	0
0	0	0	-0.154035	9.601675	-2.794954	9.601675	5387	-4.468083E-12	-2.238096E+11	16.447006	0.532563	0	0
0	0	0	-0.154296	9.601506	-2.795166	9.601506	5386	-5.580935E-12	-1.791814E+11	16.361066	0.533117	0	0
0	0	0	-0.154574	9.601675	-2.795488	9.601675	5386	-4.467254E-12	-2.238512E+11	16.446215	0.530624	0	0
0	0	0	-0.154443	9.601611	-2.795341	9.601611	5386	-4.828585E-12	-2.071E+11	16.374682	0.530347	0	0
0	0	0	-0.154949	9.601833	-2.795904	9.601833	5384	-3.761835E-12	-2.658277E+11	16.428767	0.528883	0	0
0	0	0	-0.155096	9.601938	-2.796079	9.601938	5384	-3.404178E-12	-2.937567E+11	16.402077	0.527933	0	0
0	0	0	-0.154884	9.601474	-2.79574	9.601474	5384	-5.852426E-12	-1.708693E+11	16.357946	0.528171	0	0
0	0	0	-0.155358	9.601791	-2.796297	9.601791	5383	-3.926134E-12	-2.547035E+11	16.414216	0.525836	0	0
0	0	0	-0.154966	9.602044	-2.795978	9.602044	5384	-3.108625E-12	-3.216856E+11	16.334972	0.526073	0	0
0	0	0	-0.154933	9.601759	-2.795867	9.601759	5384	-4.060461E-12	-2.462775E+11	16.428683	0.523462	0	0
0	0	0	-0.155211	9.601643	-2.796111	9.601643	5383	-4.638312E-12	-2.155957E+11	16.34625	0.523422	0	0
0	0	0	-0.155505	9.601559	-2.796379	9.601559	5382	-5.173727E-12	-1.932843E+11	16.384628	0.522195	0	0
0	0	0	-0.155309	9.601706	-2.796225	9.601706	5383	-4.303738E-12	-2.323562E+11	16.361132	0.521087	0	0
0	0	0	-0.155472	9.601685	-2.796381	9.601685	5382	-4.408948E-12	-2.268115E+11	16.323809	0.520889	0	0
0	0	0	-0.155243	9.60158	-2.796126	9.60158	5383	-5.029291E-12	-1.988352E+11	16.378727	0.518594	0	0
0	0	0	-0.155113	9.602012	-2.796115	9.602012	5384	-3.191758E-12	-3.13307E+11	16.292121	0.518911	0	0
0	0	0	-0.155243	9.601495	-2.796102	9.601495	5383	-5.666111E-12	-1.764879E+11	16.386736	0.516457	0	0
0	0	0	-0.154998	9.601812	-2.795947	9.601812	5384	-3.842578E-12	-2.60242E+11	16.301465	0.516893	0	0
0	0	0	-0.154966	9.601569	-2.795847	9.601569	5384	-5.101901E-12	-1.960054E+11	16.339373	0.515508	0	0
0	0	0	-0.154868	9.602128	-2.795904	9.602128	5384	-2.906733E-12	-3.440288E+11	16.325901	0.514202	0	0
0	0	0	-0.154459	9.601506	-2.795328	9.601506	5386	-5.580935E-12	-1.791814E+11	0	0	0	0
0	0	0	-0.154721	9.601326	-2.795538	9.601326	5385	-7.59046E-12	-1.317443E+11	0	0	0	0
0	0	0	-0.154051	9.601221	-2.794845	9.601221	5387	-9.635582E-12	-1.03782E+11	0	0	0	0
0	0	0	-0.153822	9.601464	-2.794685	9.601464	5388	-5.954095E-12	-1.679516E+11	0	0	0	0
0	0	0	-0.154492	9.601527	-2.795366	9.601527	5386	-5.412276E-12	-1.847652E+11	0	0	0	0
0	0	0	-0.153822	9.601253	-2.794627	9.601253	5388	-8.917806E-12	-1.121352E+11	0	0	0	0
0	0	0	-0.154084	9.60158	-2.794976	9.60158	5387	-5.033028E-12	-1.986876E+11	0	0	0	0
0	0	0	-0.15361	9.601611	-2.794515	9.601611	5389	-4.831274E-12	-2.069847E+11	0	0	0	0
0	0	0	-0.154035	9.601685	-2.794956	9.601685	5387	-4.413044E-12	-2.26601E+11	0	0	0	0
0	0	0	-0.153904	9.601421	-2.794754	9.601421	5388	-6.378025E-12	-1.567884E+11	0	0	0	0
0	0	0	-0.154214	9.601474	-2.795077	9.601474	5387	-5.855687E-12	-1.707742E+11	0	0	0	0
0	0	0	-0.15441	9.601685	-2.795329	9.601685	5386	-4.412225E-12	-2.26643E+11	0	0	0	0
0	0	0	-0.154198	9.602002	-2.795205	9.602002	5387	-3.22226E-12	-3.103411E+11	0	0	0	0
0	0	0	-0.154182	9.601727	-2.795114	9.601727	5387	-4.20581E-12	-2.377663E+11	0	0	0	0
0	0	0	-0.154427	9.601685	-2.795345	9.601685	5386	-4.412225E-12	-2.26643E+11	0	0	0	0
0	0	0	-0.154051	9.601569	-2.794941	9.601569	5387	-5.104744E-12	-1.958962E+11	0	0	0	0
0	0	0	-0.15441	9.601537	-2.795288	9.601537	5386	-5.331712E-12	-1.87557E+11	0	0	0	0
0	0	0	-0.1549	9.601685	-2.795815	9.601685	5384	-4.410587E-12	-2.267272E+11	0	0	0	0
0	0	0	-0.154917	9.601632	-2.795816	9.601632	5384	-4.700071E-12	-2.127627E+11	0	0	0	0
0	0	0	-0.155047	9.601643	-2.795949	9.601643	5384	-4.639174E-12	-2.155556E+11	0	0	0	0
0	0	0	-0.155374	9.601664	-2.796278	9.601664	5383	-4.521153E-12	-2.211825E+11	0	0	0	0
0	0	0	-0.155799	9.601654	-2.796696	9.601654	5381	-4.577282E-12	-2.184703E+11	0	0	0	0
0	0	0	-0.156256	9.60159	-2.797132	9.60159	5380	-4.95685E-12	-2.01741E+11	0	0	0	0
0	0	0	-0.15655	9.601886	-2.797505	9.601886	5379	-3.570762E-12	-2.800523E+11	0	0	0	0
0	0	0	-0.156272	9.601886	-2.79723	9.601886	5379	-3.570762E-12	-2.800523E+11	0	0	0	0
0	0	0	-0.156534	9.601358	-2.797344	9.601358	5379	-7.128715E-12	-1.402777E+11	0	0	0	0
0	0	0	-0.156746	9.601685	-2.797644	9.601685	5378	-4.405671E-12	-2.269802E+11	0	0	0	0
0	0	0	-0.156926	9.60158	-2.797793	9.60158	5377	-5.023685E-12	-1.990571E+11	0	0	0	0
0	0	0	-0.157056	9.601917	-2.798016	9.601917	5377	-3.465651E-12	-2.885461E+11	0	0	0	0
0	0	0	-0.15722	9.601221	-2.797986	9.601221	5376	-9.615906E-12	-1.039944E+11	0	0	0	0
0	0	0	-0.157334	9.601822	-2.798265	9.601822	5376	-3.796129E-12	-2.634263E+11	0	0	0	0
0	0	0	-0.157154	9.601611	-2.798029	9.601611	5376	-4.81962E-12	-2.074852E+11	0	0	0	0
0	0	0	-0.157612	9.60178	-2.798529	9.60178	5375	-3.963771E-12	-2.52285E+11	0	0	0	0
0	0	0	-0.157628	9.6014	-2.79844	9.6014	5375	-6.597506E-12	-1.515724E+11	0	0	0	0
0	0	0	-0.157628	9.601432	-2.798449	9.601432	5375	-6.251362E-12	-1.599651E+11	0	0	0	0
0	0	0	-0.157563	9.601822	-2.798492	9.601822	5375	-3.795422E-12	-2.634753E+11	0	0	0	0
0	0	0	-0.15771	9.601706	-2.798605	9.601706	5375	-4.297342E-12	-2.32702E+11	0	0	0	0
0	0	0	-0.157514	9.601316	-2.798304	9.601316	5375	-7.740426E-12	-1.291919E+11	0	0	0	0
0	0	0	-0.157416	9.601654	-2.7983	9.601654	5375	-4.572178E-12	-2.187141E+11	0	0	0	0
0	0	0	-0.157383	9.601759	-2.798296	9.601759	5376	-4.054427E-12	-2.46644E+11	0	0	0	0
0	0	0	-0.157367	9.602023	-2.798353	9.602023	5376	-3.158857E-12	-3.165702E+11	0	0	0	0
0	0	0	-0.156975	9.601632	-2.797857	9.601632	5377	-4.69396E-12	-2.130397E+11	0	0	0	0
0	0	0	-0.157318	9.602002	-2.798298	9.602002	5376	-3.215681E-12	-3.109761E+11	0	0	0	0
0	0	0	-0.156387	9.602107	-2.797404	9.602107	5379	-2.951963E-12	-3.387576E+11	0	0	0	0
0	0	0	-0.156942	9.601654	-2.79783	9.601654	5377	-4.573879E-12	-2.186328E+11	0	0	0	0
0	0	0	-0.156713	9.601928	-2.797679	9.601928	5378	-3.433024E-12	-2.912884E+11	0	0	0	0
0	0	0	-0.156697	9.6014	-2.797517	9.6014	5378	-6.601189E-12	-1.514879E+11	0	0	0	0
0	0	0	-0.156632	9.60177	-2.797554	9.60177	5378	-4.010455E-12	-2.493483E+11	0	0	0	0
0	0	0	-0.157007	9.601643	-2.797892	9.601643	5377	-4.633142E-12	-2.158363E+11	0	0	0	0
0	0	0	-0.156697	9.601622	-2.797578	9.601622	5378	-4.757281E-12	-2.102041E+11	0	0	0	0
0	0	0	-0.155946	9.601654	-2.796842	9.601654	5381	-4.577282E-12	-2.184703E+11	0	0	0	0
0	0	0	-0.155701	9.601527	-2.796565	9.601527	5382	-5.408256E-12	-1.849025E+11	0	0	0	0
0	0	0	-0.155995	9.601696	-2.796902	9.601696	5380	-4.35368E-12	-2.296908E+11	0	0	0	0
0	0	0	-0.155978	9.60158	-2.796854	9.60158	5380	-5.026488E-12	-1.989461E+11	0	0	0	0
0	0	0	-0.155701	9.601569	-2.796576	9.601569	5382	-5.100006E-12	-1.960782E+11	0	0	0	0
0	0	0	-0.155864	9.601685	-2.79677	9.601685	5381	-4.408129E-12	-2.268536E+11	0	0	0	0
0	0	0	-0.155946	9.601675	-2.796848	9.601675	5381	-4.463107E-12	-2.240592E+11	0	0	0	0
0	0	0	-0.156027	9.601495	-2.79688	9.601495	5380	-5.662954E-12	-1.765863E+11	0	0	0	0
0	0	0	-0.155505	9.601801	-2.796446	9.601801	5382	-3.882821E-12	-2.575447E+11	0	0	0	0
0	0	0	-0.156076	9.601664	-2.796975	9.601664	5380	-4.518634E-12	-2.213058E+11	0	0	0	0
0	0	0	-0.156044	9.601516	-2.796902	9.601516	5380	-5.48919E-12	-1.821762E+11	0	0	0	0
0	0	0	-0.155848	9.601358	-2.796664	9.601358	5381	-7.131365E-12	-1.402256E+11	0	0	0	0
0	0	0	-0.155864	9.601337	-2.796674	9.601337	5381	-7.427395E-12	-1.346367E+11	0	0	0	0
0	0	0	-0.156403	9.601875	-2.797357	9.601875	5379	-3.606764E-12	-2.772568E+11	0	0	0	0
0	0	0	-0.156403	9.601907	-2.797365	9.601907	5379	-3.50087E-12	-2.856433E+11	0	0	0	0
0	0	0	-0.15704	9.601685	-2.797936	9.601685	5377	-4.404852E-12	-2.270224E+11	0	0	0	0
0	0	0	-0.15753	9.601506	-2.798372	9.601506	5375	-5.569537E-12	-1.795481E+11	0	0	0	0
0	0	0	-0.157105	9.601854	-2.798047	9.601854	5376	-3.67894E-12	-2.718174E+11	0	0	0	0
0	0	0	-0.157645	9.601875	-2.798587	9.601875	5375	-3.604082E-12	-2.774631E+11	0	0	0	0
0	0	0	-0.157563	9.601696	-2.798457	9.601696	5375	-4.349634E-12	-2.299044E+11	0	0	0	0
0	0	0	-0.157579	9.601632	-2.798456	9.601632	5375	-4.692214E-12	-2.13119E+11	0	0	0	0
0	0	0	-0.157498	9.601601	-2.798366	9.601601	5375	-4.884571E-12	-2.047263E+11	0	0	0	0
0	0	0	-0.15802	9.601537	-2.798867	9.601537	5374	-5.319833E-12	-1.879758E+11	0	0	0	0
0	0	0	-0.158461	9.601833	-2.799385	9.601833	5372	-3.75345E-12	-2.664216E+11	0	0	0	0
0	0	0	-0.158543	9.601706	-2.799431	9.601706	5372	-4.294943E-12	-2.328319E+11	0	0	0	0
0	0	0	-0.158347	9.601727	-2.799243	9.601727	5372	-4.194099E-12	-2.384302E+11	0	0	0	0
0	0	0	-0.158657	9.601664	-2.799533	9.601664	5371	-4.511074E-12	-2.216767E+11	0	0	0	0
0	0	0	-0.158331	0	-0.158331	0	5373	0	0	0	0	0	0
0	0	0	-0.158331	0	-0.158331	0	5373	0	0	0	0	0	0
