Vload_(V)	ILoad_(A)	RsLoad (ohm)	SunsVoc_Voltage_(V)	SunsVoc_Current_(A)	Model_Voltage_(V)	Model_Current_(A)	Carrier_Density_(cm-3)	Lifetime_(s)	Inverse_Lifetime_(s-1)	Efficiency_(%)	Intensity_(suns)	Dark_IV_Voltage_(V)	Dark_IV_Current_(A)
4.595026	9.660308	0	39.460198	-0.934396	39.747812	-0.934396	7.356768E+14	4.87338E-5	20518.741847	17.644154	1.096743	0	0
4.598012	9.661981	-0.492068	39.414738	-0.572015	39.590819	-0.572015	7.154016E+14	4.906906E-5	20378.591609	17.653442	1.09603	0	0
4.633447	9.65939	1.80348	39.317939	0.035885	39.306892	0.035885	6.739859E+14	4.914826E-5	20345.844407	17.647429	1.095002	0	0
5.073904	9.664478	-0.541159	39.205998	0.703856	38.989275	0.703856	6.289424E+14	4.928411E-5	20289.857572	17.609109	1.094764	0	0
7.371024	9.660057	1.356865	39.089548	1.324672	38.681611	1.324672	5.851461E+14	4.926718E-5	20296.921299	17.631598	1.092865	0	0
9.901427	9.655917	1.603763	38.977542	1.892992	38.394504	1.892992	5.457901E+14	4.931588E-5	20276.951332	17.572851	1.093063	0	0
12.464005	9.656248	1.3179	38.866809	2.412825	38.123558	2.412825	5.093903E+14	4.932822E-5	20271.93987	17.602551	1.091598	0	0
14.869797	9.654664	1.152127	38.757612	2.89844	37.864646	2.89844	4.757921E+14	4.938358E-5	20249.268245	17.574614	1.091242	0	0
17.275357	9.648345	1.078683	38.646717	3.34346	37.6165	3.34346	4.438659E+14	4.931549E-5	20277.277253	17.594641	1.090451	0	0
19.673527	9.617857	1.092049	38.539806	3.755825	37.382369	3.755825	4.150557E+14	4.933516E-5	20269.234488	17.619015	1.089185	0	0
22.089667	9.617294	0.84348	38.432553	4.139	37.156857	4.139	3.879785E+14	4.931713E-5	20276.679997	17.605429	1.08958	0	0
24.482287	9.61069	0.622659	38.324271	4.502918	36.936218	4.502918	3.623854E+14	4.931428E-5	20277.883077	17.646069	1.08867	0	0
26.869886	9.610817	0.373852	38.215449	4.838677	36.723689	4.838677	3.383229E+14	4.924583E-5	20306.099695	17.633131	1.088789	0	0
27.7709	9.607552	0.292411	38.109732	5.148011	36.522388	5.148011	3.164416E+14	4.921845E-5	20317.416239	17.648679	1.088749	0	0
28.682688	9.582495	0.271401	38.004406	5.43323	36.328891	5.43323	2.960178E+14	4.914842E-5	20346.38908	17.647972	1.088037	0	0
29.567803	9.516633	0.294331	37.90091	5.69537	36.144323	5.69537	2.772065E+14	4.906807E-5	20379.725727	17.63806	1.087958	0	0
30.454119	9.411973	0.302733	37.797348	5.942267	35.964369	5.942267	2.595564E+14	4.899474E-5	20410.241845	17.64706	1.086969	0	0
31.345343	9.239862	0.308114	37.694538	6.169959	35.791073	6.169959	2.431256E+14	4.888705E-5	20455.215545	17.604838	1.087364	0	0
32.22632	8.980394	0.308398	37.592806	6.381979	35.623675	6.381979	2.278734E+14	4.878353E-5	20498.636171	17.620505	1.086415	0	0
33.08764	8.592342	0.309276	37.490371	6.582095	35.459229	6.582095	2.134668E+14	4.867027E-5	20546.350258	17.589236	1.086217	0	0
33.935983	8.051329	0.308423	37.388133	6.769107	35.299007	6.769107	1.999821E+14	4.854504E-5	20599.362029	17.600459	1.08495	0	0
34.76231	7.343928	0.306775	37.286629	6.943724	35.143334	6.943724	1.87425E+14	4.842129E-5	20652.012412	17.600068	1.08408	0	0
35.561956	6.478506	0.303086	37.186841	7.106987	34.992871	7.106987	1.758385E+14	4.833265E-5	20689.896302	17.590783	1.083328	0	0
36.344775	5.440329	0.300984	37.0872	7.259248	34.84594	7.259248	1.649747E+14	4.822213E-5	20737.323518	17.619919	1.081785	0	0
37.089348	4.285131	0.299136	36.98782	7.401075	34.702481	7.401075	1.548E+14	4.808857E-5	20794.921264	17.604081	1.081072	0	0
37.799392	3.037165	0.306737	36.889551	7.531925	34.563514	7.531925	1.453492E+14	4.792861E-5	20864.328006	17.615687	1.079846	0	0
38.440343	1.800924	0.322972	36.791674	7.65546	34.427191	7.65546	1.365036E+14	4.778532E-5	20926.896007	17.61619	1.078065	0	0
31.76294	9.127302	0.30973	36.69396	7.770806	34.29355	7.770806	1.282044E+14	4.76198E-5	20999.641572	17.604319	1.076917	0	0
39.32254	0	0	36.59819	7.877915	34.164396	7.877915	1.205555E+14	4.746957E-5	21066.10204	17.62371	1.07482	0	0
0	0	0	36.504821	7.975952	34.040446	7.975952	1.13534E+14	4.730683E-5	21138.573902	17.60152	1.073672	0	0
0	0	0	36.41142	8.067758	33.91838	8.067758	1.069158E+14	4.711733E-5	21223.59503	17.614384	1.071971	0	0
0	0	0	36.319668	8.154114	33.799648	8.154114	1.007872E+14	4.696308E-5	21293.304935	17.593874	1.070982	0	0
0	0	0	36.229468	8.235463	33.684013	8.235463	9.510236E+13	4.684419E-5	21347.350339	17.594296	1.069636	0	0
0	0	0	36.139611	8.311692	33.5703	8.311692	8.975569E+13	4.670954E-5	21408.888748	17.604448	1.068132	0	0
0	0	0	36.050408	8.383629	33.458564	8.383629	8.474328E+13	4.6586E-5	21465.66216	17.596803	1.067024	0	0
0	0	0	35.961351	8.452527	33.34791	8.452527	8.001659E+13	4.649688E-5	21506.810925	17.623352	1.0656	0	0
0	0	0	35.872622	8.515289	33.239476	8.515289	7.556789E+13	4.631874E-5	21589.525595	17.61437	1.06469	0	0
0	0	0	35.784741	8.574616	33.132952	8.574616	7.140424E+13	4.615825E-5	21664.591558	17.619749	1.063819	0	0
0	0	0	35.69758	8.630518	33.028205	8.630518	6.750007E+13	4.600314E-5	21737.636844	17.624421	1.062513	0	0
0	0	0	35.61001	8.682852	32.924147	8.682852	6.379147E+13	4.580337E-5	21832.448957	17.61088	1.061682	0	0
0	0	0	35.52146	8.733385	32.81966	8.733385	6.024752E+13	4.561706E-5	21921.61788	17.643357	1.059427	0	0
0	0	0	35.434853	8.779719	32.718419	8.779719	5.697103E+13	4.540596E-5	22023.535109	17.606285	1.058833	0	0
0	0	0	35.346075	8.82466	32.615426	8.82466	5.379643E+13	4.518165E-5	22132.873103	17.627001	1.056934	0	0
0	0	0	35.261314	8.866814	32.517325	8.866814	5.093006E+13	4.504664E-5	22199.210634	17.602265	1.055628	0	0
0	0	0	35.17626	8.90619	32.419785	8.90619	4.820666E+13	4.486416E-5	22289.504943	17.595914	1.054243	0	0
0	0	0	35.093019	8.943686	32.324644	8.943686	4.568187E+13	4.473895E-5	22351.884393	17.605713	1.051868	0	0
0	0	0	35.009157	8.977899	32.229894	8.977899	4.32715E+13	4.4503E-5	22470.394541	17.588863	1.050365	0	0
0	0	0	34.926471	9.010927	32.13669	9.010927	4.101906E+13	4.433209E-5	22557.019182	17.617375	1.047832	0	0
0	0	0	34.844814	9.0418	32.045183	9.0418	3.89094E+13	4.415105E-5	22649.513937	17.596209	1.046684	0	0
0	0	0	34.764529	9.071231	31.955497	9.071231	3.694069E+13	4.401136E-5	22721.4048	17.605976	1.045022	0	0
0	0	0	34.683885	9.098614	31.866083	9.098614	3.506316E+13	4.381101E-5	22825.312603	17.615961	1.042767	0	0
0	0	0	34.605511	9.124594	31.779381	9.124594	3.332972E+13	4.366473E-5	22901.775477	17.606981	1.041421	0	0
0	0	0	34.526501	9.149569	31.692349	9.149569	3.166871E+13	4.351745E-5	22979.284289	17.640383	1.038691	0	0
0	0	0	34.447751	9.172744	31.606136	9.172744	3.009537E+13	4.332113E-5	23083.423417	17.613143	1.037543	0	0
0	0	0	34.369901	9.194895	31.52114	9.194895	2.861665E+13	4.315308E-5	23173.318257	17.638837	1.035209	0	0
0	0	0	34.292834	9.215595	31.437379	9.215595	2.722424E+13	4.296427E-5	23275.15421	17.618377	1.033942	0	0
0	0	0	34.215081	9.235429	31.353196	9.235429	2.588794E+13	4.276264E-5	23384.898034	17.615971	1.03228	0	0
0	0	0	34.138962	9.254738	31.270815	9.254738	2.464315E+13	4.264443E-5	23449.719616	17.621669	1.030223	0	0
0	0	0	34.062793	9.272753	31.188784	9.272753	2.345735E+13	4.247935E-5	23540.848299	17.611126	1.028561	0	0
0	0	0	33.98602	9.289499	31.106539	9.289499	2.231978E+13	4.224459E-5	23671.669333	17.632955	1.026503	0	0
0	0	0	33.909836	9.305742	31.025039	9.305742	2.124537E+13	4.205326E-5	23779.37095	17.617619	1.025078	0	0
0	0	0	33.833863	9.321117	30.944021	9.321117	2.022538E+13	4.184894E-5	23895.46896	17.630877	1.023298	0	0
0	0	0	33.75874	9.335941	30.864025	9.335941	1.926487E+13	4.168322E-5	23990.471122	17.634326	1.021438	0	0
0	0	0	33.68463	9.349889	30.785316	9.349889	1.836196E+13	4.151478E-5	24087.805728	17.617102	1.020251	0	0
0	0	0	33.609719	9.363785	30.705819	9.363785	1.749223E+13	4.140177E-5	24153.554484	17.639179	1.017955	0	0
0	0	0	33.535331	9.376512	30.627208	9.376512	1.666929E+13	4.122333E-5	24258.108039	17.627363	1.016214	0	0
0	0	0	33.461401	9.388349	30.549332	9.388349	1.588972E+13	4.100579E-5	24386.799596	17.6414	1.014117	0	0
0	0	0	33.388107	9.3999	30.472183	9.3999	1.515282E+13	4.083853E-5	24486.677043	17.638085	1.012217	0	0
0	0	0	33.314994	9.411222	30.395285	9.411222	1.445173E+13	4.071951E-5	24558.249844	17.620025	1.010595	0	0
0	0	0	33.241079	9.421798	30.317814	9.421798	1.37759E+13	4.053632E-5	24669.234621	17.636773	1.0083	0	0
0	0	0	33.167263	9.431521	30.240706	9.431521	1.313248E+13	4.02853E-5	24822.950417	17.624751	1.006242	0	0
0	0	0	33.095097	9.441599	30.165143	9.441599	1.253247E+13	4.021626E-5	24865.561351	17.637384	1.004066	0	0
0	0	0	33.021591	9.450601	30.088569	9.450601	1.194947E+13	3.999152E-5	25005.302183	17.644038	1.001731	0	0
0	0	0	32.947611	9.459461	30.011563	9.459461	1.139006E+13	3.980088E-5	25125.072207	17.635693	1.000148	0	0
0	0	0	32.874906	9.467636	29.936048	9.467636	1.08658E+13	3.957981E-5	25265.407327	17.649023	0.997972	0	0
0	0	0	32.801939	9.475353	29.860413	9.475353	1.036388E+13	3.932664E-5	25428.056013	17.617516	0.996943	0	0
0	0	0	32.730344	9.483742	29.785945	9.483742	9.893934E+12	3.932727E-5	25427.649716	17.655178	0.994212	0	0
0	0	0	32.657688	9.490803	29.710824	9.490803	9.438778E+12	3.908099E-5	25587.889837	17.642301	0.992471	0	0
0	0	0	32.585995	9.497818	29.636684	9.497818	9.010173E+12	3.891679E-5	25695.849989	17.653662	0.990572	0	0
0	0	0	32.514743	9.504137	29.563202	9.504137	8.603477E+12	3.866391E-5	25863.913058	17.660072	0.988633	0	0
0	0	0	32.442708	9.510682	29.488863	9.510682	8.210951E+12	3.851396E-5	25964.609289	17.641934	0.987248	0	0
0	0	0	32.37059	9.516864	29.414554	9.516864	7.835908E+12	3.833873E-5	26083.284769	17.658119	0.985388	0	0
0	0	0	32.298881	9.52279	29.340734	9.52279	7.479965E+12	3.817429E-5	26195.638089	17.637834	0.983607	0	0
0	0	0	32.225816	9.528495	29.265622	9.528495	7.133908E+12	3.798397E-5	26326.894095	17.65423	0.98151	0	0
0	0	0	32.154156	9.533787	29.192048	9.533787	6.810052E+12	3.777636E-5	26471.581086	17.661791	0.979254	0	0
0	0	0	32.081614	9.538856	29.117657	9.538856	6.497173E+12	3.7545E-5	26634.707301	17.648277	0.97775	0	0
0	0	0	32.009742	9.543607	29.044037	9.543607	6.201354E+12	3.729446E-5	26813.63726	17.661103	0.975772	0	0
0	0	0	31.938474	9.548178	28.97108	9.548178	5.921318E+12	3.706185E-5	26981.922025	17.625754	0.974506	0	0
0	0	0	31.863874	9.552614	28.894819	9.552614	5.641719E+12	3.67664E-5	27198.74526	17.65608	0.971973	0	0
0	0	0	31.790547	9.557238	28.819779	9.557238	5.379758E+12	3.663203E-5	27298.510839	17.648245	0.970113	0	0
0	0	0	31.718708	9.561171	28.746445	9.561171	5.134904E+12	3.635202E-5	27508.784446	17.664346	0.967857	0	0
0	0	0	31.645986	9.565359	28.672146	9.565359	4.898387E+12	3.620722E-5	27618.802102	17.668014	0.966077	0	0
0	0	0	31.573607	9.568864	28.598404	9.568864	4.673799E+12	3.587109E-5	27877.602059	17.651029	0.964494	0	0
0	0	0	31.501963	9.572768	28.525275	9.572768	4.461631E+12	3.577012E-5	27956.29677	17.670606	0.962199	0	0
0	0	0	31.432133	9.57581	28.454234	9.57581	4.264102E+12	3.541686E-5	28235.143442	17.646903	0.960537	0	0
0	0	0	31.361453	9.57933	28.382192	9.57933	4.073071E+12	3.530071E-5	28328.043965	17.665916	0.958479	0	0
0	0	0	31.289695	9.582542	28.309163	9.582542	3.887876E+12	3.508755E-5	28500.135217	17.67253	0.956342	0	0
0	0	0	31.218361	9.585414	28.236666	9.585414	3.712121E+12	3.478624E-5	28747.002777	17.653721	0.954957	0	0
0	0	0	31.146146	9.588033	28.163362	9.588033	3.542283E+12	3.43972E-5	29072.132672	17.677117	0.952662	0	0
0	0	0	31.074241	9.591085	28.090235	9.591085	3.380893E+12	3.427753E-5	29173.633059	17.644902	0.951593	0	0
0	0	0	31.002074	9.593806	28.016948	9.593806	3.226308E+12	3.404877E-5	29369.635597	17.665954	0.949219	0	0
0	0	0	30.93061	9.596441	27.944393	9.596441	3.080192E+12	3.384805E-5	29543.79802	17.661428	0.947399	0	0
0	0	0	30.859555	9.599257	27.872192	9.599257	2.94147E+12	3.381424E-5	29573.336407	17.669254	0.945499	0	0
0	0	0	30.787699	9.601392	27.799398	9.601392	2.807537E+12	3.344455E-5	29900.23922	17.684119	0.94356	0	0
0	0	0	30.715173	9.603326	27.725995	9.603326	2.678537E+12	3.299039E-5	30311.854001	17.661554	0.942294	0	0
0	0	0	30.64348	9.606033	27.653188	9.606033	2.556845E+12	3.306213E-5	30246.086861	17.677695	0.940316	0	0
0	0	0	30.571559	9.608283	27.580293	9.608283	2.440318E+12	3.292008E-5	30376.600423	17.667815	0.938535	0	0
0	0	0	30.499066	9.609948	27.507006	9.609948	2.328237E+12	3.244683E-5	30819.649771	17.66446	0.936992	0	0
0	0	0	30.426213	9.611677	27.433338	9.611677	2.220786E+12	3.204962E-5	31201.616791	17.692334	0.934538	0	0
0	0	0	30.352822	9.61348	27.359106	9.61348	2.117552E+12	3.173665E-5	31509.310979	17.663943	0.93339	0	0
0	0	0	30.279398	9.615453	27.284788	9.615453	2.019073E+12	3.159167E-5	31653.914293	17.691711	0.930937	0	0
0	0	0	30.204879	9.617118	27.209468	9.617118	1.923808E+12	3.126169E-5	31988.037204	17.657188	0.929908	0	0
0	0	0	30.130148	9.619048	27.133851	9.619048	1.832784E+12	3.11756E-5	32076.363873	17.671311	0.927811	0	0
0	0	0	30.055776	9.620818	27.058646	9.620818	1.746474E+12	3.103865E-5	32217.896821	17.668472	0.925911	0	0
0	0	0	29.980588	9.621993	26.982805	9.621993	1.663346E+12	3.046788E-5	32821.447494	17.655355	0.924408	0	0
0	0	0	29.905759	9.623667	26.90717	9.623667	1.584543E+12	3.035022E-5	32948.690443	17.695784	0.921677	0	0
0	0	0	29.829705	9.625107	26.830378	9.625107	1.508275E+12	3.007131E-5	33254.290425	17.662432	0.92053	0	0
0	0	0	29.752704	9.62711	26.752459	9.62711	1.434795E+12	3.033217E-5	32968.294626	17.679418	0.91867	0	0
0	0	0	29.676339	9.628028	26.675518	9.628028	1.365459E+12	2.968783E-5	33683.839515	17.666232	0.91677	0	0
0	0	0	29.599125	9.629255	26.597628	9.629255	1.298757E+12	2.935266E-5	34068.458392	17.664988	0.915267	0	0
0	0	0	29.521193	9.630555	26.518993	9.630555	1.234737E+12	2.912546E-5	34334.217773	17.692031	0.912615	0	0
0	0	0	29.44344	9.631707	26.440585	9.631707	1.17401E+12	2.88081E-5	34712.463129	17.664207	0.911626	0	0
0	0	0	29.363286	9.632976	26.35973	9.632976	1.114532E+12	2.861827E-5	34942.714366	17.6973	0.909291	0	0
0	0	0	29.282674	9.633873	26.278532	9.633873	1.057753E+12	2.808187E-5	35610.160015	17.662831	0.907946	0	0
0	0	0	29.201475	9.634546	26.196813	9.634546	1.003483E+12	2.73379E-5	36579.259385	17.672867	0.906244	0	0
0	0	0	29.119883	9.636144	26.114413	9.636144	9.517561E+11	2.764251E-5	36176.165831	17.669129	0.904345	0	0
0	0	0	29.037377	9.636541	26.031468	9.636541	9.021596E+11	2.664003E-5	37537.496301	17.668936	0.902643	0	0
0	0	0	28.954152	9.638064	25.947451	9.638064	8.547488E+11	2.696776E-5	37081.316774	17.694346	0.900427	0	0
0	0	0	28.870568	9.639182	25.863199	9.639182	8.096407E+11	2.689746E-5	37178.236817	17.670335	0.899042	0	0
0	0	0	28.785334	9.639887	25.77742	9.639887	7.660926E+11	2.632862E-5	37981.481043	17.695291	0.896945	0	0
0	0	0	28.700116	9.640761	25.691605	9.640761	7.248944E+11	2.60266E-5	38422.231292	17.672367	0.895639	0	0
0	0	0	28.613787	9.641571	25.604695	9.641571	6.854176E+11	2.567328E-5	38951.009906	17.672385	0.893937	0	0
0	0	0	28.526021	9.642265	25.516377	9.642265	6.474865E+11	2.518472E-5	39706.613574	17.691573	0.891603	0	0
0	0	0	28.43605	9.643308	25.425737	9.643308	6.107802E+11	2.521578E-5	39657.700468	17.669034	0.890099	0	0
0	0	0	28.345475	9.64399	25.334604	9.64399	5.759288E+11	2.477028E-5	40370.965993	17.697846	0.887843	0	0
0	0	0	28.253086	9.644704	25.24164	9.644704	5.424276E+11	2.439676E-5	40989.046669	17.670644	0.886538	0	0
0	0	0	28.160485	9.644856	25.148638	9.644856	5.108047E+11	2.31997E-5	43104.006296	17.688504	0.88448	0	0
0	0	0	28.065009	9.645985	25.052446	9.645985	4.801291E+11	2.352533E-5	42507.372341	17.678944	0.882857	0	0
0	0	0	27.962428	9.6467	24.949249	9.6467	4.492203E+11	2.316803E-5	43162.9203	17.668635	0.881314	0	0
0	0	0	27.86344	9.647574	24.849611	9.647574	4.212821E+11	2.321776E-5	43070.480513	17.694433	0.87894	0	0
0	0	0	27.764288	9.647895	24.749981	9.647895	3.950396E+11	2.233438E-5	44774.018471	17.670456	0.877476	0	0
0	0	0	27.663732	9.648173	24.648955	9.648173	3.700943E+11	2.140414E-5	46719.926614	17.686465	0.875616	0	0
0	0	0	27.562409	9.649216	24.546919	9.649216	3.465515E+11	2.192694E-5	45605.994652	17.678743	0.873875	0	0
0	0	0	27.458814	9.649696	24.442779	9.649696	3.240287E+11	2.142949E-5	46664.673343	17.667677	0.872727	0	0
0	0	0	27.351561	9.650314	24.334923	9.650314	3.022514E+11	2.122583E-5	47112.412866	17.694679	0.870194	0	0
0	0	0	27.244357	9.650359	24.227296	9.650359	2.819467E+11	1.988853E-5	50280.225889	17.665917	0.869047	0	0
0	0	0	27.134817	9.650764	24.117211	9.650764	2.626078E+11	1.931149E-5	51782.649088	17.703343	0.866554	0	0
0	0	0	27.023251	9.651648	24.004944	9.651648	2.442741E+11	1.979525E-5	50517.181399	17.67344	0.865367	0	0
0	0	0	26.909775	9.65201	23.890921	9.65201	2.269388E+11	1.919459E-5	52098.00389	17.67401	0.863705	0	0
0	0	0	26.793603	9.652299	23.774215	9.652299	2.104655E+11	1.844246E-5	54222.712893	17.683725	0.861805	0	0
0	0	0	26.675258	9.652502	23.655355	9.652502	1.949131E+11	1.752498E-5	57061.403712	17.656961	0.860658	0	0
0	0	0	26.553549	9.653194	23.532965	9.653194	1.801163E+11	1.77698E-5	56275.258318	17.70139	0.857927	0	0
0	0	0	26.429242	9.65378	23.408001	9.65378	1.661626E+11	1.786398E-5	55978.555299	17.672142	0.856582	0	0
0	0	0	26.302502	9.654079	23.280683	9.654079	1.53048E+11	1.724368E-5	57992.250941	17.680037	0.855197	0	0
0	0	0	26.173638	9.65425	23.151273	9.65425	1.407745E+11	1.630959E-5	61313.601829	17.683458	0.85306	0	0
0	0	0	26.04069	9.654645	23.017695	9.654645	1.291427E+11	1.600381E-5	62485.107879	17.660204	0.85211	0	0
0	0	0	25.905652	9.654646	22.882141	9.654646	1.183114E+11	1.466511E-5	68189.077803	17.692462	0.849577	0	0
0	0	0	25.767575	9.6552	22.743363	9.6552	1.081751E+11	1.486167E-5	67287.170167	17.655154	0.84843	0	0
0	0	0	25.62486	9.655552	22.599993	9.655552	9.861002E+10	1.454956E-5	68730.615745	17.699034	0.845818	0	0
0	0	0	25.478795	9.655776	22.4533	9.655776	8.969566E+10	1.388931E-5	71997.842066	17.665073	0.844631	0	0
0	0	0	25.329203	9.655979	22.303073	9.655979	8.140064E+10	1.319589E-5	75781.172422	17.675019	0.843048	0	0
0	0	0	25.177879	9.656203	22.151101	9.656203	7.37898E+10	1.261514E-5	79269.843426	17.681348	0.841109	0	0
0	0	0	25.021817	9.656395	21.994384	9.656395	6.668534E+10	1.196061E-5	83607.779316	17.656205	0.839843	0	0
0	0	0	24.862914	9.657076	21.83466	9.657076	6.015387E+10	1.306088E-5	76564.532876	17.69714	0.837469	0	0
0	0	0	24.699584	9.657119	21.670693	9.657119	5.410653E+10	1.190798E-5	83977.332736	17.662674	0.836083	0	0
0	0	0	24.530782	9.657428	21.50115	9.657428	4.849469E+10	1.181786E-5	84617.724504	17.681513	0.834501	0	0
0	0	0	24.358125	9.657472	21.32782	9.657472	4.335634E+10	1.07275E-5	93218.347832	17.673765	0.832482	0	0
0	0	0	24.179898	9.657409	21.148932	9.657409	3.862262E+10	9.349338E-6	106959.442477	17.651446	0.831651	0	0
0	0	0	23.998191	9.658121	20.966308	9.658121	3.432817E+10	1.10164E-5	90773.75343	17.679953	0.829198	0	0
0	0	0	23.814786	9.658133	20.782198	9.658133	3.047762E+10	9.83201E-6	101708.600346	17.644123	0.828248	0	0
0	0	0	23.627085	9.658091	20.593793	9.658091	2.698367E+10	8.541023E-6	117081.994862	17.70033	0.825241	0	0
0	0	0	23.435626	9.658368	20.401517	9.658368	2.383212E+10	8.619335E-6	116018.230773	17.65046	0.824529	0	0
0	0	0	23.241849	9.658644	20.206912	9.658644	2.1017E+10	8.865304E-6	112799.284631	17.673063	0.822629	0	0
0	0	0	23.044951	9.659187	20.009092	9.659187	1.849694E+10	1.15732E-5	86406.523663	17.66789	0.821007	0	0
0	0	0	22.843741	9.658518	19.807324	9.658518	1.623358E+10	6.364394E-6	157124.154758	17.641191	0.819899	0	0
0	0	0	22.638267	9.659294	19.600822	9.659294	1.420782E+10	9.829125E-6	101738.458624	17.683669	0.817208	0	0
0	0	0	22.430801	9.659379	19.392537	9.659379	1.241878E+10	9.381058E-6	106597.786837	17.645567	0.816258	0	0
0	0	0	22.220509	9.659114	19.181525	9.659114	1.083514E+10	6.367959E-6	157036.179716	17.67893	0.813963	0	0
0	0	0	22.008943	9.659199	18.969124	9.659199	9.445637E+9	5.978372E-6	167269.611586	17.660189	0.812499	0	0
0	0	0	21.794959	9.659529	18.754219	9.659529	8.22142E+9	7.403444E-6	135072.274202	17.651907	0.811232	0	0
0	0	0	21.577268	9.659529	18.535696	9.659529	7.138677E+9	6.430763E-6	155502.531682	17.663045	0.809175	0	0
0	0	0	21.357093	9.659965	18.314543	9.659965	6.188554E+9	1.264511E-5	79081.982008	17.631191	0.808146	0	0
0	0	0	21.136886	9.659912	18.093512	9.659912	5.364774E+9	9.499366E-6	105270.185378	17.680437	0.805534	0	0
0	0	0	20.913248	9.659965	17.869003	9.659965	4.640312E+9	9.492978E-6	105341.016622	17.642991	0.804268	0	0
0	0	0	20.686997	9.660008	17.641875	9.660008	4.006884E+9	9.361037E-6	106825.771611	17.654494	0.802883	0	0
0	0	0	20.453771	9.659753	17.407838	9.659753	3.444302E+9	4.354776E-6	229632.920651	17.653359	0.800983	0	0
0	0	0	20.221787	9.660019	17.174884	9.660019	2.963095E+9	7.183712E-6	139203.796248	17.624877	0.800034	0	0
0	0	0	19.992677	9.660114	16.944869	9.660114	2.553875E+9	9.248597E-6	108124.506184	17.660745	0.797659	0	0
0	0	0	19.759598	9.660306	16.71084	9.660306	2.195511E+9	0.000602	1661.332431	17.631824	0.796235	0	0
0	0	0	19.527712	9.660423	16.47803	9.660423	1.888894E+9	-1.159478E-5	-86245.734006	17.658263	0.794494	0	0
0	0	0	19.295139	9.66038	16.244583	9.66038	1.624374E+9	-1.584781E-5	-63100.214962	17.648663	0.792594	0	0
0	0	0	19.061015	9.660603	16.009494	9.660603	1.395493E+9	-3.320019E-6	-301203.066187	17.628762	0.791921	0	0
0	0	0	18.825077	9.660571	15.772665	9.660571	1.197452E+9	-3.19304E-6	-313181.217436	17.657472	0.789705	0	0
0	0	0	18.589434	9.660688	15.536085	9.660688	1.027712E+9	-1.897822E-6	-526919.810997	17.609112	0.788954	0	0
0	0	0	18.354052	9.660603	15.299831	9.660603	8.821829E+8	-2.097724E-6	-476707.050258	17.661555	0.786302	0	0
0	0	0	18.117641	9.66072	15.062479	9.66072	7.567558E+8	-1.289132E-6	-775715.879906	17.629953	0.784878	0	0
0	0	0	17.879825	9.660582	14.823799	9.660582	6.485704E+8	-1.661372E-6	-601912.203707	17.634566	0.783493	0	0
0	0	0	17.642924	9.660614	14.585983	9.660614	5.561811E+8	-1.276198E-6	-783577.644618	17.635526	0.781751	0	0
0	0	0	17.406463	9.660922	14.348522	9.660922	4.770892E+8	-5.454834E-7	-1833236.365187	17.615016	0.780525	0	0
0	0	0	17.169333	9.660625	14.11058	9.660625	4.090668E+8	-9.070142E-7	-1102518.530459	17.646327	0.778625	0	0
0	0	0	16.932155	9.66072	13.872465	9.66072	3.507317E+8	-5.972949E-7	-1674214.939564	17.60742	0.777319	0	0
0	0	0	16.689977	9.660795	13.629339	9.660795	2.997421E+8	-4.324447E-7	-2312434.248206	17.651111	0.775064	0	0
0	0	0	16.451328	9.660837	13.389765	9.660837	2.567524E+8	-3.40668E-7	-2935408.991409	17.627031	0.773521	0	0
0	0	0	16.215832	9.660625	13.153436	9.660625	2.203785E+8	-4.885501E-7	-2046872.813059	17.613335	0.772729	0	0
0	0	0	15.979796	9.660805	12.916442	9.660805	1.890916E+8	-2.669609E-7	-3745867.10276	17.64437	0.770157	0	0
0	0	0	15.745558	9.66072	12.681336	9.66072	1.624357E+8	-2.765887E-7	-3615477.255978	17.584031	0.76988	0	0
0	0	0	15.512348	9.660954	12.447161	9.660954	1.396306E+8	-1.517469E-7	-6589921.33834	17.646711	0.766991	0	0
0	0	0	15.279841	9.661018	12.213746	9.661018	1.200819E+8	-1.18782E-7	-8418784.089222	17.587705	0.766398	0	0
0	0	0	15.046778	9.660933	11.97982	9.660933	1.032329E+8	-1.160038E-7	-8620410.832732	17.635309	0.764063	0	0
0	0	0	14.814581	9.661145	11.746668	9.661145	8.879786E+7	-7.446248E-8	-1.342958E+7	17.604179	0.763074	0	0
0	0	0	14.58459	9.661326	11.515741	9.661326	7.649062E+7	-5.276179E-8	-1.895311E+7	17.598771	0.761926	0	0
0	0	0	14.355121	9.660986	11.285503	9.660986	6.591149E+7	-6.826131E-8	-1.464959E+7	17.623329	0.759908	0	0
0	0	0	14.124329	9.661145	11.053779	9.661145	5.674679E+7	-4.758515E-8	-2.101496E+7	17.574797	0.759314	0	0
0	0	0	13.89535	9.660912	10.824	9.660912	4.89139E+7	-5.68983E-8	-1.757522E+7	17.632539	0.756782	0	0
0	0	0	13.667253	9.661262	10.59492	9.661262	4.218633E+7	-3.104291E-8	-3.221348E+7	17.588478	0.755713	0	0
0	0	0	13.439712	9.661028	10.366584	9.661028	3.639718E+7	-3.547108E-8	-2.819198E+7	17.618671	0.754209	0	0
0	0	0	13.211419	9.661198	10.137365	9.661198	3.138716E+7	-2.474952E-8	-4.040482E+7	17.609735	0.752508	0	0
0	0	0	12.979189	9.661007	9.904309	9.661007	2.699773E+7	-2.711017E-8	-3.688653E+7	17.580017	0.751993	0	0
0	0	0	12.748413	9.660965	9.672665	9.660965	2.324406E+7	-2.485109E-8	-4.023968E+7	17.615229	0.74958	0	0
0	0	0	12.521444	9.661113	9.444781	9.661113	2.006176E+7	-1.748825E-8	-5.718124E+7	17.561606	0.749184	0	0
0	0	0	12.29369	9.66123	9.21612	9.66123	1.730634E+7	-1.317485E-8	-7.590218E+7	17.622031	0.746572	0	0
0	0	0	12.067079	9.661135	8.988675	9.661135	1.494044E+7	-1.268915E-8	-7.880749E+7	17.569773	0.745979	0	0
0	0	0	11.841155	9.661177	8.761874	9.661177	1.290372E+7	-1.042354E-8	-9.593667E+7	17.599437	0.744237	0	0
0	0	0	11.615182	9.661018	8.535088	9.661018	1.11443E+7	-1.102316E-8	-9.071806E+7	17.581274	0.742932	0	0
0	0	0	11.388179	9.661517	8.307059	9.661517	9618348	-5.585229E-9	-1.790437E+8	17.558984	0.742101	0	0
0	0	0	11.160997	9.661389	8.07905	9.661389	8300375	-5.387951E-9	-1.855993E+8	17.596143	0.739726	0	0
0	0	0	10.934567	9.661081	7.851853	9.661081	7166491	-6.504518E-9	-1.537393E+8	17.556233	0.739014	0	0
0	0	0	10.708511	9.661315	7.62486	9.661315	6189011	-4.314E-9	-2.318034E+8	17.596095	0.736996	0	0
0	0	0	10.480758	9.661432	7.396199	9.661432	5338969	-3.334635E-9	-2.998829E+8	17.567733	0.735927	0	0
0	0	0	10.251713	9.661039	7.166405	9.661039	4601824	-4.419511E-9	-2.262694E+8	17.567268	0.73478	0	0
0	0	0	10.022767	9.661559	6.936418	9.661559	3966708	-2.225203E-9	-4.493971E+8	17.57483	0.73288	0	0
0	0	0	9.793004	9.660922	6.705981	9.660922	3417435	-3.906438E-9	-2.559877E+8	17.544171	0.732128	0	0
0	0	0	9.56151	9.661135	6.473534	9.661135	2940916	-2.497756E-9	-4.003594E+8	17.59333	0.729596	0	0
0	0	0	9.326128	9.661071	6.237273	9.661071	2524467	-2.32318E-9	-4.304445E+8	17.538879	0.729161	0	0
0	0	0	9.084163	9.661432	5.994269	9.661432	2157755	-1.347698E-9	-7.420058E+8	17.577477	0.727222	0	0
0	0	0	8.845742	9.661464	5.754927	9.661464	1848559	-1.12275E-9	-8.906706E+8	17.550397	0.726153	0	0
0	0	0	8.60644	9.661464	5.514711	9.661464	1582763	-9.613143E-10	-1.040242E+9	17.545289	0.724887	0	0
0	0	0	8.365422	9.661379	5.2728	9.661379	1353678	-8.874153E-10	-1.126868E+9	17.560986	0.723146	0	0
0	0	0	8.121955	9.661251	5.028443	9.661251	1155911	-8.601454E-10	-1.162594E+9	17.51934	0.722433	0	0
0	0	0	7.877082	9.66123	4.782642	9.66123	986138	-7.507168E-10	-1.33206E+9	17.570285	0.720138	0	0
0	0	0	7.627701	9.66122	4.532312	9.66122	838844	-6.460273E-10	-1.547922E+9	17.543191	0.719109	0	0
0	0	0	7.374253	9.661559	4.277786	9.661559	711670	-3.992251E-10	-2.504853E+9	17.53618	0.718318	0	0
0	0	0	7.119384	9.661326	4.022018	9.661326	603220	-4.160808E-10	-2.403379E+9	17.547196	0.71626	0	0
0	0	0	6.860431	9.661474	3.762028	9.661474	509943	-3.06901E-10	-3.25838E+9	17.504912	0.715944	0	0
0	0	0	6.596414	9.661464	3.497007	9.661464	429677	-2.609706E-10	-3.83185E+9	17.56564	0.713094	0	0
0	0	0	6.329653	9.661379	3.229254	9.661379	361400	-2.369188E-10	-4.220855E+9	17.510478	0.712936	0	0
0	0	0	6.061553	9.660954	2.960266	9.660954	303709	-3.300421E-10	-3.029916E+9	17.560839	0.71072	0	0
0	0	0	5.790659	9.661326	2.688218	9.661326	254766	-1.75729E-10	-5.690581E+9	17.534316	0.709731	0	0
0	0	0	5.521677	9.661411	2.418181	9.661411	213974	-1.362191E-10	-7.341113E+9	17.51241	0.709177	0	0
0	0	0	5.257611	9.661081	2.153212	9.661081	180289	-1.636352E-10	-6.111156E+9	17.545336	0.706882	0	0
0	0	0	5.007136	9.660997	1.901807	9.660997	153251	-1.562616E-10	-6.399523E+9	17.490956	0.706565	0	0
0	0	0	4.766674	9.661273	1.660338	9.661273	131117	-9.541916E-11	-1.048008E+10	17.553633	0.704112	0	0
0	0	0	4.537907	9.661411	1.430653	9.661411	113034	-7.195917E-11	-1.389677E+10	17.507647	0.703478	0	0
0	0	0	4.320967	9.661273	1.212929	9.661273	98196	-7.146121E-11	-1.399361E+10	17.533163	0.702173	0	0
0	0	0	4.112226	9.661453	1.003333	9.661453	85760	-5.257067E-11	-1.902201E+10	17.528833	0.700669	0	0
0	0	0	3.913287	9.661464	0.80363	9.661464	75377	-4.578131E-11	-2.184298E+10	17.485876	0.700352	0	0
0	0	0	3.722613	9.661294	0.612282	9.661294	66607	-4.742817E-11	-2.108452E+10	17.542138	0.697701	0	0
0	0	0	3.541543	9.661549	0.430439	9.661549	59226	-3.350837E-11	-2.984329E+10	17.471005	0.697859	0	0
0	0	0	3.368461	9.661177	0.256816	9.661177	52936	-4.276118E-11	-2.338569E+10	17.543097	0.695129	0	0
0	0	0	3.203645	9.661188	0.091366	9.661188	47568	-3.796101E-11	-2.634282E+10	17.489292	0.694733	0	0
0	0	0	3.045885	9.661273	-0.067024	9.661273	42941	-3.124991E-11	-3.20001E+10	17.50339	0.693467	0	0
0	0	0	2.894577	9.661166	-0.218875	9.661166	38926	-3.183311E-11	-3.141384E+10	17.501296	0.691924	0	0
0	0	0	2.749444	9.661443	-0.364652	9.661443	35429	-2.19212E-11	-4.561793E+10	17.465745	0.691488	0	0
0	0	0	2.611792	9.661304	-0.502785	9.661304	32402	-2.282624E-11	-4.380922E+10	17.531907	0.688916	0	0
0	0	0	2.479825	9.661623	-0.63536	9.661623	29744	-1.587693E-11	-6.298445E+10	17.463841	0.688758	0	0
0	0	0	2.355208	9.661527	-0.760422	9.661527	27434	-1.579173E-11	-6.332429E+10	17.5189	0.6867	0	0
0	0	0	2.235099	9.661432	-0.880958	9.661432	25378	-1.585067E-11	-6.30888E+10	17.489019	0.685632	0	0
0	0	0	2.120022	9.661644	-0.996544	9.661644	23552	-1.237189E-11	-8.082837E+10	17.469386	0.685078	0	0
0	0	0	2.009697	9.661251	-1.107163	9.661251	21925	-1.631499E-11	-6.129331E+10	17.491391	0.682941	0	0
0	0	0	1.903669	9.661581	-1.213702	9.661581	20468	-1.129027E-11	-8.857187E+10	17.443311	0.682585	0	0
0	0	0	1.796579	9.661081	-1.32104	9.661081	19095	-1.733114E-11	-5.769962E+10	17.509283	0.679973	0	0
0	0	0	1.698849	9.661474	-1.41927	9.661474	17922	-1.078607E-11	-9.27122E+10	17.441465	0.679933	0	0
0	0	0	1.606673	9.661347	-1.511757	9.661347	16882	-1.140655E-11	-8.766893E+10	17.482588	0.678153	0	0
0	0	0	1.517551	9.661103	-1.601141	9.661103	15933	-1.407466E-11	-7.104967E+10	17.43749	0.677322	0	0
0	0	0	1.431549	9.661379	-1.68756	9.661379	15069	-9.878609E-12	-1.012288E+11	17.439475	0.676214	0	0
0	0	0	1.352212	9.661697	-1.767304	9.661697	14313	-7.23127E-12	-1.382883E+11	17.463768	0.674156	0	0
0	0	0	1.275211	9.661506	-1.844538	9.661506	13615	-7.976082E-12	-1.253748E+11	17.433712	0.673325	0	0
0	0	0	1.201852	9.661612	-1.918211	9.661612	12982	-6.986032E-12	-1.431428E+11	17.479537	0.671584	0	0
0	0	0	1.131449	9.660912	-1.988656	9.660912	12403	-1.442725E-11	-6.931327E+10	17.425219	0.671109	0	0
0	0	0	1.06353	9.661538	-2.057037	9.661538	11868	-6.772547E-12	-1.476549E+11	17.454836	0.669486	0	0
0	0	0	0.998338	9.66157	-2.122488	9.66157	11377	-6.328434E-12	-1.58017E+11	17.433071	0.668339	0	0
0	0	0	0.936594	9.661676	-2.184503	9.661676	10930	-5.607831E-12	-1.783221E+11	17.423775	0.667231	0	0
0	0	0	0.879275	9.661145	-2.241869	9.661145	10531	-8.830621E-12	-1.132423E+11	17.466039	0.664975	0	0
0	0	0	0.822218	9.661443	-2.299239	9.661443	10149	-6.279553E-12	-1.59247E+11	17.416486	0.664777	0	0
0	0	0	0.76936	9.661623	-2.352359	9.661623	9806	-5.234307E-12	-1.910473E+11	17.458308	0.66264	0	0
0	0	0	0.717726	9.661389	-2.404114	9.661389	9484	-6.156254E-12	-1.624364E+11	17.389987	0.662601	0	0
0	0	0	0.669049	9.661315	-2.452953	9.661315	9189	-6.405107E-12	-1.561254E+11	17.418739	0.660701	0	0
0	0	0	0.623034	9.661241	-2.49912	9.661241	8919	-6.712446E-12	-1.48977E+11	17.404772	0.659554	0	0
0	0	0	0.577836	9.661283	-2.544504	9.661283	8661	-6.234316E-12	-1.604025E+11	17.393873	0.658485	0	0
0	0	0	0.536052	9.661496	-2.586516	9.661496	8429	-4.982125E-12	-2.007176E+11	17.429016	0.656467	0	0
0	0	0	0.495836	9.661304	-2.626824	9.661304	8212	-5.785109E-12	-1.728576E+11	17.37096	0.65623	0	0
0	0	0	0.455882	9.661018	-2.666838	9.661018	8002	-7.914986E-12	-1.263426E+11	17.415927	0.65437	0	0
0	0	0	0.419798	9.661368	-2.703173	9.661368	7817	-5.175837E-12	-1.932055E+11	17.379948	0.65346	0	0
0	0	0	0.384418	9.661612	-2.738768	9.661612	7640	-4.11133E-12	-2.432303E+11	17.385142	0.652391	0	0
0	0	0	0.350131	9.661315	-2.773089	9.661315	7471	-5.207591E-12	-1.920274E+11	17.410913	0.650334	0	0
0	0	0	0.318524	9.661432	-2.804855	9.661432	7320	-4.571949E-12	-2.187251E+11	17.376999	0.649661	0	0
0	0	0	0.288158	9.661379	-2.83532	9.661379	7177	-4.704943E-12	-2.125424E+11	17.430302	0.647564	0	0
0	0	0	0.258723	9.661411	-2.864878	9.661411	7041	-4.482408E-12	-2.230944E+11	17.360903	0.647524	0	0
0	0	0	0.230251	9.661379	-2.893447	9.661379	6913	-4.531875E-12	-2.206592E+11	17.392327	0.645862	0	0
0	0	0	0.203495	9.661506	-2.920347	9.661506	6794	-3.980132E-12	-2.512479E+11	17.365941	0.644675	0	0
0	0	0	0.179941	9.661241	-2.943906	9.661241	6691	-5.035651E-12	-1.98584E+11	17.360814	0.643527	0	0
0	0	0	0.155602	9.661262	-2.968344	9.661262	6586	-4.84626E-12	-2.063447E+11	17.397619	0.641509	0	0
0	0	0	0.132521	9.661358	-2.991544	9.661358	6488	-4.339344E-12	-2.304496E+11	17.34366	0.641272	0	0
0	0	0	0.110045	9.66157	-3.014175	9.66157	6394	-3.55665E-12	-2.811634E+11	17.381584	0.639491	0	0
0	0	0	0.089969	9.661113	-3.034179	9.661113	6311	-5.50139E-12	-1.817722E+11	17.332715	0.638937	0	0
0	0	0	0.070695	9.661443	-3.053634	9.661443	6233	-3.856582E-12	-2.592969E+11	17.356901	0.637631	0	0
0	0	0	0.052563	9.661538	-3.071866	9.661538	6160	-3.515242E-12	-2.844754E+11	17.366237	0.63585	0	0
0	0	0	0.036441	9.660986	-3.087871	9.660986	6096	-6.313152E-12	-1.583995E+11	17.342281	0.635178	0	0
0	0	0	0.02125	9.660912	-3.103096	9.660912	6036	-7.021115E-12	-1.424275E+11	17.38865	0.633199	0	0
0	0	0	0.00645	9.661145	-3.118028	9.661145	5978	-5.012767E-12	-1.994906E+11	17.315795	0.633159	0	0
0	0	0	-0.006895	9.661708	-3.131606	9.661708	5927	-2.971746E-12	-3.365025E+11	17.364502	0.63122	0	0
0	0	0	-0.019179	9.661411	-3.14384	9.661411	5880	-3.743298E-12	-2.671441E+11	17.317239	0.630389	0	0
0	0	0	-0.030923	9.6614	-3.155626	9.6614	5835	-3.750778E-12	-2.666114E+11	17.343321	0.629004	0	0
0	0	0	-0.040757	9.661644	-3.165576	9.661644	5798	-3.045696E-12	-3.283321E+11	17.349632	0.627422	0	0
0	0	0	-0.049708	9.661389	-3.17448	9.661389	5765	-3.742177E-12	-2.672242E+11	17.311896	0.627026	0	0
0	0	0	-0.058953	9.661421	-3.183771	9.661421	5730	-3.613005E-12	-2.767779E+11	17.357124	0.624889	0	0
0	0	0	-0.066565	9.661241	-3.191353	9.661241	5702	-4.291329E-12	-2.33028E+11	17.286388	0.62477	0	0
0	0	0	-0.0747	9.661506	-3.199605	9.661506	5672	-3.322831E-12	-3.009482E+11	17.338119	0.62291	0	0
0	0	0	-0.081953	9.661273	-3.20681	9.661273	5645	-4.108095E-12	-2.434218E+11	17.302731	0.622	0	0
0	0	0	-0.088617	9.661559	-3.213592	9.661559	5621	-3.153208E-12	-3.171373E+11	17.32008	0.620813	0	0
0	0	0	-0.095069	9.661527	-3.220059	9.661527	5597	-3.22178E-12	-3.103875E+11	17.333643	0.618834	0	0
0	0	0	-0.101179	9.661517	-3.226188	9.661517	5575	-3.237311E-12	-3.088984E+11	17.262668	0.61927	0	0
0	0	0	-0.105916	9.660954	-3.230761	9.660954	5558	-6.039906E-12	-1.655655E+11	17.334633	0.616539	0	0
0	0	0	-0.110571	9.661389	-3.235575	9.661389	5541	-3.596774E-12	-2.780269E+11	17.249204	0.616975	0	0
0	0	0	-0.115798	9.661581	-3.240884	9.661581	5523	-3.046518E-12	-3.282436E+11	17.321447	0.614679	0	0
0	0	0	-0.120127	9.661474	-3.245195	9.661474	5507	-3.314299E-12	-3.017229E+11	17.272994	0.614125	0	0
0	0	0	-0.123149	9.66123	-3.248149	9.66123	5497	-4.184697E-12	-2.389659E+11	17.292775	0.61278	0	0
0	0	0	-0.126448	9.661591	-3.251578	9.661591	5485	-3.000515E-12	-3.332761E+11	17.303416	0.61096	0	0
0	0	0	-0.128702	9.661527	-3.25382	9.661527	5477	-3.152705E-12	-3.17188E+11	17.249581	0.610999	0	0
0	0	0	-0.1321	9.661039	-3.257073	9.661039	5465	-5.24848E-12	-1.905313E+11	17.304385	0.608942	0	0
0	0	0	-0.134387	9.661443	-3.259499	9.661443	5457	-3.376443E-12	-2.961696E+11	17.225445	0.608862	0	0
0	0	0	-0.13651	9.661559	-3.261668	9.661559	5449	-3.056721E-12	-3.271479E+11	17.300378	0.606528	0	0
0	0	0	-0.138225	9.661612	-3.263407	9.661612	5443	-2.929054E-12	-3.414072E+11	17.253269	0.605894	0	0
0	0	0	-0.140333	9.661474	-3.265478	9.661474	5436	-3.271569E-12	-3.056637E+11	17.253307	0.605063	0	0
0	0	0	-0.141868	9.661432	-3.267005	9.661432	5430	-3.391487E-12	-2.948559E+11	17.268824	0.602966	0	0
0	0	0	-0.143208	9.661772	-3.26846	9.661772	5425	-2.60163E-12	-3.843744E+11	17.209828	0.603283	0	0
0	0	0	-0.14391	9.661358	-3.269031	9.661358	5423	-3.627044E-12	-2.757066E+11	17.265996	0.600908	0	0
0	0	0	-0.144678	9.661326	-3.269791	9.661326	5420	-3.738533E-12	-2.674846E+11	17.188317	0.600908	0	0
0	0	0	-0.145837	9.661304	-3.270949	9.661304	5416	-3.815411E-12	-2.62095E+11	17.261804	0.598534	0	0
0	0	0	-0.145984	9.661602	-3.271192	9.661602	5416	-2.938449E-12	-3.403156E+11	17.203419	0.598099	0	0
0	0	0	-0.146017	9.66157	-3.271215	9.66157	5415	-3.012083E-12	-3.319961E+11	17.209823	0.597189	0	0
0	0	0	-0.146507	9.661464	-3.271672	9.661464	5414	-3.288271E-12	-3.041112E+11	17.228888	0.595448	0	0
0	0	0	-0.147063	9.661559	-3.272261	9.661559	5412	-3.035966E-12	-3.293845E+11	17.17842	0.595408	0	0
0	0	0	-0.147749	9.661007	-3.272771	9.661007	5409	-5.431467E-12	-1.841123E+11	17.245759	0.593034	0	0
0	0	0	-0.147193	9.661273	-3.272299	9.661273	5411	-3.937804E-12	-2.539486E+11	17.194968	0.592361	0	0
0	0	0	-0.148157	9.661379	-3.273301	9.661379	5408	-3.54526E-12	-2.820668E+11	17.22859	0.591016	0	0
0	0	0	-0.148631	9.661623	-3.273856	9.661623	5406	-2.885648E-12	-3.465426E+11	17.197156	0.590184	0	0
0	0	0	-0.148549	9.661474	-3.273725	9.661474	5407	-3.254116E-12	-3.073031E+11	17.191935	0.589235	0	0
0	0	0	-0.148663	9.661464	-3.273837	9.661464	5406	-3.283412E-12	-3.045612E+11	17.206109	0.587612	0	0
0	0	0	-0.148565	9.661676	-3.273807	9.661676	5407	-2.774158E-12	-3.604698E+11	17.139498	0.587731	0	0
0	0	0	-0.148663	9.661347	-3.273799	9.661347	5406	-3.652636E-12	-2.737748E+11	17.211982	0.58504	0	0
0	0	0	-0.148484	9.661644	-3.273715	9.661644	5407	-2.840304E-12	-3.52075E+11	17.155034	0.584724	0	0
0	0	0	-0.149039	9.661485	-3.274221	9.661485	5405	-3.223559E-12	-3.102161E+11	17.187285	0.583141	0	0
0	0	0	-0.149219	9.661443	-3.274387	9.661443	5404	-3.34365E-12	-2.990743E+11	17.147922	0.582666	0	0
0	0	0	-0.149431	9.661676	-3.274676	9.661676	5403	-2.772105E-12	-3.607366E+11	17.136769	0.581914	0	0
0	0	0	-0.149415	9.661443	-3.274584	9.661443	5404	-3.34365E-12	-2.990743E+11	17.167298	0.580094	0	0
0	0	0	-0.149513	9.66123	-3.274614	9.66123	5403	-4.113138E-12	-2.431234E+11	17.123409	0.579579	0	0
0	0	0	-0.149807	9.661464	-3.274985	9.661464	5402	-3.280983E-12	-3.047867E+11	17.15891	0.577996	0	0
0	0	0	-0.150248	9.661294	-3.275372	9.661294	5401	-3.845835E-12	-2.600215E+11	17.129296	0.577007	0	0
0	0	0	-0.150542	9.661283	-3.275664	9.661283	5400	-3.887E-12	-2.572678E+11	17.134133	0.576137	0	0
0	0	0	-0.150738	9.661283	-3.275861	9.661283	5399	-3.88628E-12	-2.573155E+11	17.139511	0.574831	0	0
0	0	0	-0.150493	9.661347	-3.275635	9.661347	5400	-3.648582E-12	-2.74079E+11	17.087991	0.574672	0	0
0	0	0	-0.151457	9.661315	-3.276593	9.661315	5396	-3.761231E-12	-2.658704E+11	17.153299	0.572219	0	0
0	0	0	-0.151832	9.661485	-3.277025	9.661485	5395	-3.217595E-12	-3.107911E+11	17.086298	0.572179	0	0
0	0	0	-0.151685	9.661549	-3.276898	9.661549	5396	-3.052902E-12	-3.275572E+11	17.137508	0.570359	0	0
0	0	0	-0.15211	9.661358	-3.277262	9.661358	5394	-3.607648E-12	-2.771889E+11	17.092674	0.569845	0	0
0	0	0	-0.152486	9.661549	-3.277701	9.661549	5393	-3.051204E-12	-3.277394E+11	17.091292	0.568895	0	0
0	0	0	-0.152845	9.661209	-3.277952	9.661209	5391	-4.200772E-12	-2.380515E+11	17.100871	0.567431	0	0
0	0	0	-0.153678	9.660986	-3.278716	9.660986	5388	-5.579931E-12	-1.792137E+11	17.063797	0.566837	0	0
0	0	0	-0.153662	9.661496	-3.278865	9.661496	5389	-3.185274E-12	-3.139448E+11	17.121847	0.564819	0	0
0	0	0	-0.153237	9.661071	-3.278301	9.661071	5390	-4.960226E-12	-2.016037E+11	17.06014	0.564621	0	0
0	0	0	-0.153907	9.661464	-3.2791	9.661464	5388	-3.272479E-12	-3.055787E+11	17.090953	0.563355	0	0
0	0	0	-0.153629	9.661496	-3.278832	9.661496	5389	-3.185274E-12	-3.139448E+11	17.077756	0.562247	0	0
0	0	0	-0.153825	9.661251	-3.27895	9.661251	5388	-4.009358E-12	-2.494165E+11	17.04533	0.56193	0	0
0	0	0	-0.154266	9.661156	-3.279361	9.661156	5387	-4.4606E-12	-2.241851E+11	17.104156	0.559596	0	0
0	0	0	-0.154331	9.661315	-3.279478	9.661315	5386	-3.754261E-12	-2.66364E+11	17.027507	0.559833	0	0
0	0	0	-0.154511	9.661825	-3.279824	9.661825	5386	-2.492501E-12	-4.012034E+11	17.10591	0.557419	0	0
0	0	0	-0.154478	9.661517	-3.279691	9.661517	5386	-3.127561E-12	-3.197379E+11	17.033317	0.557419	0	0
0	0	0	-0.15425	9.661411	-3.279427	9.661411	5387	-3.429446E-12	-2.915923E+11	17.065251	0.556074	0	0
0	0	0	-0.154201	9.661103	-3.279279	9.661103	5387	-4.758689E-12	-2.101419E+11	17.031433	0.555243	0	0
0	0	0	-0.154838	9.661283	-3.279976	9.661283	5384	-3.875483E-12	-2.580324E+11	17.003573	0.554649	0	0
0	0	0	-0.15456	9.661336	-3.279715	9.661336	5386	-3.67671E-12	-2.719823E+11	17.050897	0.552512	0	0
0	0	0	-0.154152	9.661538	-3.27937	9.661538	5387	-3.074125E-12	-3.252958E+11	16.992679	0.552393	0	0
0	0	0	-0.154266	9.661379	-3.279434	9.661379	5387	-3.531493E-12	-2.831664E+11	17.057792	0.550375	0	0
0	0	0	-0.154168	9.661135	-3.279256	9.661135	5387	-4.575239E-12	-2.185678E+11	16.990376	0.550257	0	0
0	0	0	-0.154005	9.66157	-3.279233	9.66157	5387	-2.996508E-12	-3.337217E+11	17.00122	0.549386	0	0
0	0	0	-0.154037	9.6614	-3.279211	9.6614	5387	-3.4628E-12	-2.887836E+11	17.016688	0.547487	0	0
0	0	0	-0.153531	9.661166	-3.278627	9.661166	5389	-4.407044E-12	-2.269095E+11	16.965327	0.547684	0	0
0	0	0	-0.152927	9.661358	-3.278082	9.661358	5391	-3.605642E-12	-2.773432E+11	17.048379	0.544954	0	0
0	0	0	-0.153792	9.661411	-3.278968	9.661411	5388	-3.430083E-12	-2.915381E+11	16.958172	0.545627	0	0
0	0	0	-0.153564	9.661347	-3.278718	9.661347	5389	-3.64115E-12	-2.746385E+11	17.040144	0.543371	0	0
0	0	0	-0.153482	9.661113	-3.278561	9.661113	5389	-4.69767E-12	-2.128715E+11	16.947713	0.54349	0	0
0	0	0	-0.153547	9.661156	-3.27864	9.661156	5389	-4.462256E-12	-2.241019E+11	16.98314	0.542026	0	0
0	0	0	-0.152894	9.661294	-3.278029	9.661294	5391	-3.838715E-12	-2.605039E+11	16.964059	0.540878	0	0
0	0	0	-0.153694	9.661347	-3.278849	9.661347	5388	-3.640475E-12	-2.746895E+11	16.937347	0.540166	0	0
0	0	0	-0.153433	9.661347	-3.278587	9.661347	5390	-3.641826E-12	-2.745875E+11	16.988727	0.538385	0	0
0	0	0	-0.153482	9.661188	-3.278585	9.661188	5389	-4.30062E-12	-2.325246E+11	16.916575	0.538464	0	0
0	0	0	-0.153368	9.661294	-3.278504	9.661294	5390	-3.838003E-12	-2.605522E+11	16.974726	0.536565	0	0
0	0	0	-0.153384	9.661474	-3.278579	9.661474	5390	-3.243885E-12	-3.082724E+11	16.904714	0.536209	0	0
0	0	0	-0.15358	9.661336	-3.278731	9.661336	5389	-3.678758E-12	-2.718309E+11	16.92706	0.535219	0	0
0	0	0	-0.1534	9.66123	-3.278516	9.66123	5390	-4.103241E-12	-2.437098E+11	16.937252	0.533439	0	0
0	0	0	-0.153188	9.661379	-3.278351	9.661379	5390	-3.53346E-12	-2.830087E+11	16.898599	0.533439	0	0
0	0	0	-0.153743	9.661304	-3.278885	9.661304	5388	-3.795686E-12	-2.63457E+11	16.966121	0.531262	0	0
0	0	0	-0.153531	9.661474	-3.278727	9.661474	5389	-3.243283E-12	-3.083296E+11	16.866779	0.531856	0	0
0	0	0	-0.154152	9.661411	-3.279329	9.661411	5387	-3.429446E-12	-2.915923E+11	16.937356	0.52964	0	0
0	0	0	-0.154135	9.661782	-3.279433	9.661782	5387	-2.564797E-12	-3.898944E+11	16.868273	0.529402	0	0
0	0	0	-0.154593	9.661612	-3.279837	9.661612	5386	-2.89838E-12	-3.450203E+11	16.895526	0.528057	0	0
0	0	0	-0.154838	9.661729	-3.280121	9.661729	5384	-2.659145E-12	-3.760607E+11	16.898938	0.526632	0	0
0	0	0	-0.155148	9.661474	-3.28035	9.661474	5383	-3.239672E-12	-3.086732E+11	16.871409	0.526474	0	0
0	0	0	-0.155573	9.661453	-3.280769	9.661453	5382	-3.299153E-12	-3.031081E+11	16.902396	0.524851	0	0
0	0	0	-0.155181	9.661124	-3.280269	9.661124	5383	-4.631356E-12	-2.159195E+11	16.827674	0.524891	0	0
0	0	0	-0.155606	9.661581	-3.280843	9.661581	5382	-2.968742E-12	-3.36843E+11	16.88023	0.523031	0	0
0	0	0	-0.155916	9.662005	-3.281292	9.662005	5381	-2.225307E-12	-4.493762E+11	16.832512	0.522438	0	0
0	0	0	-0.156292	9.661559	-3.281525	9.661559	5379	-3.017454E-12	-3.314053E+11	16.863765	0.521092	0	0
0	0	0	-0.156177	9.661379	-3.281352	9.661379	5380	-3.526904E-12	-2.835348E+11	16.862073	0.519945	0	0
0	0	0	-0.156488	9.661135	-3.281585	9.661135	5379	-4.568445E-12	-2.188929E+11	16.810233	0.520063	0	0
0	0	0	-0.156994	9.661474	-3.282203	9.661474	5377	-3.236061E-12	-3.090177E+11	16.859701	0.518006	0	0
0	0	0	-0.156863	9.661166	-3.281972	9.661166	5378	-4.398049E-12	-2.273736E+11	16.775788	0.518164	0	0
0	0	0	-0.156994	9.66174	-3.282289	9.66174	5377	-2.63599E-12	-3.793641E+11	16.851186	0.515829	0	0
0	0	0	-0.156716	9.66175	-3.282013	9.66175	5378	-2.617069E-12	-3.821069E+11	16.80035	0.515473	0	0
0	0	0	-0.156831	9.661209	-3.281953	9.661209	5378	-4.190642E-12	-2.386269E+11	16.818959	0.514523	0	0
0	0	0	-0.156733	9.661814	-3.28205	9.661814	5378	-2.506348E-12	-3.989869E+11	0	0	0	0
0	0	0	-0.157321	9.661251	-3.282459	9.661251	5376	-4.000429E-12	-2.499732E+11	0	0	0	0
0	0	0	-0.15737	9.661432	-3.282566	9.661432	5376	-3.357759E-12	-2.978176E+11	0	0	0	0
0	0	0	-0.157043	9.661262	-3.282183	9.661262	5377	-3.956626E-12	-2.527406E+11	0	0	0	0
0	0	0	-0.157141	9.661602	-3.282392	9.661602	5376	-2.916747E-12	-3.428477E+11	0	0	0	0
0	0	0	-0.157517	9.661729	-3.28281	9.661729	5375	-2.6547E-12	-3.766903E+11	0	0	0	0
0	0	0	-0.156847	9.661612	-3.2821	9.661612	5378	-2.894075E-12	-3.455336E+11	0	0	0	0
0	0	0	-0.156749	9.661655	-3.282015	9.661655	5378	-2.802794E-12	-3.567869E+11	0	0	0	0
0	0	0	-0.156798	9.661358	-3.281968	9.661358	5378	-3.596947E-12	-2.780136E+11	0	0	0	0
0	0	0	-0.156422	9.661443	-3.281619	9.661443	5379	-3.328182E-12	-3.004644E+11	0	0	0	0
0	0	0	-0.156602	9.661241	-3.281734	9.661241	5378	-4.047487E-12	-2.470669E+11	0	0	0	0
0	0	0	-0.156422	9.66123	-3.28155	9.66123	5379	-4.094867E-12	-2.442082E+11	0	0	0	0
0	0	0	-0.156226	9.661145	-3.281326	9.661145	5380	-4.511323E-12	-2.216645E+11	0	0	0	0
0	0	0	-0.156292	9.661411	-3.281477	9.661411	5379	-3.424353E-12	-2.920259E+11	0	0	0	0
0	0	0	-0.155916	9.661443	-3.28111	9.661443	5381	-3.329419E-12	-3.003527E+11	0	0	0	0
0	0	0	-0.156406	9.66122	-3.28153	9.66122	5379	-4.142582E-12	-2.413953E+11	0	0	0	0
0	0	0	-0.1559	9.661421	-3.281087	9.661421	5381	-3.392946E-12	-2.947292E+11	0	0	0	0
0	0	0	-0.155883	9.661506	-3.281098	9.661506	5381	-3.152354E-12	-3.172233E+11	0	0	0	0
0	0	0	-0.15541	9.661421	-3.280595	9.661421	5383	-3.394207E-12	-2.946196E+11	0	0	0	0
0	0	0	-0.156112	9.661145	-3.281211	9.661145	5380	-4.511323E-12	-2.216645E+11	0	0	0	0
0	0	0	-0.155687	9.661485	-3.280894	9.661485	5382	-3.209842E-12	-3.115418E+11	0	0	0	0
0	0	0	-0.155736	9.661676	-3.281005	9.661676	5382	-2.761331E-12	-3.621442E+11	0	0	0	0
0	0	0	-0.155916	9.661241	-3.281045	9.661241	5381	-4.049745E-12	-2.469292E+11	0	0	0	0
0	0	0	-0.1559	9.661304	-3.281049	9.661304	5381	-3.790754E-12	-2.637997E+11	0	0	0	0
0	0	0	-0.15572	9.661273	-3.280859	9.661273	5382	-3.9167E-12	-2.55317E+11	0	0	0	0
0	0	0	-0.156406	9.661209	-3.281527	9.661209	5379	-4.191422E-12	-2.385825E+11	0	0	0	0
0	0	0	-0.156243	9.661177	-3.281352	9.661177	5380	-4.345911E-12	-2.301013E+11	0	0	0	0
0	0	0	-0.1559	9.661443	-3.281094	9.661443	5381	-3.329419E-12	-3.003527E+11	0	0	0	0
0	0	0	-0.156161	9.661538	-3.281387	9.661538	5380	-3.07013E-12	-3.257191E+11	0	0	0	0
0	0	0	-0.156308	9.661453	-3.281507	9.661453	5379	-3.297314E-12	-3.032772E+11	0	0	0	0
0	0	0	-0.156978	9.661379	-3.282155	9.661379	5377	-3.524937E-12	-2.83693E+11	0	0	0	0
0	0	0	-0.156847	9.661421	-3.282038	9.661421	5378	-3.391054E-12	-2.948936E+11	0	0	0	0
0	0	0	-0.157076	9.661432	-3.282271	9.661432	5377	-3.358384E-12	-2.977623E+11	0	0	0	0
0	0	0	-0.157272	9.661379	-3.282451	9.661379	5376	-3.524282E-12	-2.837457E+11	0	0	0	0
0	0	0	-0.157631	9.661506	-3.282853	9.661506	5375	-3.148839E-12	-3.175774E+11	0	0	0	0
0	0	0	-0.157549	9.661644	-3.282815	9.661644	5375	-2.823494E-12	-3.541711E+11	0	0	0	0
0	0	0	-0.15786	9.661453	-3.283065	9.661453	5374	-3.294249E-12	-3.035593E+11	0	0	0	0
0	0	0	-0.158415	9.661549	-3.283653	9.661549	5372	-3.039323E-12	-3.290206E+11	0	0	0	0
0	0	0	-0.15835	9.66191	-3.283705	9.66191	5372	-2.354155E-12	-4.247808E+11	0	0	0	0
0	0	0	-0.158235	9.661389	-3.283421	9.661389	5373	-3.487722E-12	-2.867201E+11	0	0	0	0
0	0	0	-0.158464	9.661538	-3.283699	9.661538	5372	-3.065565E-12	-3.262042E+11	0	0	0	0
0	0	0	-0.158235	9.66122	-3.283366	9.66122	5373	-4.137961E-12	-2.416649E+11	0	0	0	0
0	0	0	-0.158725	9.661432	-3.283927	9.661432	5371	-3.354636E-12	-2.980949E+11	0	0	0	0
0	0	0	-0.158889	9.661326	-3.284057	9.661326	5370	-3.704044E-12	-2.699752E+11	0	0	0	0
0	0	0	-0.158676	9.661432	-3.283878	9.661432	5371	-3.354636E-12	-2.980949E+11	0	0	0	0
0	0	0	-0.159052	9.661538	-3.284289	9.661538	5370	-3.064424E-12	-3.263256E+11	0	0	0	0
0	0	0	-0.158872	9.661559	-3.284116	9.661559	5370	-3.012405E-12	-3.319607E+11	0	0	0	0
0	0	0	-0.159199	9.661474	-3.284416	9.661474	5369	-3.231246E-12	-3.094781E+11	0	0	0	0
0	0	0	-0.158987	9.661666	-3.284265	9.661666	5370	-2.776729E-12	-3.601359E+11	0	0	0	0
0	0	0	-0.158905	9.661389	-3.284094	9.661389	5370	-3.485774E-12	-2.868803E+11	0	0	0	0
0	0	0	-0.158921	9.661634	-3.284189	9.661634	5370	-2.843467E-12	-3.516834E+11	0	0	0	0
0	0	0	-0.159575	9.661517	-3.284807	9.661517	5368	-3.117109E-12	-3.208101E+11	0	0	0	0
0	0	0	-0.159232	9.66122	-3.284367	9.66122	5369	-4.13488E-12	-2.41845E+11	0	0	0	0
0	0	0	-0.159019	9.661527	-3.284253	9.661527	5370	-3.091113E-12	-3.235081E+11	0	0	0	0
0	0	0	-0.158938	9.66191	-3.284295	9.66191	5370	-2.353279E-12	-4.24939E+11	0	0	0	0
0	0	0	-0.158382	9.661623	-3.283645	9.661623	5372	-2.867499E-12	-3.48736E+11	0	0	0	0
0	0	0	-0.158725	9.661379	-3.28391	9.661379	5371	-3.521004E-12	-2.840099E+11	0	0	0	0
0	0	0	-0.158039	9.661379	-3.283221	9.661379	5373	-3.522315E-12	-2.839042E+11	0	0	0	0
0	0	0	-0.15848	9.661506	-3.283705	9.661506	5372	-3.147081E-12	-3.177547E+11	0	0	0	0
0	0	0	-0.158252	9.661241	-3.28339	9.661241	5373	-4.043724E-12	-2.472968E+11	0	0	0	0
0	0	0	-0.157827	9.661623	-3.283087	9.661623	5374	-2.868567E-12	-3.486062E+11	0	0	0	0
0	0	0	-0.157484	9.661443	-3.282684	9.661443	5375	-3.325707E-12	-3.00688E+11	0	0	0	0
0	0	0	-0.157664	9.661156	-3.282772	9.661156	5375	-4.450664E-12	-2.246856E+11	0	0	0	0
0	0	0	-0.157108	9.661443	-3.282307	9.661443	5376	-3.326326E-12	-3.00632E+11	0	0	0	0
0	0	0	-0.157337	9.661443	-3.282537	9.661443	5376	-3.326326E-12	-3.00632E+11	0	0	0	0
0	0	0	-0.156994	9.661676	-3.282268	9.661676	5377	-2.758766E-12	-3.62481E+11	0	0	0	0
0	0	0	-0.157125	9.661623	-3.282382	9.661623	5376	-2.869634E-12	-3.484765E+11	0	0	0	0
0	0	0	-0.157321	9.661336	-3.282486	9.661336	5376	-3.669883E-12	-2.724882E+11	0	0	0	0
0	0	0	-0.156569	9.661517	-3.28179	9.661517	5379	-3.123497E-12	-3.20154E+11	0	0	0	0
0	0	0	-0.157076	9.661432	-3.282271	9.661432	5377	-3.358384E-12	-2.977623E+11	0	0	0	0
0	0	0	-0.157419	9.661358	-3.282591	9.661358	5375	-3.59494E-12	-2.781687E+11	0	0	0	0
0	0	0	-0.157108	9.661708	-3.282393	9.661708	5376	-2.695479E-12	-3.709915E+11	0	0	0	0
0	0	0	-0.157402	9.661719	-3.282692	9.661719	5376	-2.675185E-12	-3.738059E+11	0	0	0	0
0	0	0	-0.157631	9.661527	-3.282859	9.661527	5375	-3.093991E-12	-3.232072E+11	0	0	0	0
0	0	0	-0.157468	9.661347	-3.282637	9.661347	5375	-3.631691E-12	-2.753538E+11	0	0	0	0
0	0	0	-0.157925	0	-0.157925	0	5374	0	0	0	0	0	0
0	0	0	-0.157958	0	-0.157958	0	5374	0	0	0	0	0	0
