Vload_(V)	ILoad_(A)	RsLoad (ohm)	SunsVoc_Voltage_(V)	SunsVoc_Current_(A)	Model_Voltage_(V)	Model_Current_(A)	Carrier_Density_(cm-3)	Lifetime_(s)	Inverse_Lifetime_(s-1)	Efficiency_(%)	Intensity_(suns)	Dark_IV_Voltage_(V)	Dark_IV_Current_(A)
5.545453	9.590868	0	39.50082	-1.52925	39.999418	-1.52925	7.542555E+14	4.760375E-5	21005.805438	17.315099	1.15461	0	0
5.59432	9.589393	1.665541	39.450836	-1.119432	39.815888	-1.119432	7.314573E+14	4.793133E-5	20862.294178	17.278444	1.152547	0	0
5.836527	9.589945	1.459005	39.351113	-0.436331	39.493459	-0.436331	6.879153E+14	4.814901E-5	20768.073384	17.250906	1.150232	0	0
6.133181	9.588361	1.778481	39.234729	0.278364	39.143876	0.278364	6.402209E+14	4.824979E-5	20724.797885	17.27898	1.148196	0	0
7.769849	9.579391	2.040824	39.116401	0.929716	38.812816	0.929716	5.949783E+14	4.821226E-5	20741.024929	17.308458	1.147561	0	0
10.248082	9.573929	1.875726	39.007694	1.496093	38.518958	1.496093	5.561272E+14	4.821713E-5	20739.001804	17.303114	1.146953	0	0
12.882438	9.563374	1.706413	38.899118	2.030386	38.235558	2.030386	5.197618E+14	4.824885E-5	20725.43542	17.265274	1.145868	0	0
15.306457	9.564158	1.44682	38.788401	2.535106	37.95953	2.535106	4.850426E+14	4.824674E-5	20726.397195	17.253254	1.143369	0	0
17.720129	9.556542	1.248247	38.677244	3.010355	37.692556	3.010355	4.524418E+14	4.825419E-5	20723.248966	17.268759	1.139851	0	0
20.11176	9.546947	1.04831	38.566332	3.451513	37.436849	3.451513	4.2203E+14	4.824504E-5	20727.223384	17.276547	1.135223	0	0
22.520075	9.546812	0.796682	38.456318	3.861084	37.192259	3.861084	3.938263E+14	4.823902E-5	20729.846553	17.258171	1.130727	0	0
24.924365	9.543345	0.559697	38.345798	4.2417	36.956528	4.2417	3.673391E+14	4.819622E-5	20748.292921	17.250837	1.126614	0	0
27.320334	9.537095	0.332913	38.236634	4.589607	36.73277	4.589607	3.428817E+14	4.811682E-5	20782.559064	17.274065	1.123202	0	0
28.217935	9.511134	0.315064	38.128597	4.910363	36.518949	4.910363	3.202423E+14	4.801955E-5	20824.681261	17.29326	1.119407	0	0
29.106025	9.455126	0.323703	38.021784	5.209456	36.313376	5.209456	2.992966E+14	4.79424E-5	20858.215534	17.26992	1.114845	0	0
30.002919	9.362636	0.327918	37.916001	5.483403	36.117008	5.483403	2.798748E+14	4.782136E-5	20911.029369	17.260033	1.108986	0	0
30.88719	9.209657	0.332837	37.813093	5.736842	35.930191	5.736842	2.62167E+14	4.774143E-5	20946.054799	17.268739	1.103564	0	0
31.7659	8.977079	0.333528	37.710479	5.975038	35.748609	5.975038	2.456047E+14	4.76717E-5	20976.705672	17.281804	1.0976	0	0
32.633893	8.638649	0.331171	37.60989	6.195137	35.574951	6.195137	2.303675E+14	4.761238E-5	21002.852969	17.28841	1.09198	0	0
33.486482	8.155767	0.330313	37.506966	6.402129	35.403187	6.402129	2.157383E+14	4.748325E-5	21059.980202	17.290788	1.086346	0	0
34.313903	7.518649	0.328606	37.404596	6.595209	35.236501	6.595209	2.020955E+14	4.734742E-5	21120.407205	17.298168	1.081083	0	0
35.127532	6.714717	0.327	37.303077	6.775143	35.074946	6.775143	1.894056E+14	4.721007E-5	21181.863626	17.315355	1.07537	0	0
35.924871	5.749753	0.324441	37.202374	6.940978	34.918805	6.940978	1.775944E+14	4.703635E-5	21260.100378	17.303925	1.069327	0	0
36.68914	4.663938	0.321775	37.104546	7.094292	34.769644	7.094292	1.668171E+14	4.689514E-5	21324.125628	17.30402	1.0629	0	0
37.423075	3.477982	0.323893	37.007665	7.237858	34.62461	7.237858	1.567809E+14	4.676291E-5	21384.425949	17.313749	1.056632	0	0
38.092011	2.27842	0.337625	36.910065	7.371862	34.481964	7.371862	1.472738E+14	4.657995E-5	21468.427073	17.336603	1.050416	0	0
38.640575	1.196479	0.378691	36.8149	7.497151	34.344613	7.497151	1.385532E+14	4.64441E-5	21531.228878	17.342629	1.044677	0	0
31.550527	9.047235	0.332324	36.720518	7.615246	34.210395	7.615246	1.304093E+14	4.63273E-5	21585.517803	17.340389	1.038568	0	0
39.310813	0	0	36.625761	7.726152	34.078139	7.726152	1.227099E+14	4.618479E-5	21652.123059	17.333916	1.032802	0	0
0	0	0	36.530742	7.829349	33.948135	7.829349	1.154416E+14	4.599463E-5	21741.644149	17.327561	1.026626	0	0
0	0	0	36.437537	7.92513	33.822384	7.92513	1.087269E+14	4.581022E-5	21829.17181	17.33106	1.020636	0	0
0	0	0	36.344773	8.01511	33.698972	8.01511	1.024286E+14	4.562089E-5	21919.766724	17.355956	1.014222	0	0
0	0	0	36.252433	8.099777	33.577721	8.099777	9.65188E+13	4.542969E-5	22012.018902	17.354578	1.008231	0	0
0	0	0	36.161482	8.179404	33.459518	8.179404	9.102889E+13	4.52628E-5	22093.186038	17.358458	1.002201	0	0
0	0	0	36.069828	8.254536	33.342072	8.254536	8.581028E+13	4.506685E-5	22189.247078	17.372015	0.996753	0	0
0	0	0	35.978452	8.326455	33.225951	8.326455	8.090343E+13	4.490658E-5	22268.440138	17.378038	0.991053	0	0
0	0	0	35.885884	8.394711	33.109819	8.394711	7.621685E+13	4.471931E-5	22361.69647	17.372809	0.985248	0	0
0	0	0	35.795619	8.457771	32.997718	8.457771	7.190695E+13	4.453854E-5	22452.458211	17.377915	0.979244	0	0
0	0	0	35.706464	8.517107	32.887957	8.517107	6.78881E+13	4.437295E-5	22536.24651	17.37559	0.973597	0	0
0	0	0	35.617424	8.572779	32.779512	8.572779	6.409744E+13	4.418624E-5	22631.472315	17.388591	0.96758	0	0
0	0	0	35.529266	8.624711	32.673184	8.624711	6.05519E+13	4.398577E-5	22734.618046	17.388356	0.962026	0	0
0	0	0	35.442529	8.673722	32.569249	8.673722	5.72541E+13	4.381271E-5	22824.419529	17.3929	0.956379	0	0
0	0	0	35.355335	8.719191	32.466014	8.719191	5.411915E+13	4.3574E-5	22949.459359	17.394428	0.950891	0	0
0	0	0	35.271015	8.762389	32.366429	8.762389	5.125026E+13	4.34157E-5	23033.135692	17.400717	0.945245	0	0
0	0	0	35.186565	8.803054	32.267543	8.803054	4.852876E+13	4.323225E-5	23130.878602	17.410161	0.939466	0	0
0	0	0	35.103291	8.841365	32.170618	8.841365	4.598619E+13	4.306121E-5	23222.75164	17.405261	0.933925	0	0
0	0	0	35.020622	8.877701	32.074951	8.877701	4.35934E+13	4.290044E-5	23309.7825	17.404309	0.928291	0	0
0	0	0	34.937609	8.911418	31.979799	8.911418	4.131554E+13	4.267643E-5	23432.135935	17.407985	0.922724	0	0
0	0	0	34.856116	8.943945	31.886572	8.943945	3.919481E+13	4.252145E-5	23517.539376	17.400423	0.917249	0	0
0	0	0	34.774786	8.974584	31.794129	8.974584	3.718655E+13	4.234843E-5	23613.624128	17.402298	0.911682	0	0
0	0	0	34.693717	9.00362	31.702478	9.00362	3.528686E+13	4.217196E-5	23712.439049	17.403626	0.906141	0	0
0	0	0	34.613514	9.03075	31.61233	9.03075	3.350272E+13	4.197906E-5	23821.39942	17.416778	0.900587	0	0
0	0	0	34.533654	9.05689	31.522852	9.05689	3.181562E+13	4.181661E-5	23913.941262	17.409951	0.895257	0	0
0	0	0	34.452454	9.081457	31.432537	9.081457	3.018709E+13	4.158962E-5	24044.456966	17.411792	0.889663	0	0
0	0	0	34.373084	9.104189	31.344678	9.104189	2.867567E+13	4.135261E-5	24182.269183	17.415502	0.884374	0	0
0	0	0	34.294923	9.126524	31.258169	9.126524	2.726107E+13	4.12036E-5	24269.72493	17.421389	0.879124	0	0
0	0	0	34.21637	9.146916	31.171906	9.146916	2.590954E+13	4.095966E-5	24414.264378	17.411942	0.873847	0	0
0	0	0	34.137604	9.16736	31.085406	9.16736	2.46215E+13	4.080231E-5	24508.413384	17.410885	0.868782	0	0
0	0	0	34.06088	9.186133	31.001526	9.186133	2.342832E+13	4.062582E-5	24614.884976	17.418368	0.863784	0	0
0	0	0	33.983389	9.204039	30.917153	9.204039	2.228178E+13	4.042626E-5	24736.395225	17.423718	0.858494	0	0
0	0	0	33.907253	9.221448	30.834314	9.221448	2.120987E+13	4.029488E-5	24817.04745	17.413507	0.853416	0	0
0	0	0	33.830513	9.237252	30.751395	9.237252	2.018154E+13	4.005479E-5	24965.80504	17.41095	0.848166	0	0
0	0	0	33.753871	9.25278	30.668664	9.25278	1.920421E+13	3.986567E-5	25084.239807	17.403898	0.843273	0	0
0	0	0	33.678045	9.267577	30.587001	9.267577	1.828381E+13	3.969218E-5	25193.878218	17.420309	0.838182	0	0
0	0	0	33.602106	9.281395	30.505546	9.281395	1.740617E+13	3.94741E-5	25333.062972	17.415904	0.833077	0	0
0	0	0	33.526885	9.294744	30.424971	9.294744	1.657832E+13	3.92916E-5	25450.730368	17.408633	0.828092	0	0
0	0	0	33.450684	9.307512	30.343596	9.307512	1.577977E+13	3.90841E-5	25585.851281	17.408515	0.823	0	0
0	0	0	33.376475	9.319381	30.264536	9.319381	1.503905E+13	3.8878E-5	25721.4857	17.41077	0.818055	0	0
0	0	0	33.301156	9.330935	30.184454	9.330935	1.432274E+13	3.867209E-5	25858.439398	17.40792	0.813188	0	0
0	0	0	33.227095	9.341495	30.105976	9.341495	1.365164E+13	3.842084E-5	26027.540131	17.398834	0.808176	0	0
0	0	0	33.153018	9.352305	30.027395	9.352305	1.301181E+13	3.827962E-5	26123.563112	17.380247	0.803495	0	0
0	0	0	33.079414	9.362362	29.949543	9.362362	1.240574E+13	3.810287E-5	26244.74501	17.38484	0.798681	0	0
0	0	0	33.006316	9.371758	29.872423	9.371758	1.183176E+13	3.789832E-5	26386.390364	17.388102	0.793854	0	0
0	0	0	32.93219	9.381377	29.794185	9.381377	1.127679E+13	3.777915E-5	26469.629767	17.36946	0.789213	0	0
0	0	0	32.859108	9.389848	29.717388	9.389848	1.075511E+13	3.754976E-5	26631.328256	17.347421	0.784624	0	0
0	0	0	32.786109	9.398022	29.64077	9.398022	1.025809E+13	3.733258E-5	26786.253226	17.372229	0.779903	0	0
0	0	0	32.712358	9.406175	29.563398	9.406175	9.779257E+12	3.716107E-5	26909.884318	17.360823	0.775459	0	0
0	0	0	32.639261	9.414125	29.486753	9.414125	9.326706E+12	3.703561E-5	27001.037954	17.356868	0.770844	0	0
0	0	0	32.565787	9.421241	29.410007	9.421241	8.892917E+12	3.679442E-5	27178.035589	17.361219	0.766361	0	0
0	0	0	32.492837	9.428224	29.333832	9.428224	8.482164E+12	3.660157E-5	27321.233277	17.360703	0.761958	0	0
0	0	0	32.419952	9.435025	29.257783	9.435025	8.090713E+12	3.643601E-5	27445.379248	17.340201	0.757488	0	0
0	0	0	32.343212	9.441272	29.178017	9.441272	7.698054E+12	3.611543E-5	27688.99605	17.33978	0.752859	0	0
0	0	0	32.268889	9.447576	29.100678	9.447576	7.335928E+12	3.593074E-5	27831.319853	17.335286	0.748509	0	0
0	0	0	32.196576	9.453159	29.025612	9.453159	6.99994E+12	3.567501E-5	28030.823317	17.318028	0.743999	0	0
0	0	0	32.121469	9.458693	28.947735	9.458693	6.667247E+12	3.540202E-5	28246.978041	17.319507	0.73982	0	0
0	0	0	32.04829	9.464324	28.871775	9.464324	6.3583E+12	3.526396E-5	28357.563887	17.33064	0.735602	0	0
0	0	0	31.976074	9.468938	28.797131	9.468938	6.067451E+12	3.492442E-5	28633.258815	17.322551	0.73133	0	0
0	0	0	31.903826	9.473856	28.722351	9.473856	5.789778E+12	3.472678E-5	28796.222883	17.31469	0.726914	0	0
0	0	0	31.832313	9.478583	28.648379	9.478583	5.527441E+12	3.454891E-5	28944.473299	17.301243	0.722682	0	0
0	0	0	31.759624	9.482741	28.573406	9.482741	5.272963E+12	3.422561E-5	29217.884638	17.296354	0.718344	0	0
0	0	0	31.688258	9.487128	28.499695	9.487128	5.034513E+12	3.405985E-5	29360.082026	17.285095	0.714205	0	0
0	0	0	31.615259	9.49104	28.424489	9.49104	4.801753E+12	3.375835E-5	29622.30385	17.286566	0.709934	0	0
0	0	0	31.54355	9.495055	28.350554	9.495055	4.583585E+12	3.357476E-5	29784.278799	17.281316	0.705834	0	0
0	0	0	31.472445	9.498866	28.277298	9.498866	4.37704E+12	3.339011E-5	29948.991797	17.267164	0.701814	0	0
0	0	0	31.400475	9.502573	28.203201	9.502573	4.177454E+12	3.320531E-5	30115.667231	17.256061	0.697741	0	0
0	0	0	31.329158	9.506172	28.129801	9.506172	3.988655E+12	3.305206E-5	30255.29945	17.24702	0.693853	0	0
0	0	0	31.257318	9.509392	28.055999	9.509392	3.807096E+12	3.279397E-5	30493.411328	17.258996	0.68978	0	0
0	0	0	31.184759	9.512737	27.981426	9.512737	3.632105E+12	3.262629E-5	30650.127218	17.239004	0.685866	0	0
0	0	0	31.113083	9.515414	27.90797	9.515414	3.467139E+12	3.224937E-5	31008.361994	17.230661	0.682176	0	0
0	0	0	31.041129	9.518472	27.834105	9.518472	3.309067E+12	3.207907E-5	31172.968786	17.209396	0.678249	0	0
0	0	0	30.968995	9.521528	27.760058	9.521528	3.157831E+12	3.196227E-5	31286.88999	17.206606	0.674519	0	0
0	0	0	30.896959	9.523865	27.686351	9.523865	3.013698E+12	3.156753E-5	31678.117912	17.217627	0.670698	0	0
0	0	0	30.823568	9.526997	27.611004	9.526997	2.873614E+12	3.15759E-5	31669.724636	17.205829	0.666955	0	0
0	0	0	30.751499	9.529218	27.537303	9.529218	2.742392E+12	3.121958E-5	32031.181893	17.189717	0.6632	0	0
0	0	0	30.677455	9.531851	27.461462	9.531851	2.613809E+12	3.108367E-5	32171.229158	17.150222	0.65947	0	0
0	0	0	30.604292	9.533754	27.386759	9.533754	2.492678E+12	3.063093E-5	32646.742978	17.153181	0.655728	0	0
0	0	0	30.532109	9.536111	27.312896	9.536111	2.378672E+12	3.048787E-5	32799.928365	17.163432	0.652223	0	0
0	0	0	30.458897	9.538277	27.238054	9.538277	2.268364E+12	3.02718E-5	33034.046941	17.128252	0.648534	0	0
0	0	0	30.385865	9.540126	27.163501	9.540126	2.163424E+12	2.992316E-5	33418.933319	17.119933	0.644871	0	0
0	0	0	30.313176	9.54246	27.089131	9.54246	2.063796E+12	2.99214E-5	33420.891798	17.137965	0.641194	0	0
0	0	0	30.239997	9.544254	27.014447	9.544254	1.96813E+12	2.963291E-5	33746.264383	17.138979	0.63732	0	0
0	0	0	30.167291	9.545963	26.940271	9.545963	1.877474E+12	2.934372E-5	34078.84648	17.124887	0.63404	0	0
0	0	0	30.094014	9.547302	26.865641	9.547302	1.79033E+12	2.884149E-5	34672.271375	17.087596	0.630337	0	0
0	0	0	30.020312	9.549222	26.790384	9.549222	1.706759E+12	2.876277E-5	34767.171024	17.104453	0.626939	0	0
0	0	0	29.946496	9.55093	26.715083	9.55093	1.626969E+12	2.859075E-5	34976.351933	17.087933	0.623315	0	0
0	0	0	29.871536	9.552522	26.638663	9.552522	1.549758E+12	2.836466E-5	35255.142124	17.063179	0.619798	0	0
0	0	0	29.796168	9.553924	26.561894	9.553924	1.47582E+12	2.803609E-5	35668.307908	17.04778	0.61628	0	0
0	0	0	29.72098	9.555367	26.485293	9.555367	1.405573E+12	2.778744E-5	35987.485078	17.010588	0.61308	0	0
0	0	0	29.64455	9.556959	26.407384	9.556959	1.337592E+12	2.76845E-5	36121.29837	17.034492	0.609364	0	0
0	0	0	29.568431	9.557894	26.330011	9.557894	1.273155E+12	2.70987E-5	36902.135026	17.012259	0.606203	0	0
0	0	0	29.491593	9.559105	26.251818	9.559105	1.211257E+12	2.67638E-5	37363.895116	17.005903	0.602778	0	0
0	0	0	29.415065	9.560653	26.173824	9.560653	1.1526E+12	2.67726E-5	37351.613765	16.980664	0.599353	0	0
0	0	0	29.337132	9.561556	26.094626	9.561556	1.095784E+12	2.623725E-5	38113.751229	16.997174	0.596166	0	0
0	0	0	29.259968	9.562586	26.016163	9.562586	1.042288E+12	2.58648E-5	38662.587551	16.972474	0.592715	0	0
0	0	0	29.182231	9.56351	25.937156	9.56351	9.910354E+11	2.54233E-5	39333.999695	16.93359	0.589462	0	0
0	0	0	29.103041	9.564539	25.856642	9.564539	9.414148E+11	2.50944E-5	39849.523322	16.939866	0.586116	0	0
0	0	0	29.02354	9.565568	25.775814	9.565568	8.940985E+11	2.48024E-5	40318.673791	16.917387	0.582929	0	0
0	0	0	28.943435	9.566681	25.694344	9.566681	8.488274E+11	2.463071E-5	40599.730312	16.90455	0.579636	0	0
0	0	0	28.862415	9.56753	25.612039	9.56753	8.053704E+11	2.421933E-5	41289.337922	16.93223	0.576449	0	0
0	0	0	28.779648	9.568864	25.527799	9.568864	7.632722E+11	2.434559E-5	41075.202778	16.884886	0.573328	0	0
0	0	0	28.696504	9.569427	25.44344	9.569427	7.231982E+11	2.367297E-5	42242.272504	16.897065	0.570154	0	0
0	0	0	28.613459	9.570435	25.35903	9.570435	6.852716E+11	2.353752E-5	42485.356978	16.865606	0.566967	0	0
0	0	0	28.524729	9.571401	25.268879	9.571401	6.469441E+11	2.332411E-5	42874.090563	16.792381	0.563648	0	0
0	0	0	28.436604	9.572219	25.17939	9.572219	6.109996E+11	2.299409E-5	43489.432276	16.838947	0.560699	0	0
0	0	0	28.347074	9.572539	25.088648	9.572539	5.765265E+11	2.207612E-5	45297.815549	16.825864	0.557565	0	0
0	0	0	28.259896	9.573599	25.000035	9.573599	5.44829E+11	2.214223E-5	45162.565025	16.765743	0.554576	0	0
0	0	0	28.172146	9.574225	24.910991	9.574225	5.146832E+11	2.170374E-5	46075.008629	16.779884	0.551429	0	0
0	0	0	28.082289	9.574957	24.819778	9.574957	4.855413E+11	2.141664E-5	46692.673041	16.798259	0.548533	0	0
0	0	0	27.991011	9.57591	24.72705	9.57591	4.576272E+11	2.147268E-5	46570.813687	16.769479	0.545359	0	0
0	0	0	27.897839	9.576019	24.632693	9.576019	4.307881E+11	2.036069E-5	49114.240651	16.719822	0.542397	0	0
0	0	0	27.803163	9.576845	24.536568	9.576845	4.051279E+11	2.027675E-5	49317.564306	16.701316	0.539501	0	0
0	0	0	27.708488	9.576731	24.440765	9.576731	3.809962E+11	1.8915E-5	52868.107487	16.692101	0.536367	0	0
0	0	0	27.612375	9.577642	24.343157	9.577642	3.579678E+11	1.89959E-5	52642.93146	16.679594	0.533431	0	0
0	0	0	27.513909	9.578691	24.24312	9.578691	3.358186E+11	1.935485E-5	51666.648837	16.660089	0.530535	0	0
0	0	0	27.413108	9.578788	24.141043	9.578788	3.145628E+11	1.827552E-5	54718.013484	16.648623	0.527559	0	0
0	0	0	27.311997	9.579413	24.038472	9.579413	2.94593E+11	1.804961E-5	55402.85128	16.62498	0.524597	0	0
0	0	0	27.208125	9.580091	23.933088	9.580091	2.753974E+11	1.79355E-5	55755.356412	16.612797	0.521701	0	0
0	0	0	27.102309	9.580484	23.825833	9.580484	2.571281E+11	1.737924E-5	57539.91111	16.585677	0.518897	0	0
0	0	0	26.994125	9.581036	23.716127	9.581036	2.397022E+11	1.711003E-5	58445.248431	16.581383	0.515935	0	0
0	0	0	26.882657	9.581545	23.60311	9.581545	2.229818E+11	1.678573E-5	59574.403762	16.55733	0.513277	0	0
0	0	0	26.770422	9.581821	23.489397	9.581821	2.073244E+11	1.608399E-5	62173.618666	16.546245	0.510236	0	0
0	0	0	26.655214	9.582468	23.372547	9.582468	1.923951E+11	1.607419E-5	62211.526985	16.526281	0.507511	0	0
0	0	0	26.538095	9.58249	23.253975	9.58249	1.783196E+11	1.493845E-5	66941.350613	16.512839	0.504681	0	0
0	0	0	26.418525	9.5832	23.132688	9.5832	1.650114E+11	1.510271E-5	66213.260574	16.497499	0.501957	0	0
0	0	0	26.296064	9.583772	23.008521	9.583772	1.524102E+11	1.507411E-5	66338.918396	16.473852	0.499193	0	0
0	0	0	26.170451	9.583773	22.881358	9.583773	1.404838E+11	1.389719E-5	71956.976042	16.451252	0.496522	0	0
0	0	0	26.041505	9.584039	22.750731	9.584039	1.29211E+11	1.327928E-5	75305.277804	16.441606	0.493679	0	0
0	0	0	25.909129	9.584791	22.616464	9.584791	1.185786E+11	1.369409E-5	73024.201703	16.396926	0.491193	0	0
0	0	0	25.773715	9.584813	22.479372	9.584813	1.086068E+11	1.258904E-5	79434.176204	16.409704	0.488416	0	0
0	0	0	25.634267	9.585142	22.338091	9.585142	9.92136E+10	1.21608E-5	82231.424147	16.381934	0.485837	0	0
0	0	0	25.493985	9.585798	22.195853	9.585798	9.058383E+10	1.25407E-5	79740.365341	16.363896	0.483033	0	0
0	0	0	25.347839	9.585578	22.04798	9.585578	8.239067E+10	1.093027E-5	91489.076358	16.342051	0.48064	0	0
0	0	0	25.199782	9.586107	21.897914	9.586107	7.484572E+10	1.103365E-5	90631.800906	16.32116	0.477916	0	0
0	0	0	25.045811	9.586478	21.741917	9.586478	6.773139E+10	1.082876E-5	92346.703924	16.299861	0.475416	0	0
0	0	0	24.888198	9.586765	21.582261	9.586765	6.114863E+10	1.045879E-5	95613.368533	16.284717	0.472745	0	0
0	0	0	24.725211	9.586723	21.417277	9.586723	5.501353E+10	9.315878E-6	107343.615991	16.261577	0.470484	0	0
0	0	0	24.557504	9.587126	21.247362	9.587126	4.934263E+10	9.254674E-6	108053.508883	16.242896	0.467693	0	0
0	0	0	24.387624	9.587085	21.0754	9.587085	4.419397E+10	8.198408E-6	121974.897909	16.217058	0.465366	0	0
0	0	0	24.214444	9.58736	20.899989	9.58736	3.949792E+10	7.903135E-6	126532.063202	16.212531	0.462681	0	0
0	0	0	24.036592	9.587721	20.719818	9.587721	3.519405E+10	7.847863E-6	127423.222315	16.173796	0.460328	0	0
0	0	0	23.855131	9.587753	20.536107	9.587753	3.128579E+10	7.049083E-6	141862.431144	16.166583	0.457669	0	0
0	0	0	23.670468	9.587986	20.349085	9.587986	2.775384E+10	6.7594E-6	147942.131574	16.156894	0.455382	0	0
0	0	0	23.482113	9.588209	20.158329	9.588209	2.456174E+10	6.48279E-6	154254.576392	16.122397	0.452962	0	0
0	0	0	23.289462	9.588283	19.963275	9.588283	2.167628E+10	5.886365E-6	169884.117159	16.065297	0.450476	0	0
0	0	0	23.091274	9.588326	19.762627	9.588326	1.90612E+10	5.263507E-6	189987.397348	16.076154	0.448108	0	0
0	0	0	22.890538	9.588401	19.559388	9.588401	1.673393E+10	4.76041E-6	210065.950521	16.075247	0.445768	0	0
0	0	0	22.68691	9.588845	19.353094	9.588845	1.466328E+10	5.0878E-6	196548.602749	16.052664	0.443282	0	0
0	0	0	22.478219	9.588994	19.141776	9.588994	1.280672E+10	4.795495E-6	208529.029534	16.011901	0.440981	0	0
0	0	0	22.265591	9.589364	18.926395	9.589364	1.115669E+10	5.20635E-6	192073.148211	15.998984	0.438693	0	0
0	0	0	22.048863	9.589364	18.706993	9.589364	9.693436E+9	4.524625E-6	221012.79726	15.952804	0.436418	0	0
0	0	0	21.829211	9.589238	18.484675	9.589238	8.406137E+9	3.619229E-6	276301.935416	15.942432	0.434051	0	0
0	0	0	21.60755	9.589302	18.260256	9.589302	7.280297E+9	3.261983E-6	306562.012244	15.930193	0.431591	0	0
0	0	0	21.382181	9.589407	18.032069	9.589407	6.290094E+9	3.022801E-6	330818.949044	15.901382	0.429396	0	0
0	0	0	21.152467	9.589439	17.79951	9.589439	5.419274E+9	2.662574E-6	375576.354612	15.873772	0.427108	0	0
0	0	0	20.916056	9.589693	17.560092	9.589693	4.648772E+9	2.777709E-6	360008.943699	15.856291	0.424781	0	0
0	0	0	20.680445	9.58981	17.321533	9.58981	3.98989E+9	2.646394E-6	377872.623631	15.829425	0.422639	0	0
0	0	0	20.444949	9.589736	17.083157	9.589736	3.424647E+9	2.123348E-6	470954.329086	15.824548	0.420377	0	0
0	0	0	20.206757	9.590064	16.841911	9.590064	2.934346E+9	2.560961E-6	390478.410337	15.766648	0.418182	0	0
0	0	0	19.967749	9.58981	16.600042	9.58981	2.512909E+9	1.667436E-6	599723.129551	15.749504	0.415894	0	0
0	0	0	19.728691	9.589979	16.357975	9.589979	2.151931E+9	1.699866E-6	588281.567811	15.747786	0.413752	0	0
0	0	0	19.487625	9.590149	16.113874	9.590149	1.840408E+9	1.795776E-6	556862.177184	15.726115	0.411451	0	0
0	0	0	19.245611	9.589969	15.868937	9.589969	1.573015E+9	1.228198E-6	814201.010205	15.677202	0.409441	0	0
0	0	0	19.004397	9.590328	15.62462	9.590328	1.345169E+9	1.750098E-6	571396.541325	15.658267	0.407127	0	0
0	0	0	18.762841	9.590202	15.380127	9.590202	1.150071E+9	1.211551E-6	825388.145093	15.637053	0.404984	0	0
0	0	0	18.520369	9.58998	15.134742	9.58998	9.826851E+8	7.765605E-7	1287729.704241	15.642408	0.402935	0	0
0	0	0	18.278731	9.590392	14.889976	9.590392	8.401153E+8	1.239021E-6	807089.060995	15.622122	0.400673	0	0
0	0	0	18.037175	9.590561	14.645379	9.590561	7.182679E+8	1.643471E-6	608468.210454	15.584215	0.39861	0	0
0	0	0	17.796222	9.590445	14.401494	9.590445	6.143336E+8	1.01938E-6	980988.174989	15.547408	0.396627	0	0
0	0	0	17.554274	9.590382	14.156582	9.590382	5.250992E+8	7.577492E-7	1319697.813961	15.534297	0.394524	0	0
0	0	0	17.309548	9.590593	13.908761	9.590593	4.480187E+8	1.143646E-6	874396.575351	15.505653	0.392527	0	0
0	0	0	17.062814	9.59035	13.659068	9.59035	3.817552E+8	5.172226E-7	1933403.557389	15.493383	0.390213	0	0
0	0	0	16.819738	9.59053	13.412929	9.59053	3.260653E+8	6.764144E-7	1478383.59716	15.443906	0.388176	0	0
0	0	0	16.57645	9.590889	13.16651	9.590889	2.784609E+8	-9.283E-6	-107723.792454	15.434416	0.385862	0	0
0	0	0	16.333668	9.590762	12.920777	9.590762	2.378848E+8	1.578523E-6	633503.401923	15.386938	0.384064	0	0
0	0	0	16.091017	9.590487	12.67523	9.590487	2.032385E+8	3.748161E-7	2667975.192457	15.359549	0.381948	0	0
0	0	0	15.847386	9.59072	12.428509	9.59072	1.735278E+8	8.227519E-7	1215433.246457	15.339017	0.379925	0	0
0	0	0	15.600864	9.590741	12.178937	9.590741	1.478828E+8	8.18021E-7	1222462.455715	15.343083	0.377875	0	0
0	0	0	15.354309	9.590963	11.92926	9.590963	1.260251E+8	-9.302146E-7	-1075020.788149	15.307552	0.375904	0	0
0	0	0	15.107345	9.590826	11.679298	9.590826	1.073696E+8	1.780975E-6	561490.165899	15.289753	0.373868	0	0
0	0	0	14.85901	9.591037	11.427822	9.591037	9.13943E+7	-3.793685E-7	-2635959.287379	15.253632	0.371964	0	0
0	0	0	14.607865	9.590815	11.173657	9.590815	7.765427E+7	1.030803E-6	970117.733609	15.232944	0.369954	0	0
0	0	0	14.355887	9.590678	10.918618	9.590678	6.594425E+7	2.432438E-7	4111101.698589	15.195555	0.368182	0	0
0	0	0	14.102145	9.590741	10.661721	9.590741	5.593601E+7	3.094804E-7	3231222.789128	15.183276	0.366198	0	0
0	0	0	13.845021	9.59091	10.401364	9.59091	4.734274E+7	-7.862223E-7	-1271904.879164	15.152506	0.364267	0	0
0	0	0	13.582017	9.591418	10.134932	9.591418	3.991708E+7	-5.097452E-8	-1.961764E+7	15.128251	0.362429	0	0
0	0	0	13.313361	9.590572	9.863264	9.590572	3.353295E+7	7.952134E-8	1.257524E+7	15.090629	0.360538	0	0
0	0	0	13.044967	9.590963	9.591417	9.590963	2.817465E+7	-2.078969E-7	-4810075.600416	15.082144	0.358607	0	0
0	0	0	12.772799	9.590625	9.316012	9.590625	2.361468E+7	6.817516E-8	1.46681E+7	15.048104	0.356756	0	0
0	0	0	12.497757	9.590889	9.03748	9.590889	1.975585E+7	-6.561466E-7	-1524049.709383	15.018677	0.354997	0	0
0	0	0	12.218467	9.590773	8.754785	9.590773	1.648212E+7	1.215989E-7	8223760.397596	14.981702	0.353199	0	0
0	0	0	11.933673	9.591153	8.466339	9.591153	1.370186E+7	-3.369849E-8	-2.967492E+7	14.970617	0.351175	0	0
0	0	0	11.641707	9.590709	8.170931	9.590709	1.133772E+7	5.018913E-8	1.992463E+7	14.9348	0.349535	0	0
0	0	0	11.343992	9.590889	7.869476	9.590889	9346563	-3.103702E-7	-3221958.366458	14.91557	0.347472	0	0
0	0	0	11.044105	9.59091	7.56588	9.59091	7694249	-1.277386E-7	-7828485.705833	14.866309	0.345912	0	0
0	0	0	10.748791	9.591037	7.266875	9.591037	6352856	-2.636586E-8	-3.792783E+7	14.849167	0.343915	0	0
0	0	0	10.45957	9.590931	6.974123	9.590931	5266090	-5.828239E-8	-1.715784E+7	14.813053	0.342183	0	0
0	0	0	10.171345	9.590794	6.682392	9.590794	4368057	4.143503E-8	2.413417E+7	14.796187	0.340398	0	0
0	0	0	9.881585	9.5911	6.388944	9.5911	3619560	-1.092503E-8	-9.153294E+7	14.757991	0.338586	0	0
0	0	0	9.582874	9.59109	6.08655	9.59109	2981957	-9.429122E-9	-1.060544E+8	14.731775	0.336827	0	0
0	0	0	9.290043	9.590931	5.790162	9.590931	2466060	-2.729265E-8	-3.66399E+7	14.696842	0.334976	0	0
0	0	0	8.994909	9.5909	5.491397	9.5909	2036372	-4.507476E-8	-2.218536E+7	14.677491	0.33323	0	0
0	0	0	8.698876	9.591111	5.191634	9.591111	1680573	-4.851965E-9	-2.061021E+8	14.647247	0.331537	0	0
0	0	0	8.400801	9.591005	4.889919	9.591005	1385104	-7.07502E-9	-1.413423E+8	14.617779	0.329977	0	0
0	0	0	8.097026	9.590847	4.582453	9.590847	1137369	3.776151E-8	2.648199E+7	14.587073	0.328165	0	0
0	0	0	7.792042	9.590741	4.273744	9.590741	933211	5.163978E-9	1.936492E+8	14.556273	0.326459	0	0
0	0	0	7.487189	9.591026	3.965024	9.591026	765765	-3.38994E-9	-2.949905E+8	14.516263	0.324938	0	0
0	0	0	7.183593	9.591449	3.657526	9.591449	628876	-7.592582E-10	-1.317075E+9	14.505081	0.323114	0	0
0	0	0	6.881974	9.591164	3.352289	9.591164	517120	-1.226367E-9	-8.154164E+8	14.45574	0.321527	0	0
0	0	0	6.586007	9.591217	3.05265	9.591217	426786	-8.587829E-10	-1.164439E+9	14.431484	0.319847	0	0
0	0	0	6.292882	9.591502	2.755802	9.591502	352882	-3.905398E-10	-2.560558E+9	14.398573	0.318141	0	0
0	0	0	6.005164	9.591122	2.464673	9.591122	292801	-8.101183E-10	-1.234388E+9	14.378545	0.316568	0	0
0	0	0	5.724567	9.591639	2.180422	9.591639	244074	-2.220167E-10	-4.504165E+9	14.348188	0.314941	0	0
0	0	0	5.457839	9.591164	1.910577	9.591164	205295	-4.868637E-10	-2.053963E+9	14.323428	0.313222	0	0
0	0	0	5.201908	9.59146	1.651378	9.59146	173890	-2.061928E-10	-4.849829E+9	14.281506	0.311807	0	0
0	0	0	4.959045	9.591048	1.40567	9.591048	148544	-5.802208E-10	-1.723482E+9	14.249738	0.31018	0	0
0	0	0	4.726783	9.591301	1.170447	9.591301	127767	-2.069292E-10	-4.83257E+9	14.213806	0.308501	0	0
0	0	0	4.50473	9.591185	0.945697	9.591185	110627	-2.448651E-10	-4.083881E+9	14.18085	0.30698	0	0
0	0	0	4.291677	9.591301	0.729971	9.591301	96347	-1.560419E-10	-6.408534E+9	14.158901	0.305473	0	0
0	0	0	4.088523	9.591143	0.524369	9.591143	84451	-2.156843E-10	-4.636407E+9	14.136115	0.303925	0	0
0	0	0	3.894827	9.591386	0.328192	9.591386	74480	-1.009324E-10	-9.907622E+9	14.097346	0.302457	0	0
0	0	0	3.710229	9.591005	0.141458	9.591005	66074	-3.375004E-10	-2.96296E+9	14.06924	0.301095	0	0
0	0	0	3.534632	9.591016	-0.036311	9.591016	58961	-2.796558E-10	-3.575824E+9	14.043115	0.299442	0	0
0	0	0	3.365552	9.591048	-0.207489	9.591048	52836	-2.063802E-10	-4.845426E+9	14.00642	0.297974	0	0
0	0	0	3.204689	9.591481	-0.3705	9.591481	47600	-5.449617E-11	-1.834991E+10	13.974374	0.29644	0	0
0	0	0	3.05129	9.59127	-0.525713	9.59127	43092	-7.530088E-11	-1.328006E+10	13.927125	0.295158	0	0
0	0	0	2.905748	9.591174	-0.673015	9.591174	39210	-8.978129E-11	-1.113818E+10	13.899751	0.293531	0	0
0	0	0	2.767492	9.591069	-0.812938	9.591069	35846	-1.252778E-10	-7.982261E+9	13.868907	0.292076	0	0
0	0	0	2.635133	9.591439	-0.947069	9.591439	32897	-4.045289E-11	-2.472011E+10	13.825059	0.290595	0	0
0	0	0	2.507396	9.591164	-1.07628	9.591164	30281	-7.181235E-11	-1.392518E+10	13.811532	0.288995	0	0
0	0	0	2.384576	9.591322	-1.200675	9.591322	27962	-4.318041E-11	-2.315865E+10	13.770186	0.287686	0	0
0	0	0	2.262213	9.590952	-1.32441	9.590952	25828	-2.143817E-10	-4.664576E+9	13.728524	0.286297	0	0
0	0	0	2.15197	9.591396	-1.436179	9.591396	24045	-3.193315E-11	-3.131542E+10	13.698034	0.284909	0	0
0	0	0	2.045354	9.591407	-1.544115	9.591407	22439	-2.921597E-11	-3.422786E+10	13.659156	0.283467	0	0
0	0	0	1.943148	9.59127	-1.647531	9.59127	20999	-3.669459E-11	-2.725198E+10	13.63394	0.28196	0	0
0	0	0	1.848914	9.591312	-1.742944	9.591312	19754	-3.123149E-11	-3.201896E+10	13.606757	0.280518	0	0
0	0	0	1.756672	9.591248	-1.836301	9.591248	18607	-3.432107E-11	-2.913662E+10	13.565759	0.279156	0	0
0	0	0	1.669756	9.591238	-1.924286	9.591238	17587	-3.33665E-11	-2.997018E+10	13.536222	0.277768	0	0
0	0	0	1.586629	9.59091	-2.008316	9.59091	16663	-2.766178E-10	-3.615096E+9	13.494494	0.276379	0	0
0	0	0	1.505821	9.590995	-2.090153	9.590995	15812	-8.749688E-11	-1.142898E+10	13.478046	0.274792	0	0
0	0	0	1.430061	9.591069	-2.166875	9.591069	15054	-5.261206E-11	-1.900705E+10	13.438348	0.273589	0	0
0	0	0	1.358156	9.590963	-2.239628	9.590963	14368	-1.060085E-10	-9.433204E+9	13.405421	0.272095	0	0
0	0	0	1.288799	9.591217	-2.309936	9.591217	13736	-2.76397E-11	-3.617984E+10	13.366298	0.270719	0	0
0	0	0	1.223379	9.590952	-2.376065	9.590952	13165	-1.092743E-10	-9.151286E+9	13.325737	0.26945	0	0
0	0	0	1.160654	9.591365	-2.439719	9.591365	12640	-1.785814E-11	-5.599688E+10	13.295972	0.268088	0	0
0	0	0	1.100869	9.591238	-2.500194	9.591238	12159	-2.306836E-11	-4.334941E+10	13.262655	0.266818	0	0
0	0	0	1.043763	9.591079	-2.557945	9.591079	11717	-3.890213E-11	-2.570553E+10	13.226383	0.265377	0	0
0	0	0	0.98932	9.59109	-2.613064	9.59109	11311	-3.576586E-11	-2.795962E+10	13.185602	0.264015	0	0
0	0	0	0.937294	9.590984	-2.665692	9.590984	10935	-6.601051E-11	-1.51491E+10	13.173557	0.262587	0	0
0	0	0	0.888209	9.591333	-2.715515	9.591333	10593	-1.59865E-11	-6.25528E+10	13.133072	0.261343	0	0
0	0	0	0.840021	9.591026	-2.764181	9.591026	10267	-4.545056E-11	-2.200193E+10	13.086531	0.260193	0	0
0	0	0	0.795804	9.59127	-2.809036	9.59127	9976	-1.743251E-11	-5.73641E+10	13.044206	0.258963	0	0
0	0	0	0.752746	9.591164	-2.852586	9.591164	9701	-2.300623E-11	-4.346649E+10	12.99964	0.257588	0	0
0	0	0	0.711974	9.59128	-2.893904	9.59128	9448	-1.608653E-11	-6.216383E+10	12.983557	0.256265	0	0
0	0	0	0.674846	9.591122	-2.931431	9.591122	9223	-2.551808E-11	-3.918791E+10	12.943196	0.255102	0	0
0	0	0	0.638632	9.591122	-2.968092	9.591122	9009	-2.492598E-11	-4.011878E+10	12.911567	0.253753	0	0
0	0	0	0.605946	9.591344	-3.001265	9.591344	8820	-1.301497E-11	-7.683462E+10	12.859818	0.252549	0	0
0	0	0	0.574633	9.591333	-3.032961	9.591333	8643	-1.304364E-11	-7.666571E+10	12.816217	0.251346	0	0
0	0	0	0.546962	9.591111	-3.06089	9.591111	8489	-2.450844E-11	-4.080227E+10	12.826449	0.249997	0	0
0	0	0	0.52099	9.591079	-3.08717	9.591079	8347	-2.771325E-11	-3.608383E+10	12.783422	0.248714	0	0
0	0	0	0.498203	9.591122	-3.110254	9.591122	8225	-2.275682E-11	-4.394286E+10	12.726893	0.24767	0	0
0	0	0	0.477376	9.591132	-3.131342	9.591132	8114	-2.155172E-11	-4.64E+10	12.68655	0.246479	0	0
0	0	0	0.458281	9.591143	-3.150677	9.591143	8015	-2.046997E-11	-4.885206E+10	12.645913	0.245236	0	0
0	0	0	0.440819	9.591333	-3.168426	9.591333	7924	-1.195856E-11	-8.362213E+10	12.60669	0.244112	0	0
0	0	0	0.42473	9.59128	-3.184694	9.59128	7842	-1.335209E-11	-7.489465E+10	12.580888	0.24283	0	0
0	0	0	0.409865	9.591291	-3.199746	9.591291	7767	-1.289378E-11	-7.755677E+10	12.562919	0.241732	0	0
0	0	0	0.397696	9.591513	-3.212149	9.591513	7706	-8.388536E-12	-1.192103E+11	12.519877	0.240568	0	0
0	0	0	0.385739	9.591481	-3.224242	9.591481	7646	-8.753733E-12	-1.14237E+11	12.481123	0.239259	0	0
0	0	0	0.376673	9.591238	-3.233328	9.591238	7601	-1.442081E-11	-6.934423E+10	12.426167	0.238307	0	0
0	0	0	0.369829	9.591386	-3.240312	9.591386	7568	-1.025586E-11	-9.750525E+10	12.408478	0.237104	0	0
0	0	0	0.363099	9.59109	-3.247014	9.59109	7535	-2.382599E-11	-4.197098E+10	12.385095	0.235781	0	0
0	0	0	0.358689	9.59127	-3.251546	9.59127	7513	-1.312855E-11	-7.616987E+10	12.327491	0.234829	0	0
0	0	0	0.35454	9.591365	-3.255782	9.591365	7493	-1.058632E-11	-9.446157E+10	12.282707	0.233692	0	0
0	0	0	0.352416	9.591418	-3.257952	9.591418	7483	-9.555631E-12	-1.046503E+11	12.237953	0.23266	0	0
0	0	0	0.350178	9.591079	-3.26009	9.591079	7472	-2.480812E-11	-4.030938E+10	12.202319	0.231404	0	0
0	0	0	0.348512	9.591386	-3.261892	9.591386	7464	-1.011492E-11	-9.886384E+10	12.165124	0.230412	0	0
0	0	0	0.348806	9.591069	-3.261475	9.591069	7465	-2.608935E-11	-3.832982E+10	12.146546	0.229209	0	0
0	0	0	0.34763	9.591069	-3.262665	9.591069	7459	-2.606838E-11	-3.836066E+10	12.100371	0.228151	0	0
0	0	0	0.347238	9.591037	-3.26305	9.591037	7458	-3.095205E-11	-3.230804E+10	12.066755	0.227027	0	0
0	0	0	0.346862	9.5911	-3.263455	9.5911	7456	-2.250454E-11	-4.443547E+10	12.013479	0.225916	0	0
0	0	0	0.34647	9.591164	-3.263875	9.591164	7454	-1.76774E-11	-5.656941E+10	11.97613	0.224884	0	0
0	0	0	0.346585	9.5911	-3.263736	9.5911	7454	-2.249851E-11	-4.44474E+10	11.92878	0.223893	0	0
0	0	0	0.346519	9.591164	-3.263826	9.591164	7454	-1.76774E-11	-5.656941E+10	11.893665	0.222676	0	0
0	0	0	0.346291	9.591217	-3.264077	9.591217	7453	-1.499699E-11	-6.668004E+10	11.861118	0.221644	0	0
0	0	0	0.34616	9.590826	-3.264062	9.590826	7452	1.237086E-10	8.083513E+9	11.821894	0.220573	0	0
0	0	0	0.346225	9.591185	-3.264131	9.591185	7453	-1.649669E-11	-6.061822E+10	11.782923	0.219463	0	0
0	0	0	0.346127	9.591333	-3.264286	9.591333	7452	-1.124623E-11	-8.891865E+10	11.746474	0.21851	0	0
0	0	0	0.346242	9.591555	-3.264254	9.591555	7453	-7.613857E-12	-1.313395E+11	11.720893	0.217333	0	0
0	0	0	0.346111	9.590762	-3.264088	9.590762	7452	4.948343E-11	2.020878E+10	11.687436	0.216328	0	0
0	0	0	0.346078	9.59128	-3.264316	9.59128	7452	-1.268806E-11	-7.881426E+10	11.627176	0.215389	0	0
0	0	0	0.345931	9.591174	-3.264425	9.591174	7451	-1.706096E-11	-5.861334E+10	11.569464	0.214451	0	0
0	0	0	0.346062	9.59127	-3.264328	9.59127	7452	-1.302196E-11	-7.679338E+10	11.481805	0.213313	0	0
0	0	0	0.345866	9.591322	-3.264547	9.591322	7451	-1.150623E-11	-8.690943E+10	11.266506	0.212255	0	0
0	0	0	0.345703	9.590942	-3.264569	9.590942	7450	-7.067165E-11	-1.414995E+10	11.550311	0.21125	0	0
0	0	0	0.345686	9.591132	-3.264657	9.591132	7450	-1.978806E-11	-5.053552E+10	11.594342	0.210179	0	0
0	0	0	0.345409	9.591016	-3.264894	9.591016	7449	-3.533108E-11	-2.830369E+10	11.480152	0.209359	0	0
0	0	0	0.345213	9.591174	-3.265153	9.591174	7448	-1.705409E-11	-5.863695E+10	11.380199	0.208209	0	0
0	0	0	0.345164	9.590942	-3.265115	9.590942	7448	-7.065267E-11	-1.415375E+10	11.30786	0.207217	0	0
0	0	0	0.344053	9.591164	-3.266323	9.591164	7442	-1.764894E-11	-5.666063E+10	11.27992	0.206265	0	0
0	0	0	0.34451	9.591143	-3.265852	9.591143	7444	-1.901166E-11	-5.25993E+10	11.214116	0.205273	0	0
0	0	0	0.344086	9.591428	-3.266389	9.591428	7442	-9.323968E-12	-1.072505E+11	11.218285	0.204043	0	0
0	0	0	0.343971	9.591196	-3.266417	9.591196	7442	-1.594098E-11	-6.273141E+10	11.169106	0.203303	0	0
0	0	0	0.343906	9.591565	-3.266623	9.591565	7441	-7.486423E-12	-1.335751E+11	11.122751	0.202258	0	0
0	0	0	0.343955	9.591386	-3.266505	9.591386	7442	-1.008511E-11	-9.91561E+10	11.090869	0.201438	0	0
0	0	0	0.34353	9.591217	-3.266872	9.591217	7440	-1.497083E-11	-6.679655E+10	10.990696	0.200367	0	0
0	0	0	0.343155	9.591291	-3.26728	9.591291	7438	-1.234762E-11	-8.098728E+10	10.965004	0.19956	0	0
0	0	0	0.34304	9.59146	-3.267459	9.59146	7437	-8.818541E-12	-1.133974E+11	10.9673	0.198476	0	0
0	0	0	0.342615	9.591174	-3.267782	9.591174	7435	-1.702433E-11	-5.873947E+10	10.884129	0.197669	0	0
0	0	0	0.342991	9.591322	-3.267457	9.591322	7437	-1.148461E-11	-8.707304E+10	10.872675	0.196757	0	0
0	0	0	0.342534	9.591312	-3.267916	9.591312	7435	-1.175489E-11	-8.507096E+10	10.826275	0.195699	0	0
0	0	0	0.342877	9.591375	-3.267593	9.591375	7437	-1.02883E-11	-9.719781E+10	10.773572	0.194826	0	0
0	0	0	0.342387	9.591534	-3.268149	9.591534	7434	-7.835541E-12	-1.276236E+11	10.726689	0.193821	0	0
0	0	0	0.341684	9.591407	-3.268812	9.591407	7431	-9.675292E-12	-1.033561E+11	10.700704	0.192816	0	0
0	0	0	0.341946	9.591206	-3.268472	9.591206	7432	-1.542207E-11	-6.484213E+10	10.598052	0.192088	0	0
0	0	0	0.34157	9.59127	-3.268876	9.59127	7430	-1.298351E-11	-7.702076E+10	10.634584	0.191097	0	0
0	0	0	0.341897	9.59091	-3.26841	9.59091	7432	-1.233766E-10	-8.105267E+9	10.579433	0.190237	0	0
0	0	0	0.341946	9.591291	-3.268504	9.591291	7432	-1.233766E-11	-8.105267E+10	10.586735	0.189219	0	0
0	0	0	0.342305	9.591291	-3.26814	9.591291	7434	-1.234098E-11	-8.103086E+10	10.487551	0.188412	0	0
0	0	0	0.341782	9.591238	-3.268649	9.591238	7431	-1.409828E-11	-7.093063E+10	10.438487	0.187473	0	0
0	0	0	0.342207	9.591544	-3.268334	9.591544	7433	-7.712073E-12	-1.296668E+11	10.355473	0.186693	0	0
0	0	0	0.341799	9.591111	-3.268585	9.591111	7431	-2.145391E-11	-4.661156E+10	10.347737	0.185873	0	0
0	0	0	0.341913	9.591375	-3.268568	9.591375	7432	-1.028138E-11	-9.72632E+10	10.324054	0.184921	0	0
0	0	0	0.341929	9.59091	-3.268377	9.59091	7432	-1.233766E-10	-8.105267E+9	10.28514	0.183982	0	0
0	0	0	0.342011	9.590868	-3.268278	9.590868	7432	-16.050347	-0.062304	10.206623	0.183122	0	0
0	0	0	0.342387	9.591026	-3.267958	9.591026	7434	-3.290927E-11	-3.038657E+10	10.178211	0.182289	0	0
0	0	0	0.342779	9.591079	-3.267581	9.591079	7436	-2.468859E-11	-4.050453E+10	10.131121	0.181628	0	0
0	0	0	0.342534	9.591544	-3.268004	9.591544	7435	-7.714148E-12	-1.296319E+11	10.128983	0.180676	0	0
0	0	0	0.342109	9.590836	-3.268167	9.590836	7433	1.645242E-10	6.078132E+9	10.060756	0.179856	0	0
0	0	0	0.341962	9.590942	-3.268356	9.590942	7432	-7.05009E-11	-1.418422E+10	10.023046	0.178864	0	0
0	0	0	0.342174	9.591312	-3.26828	9.591312	7433	-1.175173E-11	-8.509385E+10	9.969068	0.178111	0	0
0	0	0	0.34273	9.591439	-3.267766	9.591439	7436	-9.143924E-12	-1.093622E+11	9.934532	0.177211	0	0
0	0	0	0.342599	9.591259	-3.26783	9.591259	7435	-1.334339E-11	-7.494347E+10	9.845379	0.176537	0	0
0	0	0	0.343057	9.591026	-3.26728	9.591026	7437	-3.292255E-11	-3.037432E+10	9.839838	0.175624	0	0
0	0	0	0.343008	9.591079	-3.267349	9.591079	7437	-2.469191E-11	-4.049909E+10	9.789498	0.174884	0	0
0	0	0	0.342959	9.591291	-3.267478	9.591291	7437	-1.234596E-11	-8.099817E+10	9.773444	0.174037	0	0
0	0	0	0.342501	9.591217	-3.267913	9.591217	7435	-1.496077E-11	-6.684147E+10	9.712448	0.173257	0	0
0	0	0	0.342893	9.591111	-3.267477	9.591111	7437	-2.147123E-11	-4.657395E+10	9.686978	0.172358	0	0
0	0	0	0.342909	9.591597	-3.267643	9.591597	7437	-7.157077E-12	-1.397219E+11	9.59323	0.171591	0	0
0	0	0	0.342599	9.591217	-3.267814	9.591217	7435	-1.496077E-11	-6.684147E+10	9.567908	0.170903	0	0
0	0	0	0.342566	9.591291	-3.267875	9.591291	7435	-1.234264E-11	-8.101996E+10	9.505757	0.170242	0	0
0	0	0	0.342664	9.591037	-3.26768	9.591037	7436	-3.086074E-11	-3.240363E+10	9.500969	0.169303	0	0
0	0	0	0.342501	9.591143	-3.267886	9.591143	7435	-1.898867E-11	-5.266298E+10	9.436599	0.168563	0	0
0	0	0	0.34255	9.59109	-3.267816	9.59109	7435	-2.350978E-11	-4.253548E+10	9.400229	0.167624	0	0
0	0	0	0.342583	9.591217	-3.267831	9.591217	7435	-1.496077E-11	-6.684147E+10	9.358169	0.166923	0	0
0	0	0	0.342387	9.591174	-3.268013	9.591174	7434	-1.702204E-11	-5.874737E+10	9.341618	0.166077	0	0
0	0	0	0.342468	9.591016	-3.267871	9.591016	7434	-3.525993E-11	-2.83608E+10	9.263621	0.165534	0	0
0	0	0	0.341733	9.591143	-3.268663	9.591143	7431	-1.897846E-11	-5.269132E+10	9.228506	0.164543	0	0
0	0	0	0.341488	9.591259	-3.268955	9.591259	7430	-1.333442E-11	-7.49939E+10	9.167825	0.163842	0	0
0	0	0	0.34188	9.591333	-3.268586	9.591333	7432	-1.121605E-11	-8.915793E+10	9.126973	0.163061	0	0
0	0	0	0.341145	9.591227	-3.26929	9.591227	7428	-1.450708E-11	-6.893187E+10	9.069424	0.16248	0	0
0	0	0	0.340966	9.591439	-3.269551	9.591439	7427	-9.132857E-12	-1.094948E+11	9.06482	0.161554	0	0
0	0	0	0.340557	9.591312	-3.269917	9.591312	7425	-1.173908E-11	-8.518553E+10	8.980554	0.160985	0	0
0	0	0	0.340835	9.59128	-3.269624	9.59128	7426	-1.264379E-11	-7.90902E+10	8.975032	0.160073	0	0
0	0	0	0.340655	9.590889	-3.269659	9.590889	7426	-2.465539E-10	-4.055908E+9	8.934498	0.159438	0	0
0	0	0	0.340182	9.59127	-3.270282	9.59127	7424	-1.297303E-11	-7.708301E+10	8.886284	0.158684	0	0
0	0	0	0.340394	9.591227	-3.270051	9.591227	7425	-1.450122E-11	-6.895972E+10	8.823936	0.157904	0	0
0	0	0	0.340492	9.591143	-3.26992	9.591143	7425	-1.896313E-11	-5.27339E+10	8.795043	0.157084	0	0
0	0	0	0.339839	9.591375	-3.270669	9.591375	7422	-1.026755E-11	-9.739425E+10	8.729459	0.156542	0	0
0	0	0	0.339692	9.591217	-3.270758	9.591217	7421	-1.49326E-11	-6.696757E+10	8.725466	0.155669	0	0
0	0	0	0.340361	9.591344	-3.270127	9.591344	7424	-1.0955E-11	-9.128251E+10	8.661926	0.155087	0	0
0	0	0	0.340002	9.591418	-3.270519	9.591418	7422	-9.477736E-12	-1.055104E+11	8.625451	0.154413	0	0
0	0	0	0.340018	9.590963	-3.270332	9.590963	7423	-5.476763E-11	-1.825896E+10	8.54217	0.153778	0	0
0	0	0	0.339904	9.591312	-3.270579	9.591312	7422	-1.173434E-11	-8.521997E+10	8.53419	0.152918	0	0
0	0	0	0.339839	9.591174	-3.270593	9.591174	7422	-1.699456E-11	-5.884236E+10	8.473481	0.152376	0	0
0	0	0	0.3401	9.591418	-3.27042	9.591418	7423	-9.479012E-12	-1.054962E+11	8.462781	0.151596	0	0
0	0	0	0.339512	9.59127	-3.27096	9.59127	7420	-1.296604E-11	-7.712456E+10	8.37952	0.150935	0	0
0	0	0	0.339202	9.59109	-3.271206	9.59109	7419	-2.345919E-11	-4.262721E+10	8.346192	0.150181	0	0
0	0	0	0.33961	9.591185	-3.270828	9.591185	7421	-1.642586E-11	-6.087961E+10	8.276353	0.149612	0	0
0	0	0	0.340231	9.591174	-3.270196	9.591174	7424	-1.699914E-11	-5.882651E+10	8.262979	0.148885	0	0
0	0	0	0.33992	9.591048	-3.270463	9.591048	7422	-2.899072E-11	-3.44938E+10	8.211933	0.148184	0	0
0	0	0	0.340149	9.591301	-3.270327	9.591301	7423	-1.202216E-11	-8.317971E+10	8.188944	0.147364	0	0
0	0	0	0.340361	9.591174	-3.270064	9.591174	7424	-1.699914E-11	-5.882651E+10	7.956415	0.146796	0	0
0	0	0	0.339806	9.590942	-3.270539	9.590942	7422	-7.040604E-11	-1.420333E+10	8.014103	0.146042	0	0
0	0	0	0.340819	9.591196	-3.269609	9.591196	7426	-1.590671E-11	-6.286657E+10	8.052287	0.145645	0	0
0	0	0	0.340737	9.591301	-3.269731	9.591301	7426	-1.202702E-11	-8.314611E+10	8.082259	0.144825	0	0
0	0	0	0.340688	9.591217	-3.269749	9.591217	7426	-1.494266E-11	-6.692248E+10	7.996816	0.144257	0	0
0	0	0	0.340982	9.591513	-3.269563	9.591513	7427	-8.084824E-12	-1.236885E+11	7.944918	0.14349	0	0
0	0	0	0.34108	9.59128	-3.269376	9.59128	7428	-1.26472E-11	-7.906891E+10	7.836324	0.142947	0	0
0	0	0	0.340704	9.591132	-3.269701	9.591132	7426	-1.972431E-11	-5.069885E+10	7.826247	0.142194	0	0
0	0	0	0.340606	9.591196	-3.269824	9.591196	7425	-1.590456E-11	-6.287504E+10	7.754156	0.141572	0	0
0	0	0	0.340688	9.591259	-3.269765	9.591259	7426	-1.332724E-11	-7.503429E+10	7.747874	0.140937	0	0
0	0	0	0.3409	9.591174	-3.269518	9.591174	7427	-1.700601E-11	-5.880274E+10	7.679635	0.140237	0	0
0	0	0	0.341407	9.590974	-3.26893	9.590974	7429	-4.933071E-11	-2.027135E+10	7.651263	0.139655	0	0
0	0	0	0.340933	9.590974	-3.269409	9.590974	7427	-4.931743E-11	-2.027681E+10	7.575771	0.139126	0	0
0	0	0	0.340982	9.591217	-3.269451	9.591217	7427	-1.494467E-11	-6.691347E+10	7.573854	0.138412	0	0
0	0	0	0.34077	9.590805	-3.269511	9.590805	7426	8.218464E-11	1.216772E+10	7.503297	0.137883	0	0
0	0	0	0.340737	9.591259	-3.269715	9.591259	7426	-1.332724E-11	-7.503429E+10	7.478997	0.137102	0	0
0	0	0	0.340819	9.590752	-3.269442	9.590752	7426	4.482799E-11	2.230749E+10	7.406788	0.136534	0	0
0	0	0	0.34059	9.591206	-3.269844	9.591206	7425	-1.540755E-11	-6.490326E+10	7.37562	0.135925	0	0
0	0	0	0.340378	9.591259	-3.270079	9.591259	7424	-1.332365E-11	-7.505451E+10	7.32926	0.135436	0	0
0	0	0	0.34059	9.591227	-3.269852	9.591227	7425	-1.450122E-11	-6.895972E+10	7.296042	0.134801	0	0
0	0	0	0.340443	9.591164	-3.269977	9.591164	7425	-1.760862E-11	-5.679036E+10	7.237164	0.134167	0	0
0	0	0	0.34059	9.591217	-3.269848	9.591217	7425	-1.494065E-11	-6.693149E+10	7.221446	0.133426	0	0
0	0	0	0.340002	9.591386	-3.270507	9.591386	7422	-1.005801E-11	-9.942329E+10	7.146999	0.132976	0	0
0	0	0	0.340067	9.5911	-3.270334	9.5911	7423	-2.240494E-11	-4.463302E+10	7.11914	0.132223	0	0
0	0	0	0.340002	9.591291	-3.270471	9.591291	7422	-1.232106E-11	-8.116187E+10	7.045313	0.131839	0	0
0	0	0	0.339365	9.591481	-3.271188	9.591481	7420	-8.49499E-12	-1.177164E+11	6.986658	0.131059	0	0
0	0	0	0.338793	9.591143	-3.271639	9.591143	7417	-1.89427E-11	-5.279078E+10	6.965976	0.130517	0	0
0	0	0	0.33912	9.59109	-3.271289	9.59109	7419	-2.345919E-11	-4.262721E+10	6.940009	0.129789	0	0
0	0	0	0.339251	9.591312	-3.27124	9.591312	7419	-1.17296E-11	-8.525443E+10	6.860815	0.129168	0	0
0	0	0	0.338613	9.591185	-3.271837	9.591185	7416	-1.641479E-11	-6.092065E+10	6.855147	0.128546	0	0
0	0	0	0.338303	9.591597	-3.272307	9.591597	7415	-7.135905E-12	-1.401364E+11	6.781311	0.128004	0	0
0	0	0	0.338352	9.591513	-3.272225	9.591513	7415	-8.071761E-12	-1.238887E+11	6.759403	0.127449	0	0
0	0	0	0.338777	9.591143	-3.271656	9.591143	7417	-1.89427E-11	-5.279078E+10	6.722723	0.12688	0	0
0	0	0	0.33912	9.591407	-3.271408	9.591407	7419	-9.659667E-12	-1.035232E+11	6.691216	0.126298	0	0
0	0	0	0.338679	9.591555	-3.27191	9.591555	7416	-7.576059E-12	-1.319947E+11	6.588698	0.125862	0	0
0	0	0	0.338499	9.591365	-3.272021	9.591365	7415	-1.047612E-11	-9.545523E+10	6.515864	0.125015	0	0
0	0	0	0.338728	9.591174	-3.271717	9.591174	7416	-1.698082E-11	-5.888997E+10	6.502049	0.124579	0	0
0	0	0	0.338597	9.591174	-3.27185	9.591174	7416	-1.698082E-11	-5.888997E+10	6.521425	0.12401	0	0
0	0	0	0.338613	9.591058	-3.271789	9.591058	7416	-2.735799E-11	-3.655239E+10	6.448573	0.123521	0	0
0	0	0	0.338646	9.591365	-3.271872	9.591365	7416	-1.047753E-11	-9.544236E+10	6.403073	0.122966	0	0
0	0	0	0.338107	9.591238	-3.27237	9.591238	7413	-1.406413E-11	-7.110286E+10	6.345047	0.12245	0	0
0	0	0	0.338973	9.591344	-3.271533	9.591344	7418	-1.094615E-11	-9.135634E+10	6.294427	0.121842	0	0
0	0	0	0.33881	9.590868	-3.271519	9.590868	7417	120.95111	0.008268	6.238345	0.121339	0	0
0	0	0	0.338515	9.591026	-3.271877	9.591026	7416	-3.282959E-11	-3.046033E+10	6.22449	0.120744	0	0
0	0	0	0.33881	9.591375	-3.27171	9.591375	7417	-1.026063E-11	-9.74599E+10	6.172252	0.120268	0	0
0	0	0	0.338238	9.591259	-3.272245	9.591259	7414	-1.33057E-11	-7.515574E+10	6.126275	0.119792	0	0
0	0	0	0.338924	9.590931	-3.271427	9.590931	7417	-8.208504E-11	-1.218249E+10	6.054282	0.119263	0	0
0	0	0	0.338924	9.591153	-3.271511	9.591153	7417	-1.824112E-11	-5.48212E+10	6.049465	0.118549	0	0
0	0	0	0.339332	9.591132	-3.27109	9.591132	7419	-1.970572E-11	-5.074668E+10	5.974086	0.118245	0	0
0	0	0	0.339349	9.590752	-3.27093	9.590752	7420	4.479177E-11	2.232553E+10	5.946704	0.117636	0	0
0	0	0	0.339594	9.5911	-3.270813	9.5911	7421	-2.23989E-11	-4.464505E+10	5.880568	0.117226	0	0
0	0	0	0.339512	9.591312	-3.270975	9.591312	7420	-1.173118E-11	-8.524294E+10	5.853854	0.116671	0	0
0	0	0	0.339283	9.590805	-3.271016	9.590805	7419	8.210717E-11	1.21792E+10	5.795573	0.116102	0	0
0	0	0	0.339969	9.590952	-3.270377	9.590952	7422	-6.160528E-11	-1.623237E+10	5.761304	0.115494	0	0
0	0	0	0.339986	9.591312	-3.270496	9.591312	7422	-1.173434E-11	-8.521997E+10	5.707594	0.115031	0	0
0	0	0	0.340165	9.591174	-3.270262	9.591174	7424	-1.699914E-11	-5.882651E+10	5.676456	0.114436	0	0
0	0	0	0.340508	9.591005	-3.269851	9.591005	7425	-3.792627E-11	-2.636695E+10	5.612963	0.113973	0	0
0	0	0	0.339675	9.590921	-3.270663	9.590921	7421	-9.855517E-11	-1.01466E+10	5.578025	0.11351	0	0
0	0	0	0.340378	9.591122	-3.270027	9.591122	7424	-2.054063E-11	-4.868401E+10	5.531842	0.112995	0	0
0	0	0	0.339724	9.591111	-3.270685	9.591111	7421	-2.142504E-11	-4.667437E+10	5.496867	0.112545	0	0
0	0	0	0.340296	9.591174	-3.27013	9.591174	7424	-1.699914E-11	-5.882651E+10	5.431279	0.111924	0	0
0	0	0	0.33979	9.591513	-3.27077	9.591513	7422	-8.079381E-12	-1.237719E+11	5.413541	0.111487	0	0
0	0	0	0.340198	9.591248	-3.270257	9.591248	7424	-1.369375E-11	-7.302601E+10	5.364807	0.110852	0	0
0	0	0	0.339332	9.591185	-3.27111	9.591185	7419	-1.642143E-11	-6.089602E+10	5.319183	0.11039	0	0
0	0	0	0.339675	9.591259	-3.27079	9.591259	7421	-1.331827E-11	-7.508485E+10	5.265995	0.110006	0	0
0	0	0	0.339561	9.591312	-3.270926	9.591312	7421	-1.173276E-11	-8.523145E+10	5.208461	0.109596	0	0
0	0	0	0.339202	9.591037	-3.271186	9.591037	7419	-3.079019E-11	-3.247788E+10	5.188998	0.108869	0	0
0	0	0	0.339283	9.591037	-3.271103	9.591037	7419	-3.079019E-11	-3.247788E+10	5.112983	0.108551	0	0
0	0	0	0.339169	9.59127	-3.271307	9.59127	7419	-1.296429E-11	-7.713496E+10	5.06914	0.108062	0	0
0	0	0	0.338989	9.591259	-3.271485	9.591259	7418	-1.331288E-11	-7.511522E+10	5.048345	0.107573	0	0
0	0	0	0.338711	9.591322	-3.27179	9.591322	7416	-1.145218E-11	-8.73196E+10	4.977247	0.10715	0	0
0	0	0	0.33863	9.591143	-3.271805	9.591143	7416	-1.894015E-11	-5.27979E+10	4.955705	0.106687	0	0
0	0	0	0.339218	9.591185	-3.271225	9.591185	7419	-1.642143E-11	-6.089602E+10	4.893106	0.106343	0	0
0	0	0	0.338466	9.591132	-3.271966	9.591132	7415	-1.96951E-11	-5.077406E+10	4.863885	0.105867	0	0
0	0	0	0.338466	9.591396	-3.272066	9.591396	7415	-9.847549E-12	-1.015481E+11	0	0	0	0
0	0	0	0.33814	9.59146	-3.27242	9.59146	7414	-8.791268E-12	-1.137492E+11	0	0	0	0
0	0	0	0.33814	9.591375	-3.272388	9.591375	7414	-1.025648E-11	-9.749934E+10	0	0	0	0
0	0	0	0.337633	9.591333	-3.272885	9.591333	7411	-1.118436E-11	-8.941057E+10	0	0	0	0
0	0	0	0.337682	9.591291	-3.27282	9.591291	7412	-1.230446E-11	-8.127137E+10	0	0	0	0
0	0	0	0.337666	9.591079	-3.272756	9.591079	7411	-2.460559E-11	-4.064117E+10	0	0	0	0
0	0	0	0.337944	9.591322	-3.272567	9.591322	7413	-1.144755E-11	-8.735494E+10	0	0	0	0
0	0	0	0.337895	9.591418	-3.272652	9.591418	7412	-9.464966E-12	-1.056528E+11	0	0	0	0
0	0	0	0.337405	9.591206	-3.273069	9.591206	7410	-1.537642E-11	-6.503465E+10	0	0	0	0
0	0	0	0.337258	9.591227	-3.273226	9.591227	7409	-1.446997E-11	-6.910864E+10	0	0	0	0
0	0	0	0.337192	9.591576	-3.273423	9.591576	7409	-7.34297E-12	-1.361847E+11	0	0	0	0
0	0	0	0.337045	9.591164	-3.273417	9.591164	7408	-1.756831E-11	-5.692068E+10	0	0	0	0
0	0	0	0.337274	9.591492	-3.273309	9.591492	7409	-8.338627E-12	-1.199238E+11	0	0	0	0
0	0	0	0.337666	9.591418	-3.272884	9.591418	7411	-9.463689E-12	-1.05667E+11	0	0	0	0
0	0	0	0.338221	9.591449	-3.272334	9.591449	7414	-8.95111E-12	-1.11718E+11	0	0	0	0
0	0	0	0.338156	9.591079	-3.27226	9.591079	7414	-2.461555E-11	-4.062473E+10	0	0	0	0
0	0	0	0.338287	9.591259	-3.272196	9.591259	7415	-1.33075E-11	-7.514561E+10	0	0	0	0
0	0	0	0.33863	9.591217	-3.271833	9.591217	7416	-1.492254E-11	-6.701272E+10	0	0	0	0
0	0	0	0.338368	9.591174	-3.272081	9.591174	7415	-1.697853E-11	-5.889791E+10	0	0	0	0
0	0	0	0.338466	9.591164	-3.271978	9.591164	7415	-1.758491E-11	-5.686695E+10	0	0	0	0
0	0	0	0.33827	9.590984	-3.272109	9.590984	7414	-4.475555E-11	-2.23436E+10	0	0	0	0
0	0	0	0.338842	9.591322	-3.271657	9.591322	7417	-1.145373E-11	-8.730783E+10	0	0	0	0
0	0	0	0.338597	0	0.338597	0	7416	0	0	0	0	0	0
0	0	0	0.33894	0	0.33894	0	7417	0	0	0	0	0	0
