Vload_(V)	ILoad_(A)	RsLoad_(ohm)	SunsVoc_Voltage_(V)	SunsVoc_Current_(A)	Model_Voltage_(V)	Model_Current_(A)	Carrier_Density_(cm-3)	Lifetime_(s)	Inverse_Lifetime_(s-1)	(Carrier_Density+Doping)/qWni^2_(cm^2/C)	Carrier_Density_at_Vmp_(cm-3)	Lifetime_at_Vmp_(s)	Efficiency_(%)	Intensity_(suns)	Dark_IV_Voltage_(V)	Dark_IV_Current_(A)
4.411531	4.535517	0	44.483723	-0.16744	44.473799	-0.16744	2.746191E+14	2.631253E-5	38004.577816	3.505632E+16	7.487195E+13	2.488296E-5	7.842403	1.116224	0	0
4.402339	4.527293	5.038643	44.344698	0.158027	44.328582	0.158027	2.553938E+14	2.628985E-5	38037.38515	3.496615E+16	0	0	7.838367	1.112839	0	0
5.448352	4.49141	6.367326	44.197981	0.481548	44.066924	0.481548	2.365191E+14	2.628989E-5	38037.347113	3.487763E+16	0	0	7.859082	1.108632	0	0
10.480568	4.300622	6.473276	44.059447	0.759066	43.730893	0.759066	2.199437E+14	2.624403E-5	38103.821232	3.47999E+16	0	0	7.864588	1.107235	0	0
16.031941	4.103717	5.753356	43.927104	1.007675	43.336261	1.007675	2.051667E+14	2.6206E-5	38159.128622	3.473059E+16	0	0	7.859434	1.104337	0	0
21.578156	3.880916	4.878309	43.791069	1.241445	42.867277	1.241445	1.909863E+14	2.612596E-5	38276.050465	3.466409E+16	0	0	7.873156	1.098668	0	0
27.111073	3.609581	3.911386	43.658742	1.456944	42.350975	1.456944	1.781119E+14	2.607032E-5	38357.735859	3.460371E+16	0	0	7.891972	1.091635	0	0
27.967204	3.560184	3.755123	43.527689	1.658312	41.787101	1.658312	1.661986E+14	2.602912E-5	38418.464134	3.454784E+16	0	0	7.907242	1.085607	0	0
28.830617	3.508603	3.59423	43.397045	1.845467	41.18037	1.845467	1.550996E+14	2.598084E-5	38489.85911	3.449579E+16	0	0	7.91949	1.080083	0	0
29.682042	3.453507	3.43584	43.263787	2.021349	40.523426	2.021349	1.445274E+14	2.590353E-5	38604.743962	3.44462E+16	0	0	7.926667	1.072299	0	0
30.543183	3.392266	3.279087	43.135249	2.184895	39.847427	2.184895	1.350011E+14	2.587958E-5	38640.467133	3.440153E+16	0	0	7.948423	1.06315	0	0
31.394799	3.326525	3.121955	43.007006	2.333216	39.148933	2.333216	1.261119E+14	2.580371E-5	38754.088304	3.435984E+16	0	0	7.969435	1.054448	0	0
32.251478	3.256349	2.961277	42.874418	2.47262	38.405579	2.47262	1.175269E+14	2.567218E-5	38952.643568	3.431957E+16	0	0	7.983744	1.045985	0	0
33.099188	3.178498	2.80485	42.744411	2.602863	37.647687	2.602863	1.096685E+14	2.557001E-5	39108.294326	3.428272E+16	0	0	8.000555	1.036844	0	0
33.953299	3.089733	2.650589	42.616216	2.721958	36.881562	2.721958	1.024274E+14	2.544998E-5	39292.738613	3.424876E+16	0	0	8.019336	1.026705	0	0
34.806194	2.990044	2.498941	42.492122	2.83169	36.118707	2.83169	9.586781E+13	2.535422E-5	39441.151155	3.4218E+16	0	0	8.043031	1.016502	0	0
35.647497	2.877603	2.350936	42.366231	2.934953	35.331839	2.934953	8.96372E+13	2.523587E-5	39626.123307	3.418878E+16	0	0	8.060169	1.007257	0	0
36.493538	2.748019	2.209024	42.241108	3.031482	34.535407	3.031482	8.384137E+13	2.511906E-5	39810.393257	3.416159E+16	0	0	8.07205	0.997876	0	0
37.324463	2.597531	2.079764	42.11654	3.120949	33.732497	3.120949	7.843965E+13	2.498704E-5	40020.738827	3.413626E+16	0	0	8.086926	0.988128	0	0
38.152969	2.423622	1.958405	41.991237	3.204768	32.916258	3.204768	7.335365E+13	2.483867E-5	40259.791129	3.411241E+16	0	0	8.103023	0.978308	0	0
38.969258	2.221814	1.847115	41.866816	3.283085	32.096271	3.283085	6.862679E+13	2.469122E-5	40500.220399	3.409024E+16	0	0	8.11547	0.96884	0	0
39.862047	1.980455	1.727071	41.744682	3.356197	31.281114	3.356197	6.42806E+13	2.456129E-5	40714.474888	3.406986E+16	0	0	8.128737	0.959651	0	0
40.569766	1.742275	1.666386	41.622564	3.424216	30.461921	3.424216	6.020794E+13	2.441322E-5	40961.402069	3.405076E+16	0	0	8.135887	0.950398	0	0
41.383263	1.445447	1.594911	41.502407	3.487562	29.649243	3.487562	5.645067E+13	2.427334E-5	41197.464338	3.403313E+16	0	0	8.145343	0.941033	0	0
42.039502	1.177438	1.548066	41.3822	3.547236	28.83165	3.547236	5.292479E+13	2.413135E-5	41439.862903	3.40166E+16	0	0	8.154658	0.931828	0	0
42.660164	0.906093	1.498291	41.261487	3.603439	28.007557	3.603439	4.960416E+13	2.39811E-5	41699.508628	3.400103E+16	0	0	8.157898	0.922807	0	0
43.155677	0.674697	1.450356	41.141983	3.655543	27.189713	3.655543	4.652076E+13	2.382209E-5	41977.844078	3.398656E+16	0	0	8.163816	0.913825	0	0
43.650704	0.421457	1.409333	41.02274	3.704429	26.371534	3.704429	4.363401E+13	2.365817E-5	42268.698713	3.397303E+16	0	0	8.165461	0.904772	0	0
31.166278	3.342556	3.166708	40.903628	3.750214	25.553228	3.750214	4.092826E+13	2.348491E-5	42580.525729	3.396034E+16	0	0	8.170422	0.895463	0	0
44.414296	0	0	40.785969	3.79301	24.742765	3.79301	3.841944E+13	2.331598E-5	42889.03733	3.394857E+16	0	0	8.17174	0.886402	0	0
0	0	0	40.670402	3.833118	23.943748	3.833118	3.610423E+13	2.316205E-5	43174.064628	3.393771E+16	0	0	8.175052	0.877348	0	0
0	0	0	40.554606	3.870975	23.142843	3.870975	3.392371E+13	2.300298E-5	43472.625562	3.392749E+16	0	0	8.170876	0.868503	0	0
0	0	0	40.439741	3.906211	22.349063	3.906211	3.189029E+13	2.283493E-5	43792.557949	3.391795E+16	0	0	8.166263	0.859553	0	0
0	0	0	40.326133	3.940194	21.558872	3.940194	2.999856E+13	2.270651E-5	44040.236146	3.390908E+16	0	0	8.159273	0.850747	0	0
0	0	0	40.213212	3.972623	20.771174	3.972623	2.822904E+13	2.259812E-5	44251.45996	3.390078E+16	0	0	8.151034	0.842053	0	0
0	0	0	40.100552	4.001941	19.99209	4.001941	2.656725E+13	2.243641E-5	44570.408878	3.389299E+16	0	0	8.140366	0.833551	0	0
0	0	0	39.988594	4.029809	19.216808	4.029809	2.501242E+13	2.228735E-5	44868.495467	3.388569E+16	0	0	8.12856	0.825112	0	0
0	0	0	39.878237	4.055721	18.45375	4.055721	2.356861E+13	2.213504E-5	45177.235856	3.387892E+16	0	0	8.115316	0.816833	0	0
0	0	0	39.768599	4.079951	17.697281	4.079951	2.221649E+13	2.197492E-5	45506.42127	3.387258E+16	0	0	8.100608	0.808865	0	0
0	0	0	39.659615	4.102751	16.94633	4.102751	2.094909E+13	2.181299E-5	45844.237759	3.386664E+16	0	0	8.084794	0.80081	0	0
0	0	0	39.55045	4.124175	16.196367	4.124175	1.975189E+13	2.163759E-5	46215.858505	3.386102E+16	0	0	8.060326	0.79297	0	0
0	0	0	39.441711	4.144351	15.450672	4.144351	1.862719E+13	2.145801E-5	46602.640981	3.385575E+16	0	0	8.036641	0.785043	0	0
0	0	0	39.334915	4.164079	14.713867	4.164079	1.75848E+13	2.133313E-5	46875.436847	3.385086E+16	0	0	8.012128	0.777251	0	0
0	0	0	39.225685	4.182482	13.965933	4.182482	1.657884E+13	2.116118E-5	47256.352748	3.384614E+16	0	0	7.986889	0.769666	0	0
0	0	0	39.116112	4.199626	13.219089	4.199626	1.562741E+13	2.096483E-5	47698.930425	3.384168E+16	0	0	7.957852	0.76217	0	0
0	0	0	39.008042	4.215868	12.482411	4.215868	1.474241E+13	2.078252E-5	48117.369317	3.383753E+16	0	0	7.927414	0.754601	0	0
0	0	0	38.900708	4.231382	11.750679	4.231382	1.391295E+13	2.061368E-5	48511.477688	3.383364E+16	0	0	7.896656	0.74732	0	0
0	0	0	38.792246	4.246054	11.013907	4.246054	1.31221E+13	2.042742E-5	48953.797267	3.382993E+16	0	0	7.859619	0.740183	0	0
0	0	0	38.684894	4.260049	10.284562	4.260049	1.238354E+13	2.025709E-5	49365.443265	3.382647E+16	0	0	7.822347	0.732958	0	0
0	0	0	38.577135	4.272957	9.556685	4.272957	1.168391E+13	2.005219E-5	49869.873031	3.382318E+16	0	0	7.783093	0.726004	0	0
0	0	0	38.4698	4.285562	8.830207	4.285562	1.102627E+13	1.987784E-5	50307.279906	3.38201E+16	0	0	7.740706	0.719106	0	0
0	0	0	38.362661	4.297444	8.106854	4.297444	1.040669E+13	1.969725E-5	50768.518082	3.381719E+16	0	0	7.693261	0.712368	0	0
0	0	0	38.254869	4.308435	7.383013	4.308435	9.818424E+12	1.948329E-5	51326.046451	3.381444E+16	0	0	7.649522	0.705734	0	0
0	0	0	38.146505	4.319122	6.655204	4.319122	9.260505E+12	1.928374E-5	51857.158961	3.381182E+16	0	0	7.602657	0.699036	0	0
0	0	0	38.03984	4.328969	5.941172	4.328969	8.742266E+12	1.907242E-5	52431.72751	3.380939E+16	0	0	7.549613	0.692569	0	0
0	0	0	37.932309	4.338663	5.220631	4.338663	8.249139E+12	1.888284E-5	52958.133838	3.380708E+16	0	0	7.49556	0.686062	0	0
0	0	0	37.825889	4.347694	4.509467	4.347694	7.788468E+12	1.868555E-5	53517.279035	3.380492E+16	0	0	7.438979	0.679684	0	0
0	0	0	37.719648	4.35612	3.801866	4.35612	7.35421E+12	1.847246E-5	54134.631271	3.380288E+16	0	0	7.379936	0.673337	0	0
0	0	0	37.612934	4.364293	3.091328	4.364293	6.942365E+12	1.827027E-5	54733.723284	3.380095E+16	0	0	7.318541	0.667022	0	0
0	0	0	37.507232	4.372015	2.388534	4.372015	6.557149E+12	1.807149E-5	55335.773824	3.379914E+16	0	0	7.255395	0.660818	0	0
0	0	0	37.401172	4.379352	1.684797	4.379352	6.192088E+12	1.786719E-5	55968.503881	3.379743E+16	0	0	7.189309	0.654623	0	0
0	0	0	37.294376	4.386131	0.979404	4.386131	5.845013E+12	1.763106E-5	56718.088093	3.37958E+16	0	0	7.119213	0.64862	0	0
0	0	0	37.186812	4.392743	0.269053	4.392743	5.515089E+12	1.740632E-5	57450.400583	3.379425E+16	0	0	7.05088	0.642289	0	0
0	0	0	37.081764	4.399058	-0.425057	4.399058	5.210851E+12	1.720712E-5	58115.48794	3.379283E+16	0	0	6.981238	0.636022	0	0
0	0	0	36.975295	4.404933	-1.125588	4.404933	4.919607E+12	1.697626E-5	58905.806108	3.379146E+16	0	0	6.905572	0.630042	0	0
0	0	0	36.869528	4.410558	-1.821085	4.410558	4.646393E+12	1.675527E-5	59682.725015	3.379018E+16	0	0	6.830069	0.624054	0	0
0	0	0	36.762651	4.415932	-2.522522	4.415932	4.38571E+12	1.652589E-5	60511.111782	3.378896E+16	0	0	6.748766	0.618106	0	0
0	0	0	36.6553	4.421032	-3.225733	4.421032	4.138585E+12	1.62895E-5	61389.22482	3.37878E+16	0	0	6.660095	0.612262	0	0
0	0	0	36.54772	4.42576	-3.928203	4.42576	3.904895E+12	1.603171E-5	62376.373326	3.37867E+16	0	0	6.572304	0.606546	0	0
0	0	0	36.439617	4.430481	-4.635007	4.430481	3.683353E+12	1.580193E-5	63283.408146	3.378566E+16	0	0	6.478362	0.60099	0	0
0	0	0	36.329865	4.435107	-5.352232	4.435107	3.471278E+12	1.557819E-5	64192.311395	3.378467E+16	0	0	6.386336	0.595353	0	0
0	0	0	36.219785	4.439325	-6.068759	4.439325	3.270832E+12	1.532229E-5	65264.383787	3.378373E+16	0	0	6.292338	0.589821	0	0
0	0	0	36.110147	4.443523	-6.783454	4.443523	3.082689E+12	1.50999E-5	66225.589634	3.378285E+16	0	0	6.202906	0.584312	0	0
0	0	0	35.999333	4.447293	-7.502269	4.447293	2.903518E+12	1.482991E-5	67431.270738	3.378201E+16	0	0	6.101215	0.578995	0	0
0	0	0	35.889123	4.45104	-8.218114	4.45104	2.735651E+12	1.459241E-5	68528.796552	3.378122E+16	0	0	5.999135	0.573766	0	0
0	0	0	35.77746	4.454672	-8.942719	4.454672	2.575461E+12	1.435508E-5	69661.769919	3.378047E+16	0	0	5.893565	0.568537	0	0
0	0	0	35.664473	4.458051	-9.673855	4.458051	2.422915E+12	1.409383E-5	70953.055459	3.377975E+16	0	0	5.787573	0.563299	0	0
0	0	0	35.551552	4.461092	-10.402001	4.461092	2.279482E+12	1.380139E-5	72456.492725	3.377908E+16	0	0	5.672222	0.558214	0	0
0	0	0	35.434678	4.464099	-11.155001	4.464099	2.139961E+12	1.350212E-5	74062.418657	3.377842E+16	0	0	5.558983	0.553064	0	0
0	0	0	35.318636	4.467252	-11.905207	4.467252	2.009883E+12	1.326701E-5	75374.918389	3.377781E+16	0	0	5.444006	0.547891	0	0
0	0	0	35.202268	4.470042	-12.654407	4.470042	1.887375E+12	1.298933E-5	76986.288988	3.377724E+16	0	0	5.326751	0.542893	0	0
0	0	0	35.085802	4.472877	-13.405448	4.472877	1.772239E+12	1.274893E-5	78437.977782	3.37767E+16	0	0	5.209122	0.537816	0	0
0	0	0	34.968258	4.475349	-14.159949	4.475349	1.663156E+12	1.245581E-5	80283.840403	3.377619E+16	0	0	5.084162	0.532938	0	0
0	0	0	34.850437	4.477715	-14.915663	4.477715	1.560552E+12	1.216577E-5	82197.818943	3.377571E+16	0	0	4.961858	0.527924	0	0
0	0	0	34.731635	4.480327	-15.680863	4.480327	1.4635E+12	1.194912E-5	83688.182359	3.377525E+16	0	0	4.830606	0.52311	0	0
0	0	0	34.611935	4.482491	-16.447248	4.482491	1.371817E+12	1.165759E-5	85781.014061	3.377482E+16	0	0	4.704465	0.518328	0	0
0	0	0	34.490372	4.48467	-17.225956	4.48467	1.284583E+12	1.138405E-5	87842.232162	3.377441E+16	0	0	4.572851	0.513674	0	0
0	0	0	34.367814	4.486521	-18.007643	4.486521	1.202248E+12	1.105707E-5	90439.881509	3.377403E+16	0	0	4.443866	0.508883	0	0
0	0	0	34.245369	4.488554	-18.791285	4.488554	1.125258E+12	1.079694E-5	92618.798736	3.377367E+16	0	0	4.306359	0.504141	0	0
0	0	0	34.122043	4.490365	-19.578331	4.490365	1.052696E+12	1.050586E-5	95184.95209	3.377333E+16	0	0	4.166594	0.499495	0	0
0	0	0	33.998471	4.492266	-20.368506	4.492266	9.846825E+11	1.025907E-5	97474.75867	3.377301E+16	0	0	4.026942	0.495008	0	0
0	0	0	33.873838	4.493866	-21.162125	4.493866	9.20534E+11	9.958975E-6	100411.940758	3.377271E+16	0	0	3.900023	0.490529	0	0
0	0	0	33.748682	4.495379	-21.958387	4.495379	8.60321E+11	9.658431E-6	103536.483113	3.377242E+16	0	0	3.758897	0.48617	0	0
0	0	0	33.623314	4.496967	-22.75735	4.496967	8.039538E+11	9.397474E-6	106411.573667	3.377216E+16	0	0	3.617425	0.481604	0	0
0	0	0	33.494482	4.498565	-23.578434	4.498565	7.498744E+11	9.144457E-6	109355.862463	3.377191E+16	0	0	3.475972	0.477181	0	0
0	0	0	33.364981	4.499957	-24.401512	4.499957	6.991792E+11	8.859987E-6	112866.984256	3.377167E+16	0	0	3.330052	0.472822	0	0
0	0	0	33.235627	4.501399	-25.224744	4.501399	6.519628E+11	8.610853E-6	116132.510538	3.377145E+16	0	0	3.186298	0.468407	0	0
0	0	0	33.104836	4.50263	-26.054574	4.50263	6.074625E+11	8.323292E-6	120144.762535	3.377124E+16	0	0	3.033939	0.464247	0	0
0	0	0	32.971823	4.504066	-26.901341	4.504066	5.653202E+11	8.099617E-6	123462.633005	3.377104E+16	0	0	2.887618	0.45992	0	0
0	0	0	32.837177	4.505155	-27.754051	4.505155	5.256369E+11	7.801198E-6	128185.441704	3.377085E+16	0	0	2.73547	0.455769	0	0
0	0	0	32.700358	4.50638	-28.622475	4.50638	4.881654E+11	7.549634E-6	132456.753193	3.377068E+16	0	0	2.59044	0.451625	0	0
0	0	0	32.560435	4.507449	-29.508473	4.507449	4.526051E+11	7.266276E-6	137622.070433	3.377051E+16	0	0	2.443691	0.447522	0	0
0	0	0	32.419908	4.508674	-30.400754	4.508674	4.194979E+11	7.042071E-6	142003.672518	3.377036E+16	0	0	2.29785	0.443442	0	0
0	0	0	32.2793	4.509582	-31.289473	4.509582	3.887952E+11	6.755111E-6	148036.050731	3.377021E+16	0	0	2.153901	0.439466	0	0
0	0	0	32.136764	4.510751	-32.194229	4.510751	3.599642E+11	6.549466E-6	152684.199983	3.377008E+16	0	0	2.008364	0.435562	0	0
0	0	0	31.990487	4.511558	-33.11746	4.511558	3.325979E+11	6.255369E-6	159862.660084	3.376995E+16	0	0	1.874244	0.43177	0	0
0	0	0	31.847592	4.512465	-34.021349	4.512465	3.078742E+11	6.018259E-6	166160.999017	3.376983E+16	0	0	1.732271	0.42813	0	0
0	0	0	31.699943	4.513573	-34.958146	4.513573	2.84257E+11	5.837239E-6	171313.8583	3.376972E+16	0	0	1.597509	0.424266	0	0
0	0	0	31.547426	4.514063	-35.916432	4.514063	2.617617E+11	5.497941E-6	181886.286175	3.376962E+16	0	0	1.471936	0.420506	0	0
0	0	0	31.394093	4.51499	-36.886603	4.51499	2.409401E+11	5.289185E-6	189065.028315	3.376952E+16	0	0	1.342246	0.416857	0	0
0	0	0	31.237232	4.515651	-37.875035	4.515651	2.213522E+11	5.020777E-6	199172.346745	3.376943E+16	0	0	1.218013	0.413161	0	0
0	0	0	31.080452	4.516673	-38.868802	4.516673	2.033656E+11	4.863122E-6	205629.21616	3.376934E+16	0	0	1.094827	0.409632	0	0
0	0	0	30.92248	4.517273	-39.863761	4.517273	1.867202E+11	4.61193E-6	216828.96437	3.376926E+16	0	0	0.979584	0.405967	0	0
0	0	0	30.761404	4.517984	-40.880058	4.517984	1.711498E+11	4.398656E-6	227342.170147	3.376919E+16	0	0	0.868495	0.402247	0	0
0	0	0	30.597927	4.51877	-41.912816	4.51877	1.566742E+11	4.215578E-6	237215.40126	3.376912E+16	0	0	0.761962	0.398607	0	0
0	0	0	30.432342	4.519359	-42.95584	4.519359	1.432597E+11	3.995312E-6	250293.337849	3.376906E+16	0	0	0.662361	0.395118	0	0
0	0	0	30.264814	4.520014	-44.012297	4.520014	1.308561E+11	3.803573E-6	262910.671599	3.3769E+16	0	0	0.567976	0.391629	0	0
0	0	0	30.093889	4.520574	-45.08863	4.520574	1.193071E+11	3.597675E-6	277957.304897	3.376895E+16	0	0	0.484277	0.388124	0	0
0	0	0	29.920072	4.521012	-46.181205	4.521012	1.086075E+11	3.374042E-6	296380.382318	3.37689E+16	0	0	0.409466	0.384675	0	0
0	0	0	29.741404	4.521712	-47.308707	4.521712	9.860853E+10	3.218748E-6	310679.789766	3.376885E+16	0	0	0.33624	0.381226	0	0
0	0	0	29.55942	4.522146	-48.452609	4.522146	8.936974E+10	3.01174E-6	332033.934096	3.376881E+16	0	0	0.283872	0.37773	0	0
0	0	0	29.375541	4.522901	-49.614149	4.522901	8.091361E+10	2.890006E-6	346020.003686	3.376877E+16	0	0	0.228973	0.374496	0	0
0	0	0	29.188966	4.523445	-50.789112	4.523445	7.315093E+10	2.730472E-6	366237.075422	3.376873E+16	0	0	0.185146	0.371143	0	0
0	0	0	28.998063	4.523808	-51.988111	4.523808	6.597841E+10	2.539064E-6	393845.932979	3.37687E+16	0	0	0.149167	0.367758	0	0
0	0	0	28.802946	4.524221	-53.21451	4.524221	5.937374E+10	2.368454E-6	422216.392576	3.376867E+16	0	0	0.116711	0.364349	0	0
0	0	0	28.605885	4.524488	-54.450563	4.524488	5.337411E+10	2.180711E-6	458566.134274	3.376864E+16	0	0	0.092729	0.361212	0	0
0	0	0	28.40461	4.525132	-55.720083	4.525132	4.787154E+10	2.07726E-6	481403.458999	3.376861E+16	0	0	0.069765	0.358018	0	0
0	0	0	28.200068	4.525636	-57.007666	4.525636	4.286049E+10	1.954587E-6	511617.044216	3.376859E+16	0	0	0.054268	0.354849	0	0
0	0	0	27.996848	4.526144	-58.287314	4.526144	3.840143E+10	1.846243E-6	541640.369552	3.376857E+16	0	0	0.04246	0.351743	0	0
0	0	0	27.784351	4.526321	-59.618783	4.526321	3.423415E+10	1.677483E-6	596131.232294	3.376855E+16	0	0	0.033356	0.348685	0	0
0	0	0	27.569306	4.526683	-60.969905	4.526683	3.047708E+10	1.554677E-6	643220.373239	3.376853E+16	0	0	0.021529	0.345596	0	0
0	0	0	27.350732	4.526996	-62.342265	4.526996	2.708063E+10	1.432037E-6	698305.985924	3.376852E+16	0	0	0.020225	0.34265	0	0
0	0	0	27.129087	4.527484	-63.737512	4.527484	2.402278E+10	1.347542E-6	742092.028467	3.37685E+16	0	0	0.017037	0.339672	0	0
0	0	0	26.901039	4.52771	-65.167724	4.52771	2.123658E+10	1.225842E-6	815765.576796	3.376849E+16	0	0	0.012293	0.336558	0	0
0	0	0	26.671554	4.528088	-66.61015	4.528088	1.875894E+10	1.137852E-6	878849.055767	3.376848E+16	0	0	0.009356	0.333724	0	0
0	0	0	26.438279	4.52843	-68.075737	4.52843	1.653645E+10	1.051492E-6	951029.833897	3.376847E+16	0	0	0.005989	0.33085	0	0
0	0	0	26.201574	4.528818	-69.563914	4.528818	1.455026E+10	9.787172E-7	1021745.559054	3.376846E+16	0	0	0.003724	0.328016	0	0
0	0	0	25.961994	4.528979	-71.065432	4.528979	1.278276E+10	8.810247E-7	1135041.92929	3.376845E+16	0	0	0.001809	0.325198	0	0
0	0	0	25.717579	4.529331	-72.601423	4.529331	1.120065E+10	8.159451E-7	1225572.690874	3.376844E+16	0	0	0.008099	0.322444	0	0
0	0	0	25.46975	4.529568	-74.156419	4.529568	9.796256E+9	7.42017E-7	1347677.947317	3.376843E+16	0	0	-0.001719	0.319809	0	0
0	0	0	25.219813	4.52985	-75.725738	4.52985	8.5582E+9	6.804757E-7	1469560.150728	3.376843E+16	0	0	-0.000538	0.317015	0	0
0	0	0	24.963196	4.530061	-77.335414	4.530061	7.449657E+9	6.152843E-7	1625264.814547	3.376842E+16	0	0	0.001467	0.314316	0	0
0	0	0	24.703737	4.530373	-78.965294	4.530373	6.474748E+9	5.671955E-7	1763060.676474	3.376842E+16	0	0	0.003099	0.311698	0	0
0	0	0	24.441419	4.530544	-80.609978	4.530544	5.618732E+9	5.091456E-7	1964074.819544	3.376841E+16	0	0	0.005575	0.309047	0	0
0	0	0	24.172943	4.530997	-82.299902	4.530997	4.859684E+9	4.844723E-7	2064101.400451	3.376841E+16	0	0	0.003972	0.306516	0	0
0	0	0	23.90102	4.531007	-84.001131	4.531007	4.195354E+9	4.19187E-7	2385570.216656	3.376841E+16	0	0	-0.00056	0.30393	0	0
0	0	0	23.627921	4.531113	-85.712029	4.531113	3.619537E+9	3.703336E-7	2700267.774828	3.376841E+16	0	0	-0.002237	0.301439	0	0
0	0	0	23.352372	4.531485	-87.444838	4.531485	3.118618E+9	3.485408E-7	2869104.669778	3.37684E+16	0	0	0.000274	0.298996	0	0
0	0	0	23.071188	4.531571	-89.20604	4.531571	2.678849E+9	3.058836E-7	3269217.403868	3.37684E+16	0	0	-0.002273	0.296441	0	0
0	0	0	22.788141	4.531772	-90.981851	4.531772	2.298779E+9	2.765892E-7	3615470.574574	3.37684E+16	0	0	0.001563	0.293958	0	0
0	0	0	22.50155	4.531913	-92.778436	4.531913	1.968856E+9	2.46152E-7	4062531.163086	3.37684E+16	0	0	-0.002309	0.291595	0	0
0	0	0	22.211153	4.53224	-94.603724	4.53224	1.682818E+9	2.313793E-7	4321907.563967	3.37684E+16	0	0	0.002459	0.289088	0	0
0	0	0	21.916868	4.532406	-96.449354	4.532406	1.435317E+9	2.078788E-7	4810494.592833	3.37684E+16	0	0	-0.000592	0.286653	0	0
0	0	0	21.620493	4.532396	-98.303523	4.532396	1.222834E+9	1.765362E-7	5664560.835973	3.376839E+16	0	0	-0.001482	0.284218	0	0
0	0	0	21.321177	4.532707	-100.18471	4.532707	1.040152E+9	1.668305E-7	5994106.126027	3.376839E+16	0	0	-0.000156	0.281767	0	0
0	0	0	21.017794	4.532753	-102.084327	4.532753	8.828183E+8	1.439158E-7	6948506.285368	3.376839E+16	0	0	-0.000157	0.279636	0	0
0	0	0	20.713577	4.532858	-103.990849	4.532858	7.489455E+8	1.269434E-7	7877525.594795	3.376839E+16	0	0	0.003916	0.277273	0	0
0	0	0	20.407777	4.532939	-105.90666	4.532939	6.348296E+8	1.109606E-7	9012210.274311	3.376839E+16	0	0	0.003035	0.274949	0	0
0	0	0	20.097533	4.533155	-107.854163	4.533155	5.368105E+8	1.0242E-7	9763722.396997	3.376839E+16	0	0	0.004901	0.27257	0	0
0	0	0	19.786015	4.533361	-109.809508	4.533361	4.536132E+8	9.482582E-8	1.054565E+7	3.376839E+16	0	0	0.000765	0.270359	0	0
0	0	0	19.472112	4.533522	-111.778618	4.533522	3.828164E+8	8.648334E-8	1.156292E+7	3.376839E+16	0	0	-0.005304	0.268227	0	0
0	0	0	19.156037	4.533583	-113.758492	4.533583	3.226898E+8	7.517491E-8	1.330231E+7	3.376839E+16	0	0	-0.000165	0.265944	0	0
0	0	0	18.839325	4.533588	-115.740755	4.533588	2.719133E+8	6.351132E-8	1.574522E+7	3.376839E+16	0	0	0.000783	0.26382	0	0
0	0	0	18.520979	4.533653	-117.735058	4.533653	2.289245E+8	5.534619E-8	1.806809E+7	3.376839E+16	0	0	0.01036	0.261609	0	0
0	0	0	18.200412	4.533879	-119.74821	4.533879	1.925007E+8	5.297236E-8	1.887777E+7	3.376839E+16	0	0	0.004173	0.259405	0	0
0	0	0	17.880286	4.534025	-121.756291	4.534025	1.619109E+8	4.891107E-8	2.044527E+7	3.376839E+16	0	0	-0.003574	0.25725	0	0
0	0	0	17.559849	4.53405	-123.762661	4.53405	1.361592E+8	4.183725E-8	2.390215E+7	3.376839E+16	0	0	0.000809	0.255166	0	0
0	0	0	17.237469	4.534086	-125.781534	4.534086	1.14383E+8	3.601069E-8	2.776953E+7	3.376839E+16	0	0	0.001803	0.253003	0	0
0	0	0	16.91878	4.534297	-127.782944	4.534297	9.628145E+7	3.55596E-8	2.81218E+7	3.376839E+16	0	0	0.001817	0.250919	0	0
0	0	0	16.599847	4.534247	-129.777601	4.534247	8.103382E+7	2.874348E-8	3.47905E+7	3.376839E+16	0	0	-0.000677	0.249027	0	0
0	0	0	16.278904	4.534277	-131.787424	4.534277	6.812684E+7	2.475326E-8	4.039872E+7	3.376839E+16	0	0	0.001845	0.246967	0	0
0	0	0	15.959202	4.534578	-133.798468	4.534578	5.731413E+7	2.752053E-8	3.633651E+7	3.376839E+16	0	0	-0.002726	0.244891	0	0
0	0	0	15.638913	4.534448	-135.798973	4.534448	4.820222E+7	2.031477E-8	4.922526E+7	3.376839E+16	0	0	0.00393	0.242792	0	0
0	0	0	15.320959	4.534458	-137.789515	4.534458	4.059017E+7	1.726916E-8	5.790669E+7	3.376839E+16	0	0	-0.000699	0.240812	0	0
0	0	0	15.005553	4.534664	-139.770808	4.534664	3.422731E+7	1.808238E-8	5.530245E+7	3.376839E+16	0	0	0.004511	0.238999	0	0
0	0	0	14.689968	4.534619	-141.744702	4.534619	2.885909E+7	1.447807E-8	6.906999E+7	3.376839E+16	0	0	0.000342	0.237043	0	0
0	0	0	14.376605	4.534739	-143.710443	4.534739	2.436206E+7	1.411933E-8	7.08249E+7	3.376839E+16	0	0	0.006699	0.235151	0	0
0	0	0	14.065463	4.534664	-145.655457	4.534664	2.05905E+7	1.087806E-8	9.19282E+7	3.376839E+16	0	0	-0.000721	0.233187	0	0
0	0	0	13.756085	4.53485	-147.598679	4.53485	1.741943E+7	1.177065E-8	8.495706E+7	3.376839E+16	0	0	0.003039	0.231343	0	0
0	0	0	13.449206	4.534825	-149.518798	4.534825	1.475665E+7	9.609037E-9	1.040687E+8	3.376839E+16	0	0	-0.002358	0.229427	0	0
0	0	0	13.148714	4.534895	-151.402386	4.534895	1.254414E+7	9.093545E-9	1.099681E+8	3.376839E+16	0	0	0.007455	0.227631	0	0
0	0	0	12.849316	4.534991	-153.280093	4.534991	1.066968E+7	9.139663E-9	1.094132E+8	3.376839E+16	0	0	-0.005148	0.225691	0	0
0	0	0	12.550866	4.535051	-155.150634	4.535051	9079958.5	8.785846E-9	1.138194E+8	3.376839E+16	0	0	0.00147	0.22399	0	0
0	0	0	12.257202	4.534956	-156.985437	4.534956	7747117	6.219954E-9	1.607729E+8	3.376839E+16	0	0	-0.000755	0.222186	0	0
0	0	0	11.966772	4.53491	-158.801823	4.53491	6621489	4.919487E-9	2.032732E+8	3.376839E+16	0	0	0.000366	0.220326	0	0
0	0	0	11.680638	4.535137	-160.601602	4.535137	5672569	6.723094E-9	1.48741E+8	3.376839E+16	0	0	0.005479	0.218506	0	0
0	0	0	11.399585	4.535122	-162.360478	4.535122	4873001.5	5.555017E-9	1.800174E+8	3.376839E+16	0	0	0.01296	0.216765	0	0
0	0	0	11.123954	4.535076	-164.08423	4.535076	4198426.5	4.294317E-9	2.328659E+8	3.376839E+16	0	0	-0.003085	0.214977	0	0
0	0	0	10.850463	4.535298	-165.804939	4.535298	3621420	7.442237E-9	1.343682E+8	3.376839E+16	0	0	-0.004851	0.213316	0	0
0	0	0	10.581415	4.535031	-167.478819	4.535031	3131225.5	2.904351E-9	3.44311E+8	3.376839E+16	0	0	-0.000205	0.211648	0	0
0	0	0	10.317252	4.535197	-169.139073	4.535197	2714541	3.824292E-9	2.614863E+8	3.376839E+16	0	0	-0.006698	0.209828	0	0
0	0	0	10.057302	4.535182	-170.765827	4.535182	2358673.5	3.173259E-9	3.151335E+8	3.376839E+16	0	0	-0.001397	0.208207	0	0
0	0	0	9.800359	4.535298	-172.379008	4.535298	2052792	4.218618E-9	2.370445E+8	3.376839E+16	0	0	0.006381	0.206514	0	0
0	0	0	9.549851	4.535333	-173.948711	4.535333	1792804.5	4.388979E-9	2.278434E+8	3.376839E+16	0	0	0.002204	0.204862	0	0
0	0	0	9.302495	4.535152	-175.489887	4.535152	1568415.5	1.935694E-9	5.166107E+8	3.376839E+16	0	0	-0.002038	0.203257	0	0
0	0	0	9.058995	4.535237	-177.017762	4.535237	1374973.5	2.215805E-9	4.513032E+8	3.376839E+16	0	0	-0.001441	0.201589	0	0
0	0	0	8.820052	4.535177	-178.51113	4.535177	1208363.5	1.601633E-9	6.243627E+8	3.376839E+16	0	0	0.009663	0.200056	0	0
0	0	0	8.586417	4.535298	-179.978758	4.535298	1064993.5	2.188631E-9	4.569066E+8	3.376839E+16	0	0	0.004138	0.198419	0	0
0	0	0	8.356671	4.535232	-181.414327	4.535232	940609	1.489035E-9	6.715759E+8	3.376839E+16	0	0	0.006051	0.196846	0	0
0	0	0	8.129799	4.535378	-182.840758	4.535378	832044	2.701153E-9	3.702122E+8	3.376839E+16	0	0	0.007359	0.195313	0	0
0	0	0	7.907338	4.535298	-184.230065	4.535298	737766.5	1.516159E-9	6.595616E+8	3.376839E+16	0	0	0.005508	0.193677	0	0
0	0	0	7.689777	4.535459	-185.598942	4.535459	655906.5	5.066355E-9	1.973806E+8	3.376839E+16	0	0	0.005547	0.19224	0	0
0	0	0	7.47545	4.535353	-186.936224	4.535353	584149.5	1.605531E-9	6.22847E+8	3.376839E+16	0	0	-0.00475	0.190699	0	0
0	0	0	7.264749	4.535449	-188.259425	4.535449	521264	3.434241E-9	2.911852E+8	3.376839E+16	0	0	0.00433	0.18919	0	0
0	0	0	7.055421	4.535363	-189.566233	4.535363	465493.5	1.363027E-9	7.336612E+8	3.376839E+16	0	0	-0.002198	0.187633	0	0
0	0	0	6.851418	4.535373	-190.843828	4.535373	416888	1.306067E-9	7.656572E+8	3.376839E+16	0	0	-0.002875	0.186204	0	0
0	0	0	6.650175	4.535378	-192.103925	4.535378	373916	1.213884E-9	8.238019E+8	3.376839E+16	0	0	0.001766	0.184663	0	0
0	0	0	6.452036	4.535444	-193.347252	4.535444	335936	2.061654E-9	4.850474E+8	3.376839E+16	0	0	-0.000906	0.18325	0	0
0	0	0	6.256363	4.535303	-194.566038	4.535303	302216.5	6.356542E-10	1.573182E+9	3.376839E+16	0	0	0.005846	0.181885	0	0
0	0	0	6.061556	4.535418	-195.790755	4.535418	272009	1.243482E-9	8.041935E+8	3.376839E+16	0	0	-0.003642	0.18048	0	0
0	0	0	5.871568	4.535464	-196.982206	4.535464	245459.5	2.074847E-9	4.819632E+8	3.376839E+16	0	0	0.006622	0.178995	0	0
0	0	0	5.684128	4.535408	-198.153204	4.535408	221806.5	9.200953E-10	1.086844E+9	3.376839E+16	0	0	0.007364	0.177566	0	0
0	0	0	5.498845	4.535423	-199.313859	4.535423	200666.5	9.666611E-10	1.034489E+9	3.376839E+16	0	0	-0.003725	0.176273	0	0
0	0	0	5.313202	4.535514	-200.480192	4.535514	181506	2.710497E-8	3.689361E+7	3.376839E+16	0	0	-0.000946	0.174987	0	0
0	0	0	5.129943	4.535559	-201.629571	4.535559	164387	-1.75348E-9	-5.702945E+8	3.376839E+16	0	0	0.007531	0.173423	0	0
0	0	0	4.949821	4.535655	-202.761636	4.535655	149135	-4.876873E-10	-2.050494E+9	3.376839E+16	0	0	0.009011	0.172081	0	0
0	0	0	4.771218	4.535358	-203.866185	4.535358	135409.5	3.839498E-10	2.604507E+9	3.376839E+16	0	0	0.006204	0.170844	0	0
0	0	0	4.595098	4.535529	-204.976679	4.535529	123112.5	-4.596252E-9	-2.175686E+8	3.376839E+16	0	0	-0.000976	0.169503	0	0
0	0	0	4.417933	4.535454	-206.082351	4.535454	111868.5	7.955172E-10	1.257044E+9	3.376839E+16	0	0	-0.003167	0.168169	0	0
0	0	0	4.241829	4.535549	-207.189316	4.535549	101710	-1.423955E-9	-7.022694E+8	3.376839E+16	0	0	0.004874	0.166972	0	0
0	0	0	4.067718	4.535499	-208.277015	4.535499	92573.5	2.304074E-9	4.340139E+8	3.376839E+16	0	0	0.003436	0.165551	0	0
0	0	0	3.895224	4.535408	-209.352677	4.535408	84332	3.498251E-10	2.858571E+9	3.376839E+16	0	0	0.000483	0.164409	0	0
0	0	0	3.724054	4.535408	-210.424295	4.535408	76878.5	3.189066E-10	3.135714E+9	3.376839E+16	0	0	-0.003265	0.162884	0	0
0	0	0	3.553341	4.535589	-211.501634	4.535589	70101.5	-4.361916E-10	-2.292571E+9	3.376839E+16	0	0	-0.004797	0.161767	0	0
0	0	0	3.384097	4.535519	-212.557868	4.535519	63972.5	-1.433004E-8	-6.978349E+7	3.376839E+16	0	0	0.005823	0.160465	0	0
0	0	0	3.21554	4.53566	-213.619877	4.53566	58401	-1.842529E-10	-5.427322E+9	3.376839E+16	0	0	0.000498	0.15922	0	0
0	0	0	3.051002	4.535489	-214.641816	4.535489	53431	8.549045E-10	1.169721E+9	3.376839E+16	0	0	-0.001815	0.158014	0	0
0	0	0	2.889534	4.535614	-215.658763	4.535614	48965	-2.261499E-10	-4.421845E+9	3.376839E+16	0	0	-0.004163	0.156801	0	0
0	0	0	2.731153	4.535544	-216.646941	4.535544	44947	-7.45795E-10	-1.340851E+9	3.376839E+16	0	0	-0.001842	0.155611	0	0
0	0	0	2.57452	4.535614	-217.630987	4.535614	41298	-1.907391E-10	-5.242764E+9	3.376839E+16	0	0	0.003671	0.154406	0	0
0	0	0	2.421171	4.535574	-218.589112	4.535574	38012.5	-2.98768E-10	-3.347079E+9	3.376839E+16	0	0	-0.001074	0.153208	0	0
0	0	0	2.273179	4.53571	-219.522286	4.53571	35089.5	-8.187633E-11	-1.221354E+10	3.376839E+16	0	0	0.002122	0.15209	0	0
0	0	0	2.132211	4.535609	-220.399933	4.535609	32515.5	-1.58338E-10	-6.315605E+9	3.376839E+16	0	0	-0.00835	0.150917	0	0
0	0	0	1.997238	4.535574	-221.243234	4.535574	30227.5	-2.3758E-10	-4.209109E+9	3.376839E+16	0	0	0.000528	0.149711	0	0
0	0	0	1.867884	4.535796	-222.064007	4.535796	28185.5	-4.558568E-11	-2.193672E+10	3.376839E+16	0	0	0.001352	0.148458	0	0
0	0	0	1.744655	4.53574	-222.832798	4.53574	26369.5	-5.321467E-11	-1.879181E+10	3.376839E+16	0	0	0.007966	0.147316	0	0
0	0	0	1.618601	4.535604	-223.61527	4.535604	24632.5	-1.268445E-10	-7.883668E+9	3.376839E+16	0	0	0.000541	0.146183	0	0
0	0	0	1.490162	4.535609	-224.419646	4.535609	22980	-1.119037E-10	-8.936251E+9	3.376839E+16	0	0	0.003055	0.145193	0	0
0	0	0	1.362899	4.535559	-225.213897	4.535559	21452	-2.288237E-10	-4.370177E+9	3.376839E+16	0	0	-0.012939	0.144099	0	0
0	0	0	1.235047	4.53565	-226.018871	4.53565	20020	-6.794736E-11	-1.471728E+10	3.376839E+16	0	0	0.0065	0.142893	0	0
0	0	0	1.106379	4.53572	-226.827973	4.53572	18674.5	-4.141713E-11	-2.41446E+10	3.376839E+16	0	0	0.001411	0.141895	0	0
0	0	0	0.979884	4.535665	-227.617158	4.535665	17440.5	-5.315254E-11	-1.881378E+10	3.376839E+16	0	0	-0.001164	0.140754	0	0
0	0	0	0.857913	4.535625	-228.378762	4.535625	16327.5	-6.836256E-11	-1.462789E+10	3.376839E+16	0	0	0.000564	0.139668	0	0
0	0	0	0.741807	4.535614	-229.105169	4.535614	15334	-7.082167E-11	-1.411997E+10	3.376839E+16	0	0	0.002317	0.138678	0	0
0	0	0	0.63292	4.535665	-229.789437	4.535665	14457.5	-4.40614E-11	-2.26956E+10	3.376839E+16	0	0	-0.00559	0.137648	0	0
0	0	0	0.535549	4.535604	-230.395986	4.535604	13716.5	-7.063281E-11	-1.415773E+10	3.376839E+16	0	0	0.001463	0.136618	0	0
0	0	0	0.451638	4.53577	-230.929798	4.53577	13108	-2.330335E-11	-4.291229E+10	3.376839E+16	0	0	0.004157	0.135453	0	0
0	0	0	0.378982	4.535695	-231.380841	4.535695	12603.5	-3.190071E-11	-3.134727E+10	3.376839E+16	0	0	-0.003013	0.134559	0	0
0	0	0	0.316143	4.53578	-231.778644	4.53578	12182.5	-2.083136E-11	-4.800456E+10	3.376839E+16	0	0	0.006933	0.133505	0	0
0	0	0	0.26098	4.535524	-232.11087	4.535524	11824	-7.567437E-10	-1.321451E+9	3.376839E+16	0	0	-0.00032	0.132451	0	0
0	0	0	0.214884	4.535695	-232.408233	4.535695	11533.5	-2.919243E-11	-3.425545E+10	3.376839E+16	0	0	-0.01044	0.131429	0	0
0	0	0	0.172969	4.535519	-232.661619	4.535519	11274.5	-2.525514E-9	-3.95959E+8	3.376839E+16	0	0	0.008948	0.130327	0	0
0	0	0	0.138307	4.535791	-232.892578	4.535791	11065.5	-1.822571E-11	-5.486753E+10	3.376839E+16	0	0	0.002477	0.129258	0	0
0	0	0	0.108137	4.53564	-233.073716	4.53564	10886.5	-3.997706E-11	-2.501435E+10	3.376839E+16	0	0	0.000613	0.128132	0	0
0	0	0	0.080973	4.535614	-233.242493	4.535614	10728	-4.954838E-11	-2.01823E+10	3.376839E+16	0	0	0.011067	0.127062	0	0
0	0	0	0.05701	4.53572	-233.397955	4.53572	10590	-2.348697E-11	-4.25768E+10	3.376839E+16	0	0	0.005407	0.126064	0	0
0	0	0	0.036036	4.535554	-233.520723	4.535554	10470.5	-1.267792E-10	-7.887727E+9	3.376839E+16	0	0	0.004485	0.125058	0	0
0	0	0	0.018378	4.535745	-233.641117	4.535745	10371	-2.046808E-11	-4.885655E+10	3.376839E+16	0	0	0.005481	0.124268	0	0
0	0	0	0.002272	4.535569	-233.732884	4.535569	10281	-8.857567E-11	-1.128978E+10	3.376839E+16	0	0	0.016278	0.12327	0	0
0	0	0	-0.011253	4.5357	-233.824301	4.5357	10206	-2.512272E-11	-3.980461E+10	3.376839E+16	0	0	0.006546	0.122384	0	0
0	0	0	-0.023961	4.53562	-233.899717	4.53562	10136.5	-4.452155E-11	-2.246103E+10	3.376839E+16	0	0	0.000644	0.121498	0	0
0	0	0	-0.03515	4.535609	-233.969252	4.535609	10075	-4.906137E-11	-2.038264E+10	3.376839E+16	0	0	0.006638	0.120587	0	0
0	0	0	-0.045604	4.53566	-234.037297	4.53566	10018.5	-3.160798E-11	-3.163758E+10	3.376839E+16	0	0	0.000653	0.119693	0	0
0	0	0	-0.054637	4.53571	-234.096447	4.53571	9969.5	-2.32624E-11	-4.298782E+10	3.376839E+16	0	0	0.00572	0.118791	0	0
0	0	0	-0.062494	4.53571	-234.145638	4.53571	9927	-2.316323E-11	-4.317186E+10	3.376839E+16	0	0	0.011888	0.117825	0	0
0	0	0	-0.069927	4.535599	-234.186459	4.535599	9887.5	-5.402006E-11	-1.851164E+10	3.376839E+16	0	0	0.015042	0.117051	0	0
0	0	0	-0.076918	4.535604	-234.230489	4.535604	9850	-5.072235E-11	-1.971517E+10	3.376839E+16	0	0	0.005841	0.116196	0	0
0	0	0	-0.082504	4.535579	-234.264166	4.535579	9820.5	-7.096175E-11	-1.40921E+10	3.376839E+16	0	0	0.005884	0.115318	0	0
0	0	0	-0.088679	4.535579	-234.302823	4.535579	9787.5	-7.07233E-11	-1.413961E+10	3.376839E+16	0	0	0.002781	0.114376	0	0
0	0	0	-0.093743	4.53566	-234.338681	4.53566	9761	-3.079558E-11	-3.247219E+10	3.376839E+16	0	0	0.001745	0.113458	0	0
0	0	0	-0.098104	4.535569	-234.361311	4.535569	9738	-8.389747E-11	-1.191931E+10	3.376839E+16	0	0	0.013463	0.1127	0	0
0	0	0	-0.10222	4.535459	-234.381367	4.535459	9716.5	7.505235E-11	1.332403E+10	3.376839E+16	0	0	0.006057	0.111837	0	0
0	0	0	-0.106418	4.535504	-234.409988	4.535504	9694.5	3.340908E-10	2.993199E+9	3.376839E+16	0	0	0.000702	0.111007	0	0
0	0	0	-0.110273	4.535801	-234.449452	4.535801	9674	-1.536878E-11	-6.506697E+10	3.376839E+16	0	0	0.006144	0.110169	0	0
0	0	0	-0.113279	4.53577	-234.466711	4.53577	9658.5	-1.717084E-11	-5.823827E+10	3.376839E+16	0	0	0.006192	0.109267	0	0
0	0	0	-0.116676	4.53576	-234.487463	4.53576	9640.5	-1.784706E-11	-5.603165E+10	3.376839E+16	0	0	0.008455	0.108317	0	0
0	0	0	-0.119682	4.53564	-234.500044	4.53564	9625	-3.534462E-11	-2.829285E+10	3.376839E+16	0	0	0.011837	0.107662	0	0
0	0	0	-0.122148	4.53565	-234.516006	4.53565	9612	-3.262288E-11	-3.065334E+10	3.376839E+16	0	0	0.015289	0.106792	0	0
0	0	0	-0.124599	4.53574	-234.536024	4.53574	9599.5	-1.937216E-11	-5.162047E+10	3.376839E+16	0	0	-0.011663	0.106105	0	0
0	0	0	-0.126787	4.535695	-234.547389	4.535695	9588	-2.426818E-11	-4.120622E+10	3.376839E+16	0	0	-0.008328	0.105482	0	0
0	0	0	-0.128437	4.535725	-234.559278	4.535725	9579.5	-2.073265E-11	-4.823309E+10	3.376839E+16	0	0	0.001884	0.104652	0	0
0	0	0	-0.130708	4.535856	-234.580252	4.535856	9568	-1.271961E-11	-7.861878E+10	3.376839E+16	0	0	-0.007301	0.10387	0	0
0	0	0	-0.132407	4.535791	-234.587509	4.535791	9559	-1.574439E-11	-6.351467E+10	3.376839E+16	0	0	0.01234	0.103032	0	0
0	0	0	-0.133975	4.535911	-234.603566	4.535911	9551	-1.091554E-11	-9.161251E+10	3.376839E+16	0	0	0.018249	0.102345	0	0
0	0	0	-0.13502	4.535765	-234.602572	4.535765	9545.5	-1.731347E-11	-5.775849E+10	3.376839E+16	0	0	0.006642	0.101475	0	0
0	0	0	-0.137225	4.535745	-234.615339	4.535745	9534.5	-1.881718E-11	-5.314293E+10	3.376839E+16	0	0	0.006683	0.100804	0	0
0	0	0	-0.137993	4.535791	-234.622485	4.535791	9530.5	-1.569745E-11	-6.37046E+10	3.376839E+16	0	0	-0.008753	0.100094	0	0
0	0	0	-0.13912	4.53578	-234.629022	4.53578	9524.5	-1.628633E-11	-6.140118E+10	3.376839E+16	0	0	0.001978	0.099399	0	0
0	0	0	-0.140198	4.53577	-234.635252	4.53577	9519	-1.692284E-11	-5.909174E+10	3.376839E+16	0	0	0.010442	0.098665	0	0
0	0	0	-0.140607	4.535811	-234.639889	4.535811	9517	-1.460157E-11	-6.848577E+10	3.376839E+16	0	0	0.00079	0.097914	0	0
0	0	0	-0.141652	4.535941	-234.653194	4.535941	9511.5	-1.009762E-11	-9.903325E+10	3.376839E+16	0	0	-0.011443	0.097243	0	0
0	0	0	-0.141832	4.535695	-234.641579	4.535695	9510.5	-2.407202E-11	-4.154201E+10	3.376839E+16	0	0	0.01929	0.096517	0	0
0	0	0	-0.142452	4.535705	-234.645985	4.535705	9507.5	-2.277756E-11	-4.390286E+10	3.376839E+16	0	0	0.000807	0.095798	0	0
0	0	0	-0.142877	4.535841	-234.655664	4.535841	9505.5	-1.322518E-11	-7.561335E+10	3.376839E+16	0	0	-0.001686	0.095168	0	0
0	0	0	-0.143236	4.535614	-234.646214	4.535614	9503.5	-4.38929E-11	-2.278273E+10	3.376839E+16	0	0	-0.006727	0.094505	0	0
0	0	0	-0.143285	4.53566	-234.648861	4.53566	9503	-2.99816E-11	-3.335379E+10	3.376839E+16	0	0	-0.00171	0.093755	0	0
0	0	0	-0.143923	4.53572	-234.655969	4.53572	9499.5	-2.106841E-11	-4.746442E+10	3.376839E+16	0	0	0.026329	0.093124	0	0
0	0	0	-0.143498	4.535604	-234.64733	4.535604	9502	-4.893034E-11	-2.043722E+10	3.376839E+16	0	0	0.008547	0.09235	0	0
0	0	0	-0.143449	4.535594	-234.646503	4.535594	9502	-5.528492E-11	-1.808811E+10	3.376839E+16	0	0	0.007303	0.091791	0	0
0	0	0	-0.14371	4.535785	-234.65802	4.535785	9501	-1.594191E-11	-6.272772E+10	3.376839E+16	0	0	-0.01348	0.091056	0	0
0	0	0	-0.143138	4.53575	-234.65262	4.53575	9503.5	-1.835177E-11	-5.449065E+10	3.376839E+16	0	0	0.015258	0.090513	0	0
0	0	0	-0.143122	4.53575	-234.652518	4.53575	9504	-1.835274E-11	-5.448778E+10	3.376839E+16	0	0	-0.003102	0.089787	0	0
0	0	0	-0.143694	4.53578	-234.657658	4.53578	9501	-1.624615E-11	-6.155305E+10	3.376839E+16	0	0	0.023451	0.089156	0	0
0	0	0	-0.143563	4.535791	-234.65736	4.535791	9501.5	-1.564969E-11	-6.389904E+10	3.376839E+16	0	0	0.002207	0.088541	0	0
0	0	0	-0.143122	4.535705	-234.650178	4.535705	9504	-2.276917E-11	-4.391903E+10	3.376839E+16	0	0	0.006261	0.087903	0	0
0	0	0	-0.143138	4.53575	-234.65262	4.53575	9503.5	-1.835177E-11	-5.449065E+10	3.376839E+16	0	0	0.014428	0.087336	0	0
0	0	0	-0.143857	4.535861	-234.662841	4.535861	9500.5	-1.244523E-11	-8.03521E+10	3.376839E+16	0	0	0.00498	0.086681	0	0
0	0	0	-0.14371	4.53572	-234.65464	4.53572	9501	-2.107174E-11	-4.745693E+10	3.376839E+16	0	0	-0.005977	0.086043	0	0
0	0	0	-0.143285	4.535755	-234.653801	4.535755	9503	-1.796366E-11	-5.566795E+10	3.376839E+16	0	0	-0.004637	0.085388	0	0
0	0	0	-0.143775	4.535775	-234.657909	4.535775	9500.5	-1.656135E-11	-6.038155E+10	3.376839E+16	0	0	-0.003273	0.084821	0	0
0	0	0	-0.143596	4.53576	-234.656004	4.53576	9501.5	-1.758973E-11	-5.685135E+10	3.376839E+16	0	0	0.006524	0.084166	0	0
0	0	0	-0.143612	4.535574	-234.646486	4.535574	9501.5	-7.467921E-11	-1.339061E+10	3.376839E+16	0	0	0.009389	0.083608	0	0
0	0	0	-0.144053	4.535635	-234.652367	4.535635	9499	-3.637261E-11	-2.749322E+10	3.376839E+16	0	0	0.000924	0.082969	0	0
0	0	0	-0.144053	4.535554	-234.648207	4.535554	9499	-1.150161E-10	-8.694436E+9	3.376839E+16	0	0	0.00093	0.082474	0	0
0	0	0	-0.144821	4.53577	-234.664194	4.53577	9495.5	-1.688106E-11	-5.923799E+10	3.376839E+16	0	0	-0.013478	0.081795	0	0
0	0	0	-0.145425	4.535705	-234.664598	4.535705	9492	-2.274042E-11	-4.397456E+10	3.376839E+16	0	0	-0.003413	0.081165	0	0
0	0	0	-0.145376	4.535665	-234.662211	4.535665	9492.5	-2.892982E-11	-3.456641E+10	3.376839E+16	0	0	0.018479	0.080654	0	0
0	0	0	-0.146144	4.535569	-234.662077	4.535569	9488.5	-8.174791E-11	-1.223273E+10	3.376839E+16	0	0	-0.012279	0.080087	0	0
0	0	0	-0.146618	4.535735	-234.673624	4.535735	9486	-1.95842E-11	-5.106157E+10	3.376839E+16	0	0	0.009859	0.079408	0	0
0	0	0	-0.14634	4.535926	-234.681767	4.535926	9487.5	-1.044335E-11	-9.575472E+10	3.376839E+16	0	0	0.003955	0.078857	0	0
0	0	0	-0.147353	4.53571	-234.676926	4.53571	9482	-2.212489E-11	-4.519796E+10	3.376839E+16	0	0	0.006982	0.078346	0	0
0	0	0	-0.147745	4.535609	-234.674179	4.535609	9480.5	-4.616638E-11	-2.166078E+10	3.376839E+16	0	0	0.014582	0.077819	0	0
0	0	0	-0.148349	4.535791	-234.687325	4.535791	9477	-1.560933E-11	-6.406423E+10	3.376839E+16	0	0	-0.008133	0.077317	0	0
0	0	0	-0.149623	4.53565	-234.68802	4.53565	9470.5	-3.214263E-11	-3.111133E+10	3.376839E+16	0	0	-0.011257	0.076718	0	0
0	0	0	-0.149803	4.535791	-234.696427	4.535791	9469.5	-1.559698E-11	-6.411497E+10	3.376839E+16	0	0	0.002543	0.076207	0	0
0	0	0	-0.150081	4.535635	-234.690104	4.535635	9468.5	-3.625582E-11	-2.758178E+10	3.376839E+16	0	0	0.007223	0.075576	0	0
0	0	0	-0.150326	4.535775	-234.698919	4.535775	9467	-1.650295E-11	-6.059521E+10	3.376839E+16	0	0	-0.005236	0.075089	0	0
0	0	0	-0.151257	4.535826	-234.70735	4.535826	9462	-1.380788E-11	-7.242242E+10	3.376839E+16	0	0	0.001022	0.074626	0	0
0	0	0	-0.150914	4.535871	-234.707542	4.535871	9464	-1.204521E-11	-8.302053E+10	3.376839E+16	0	0	0.007357	0.074123	0	0
0	0	0	-0.151583	4.535972	-234.716937	4.535972	9460.5	-9.376874E-12	-1.066454E+11	3.376839E+16	0	0	-0.005331	0.07366	0	0
0	0	0	-0.151779	4.53571	-234.704641	4.53571	9459.5	-2.207239E-11	-4.530547E+10	3.376839E+16	0	0	0.004248	0.073093	0	0
0	0	0	-0.152629	4.535785	-234.71386	4.535785	9455	-1.586473E-11	-6.30329E+10	3.376839E+16	0	0	0.007506	0.072566	0	0
0	0	0	-0.152351	4.53566	-234.705619	4.53566	9456.5	-2.983489E-11	-3.35178E+10	3.376839E+16	0	0	0.002681	0.072063	0	0
0	0	0	-0.152368	4.535831	-234.714564	4.535831	9456.5	-1.35787E-11	-7.364474E+10	3.376839E+16	0	0	0.012508	0.071584	0	0
0	0	0	-0.152792	4.53563	-234.70682	4.53563	9454.5	-3.781838E-11	-2.644217E+10	3.376839E+16	0	0	-0.007151	0.071169	0	0
0	0	0	-0.153005	4.535775	-234.715692	4.535775	9453.5	-1.647942E-11	-6.068175E+10	3.376839E+16	0	0	0.017635	0.070626	0	0
0	0	0	-0.152662	4.535725	-234.710943	4.535725	9455	-2.04632E-11	-4.886821E+10	3.376839E+16	0	0	0.017758	0.070115	0	0
0	0	0	-0.152923	4.53574	-234.71336	4.53574	9453.5	-1.907753E-11	-5.24177E+10	3.376839E+16	0	0	-0.014007	0.069668	0	0
0	0	0	-0.152515	4.53575	-234.711323	4.53575	9456	-1.826005E-11	-5.476437E+10	3.376839E+16	0	0	0.006164	0.069173	0	0
0	0	0	-0.152694	4.535881	-234.71921	4.535881	9455	-1.170133E-11	-8.546034E+10	3.376839E+16	0	0	0.006209	0.068646	0	0
0	0	0	-0.152057	4.535826	-234.712361	4.535826	9458	-1.380204E-11	-7.245305E+10	3.376839E+16	0	0	0.001112	0.068223	0	0
0	0	0	-0.151861	4.535876	-234.713734	4.535876	9459	-1.187024E-11	-8.424431E+10	3.376839E+16	0	0	0.018354	0.067704	0	0
0	0	0	-0.151861	4.535665	-234.702811	4.535665	9459	-2.882772E-11	-3.468883E+10	3.376839E+16	0	0	0.00286	0.067289	0	0
0	0	0	-0.150946	4.535811	-234.704626	4.535811	9463.5	-1.451949E-11	-6.887294E+10	3.376839E+16	0	0	0.002882	0.066762	0	0
0	0	0	-0.150701	4.535785	-234.701792	4.535785	9465	-1.588151E-11	-6.296631E+10	3.376839E+16	0	0	-0.005876	0.066443	0	0
0	0	0	-0.150554	4.535655	-234.69411	4.535655	9466	-3.095482E-11	-3.230514E+10	3.376839E+16	0	0	-0.000619	0.065908	0	0
0	0	0	-0.149917	4.535645	-234.689601	4.535645	9469	-3.34028E-11	-2.993761E+10	3.376839E+16	0	0	0.020752	0.065381	0	0
0	0	0	-0.149917	4.535785	-234.696883	4.535785	9469	-1.588822E-11	-6.293971E+10	3.376839E+16	0	0	0.024433	0.065038	0	0
0	0	0	-0.149868	4.535775	-234.696056	4.535775	9469.5	-1.650731E-11	-6.057922E+10	3.376839E+16	0	0	-0.006038	0.064559	0	0
0	0	0	-0.149182	4.53576	-234.69098	4.53576	9473	-1.753697E-11	-5.702239E+10	3.376839E+16	0	0	-0.009696	0.064184	0	0
0	0	0	-0.148725	4.53573	-234.686557	4.53573	9475.5	-2.00239E-11	-4.994032E+10	3.376839E+16	0	0	0.004838	0.063697	0	0
0	0	0	-0.149182	4.535529	-234.679018	4.535529	9473	-3.536623E-10	-2.827556E+9	3.376839E+16	0	0	0.03244	0.063242	0	0
0	0	0	-0.14866	4.53573	-234.686147	4.53573	9475.5	-2.00239E-11	-4.994032E+10	3.376839E+16	0	0	0.025241	0.062834	0	0
0	0	0	-0.148447	4.53573	-234.684818	4.53573	9476.5	-2.002601E-11	-4.993505E+10	3.376839E+16	0	0	0.017981	0.062331	0	0
0	0	0	-0.148235	4.535785	-234.686349	4.535785	9478	-1.590332E-11	-6.287994E+10	3.376839E+16	0	0	-0.004403	0.061972	0	0
0	0	0	-0.148055	4.535931	-234.692765	4.535931	9478.5	-1.030682E-11	-9.702311E+10	3.376839E+16	0	0	-0.006307	0.061645	0	0
0	0	0	-0.147614	4.53578	-234.682203	4.53578	9481	-1.621195E-11	-6.168289E+10	3.376839E+16	0	0	0.010715	0.061174	0	0
0	0	0	-0.14763	4.53575	-234.680745	4.53575	9481	-1.830832E-11	-5.461997E+10	3.376839E+16	0	0	0.012697	0.060735	0	0
0	0	0	-0.147663	4.535685	-234.677569	4.535685	9480.5	-2.543298E-11	-3.931903E+10	3.376839E+16	0	0	0.005106	0.060168	0	0
0	0	0	-0.147483	4.535695	-234.676964	4.535695	9481.5	-2.399862E-11	-4.166907E+10	3.376839E+16	0	0	0.020582	0.05996	0	0
0	0	0	-0.148562	4.535645	-234.681113	4.535645	9476	-3.342749E-11	-2.99155E+10	3.376839E+16	0	0	0.005166	0.059417	0	0
0	0	0	-0.148578	4.53576	-234.687196	4.53576	9476	-1.754252E-11	-5.700434E+10	3.376839E+16	0	0	0.003229	0.05917	0	0
0	0	0	-0.148888	4.535806	-234.69148	4.535806	9474.5	-1.478961E-11	-6.761502E+10	3.376839E+16	0	0	-0.008566	0.058779	0	0
0	0	0	-0.149117	4.535645	-234.68459	4.535645	9473	-3.341691E-11	-2.992497E+10	3.376839E+16	0	0	0.001289	0.058348	0	0
0	0	0	-0.149689	4.535801	-234.696231	4.535801	9470.5	-1.504549E-11	-6.646512E+10	3.376839E+16	0	0	0.001299	0.057877	0	0
0	0	0	-0.149999	4.535796	-234.697914	4.535796	9468.5	-1.531383E-11	-6.530045E+10	3.376839E+16	0	0	-0.008732	0.057597	0	0
0	0	0	-0.150799	4.535836	-234.705006	4.535836	9464.5	-1.337583E-11	-7.47617E+10	3.376839E+16	0	0	0.007381	0.05715	0	0
0	0	0	-0.151044	4.535891	-234.709401	4.535891	9463.5	-1.139702E-11	-8.774224E+10	3.376839E+16	0	0	-0.004774	0.056863	0	0
0	0	0	-0.151338	4.53566	-234.699279	4.53566	9462	-2.985225E-11	-3.349832E+10	3.376839E+16	0	0	0.001331	0.056376	0	0
0	0	0	-0.15209	4.535816	-234.712045	4.535816	9458	-1.426676E-11	-7.009301E+10	3.376839E+16	0	0	-0.017175	0.05612	0	0
0	0	0	-0.1524	4.53574	-234.710087	4.53574	9456.5	-1.908358E-11	-5.240107E+10	3.376839E+16	0	0	-0.021476	0.055609	0	0
0	0	0	-0.152907	4.5357	-234.711177	4.5357	9453.5	-2.327039E-11	-4.297307E+10	3.376839E+16	0	0	0.009695	0.055322	0	0
0	0	0	-0.153217	4.535821	-234.719362	4.535821	9452	-1.402165E-11	-7.131827E+10	3.376839E+16	0	0	0.013968	0.054891	0	0
0	0	0	-0.15356	4.535876	-234.724371	4.535876	9450.5	-1.185957E-11	-8.432008E+10	3.376839E+16	0	0	0.018305	0.054468	0	0
0	0	0	-0.153397	4.53577	-234.717886	4.53577	9451	-1.680195E-11	-5.951691E+10	3.376839E+16	0	0	0.016289	0.054108	0	0
0	0	0	-0.153413	4.535801	-234.719549	4.535801	9451	-1.501451E-11	-6.660225E+10	3.376839E+16	0	0	-0.000748	0.053869	0	0
0	0	0	-0.154442	4.535841	-234.728073	4.535841	9446	-1.314239E-11	-7.608964E+10	3.376839E+16	0	0	0.00355	0.05351	0	0
0	0	0	-0.153789	4.53571	-234.71722	4.53571	9449.5	-2.204906E-11	-4.535341E+10	3.376839E+16	0	0	-0.013749	0.05315	0	0
0	0	0	-0.154279	4.535755	-234.722629	4.535755	9447	-1.78578E-11	-5.599794E+10	3.376839E+16	0	0	0.018872	0.052727	0	0
0	0	0	-0.155112	4.535695	-234.724723	4.535695	9442.5	-2.38999E-11	-4.184117E+10	3.376839E+16	0	0	0.023364	0.052416	0	0
0	0	0	-0.155193	4.535816	-234.731477	4.535816	9442	-1.424262E-11	-7.021179E+10	3.376839E+16	0	0	0.014693	0.052025	0	0
0	0	0	-0.155161	4.53578	-234.729452	4.53578	9442.5	-1.614612E-11	-6.193439E+10	3.376839E+16	0	0	0.014765	0.051753	0	0
0	0	0	-0.155144	4.53575	-234.727789	4.53575	9442.5	-1.823398E-11	-5.484267E+10	3.376839E+16	0	0	0.019322	0.051418	0	0
0	0	0	-0.154475	4.535765	-234.724376	4.535765	9446	-1.7133E-11	-5.83669E+10	3.376839E+16	0	0	-0.021052	0.050995	0	0
0	0	0	-0.155259	4.535705	-234.726164	4.535705	9442	-2.262064E-11	-4.420742E+10	3.376839E+16	0	0	0.021859	0.050667	0	0
0	0	0	-0.154638	4.5357	-234.722018	4.5357	9445	-2.324947E-11	-4.301174E+10	3.376839E+16	0	0	-0.021271	0.050428	0	0
0	0	0	-0.154164	4.53565	-234.716451	4.53565	9447.5	-3.206457E-11	-3.118707E+10	3.376839E+16	0	0	-0.014563	0.050005	0	0
0	0	0	-0.153625	4.535665	-234.713856	4.535665	9450	-2.880029E-11	-3.472187E+10	3.376839E+16	0	0	-0.012322	0.049773	0	0
0	0	0	-0.153478	4.53568	-234.713716	4.53568	9451	-2.613636E-11	-3.826087E+10	3.376839E+16	0	0	0.010796	0.049358	0	0
0	0	0	-0.152939	4.535589	-234.70566	4.535589	9453.5	-5.882237E-11	-1.700033E+10	3.376839E+16	0	0	0.017846	0.049103	0	0
0	0	0	-0.152776	4.53567	-234.708798	4.53567	9454.5	-2.786618E-11	-3.58858E+10	3.376839E+16	0	0	-0.007858	0.048815	0	0
0	0	0	-0.152449	4.53577	-234.711955	4.53577	9456	-1.681084E-11	-5.948544E+10	3.376839E+16	0	0	-0.000826	0.04852	0	0
0	0	0	-0.152122	4.535705	-234.706528	4.535705	9457.5	-2.265777E-11	-4.413497E+10	3.376839E+16	0	0	0.006304	0.048097	0	0
0	0	0	-0.151567	4.535584	-234.69681	4.535584	9460.5	-6.325891E-11	-1.580805E+10	3.376839E+16	0	0	0.006335	0.047841	0	0
0	0	0	-0.151224	4.53578	-234.704804	4.53578	9462.5	-1.618032E-11	-6.180349E+10	3.376839E+16	0	0	0.032866	0.047482	0	0
0	0	0	-0.151159	4.53569	-234.699714	4.53569	9462.5	-2.464676E-11	-4.057328E+10	3.376839E+16	0	0	0.006421	0.047163	0	0
0	0	0	-0.150914	4.535705	-234.69896	4.535705	9464	-2.267334E-11	-4.410466E+10	3.376839E+16	0	0	0.008885	0.046931	0	0
0	0	0	-0.150832	4.53576	-234.70131	4.53576	9464.5	-1.752124E-11	-5.70736E+10	3.376839E+16	0	0	-0.010641	0.046684	0	0
0	0	0	-0.150244	4.535816	-234.700489	4.535816	9467.5	-1.428109E-11	-7.002268E+10	3.376839E+16	0	0	-0.013175	0.046356	0	0
0	0	0	-0.150081	4.535655	-234.691144	4.535655	9468.5	-3.0963E-11	-3.229661E+10	3.376839E+16	0	0	0.016511	0.045957	0	0
0	0	0	-0.14946	4.535655	-234.687258	4.535655	9471.5	-3.097281E-11	-3.228638E+10	3.376839E+16	0	0	0.021589	0.045702	0	0
0	0	0	-0.14977	4.53564	-234.688421	4.53564	9470	-3.477543E-11	-2.875593E+10	3.376839E+16	0	0	0.016711	0.045374	0	0
0	0	0	-0.149591	4.53576	-234.693537	4.53576	9471	-1.753327E-11	-5.703443E+10	3.376839E+16	0	0	0.009225	0.045095	0	0
0	0	0	-0.149395	4.535715	-234.689969	4.535715	9472	-2.15406E-11	-4.642395E+10	3.376839E+16	0	0	-0.013594	0.044839	0	0
0	0	0	-0.14928	4.535695	-234.688213	4.535695	9472.5	-2.397584E-11	-4.170866E+10	3.376839E+16	0	0	-0.011132	0.044504	0	0
0	0	0	-0.149591	4.535856	-234.698478	4.535856	9471	-1.259066E-11	-7.942398E+10	3.376839E+16	0	0	-0.006052	0.044209	0	0
0	0	0	-0.150277	4.535785	-234.699133	4.535785	9467	-1.588487E-11	-6.295301E+10	3.376839E+16	0	0	0.025026	0.043881	0	0
0	0	0	-0.150146	4.535584	-234.687912	4.535584	9467.5	-6.330572E-11	-1.579636E+10	3.376839E+16	0	0	0.027725	0.043698	0	0
0	0	0	-0.150244	4.53571	-234.695027	4.53571	9467.5	-2.209106E-11	-4.526719E+10	3.376839E+16	0	0	0.014806	0.043394	0	0
0	0	0	-0.150554	4.535584	-234.690469	4.535584	9466	-6.329569E-11	-1.579886E+10	3.376839E+16	0	0	0.00171	0.043195	0	0
0	0	0	-0.150816	4.535715	-234.698867	4.535715	9464.5	-2.152355E-11	-4.646074E+10	3.376839E+16	0	0	0.012343	0.042804	0	0
0	0	0	-0.15111	4.535886	-234.70955	4.535886	9463	-1.155168E-11	-8.656749E+10	3.376839E+16	0	0	0.004399	0.042604	0	0
0	0	0	-0.151567	4.535856	-234.710853	4.535856	9460.5	-1.25767E-11	-7.951213E+10	3.376839E+16	0	0	0.001742	0.042373	0	0
0	0	0	-0.15209	4.53569	-234.705543	4.53569	9458	-2.463504E-11	-4.059259E+10	3.376839E+16	0	0	0.001754	0.042061	0	0
0	0	0	-0.15258	4.535695	-234.708872	4.535695	9455.5	-2.393281E-11	-4.178365E+10	3.376839E+16	0	0	0.007201	0.04175	0	0
0	0	0	-0.153119	4.53571	-234.713027	4.53571	9452.5	-2.205606E-11	-4.533902E+10	3.376839E+16	0	0	0.01814	0.041574	0	0
0	0	0	-0.153609	4.535806	-234.721036	4.535806	9450	-1.475137E-11	-6.779032E+10	3.376839E+16	0	0	0.015544	0.041207	0	0
0	0	0	-0.154148	4.535886	-234.728573	4.535886	9447.5	-1.153276E-11	-8.670951E+10	3.376839E+16	0	0	0.02114	0.041007	0	0
0	0	0	-0.153919	4.53566	-234.715437	4.53566	9448.5	-2.980965E-11	-3.354618E+10	3.376839E+16	0	0	-0.009299	0.040808	0	0
0	0	0	-0.154409	4.535755	-234.723447	4.535755	9446	-1.785591E-11	-5.600386E+10	3.376839E+16	0	0	0.007417	0.040456	0	0
0	0	0	-0.154834	4.53571	-234.723765	4.53571	9444	-2.203622E-11	-4.537983E+10	3.376839E+16	0	0	0.041307	0.040145	0	0
0	0	0	-0.154671	4.535665	-234.720402	4.535665	9445	-2.878505E-11	-3.474025E+10	3.376839E+16	0	0	0.013172	0.039946	0	0
0	0	0	-0.155177	4.535685	-234.724612	4.535685	9442	-2.532969E-11	-3.947936E+10	3.376839E+16	0	0	0.013252	0.03969	0	0
0	0	0	-0.155275	4.535725	-234.727307	4.535725	9442	-2.043507E-11	-4.893549E+10	3.376839E+16	0	0	-0.023893	0.039514	0	0
0	0	0	-0.155716	4.535745	-234.731108	4.535745	9439.5	-1.862969E-11	-5.367777E+10	3.376839E+16	0	0	0.004752	0.039243	0	0
0	0	0	-0.155422	4.535735	-234.728747	4.535735	9441	-1.949129E-11	-5.130496E+10	3.376839E+16	0	0	-0.009713	0.038964	0	0
0	0	0	-0.155553	4.53571	-234.728265	4.53571	9440	-2.202689E-11	-4.539906E+10	3.376839E+16	0	0	0.0223	0.03874	0	0
0	0	0	-0.156059	4.535745	-234.733256	4.535745	9437.5	-1.862574E-11	-5.368914E+10	3.376839E+16	0	0	0.019498	0.0385	0	0
0	0	0	-0.155928	4.535871	-234.73894	4.535871	9438.5	-1.201276E-11	-8.324483E+10	3.376839E+16	0	0	-0.012832	0.038253	0	0
0	0	0	-0.156026	4.535836	-234.737733	4.535836	9437.5	-1.333767E-11	-7.497559E+10	3.376839E+16	0	0	-0.009955	0.037958	0	0
0	0	0	-0.155471	4.535765	-234.730614	4.535765	9440.5	-1.712302E-11	-5.84009E+10	3.376839E+16	0	0	-0.030929	0.037734	0	0
0	0	0	-0.155536	4.53578	-234.731804	4.53578	9440	-1.614184E-11	-6.195079E+10	3.376839E+16	0	0	0.007975	0.037455	0	0
0	0	0	-0.154997	4.535559	-234.716985	4.535559	9443	-1.007264E-10	-9.927888E+9	3.376839E+16	0	0	0.011034	0.037271	0	0
0	0	0	-0.154507	4.535811	-234.726921	4.535811	9445.5	-1.449187E-11	-6.900419E+10	3.376839E+16	0	0	-0.031405	0.037119	0	0
0	0	0	-0.154671	4.535791	-234.726904	4.535791	9445	-1.555663E-11	-6.428128E+10	3.376839E+16	0	0	0.014216	0.036824	0	0
0	0	0	-0.154148	4.535715	-234.71973	4.535715	9447.5	-2.148489E-11	-4.654434E+10	3.376839E+16	0	0	0.001996	0.03664	0	0
0	0	0	-0.153968	4.535931	-234.729788	4.535931	9448.5	-1.02742E-11	-9.733117E+10	3.376839E+16	0	0	0.002014	0.036305	0	0
0	0	0	-0.153331	4.53569	-234.713316	4.53569	9451.5	-2.461811E-11	-4.06205E+10	3.376839E+16	0	0	-0.007306	0.036169	0	0
0	0	0	-0.152596	4.535564	-234.702212	4.535564	9455	-9.012517E-11	-1.109568E+10	3.376839E+16	0	0	0.017689	0.035906	0	0
0	0	0	-0.152825	4.535705	-234.710926	4.535705	9454.5	-2.265058E-11	-4.414897E+10	3.376839E+16	0	0	0.002051	0.035618	0	0
0	0	0	-0.152449	4.53572	-234.709354	4.53572	9456	-2.097194E-11	-4.768277E+10	3.376839E+16	0	0	0.014713	0.035499	0	0
0	0	0	-0.151796	4.53562	-234.700062	4.53562	9459.5	-4.154803E-11	-2.406853E+10	3.376839E+16	0	0	0.033977	0.035195	0	0
0	0	0	-0.151779	4.535665	-234.7023	4.535665	9459.5	-2.882924E-11	-3.4687E+10	3.376839E+16	0	0	0.01491	0.035004	0	0
0	0	0	-0.1516	4.535841	-234.710277	4.535841	9460.5	-1.316257E-11	-7.597302E+10	3.376839E+16	0	0	0.027846	0.034852	0	0
0	0	0	-0.151387	4.53568	-234.700626	4.53568	9461.5	-2.61654E-11	-3.821841E+10	3.376839E+16	0	0	0.011856	0.034525	0	0
0	0	0	-0.15142	4.53569	-234.70135	4.53569	9461.5	-2.464416E-11	-4.057757E+10	3.376839E+16	0	0	0.005391	0.034309	0	0
0	0	0	-0.150816	4.535715	-234.698867	4.535715	9464.5	-2.152355E-11	-4.646074E+10	3.376839E+16	0	0	0.00868	0.034213	0	0
0	0	0	-0.150522	4.535675	-234.694946	4.535675	9466	-2.701154E-11	-3.702122E+10	3.376839E+16	0	0	0.005448	0.033926	0	0
0	0	0	-0.150146	4.535655	-234.691553	4.535655	9467.5	-3.095973E-11	-3.230002E+10	3.376839E+16	0	0	0.031979	0.03379	0	0
0	0	0	-0.150195	4.535811	-234.699922	4.535811	9467.5	-1.452563E-11	-6.884385E+10	3.376839E+16	0	0	0.005518	0.033471	0	0
0	0	0	-0.150097	4.535846	-234.701129	4.535846	9468	-1.297158E-11	-7.70916E+10	3.376839E+16	0	0	0.002187	0.033255	0	0
0	0	0	-0.150456	4.535549	-234.688035	4.535549	9466	-1.325253E-10	-7.545727E+9	3.376839E+16	0	0	-0.001184	0.033072	0	0
0	0	0	-0.150146	4.535801	-234.699095	4.535801	9467.5	-1.504072E-11	-6.648618E+10	3.376839E+16	0	0	0.002205	0.03296	0	0
0	0	0	-0.150554	4.53572	-234.697491	4.53572	9466	-2.099411E-11	-4.76324E+10	3.376839E+16	0	0	-0.0285	0.032744	0	0
0	0	0	-0.150587	4.535851	-234.704457	4.535851	9465.5	-1.277285E-11	-7.829105E+10	3.376839E+16	0	0	0.057223	0.032505	0	0
0	0	0	-0.151861	4.53576	-234.707753	4.53576	9459	-1.751105E-11	-5.710679E+10	3.376839E+16	0	0	0.029862	0.032345	0	0
0	0	0	-0.151861	4.53562	-234.700471	4.53562	9459	-4.154583E-11	-2.40698E+10	3.376839E+16	0	0	0.030074	0.032106	0	0
0	0	0	-0.15209	4.535896	-234.716206	4.535896	9458	-1.123933E-11	-8.897328E+10	3.376839E+16	0	0	0.026792	0.031858	0	0
0	0	0	-0.152694	4.535791	-234.714529	4.535791	9455	-1.55731E-11	-6.421329E+10	3.376839E+16	0	0	0.00228	0.031794	0	0
0	0	0	-0.153135	4.535665	-234.710788	4.535665	9452.5	-2.880791E-11	-3.471269E+10	3.376839E+16	0	0	-0.043547	0.031619	0	0
0	0	0	-0.153201	4.53575	-234.715619	4.53575	9452.5	-1.825329E-11	-5.478465E+10	3.376839E+16	0	0	0.01654	0.031331	0	0
0	0	0	-0.153674	4.535886	-234.725607	4.535886	9450	-1.153581E-11	-8.668657E+10	3.376839E+16	0	0	-0.004829	0.031148	0	0
0	0	0	-0.153887	4.535785	-234.721735	4.535785	9448.5	-1.585382E-11	-6.307627E+10	3.376839E+16	0	0	0.002342	0.030908	0	0
0	0	0	-0.15423	4.535695	-234.719201	4.535695	9447	-2.391129E-11	-4.182124E+10	3.376839E+16	0	0	0.042101	0.030804	0	0
0	0	0	-0.154426	4.536002	-234.736293	4.536002	9446	-8.779774E-12	-1.138982E+11	3.376839E+16	0	0	0.009663	0.030517	0	0
0	0	0	-0.15503	4.53578	-234.728633	4.53578	9443	-1.614697E-11	-6.193111E+10	3.376839E+16	0	0	-0.026853	0.030445	0	0
0	0	0	-0.155373	4.53567	-234.725059	4.53567	9441	-2.782639E-11	-3.593711E+10	3.376839E+16	0	0	-0.019719	0.030166	0	0
0	0	0	-0.155879	4.53573	-234.731351	4.53573	9438.5	-1.994571E-11	-5.013609E+10	3.376839E+16	0	0	0.006102	0.030054	0	0
0	0	0	-0.156026	4.535846	-234.738253	4.535846	9437.5	-1.292979E-11	-7.734075E+10	3.376839E+16	0	0	0.035852	0.029902	0	0
0	0	0	-0.155847	4.53575	-234.732186	4.53575	9438.5	-1.822625E-11	-5.486591E+10	3.376839E+16	0	0	0.013684	0.029623	0	0
0	0	0	-0.156435	4.53562	-234.729106	4.53562	9436	-4.144481E-11	-2.412847E+10	3.376839E+16	0	0	-0.012643	0.029415	0	0
0	0	0	-0.156271	4.535811	-234.737967	4.535811	9436.5	-1.447806E-11	-6.907001E+10	3.376839E+16	0	0	0.059508	0.029184	0	0
0	0	0	-0.157072	4.53572	-234.738296	4.53572	9432.5	-2.091982E-11	-4.780157E+10	3.376839E+16	0	0	0.00248	0.029072	0	0
0	0	0	-0.156435	4.535806	-234.738729	4.535806	9436	-1.472952E-11	-6.78909E+10	3.376839E+16	0	0	0.044678	0.028912	0	0
0	0	0	-0.156827	4.53569	-234.735201	4.53569	9433.5	-2.457123E-11	-4.069801E+10	3.376839E+16	0	0	-0.036082	0.028721	0	0
0	0	0	-0.156369	4.53575	-234.735459	4.53575	9436	-1.822143E-11	-5.488045E+10	3.376839E+16	0	0	0.025803	0.028553	0	0
0	0	0	-0.156615	4.535946	-234.747137	4.535946	9435	-9.899117E-12	-1.010191E+11	3.376839E+16	0	0	0.022081	0.028337	0	0
0	0	0	-0.155912	4.53562	-234.725833	4.53562	9438.5	-4.145579E-11	-2.412208E+10	3.376839E+16	0	0	0.030046	0.028186	0	0
0	0	0	-0.15632	4.535791	-234.737233	4.535791	9436.5	-1.554263E-11	-6.433918E+10	3.376839E+16	0	0	-0.009292	0.027986	0	0
0	0	0	-0.15601	4.535801	-234.73581	4.535801	9438	-1.499385E-11	-6.669399E+10	3.376839E+16	0	0	0.002575	0.027922	0	0
0	0	0	-0.155749	4.535705	-234.729232	4.535705	9439.5	-2.261465E-11	-4.421913E+10	3.376839E+16	0	0	-0.017341	0.027739	0	0
0	0	0	-0.154867	4.53567	-234.721889	4.53567	9443.5	-2.783376E-11	-3.59276E+10	3.376839E+16	0	0	0.030748	0.027499	0	0
0	0	0	-0.154883	4.535635	-234.720171	4.535635	9443.5	-3.616009E-11	-2.76548E+10	3.376839E+16	0	0	0.034915	0.027371	0	0
0	0	0	-0.154377	4.535554	-234.712839	4.535554	9446	-1.143743E-10	-8.743219E+9	3.376839E+16	0	0	0.027022	0.02718	0	0
0	0	0	-0.153805	4.535549	-234.708999	4.535549	9449.5	-1.322943E-10	-7.558902E+9	3.376839E+16	0	0	0	0	0	0
0	0	0	-0.153446	4.535584	-234.70857	4.535584	9451	-6.319539E-11	-1.582394E+10	3.376839E+16	0	0	0	0	0	0
0	0	0	-0.15325	4.53573	-234.714885	4.53573	9452	-1.997424E-11	-5.006448E+10	3.376839E+16	0	0	0	0	0	0
0	0	0	-0.152629	4.535866	-234.718021	4.535866	9455	-1.220716E-11	-8.191917E+10	3.376839E+16	0	0	0	0	0	0
0	0	0	-0.152384	4.53571	-234.708425	4.53571	9456.5	-2.206539E-11	-4.531984E+10	3.376839E+16	0	0	0	0	0	0
0	0	0	-0.15222	4.535675	-234.705581	4.535675	9457.5	-2.698728E-11	-3.705449E+10	3.376839E+16	0	0	0	0	0	0
0	0	0	-0.152368	4.53575	-234.710403	4.53575	9456.5	-1.826101E-11	-5.476148E+10	3.376839E+16	0	0	0	0	0	0
0	0	0	-0.151992	4.53562	-234.701289	4.53562	9458.5	-4.154364E-11	-2.407108E+10	3.376839E+16	0	0	0	0	0	0
0	0	0	-0.151371	4.535816	-234.707545	4.535816	9461.5	-1.427204E-11	-7.006708E+10	3.376839E+16	0	0	0	0	0	0
0	0	0	-0.151485	4.53564	-234.699159	4.53564	9461	-3.474239E-11	-2.878329E+10	3.376839E+16	0	0	0	0	0	0
