Vload_(V)	ILoad_(A)	RsLoad_(ohm)	SunsVoc_Voltage_(V)	SunsVoc_Current_(A)	Model_Voltage_(V)	Model_Current_(A)	Carrier_Density_(cm-3)	Lifetime_(s)	Inverse_Lifetime_(s-1)	(Carrier_Density+Doping)/qWni^2_(cm^2/C)	Carrier_Density_at_Vmp_(cm-3)	Lifetime_at_Vmp_(s)	Efficiency_(%)	Intensity_(suns)	Dark_IV_Voltage_(V)	Dark_IV_Current_(A)
5.210436	4.829231	0	44.410123	-0.061115	44.406909	-0.061115	2.642732E+14	2.435098E-5	41065.984777	3.50078E+16	4.902756E+13	2.202874E-5	9.698652	1.120303	0	0
5.409319	4.825296	3.54662	44.27399	0.267193	44.26576	0.267193	2.46122E+14	2.431054E-5	41134.326234	3.492267E+16	0	0	9.694359	1.11744	0	0
6.073221	4.814597	4.842448	44.133888	0.586737	44.065459	0.586737	2.28705E+14	2.429167E-5	41166.294628	3.484099E+16	0	0	9.729983	1.112853	0	0
10.424758	4.753385	5.236333	43.993051	0.884604	43.813563	0.884604	2.124052E+14	2.426398E-5	41213.274685	3.476454E+16	0	0	9.729077	1.110827	0	0
15.994052	4.642194	4.652126	43.855627	1.152719	43.524698	1.152719	1.975927E+14	2.421798E-5	41291.579055	3.469507E+16	0	0	9.713143	1.108283	0	0
21.551932	4.498083	3.852946	43.717371	1.398654	43.197379	1.398654	1.83708E+14	2.413037E-5	41441.499145	3.462996E+16	0	0	9.727135	1.10305	0	0
27.097684	4.295637	2.981189	43.584636	1.622165	42.849645	1.622165	1.712764E+14	2.406537E-5	41553.435011	3.457165E+16	0	0	9.746209	1.094787	0	0
27.963637	4.256183	2.841045	43.452636	1.832358	42.474239	1.832358	1.597307E+14	2.401724E-5	41636.710423	3.45175E+16	0	0	9.768435	1.087082	0	0
28.90843	4.226007	2.663207	43.323363	2.023312	42.082778	2.023312	1.491637E+14	2.395471E-5	41745.39892	3.446795E+16	0	0	9.787328	1.08031	0	0
29.67737	4.162664	2.569127	43.193144	2.200025	41.668709	2.200025	1.39213E+14	2.385932E-5	41912.314871	3.442128E+16	0	0	9.799343	1.071552	0	0
30.54088	4.110016	2.431182	43.067677	2.36565	41.246655	2.36565	1.302432E+14	2.382271E-5	41976.726403	3.437921E+16	0	0	9.824479	1.061199	0	0
31.392289	4.051455	2.295791	42.942293	2.517664	40.810874	2.517664	1.218473E+14	2.375267E-5	42100.497756	3.433984E+16	0	0	9.868009	1.050942	0	0
32.2538	3.98901	2.15663	42.812171	2.660362	40.347884	2.660362	1.136975E+14	2.362222E-5	42333.00905	3.430161E+16	0	0	9.87632	1.04153	0	0
33.253485	3.895092	2.008404	42.683862	2.795326	39.874845	2.795326	1.061876E+14	2.35259E-5	42506.320143	3.426639E+16	0	0	9.898499	1.031926	0	0
33.959372	3.82664	1.898663	42.553136	2.923007	39.381733	2.923007	9.903948E+13	2.341194E-5	42713.226919	3.423287E+16	0	0	9.91519	1.021501	0	0
34.846231	3.727844	1.762589	42.425301	3.040711	38.888072	3.040711	9.250925E+13	2.330743E-5	42904.750601	3.420224E+16	0	0	9.936419	1.010965	0	0
35.705894	3.602781	1.646239	42.300782	3.148176	38.398402	3.148176	8.655782E+13	2.32021E-5	43099.535702	3.417433E+16	0	0	9.956099	1.001305	0	0
36.539877	3.455214	1.542361	42.175937	3.249414	37.899551	3.249414	8.097097E+13	2.309541E-5	43298.645128	3.414813E+16	0	0	9.965565	0.991806	0	0
37.373319	3.279433	1.445431	42.051124	3.343374	37.395451	3.343374	7.574236E+13	2.29702E-5	43534.662535	3.412361E+16	0	0	9.984874	0.982027	0	0
38.176637	3.071084	1.364789	41.926376	3.430185	36.887686	3.430185	7.085065E+13	2.281995E-5	43821.291243	3.410067E+16	0	0	9.992786	0.971905	0	0
38.97925	2.819391	1.297041	41.80452	3.510684	36.385517	3.510684	6.637476E+13	2.268351E-5	44084.877869	3.407968E+16	0	0	10.005408	0.962166	0	0
39.76776	2.540044	1.231091	41.684624	3.585969	35.886033	3.585969	6.22446E+13	2.256015E-5	44325.934928	3.406031E+16	0	0	10.01296	0.952929	0	0
40.547623	2.217538	1.180319	41.564368	3.656038	35.383143	3.656038	5.835817E+13	2.241482E-5	44613.337474	3.404208E+16	0	0	10.017579	0.943629	0	0
41.289288	1.875817	1.140674	41.446448	3.721454	34.8858	3.721454	5.478121E+13	2.228344E-5	44876.36055	3.402531E+16	0	0	10.016139	0.934249	0	0
41.975933	1.523241	1.112152	41.327222	3.783004	34.381766	3.783004	5.138591E+13	2.213203E-5	45183.387276	3.400938E+16	0	0	10.020312	0.924765	0	0
42.598661	1.176249	1.086082	41.208583	3.841368	33.876795	3.841368	4.821488E+13	2.199315E-5	45468.703589	3.399451E+16	0	0	10.020578	0.915545	0	0
43.12748	0.857395	1.062474	41.090713	3.895937	33.37346	3.895937	4.5257E+13	2.185095E-5	45764.588141	3.398064E+16	0	0	10.016769	0.906404	0	0
43.586507	0.560957	1.032996	40.973332	3.946791	32.871546	3.946791	4.249072E+13	2.169761E-5	46088.020486	3.396766E+16	0	0	10.013169	0.897024	0	0
32.785706	3.942251	2.075825	40.855592	3.994366	32.368047	3.994366	3.988489E+13	2.152757E-5	46452.049578	3.395544E+16	0	0	10.007777	0.887492	0	0
44.385274	0	0	40.738636	4.039434	31.865917	4.039434	3.745384E+13	2.136899E-5	46796.77943	3.394404E+16	0	0	9.995228	0.878256	0	0
0	0	0	40.622938	4.081914	31.367603	4.081914	3.519407E+13	2.122108E-5	47122.9558	3.393344E+16	0	0	9.981253	0.86949	0	0
0	0	0	40.507256	4.121893	30.86917	4.121893	3.307031E+13	2.106757E-5	47466.309014	3.392348E+16	0	0	9.965466	0.860971	0	0
0	0	0	40.391509	4.159093	30.371536	4.159093	3.107306E+13	2.089407E-5	47860.459278	3.391412E+16	0	0	9.94892	0.852341	0	0
0	0	0	40.279567	4.194975	29.885483	4.194975	2.925585E+13	2.078506E-5	48111.488634	3.390559E+16	0	0	9.918337	0.843751	0	0
0	0	0	40.166646	4.229587	29.394222	4.229587	2.752997E+13	2.068786E-5	48337.533364	3.38975E+16	0	0	9.894379	0.835455	0	0
0	0	0	40.054999	4.260515	28.91241	4.260515	2.592333E+13	2.05399E-5	48685.730356	3.388997E+16	0	0	9.861507	0.827288	0	0
0	0	0	39.940918	4.290063	28.42124	4.290063	2.437815E+13	2.037417E-5	49081.744482	3.388272E+16	0	0	9.830262	0.819224	0	0
0	0	0	39.829989	4.318003	27.941863	4.318003	2.296376E+13	2.024097E-5	49404.739968	3.387609E+16	0	0	9.79784	0.81104	0	0
0	0	0	39.718946	4.343934	27.463937	4.343934	2.162985E+13	2.008395E-5	49791.011779	3.386983E+16	0	0	9.760597	0.803455	0	0
0	0	0	39.608459	4.367891	26.990229	4.367891	2.037931E+13	1.990542E-5	50237.574583	3.386396E+16	0	0	9.734278	0.79575	0	0
0	0	0	39.498445	4.391032	26.517438	4.391032	1.920579E+13	1.974984E-5	50633.317097	3.385846E+16	0	0	9.684839	0.788316	0	0
0	0	0	39.39013	4.412526	26.052796	4.412526	1.811626E+13	1.95904E-5	51045.421865	3.385335E+16	0	0	9.637662	0.78077	0	0
0	0	0	39.282697	4.433141	25.591298	4.433141	1.709652E+13	1.944987E-5	51414.232338	3.384857E+16	0	0	9.579034	0.7736	0	0
0	0	0	39.174872	4.452622	25.1292	4.452622	1.613064E+13	1.930031E-5	51812.644939	3.384404E+16	0	0	9.527382	0.766413	0	0
0	0	0	39.065414	4.470737	24.66282	4.470737	1.520582E+13	1.911312E-5	52320.090686	3.38397E+16	0	0	9.468057	0.759258	0	0
0	0	0	38.958879	4.487668	24.20887	4.487668	1.435654E+13	1.894008E-5	52798.098434	3.383572E+16	0	0	9.406496	0.752199	0	0
0	0	0	38.852231	4.503842	23.754814	4.503842	1.355377E+13	1.876984E-5	53276.968576	3.383195E+16	0	0	9.346607	0.745324	0	0
0	0	0	38.746039	4.519189	23.303197	4.519189	1.279896E+13	1.860189E-5	53757.986347	3.382841E+16	0	0	9.280707	0.738392	0	0
0	0	0	38.640762	4.533526	22.856554	4.533526	1.209209E+13	1.842662E-5	54269.307689	3.38251E+16	0	0	9.212523	0.731581	0	0
0	0	0	38.535012	4.547399	22.407914	4.547399	1.142128E+13	1.826111E-5	54761.189656	3.382195E+16	0	0	9.137176	0.724825	0	0
0	0	0	38.429654	4.560278	21.962552	4.560278	1.078991E+13	1.807777E-5	55316.551431	3.381899E+16	0	0	9.057131	0.718268	0	0
0	0	0	38.324132	4.572603	21.516946	4.572603	1.019249E+13	1.789695E-5	55875.430763	3.381619E+16	0	0	8.977867	0.711616	0	0
0	0	0	38.218937	4.584312	21.07329	4.584312	9.629802E+12	1.771736E-5	56441.82355	3.381355E+16	0	0	8.892907	0.704908	0	0
0	0	0	38.11219	4.595432	20.624449	4.595432	9.090521E+12	1.752065E-5	57075.497255	3.381102E+16	0	0	8.806659	0.698344	0	0
0	0	0	38.008547	4.605935	20.188403	4.605935	8.595798E+12	1.734639E-5	57648.892252	3.38087E+16	0	0	8.713393	0.691771	0	0
0	0	0	37.903907	4.615863	19.749471	4.615863	8.123595E+12	1.715624E-5	58287.839257	3.380649E+16	0	0	8.619043	0.685255	0	0
0	0	0	37.800525	4.625373	19.315757	4.625373	7.682522E+12	1.698163E-5	58887.15909	3.380442E+16	0	0	8.516518	0.678842	0	0
0	0	0	37.695804	4.634049	18.879084	4.634049	7.260119E+12	1.676126E-5	59661.386597	3.380244E+16	0	0	8.414645	0.672509	0	0
0	0	0	37.591393	4.642759	18.442346	4.642759	6.862069E+12	1.658233E-5	60305.139222	3.380057E+16	0	0	8.309395	0.666319	0	0
0	0	0	37.487831	4.650816	18.010502	4.650816	6.488799E+12	1.638843E-5	61018.670275	3.379882E+16	0	0	8.203623	0.660066	0	0
0	0	0	37.383681	4.65847	17.577085	4.65847	6.133868E+12	1.618633E-5	61780.516095	3.379716E+16	0	0	8.089566	0.654028	0	0
0	0	0	37.279483	4.665875	17.143575	4.665875	5.798182E+12	1.599408E-5	62523.128359	3.379558E+16	0	0	7.971894	0.647966	0	0
0	0	0	37.174778	4.672717	16.709625	4.672717	5.479354E+12	1.577541E-5	63389.79348	3.379409E+16	0	0	7.850939	0.641649	0	0
0	0	0	37.06955	4.679581	16.272685	4.679581	5.176584E+12	1.558723E-5	64155.072389	3.379267E+16	0	0	7.723464	0.635323	0	0
0	0	0	36.964682	4.685828	15.839027	4.685828	4.891481E+12	1.537046E-5	65059.861327	3.379133E+16	0	0	7.601193	0.629237	0	0
0	0	0	36.85965	4.69185	15.404968	4.69185	4.621663E+12	1.515913E-5	65966.840205	3.379006E+16	0	0	7.469133	0.623311	0	0
0	0	0	36.755239	4.697714	14.973268	4.697714	4.368184E+12	1.496662E-5	66815.355961	3.378887E+16	0	0	7.337245	0.617449	0	0
0	0	0	36.649227	4.703155	14.536597	4.703155	4.12503E+12	1.474346E-5	67826.699122	3.378773E+16	0	0	7.196633	0.61165	0	0
0	0	0	36.543493	4.708419	14.101143	4.708419	3.895988E+12	1.45315E-5	68816.022158	3.378666E+16	0	0	7.049874	0.606035	0	0
0	0	0	36.437122	4.71328	13.664474	4.71328	3.678391E+12	1.429511E-5	69953.989149	3.378564E+16	0	0	6.907585	0.600499	0	0
0	0	0	36.3308	4.718156	13.227291	4.718156	3.473033E+12	1.408953E-5	70974.668231	3.378468E+16	0	0	6.755694	0.59478	0	0
0	0	0	36.222534	4.722872	12.7827	4.722872	3.275693E+12	1.387815E-5	72055.728406	3.378375E+16	0	0	6.608371	0.589308	0	0
0	0	0	36.113745	4.727239	12.337198	4.727239	3.088688E+12	1.364624E-5	73280.267547	3.378287E+16	0	0	6.453879	0.583829	0	0
0	0	0	36.005822	4.731339	11.895853	4.731339	2.913717E+12	1.341235E-5	74558.141044	3.378205E+16	0	0	6.298354	0.578548	0	0
0	0	0	35.897246	4.735251	11.45239	4.735251	2.747684E+12	1.317448E-5	75904.336662	3.378127E+16	0	0	6.138361	0.573316	0	0
0	0	0	35.78831	4.739289	11.006337	4.739289	2.590606E+12	1.297912E-5	77046.803614	3.378054E+16	0	0	5.972861	0.568123	0	0
0	0	0	35.677741	4.742836	10.555975	4.742836	2.44035E+12	1.272817E-5	78565.871239	3.377983E+16	0	0	5.807978	0.562987	0	0
0	0	0	35.567711	4.746429	10.106987	4.746429	2.299475E+12	1.251387E-5	79911.357617	3.377917E+16	0	0	5.631857	0.557778	0	0
0	0	0	35.456031	4.749621	9.653246	4.749621	2.164799E+12	1.225327E-5	81610.894981	3.377854E+16	0	0	5.460054	0.552793	0	0
0	0	0	35.342081	4.752882	9.189804	4.752882	2.03551E+12	1.20136E-5	83239.010888	3.377793E+16	0	0	5.284609	0.547625	0	0
0	0	0	35.22782	4.755887	8.726121	4.755887	1.913619E+12	1.175689E-5	85056.472231	3.377736E+16	0	0	5.109909	0.542607	0	0
0	0	0	35.114311	4.758816	8.265383	4.758816	1.799756E+12	1.15174E-5	86825.162565	3.377683E+16	0	0	4.92987	0.537782	0	0
0	0	0	35.000328	4.761761	7.802295	4.761761	1.692233E+12	1.1302E-5	88479.920587	3.377632E+16	0	0	4.751228	0.532924	0	0
0	0	0	34.88574	4.764208	7.339308	4.764208	1.590613E+12	1.102305E-5	90719.025922	3.377585E+16	0	0	4.566013	0.528202	0	0
0	0	0	34.770173	4.766836	6.871074	4.766836	1.494302E+12	1.079177E-5	92663.171505	3.37754E+16	0	0	4.384458	0.523321	0	0
0	0	0	34.654311	4.769265	6.402491	4.769265	1.403599E+12	1.054742E-5	94809.88681	3.377497E+16	0	0	4.197219	0.518727	0	0
0	0	0	34.536375	4.771652	5.925683	4.771652	1.316923E+12	1.030624E-5	97028.55067	3.377456E+16	0	0	4.013917	0.513949	0	0
0	0	0	34.417573	4.773648	5.447503	4.773648	1.23502E+12	1.001232E-5	99876.959767	3.377418E+16	0	0	3.835875	0.509578	0	0
0	0	0	34.297089	4.775798	4.961477	4.775798	1.157158E+12	9.7587E-6	102472.664969	3.377382E+16	0	0	3.65411	0.50476	0	0
0	0	0	34.176964	4.778019	4.476112	4.778019	1.084414E+12	9.541702E-6	104803.100462	3.377347E+16	0	0	3.468427	0.500309	0	0
0	0	0	34.054536	4.78003	3.982687	4.78003	1.014978E+12	9.295829E-6	107575.130329	3.377315E+16	0	0	3.274036	0.495938	0	0
0	0	0	33.93281	4.781934	3.492405	4.781934	9.503488E+11	9.054254E-6	110445.326834	3.377285E+16	0	0	3.086213	0.4914	0	0
0	0	0	33.808912	4.783746	2.993887	4.783746	8.887898E+11	8.805221E-6	113568.982303	3.377256E+16	0	0	2.903047	0.487117	0	0
0	0	0	33.683478	4.785238	2.491152	4.785238	8.305282E+11	8.506945E-6	117551.015703	3.377228E+16	0	0	2.711511	0.482618	0	0
0	0	0	33.556705	4.787125	1.980309	4.787125	7.755237E+11	8.299576E-6	120488.07749	3.377203E+16	0	0	2.51926	0.478159	0	0
0	0	0	33.428707	4.788573	1.467282	4.788573	7.236823E+11	8.020691E-6	124677.532479	3.377178E+16	0	0	2.325705	0.473876	0	0
0	0	0	33.299892	4.790102	0.950274	4.790102	6.75008E+11	7.773484E-6	128642.44491	3.377155E+16	0	0	2.146283	0.469481	0	0
0	0	0	33.170701	4.791657	0.431365	4.791657	6.294793E+11	7.549186E-6	132464.612984	3.377134E+16	0	0	1.966123	0.465397	0	0
0	0	0	33.040694	4.792955	-0.089228	4.792955	5.867622E+11	7.28867E-6	137199.248803	3.377114E+16	0	0	1.790677	0.461194	0	0
0	0	0	32.908579	4.794461	-0.61978	4.794461	5.46321E+11	7.080323E-6	141236.486709	3.377095E+16	0	0	1.623853	0.456982	0	0
0	0	0	32.775174	4.795807	-1.154522	4.795807	5.083123E+11	6.852954E-6	145922.465183	3.377077E+16	0	0	1.46162	0.452915	0	0
0	0	0	32.640005	4.797008	-1.695397	4.797008	4.72497E+11	6.607549E-6	151342.057694	3.37706E+16	0	0	1.303141	0.448974	0	0
0	0	0	32.503121	4.798091	-2.242375	4.798091	4.38798E+11	6.349789E-6	157485.537612	3.377045E+16	0	0	1.153592	0.444946	0	0
0	0	0	32.364734	4.799293	-2.796317	4.799293	4.071714E+11	6.128505E-6	163171.934467	3.37703E+16	0	0	1.014475	0.440982	0	0
0	0	0	32.226919	4.800365	-3.347258	4.800365	3.77941E+11	5.899902E-6	169494.328491	3.377016E+16	0	0	0.879384	0.437098	0	0
0	0	0	32.087633	4.801518	-3.904775	4.801518	3.505303E+11	5.699613E-6	175450.515811	3.377003E+16	0	0	0.757859	0.433181	0	0
0	0	0	31.94709	4.802569	-4.466675	4.802569	3.248865E+11	5.49086E-6	182120.845929	3.376991E+16	0	0	0.642352	0.429409	0	0
0	0	0	31.808589	4.803469	-5.019554	4.803469	3.014512E+11	5.272899E-6	189648.979157	3.37698E+16	0	0	0.538138	0.425612	0	0
0	0	0	31.66785	4.804295	-5.580828	4.804295	2.793681E+11	5.048418E-6	198081.848659	3.37697E+16	0	0	0.446439	0.421799	0	0
0	0	0	31.519858	4.805292	-6.172187	4.805292	2.578897E+11	4.854311E-6	206002.448988	3.37696E+16	0	0	0.363065	0.418306	0	0
0	0	0	31.373352	4.806106	-6.756421	4.806106	2.382539E+11	4.642717E-6	215391.117343	3.376951E+16	0	0	0.29169	0.414509	0	0
0	0	0	31.223972	4.806852	-7.351583	4.806852	2.197713E+11	4.425173E-6	225979.879159	3.376942E+16	0	0	0.232496	0.41092	0	0
0	0	0	31.072844	4.807789	-7.95534	4.807789	2.02531E+11	4.25638E-6	234941.411408	3.376934E+16	0	0	0.187827	0.40745	0	0
0	0	0	30.919299	4.808545	-8.567315	4.808545	1.863994E+11	4.060471E-6	246276.871453	3.376926E+16	0	0	0.144385	0.403725	0	0
0	0	0	30.764969	4.809285	-9.182392	4.809285	1.714799E+11	3.873979E-6	258132.542475	3.376919E+16	0	0	0.112148	0.400311	0	0
0	0	0	30.605755	4.809778	-9.814815	4.809778	1.573387E+11	3.644675E-6	274372.85987	3.376913E+16	0	0	0.084825	0.396889	0	0
0	0	0	30.446754	4.810748	-10.450544	4.810748	1.443801E+11	3.519931E-6	284096.477266	3.376907E+16	0	0	0.062873	0.393444	0	0
0	0	0	30.285025	4.811364	-11.094194	4.811364	1.322936E+11	3.336539E-6	299711.759642	3.376901E+16	0	0	0.050014	0.390006	0	0
0	0	0	30.122136	4.812178	-11.744265	4.812178	1.211429E+11	3.201199E-6	312382.977477	3.376896E+16	0	0	0.03891	0.386576	0	0
0	0	0	29.956992	4.812543	-12.399444	4.812543	1.107969E+11	2.991805E-6	334246.356739	3.376891E+16	0	0	0.02761	0.383162	0	0
0	0	0	29.789791	4.813255	-13.065918	4.813255	1.012219E+11	2.855146E-6	350244.736416	3.376886E+16	0	0	0.022146	0.379836	0	0
0	0	0	29.618947	4.813946	-13.746729	4.813946	9.229234E+10	2.720968E-6	367516.206176	3.376882E+16	0	0	0.013202	0.376662	0	0
0	0	0	29.446241	4.814434	-14.433187	4.814434	8.406589E+10	2.560119E-6	390606.916976	3.376878E+16	0	0	0.009902	0.373519	0	0
0	0	0	29.272196	4.81512	-15.126862	4.81512	7.651727E+10	2.443448E-6	409257.770749	3.376875E+16	0	0	0.008616	0.370089	0	0
0	0	0	29.094818	4.81542	-15.830253	4.81542	6.952111E+10	2.268314E-6	440856.071575	3.376871E+16	0	0	0.008687	0.366907	0	0
0	0	0	28.917032	4.815982	-16.537795	4.815982	6.315069E+10	2.147929E-6	465564.715887	3.376868E+16	0	0	0.002821	0.363692	0	0
0	0	0	28.735537	4.816555	-17.26021	4.816555	5.724914E+10	2.035237E-6	491343.189281	3.376866E+16	0	0	0.0113	0.360534	0	0
0	0	0	28.55107	4.817102	-17.99424	4.817102	5.181575E+10	1.925042E-6	519469.282957	3.376863E+16	0	0	0.005353	0.357575	0	0
0	0	0	28.365966	4.817423	-18.728713	4.817423	4.688188E+10	1.789175E-6	558916.955535	3.376861E+16	0	0	0.00504	0.354408	0	0
0	0	0	28.177318	4.817996	-19.479752	4.817996	4.233661E+10	1.698113E-6	588889.040183	3.376859E+16	0	0	0.002555	0.351345	0	0
0	0	0	27.990319	4.818205	-20.220763	4.818205	3.826612E+10	1.563955E-6	639404.415393	3.376857E+16	0	0	0.001847	0.34837	0	0
0	0	0	27.797782	4.81888	-20.988416	4.81888	3.448361E+10	1.501204E-6	666132.038228	3.376855E+16	0	0	0.005533	0.345355	0	0
0	0	0	27.602632	4.819089	-21.76179	4.819089	3.103112E+10	1.378748E-6	725295.897092	3.376853E+16	0	0	0.0041	0.342252	0	0
0	0	0	27.405898	4.819656	-22.54519	4.819656	2.790039E+10	1.313118E-6	761545.982455	3.376852E+16	0	0	-0.000718	0.339333	0	0
0	0	0	27.206746	4.819967	-23.335591	4.819967	2.505275E+10	1.218633E-6	820591.359302	3.376851E+16	0	0	-0.003737	0.336262	0	0
0	0	0	27.006337	4.820336	-24.131663	4.820336	2.248046E+10	1.138933E-6	878014.749013	3.376849E+16	0	0	-0.003389	0.333295	0	0
0	0	0	26.801141	4.820663	-24.946285	4.820663	2.012015E+10	1.058215E-6	944987.727664	3.376848E+16	0	0	-0.001885	0.330543	0	0
0	0	0	26.595472	4.821166	-25.76478	4.821166	1.800306E+10	1.005943E-6	994091.941214	3.376847E+16	0	0	-0.001901	0.327608	0	0
0	0	0	26.38812	4.821284	-26.585821	4.821284	1.609408E+10	9.126242E-7	1095741.324443	3.376846E+16	0	0	0.001975	0.324688	0	0
0	0	0	26.177975	4.821557	-27.41966	4.821557	1.436582E+10	8.436107E-7	1185380.911313	3.376846E+16	0	0	-0.00154	0.321953	0	0
0	0	0	25.965853	4.82198	-28.263067	4.82198	1.280945E+10	7.960832E-7	1256150.101386	3.376845E+16	0	0	0.002799	0.319169	0	0
0	0	0	25.749974	4.822269	-29.119919	4.822269	1.139852E+10	7.378134E-7	1355356.313675	3.376844E+16	0	0	-0.001167	0.316409	0	0
0	0	0	25.533802	4.822521	-29.977578	4.822521	1.01414E+10	6.810566E-7	1468306.760602	3.376844E+16	0	0	-0.006804	0.313841	0	0
0	0	0	25.315637	4.822751	-30.842935	4.822751	9.013198E+9	6.267948E-7	1595418.468384	3.376843E+16	0	0	0.005302	0.310993	0	0
0	0	0	25.094792	4.823136	-31.720774	4.823136	7.998917E+9	5.914303E-7	1690816.357241	3.376843E+16	0	0	0.002892	0.308393	0	0
0	0	0	24.870828	4.823286	-32.608252	4.823286	7.086813E+9	5.372058E-7	1861483.833487	3.376842E+16	0	0	0.004152	0.305761	0	0
0	0	0	24.645312	4.823532	-33.503068	4.823532	6.27345E+9	4.960976E-7	2015732.300162	3.376842E+16	0	0	0.00294	0.303145	0	0
0	0	0	24.419094	4.823688	-34.399621	4.823688	5.55133E+9	4.512884E-7	2215877.709741	3.376841E+16	0	0	-0.000806	0.300568	0	0
0	0	0	24.190997	4.823854	-35.303778	4.823854	4.907345E+9	4.112478E-7	2431623.844091	3.376841E+16	0	0	-0.006721	0.298199	0	0
0	0	0	23.95733	4.824148	-36.231614	4.824148	4.325023E+9	3.834362E-7	2607995.634608	3.376841E+16	0	0	0.000457	0.295655	0	0
0	0	0	23.724594	4.824474	-37.156257	4.824474	3.813721E+9	3.613103E-7	2767704.17842	3.376841E+16	0	0	3.21973E-5	0.292927	0	0
0	0	0	23.491613	4.824528	-38.078479	4.824528	3.362419E+9	3.221826E-7	3103829.95205	3.37684E+16	0	0	0.004791	0.290542	0	0
0	0	0	23.256329	4.82471	-39.011485	4.82471	2.960833E+9	2.951218E-7	3388431.107742	3.37684E+16	0	0	0.000469	0.288109	0	0
0	0	0	23.015883	4.82501	-39.966497	4.82501	2.599946E+9	2.775466E-7	3602998.628805	3.37684E+16	0	0	0.001352	0.285709	0	0
0	0	0	22.775568	4.825106	-40.918397	4.825106	2.283207E+9	2.494276E-7	4009179.839751	3.37684E+16	0	0	0.001805	0.283371	0	0
0	0	0	22.533799	4.825293	-41.87729	4.825293	2.00348E+9	2.292795E-7	4361488.242947	3.37684E+16	0	0	-0.0022	0.280979	0	0
0	0	0	22.291017	4.825443	-42.839739	4.825443	1.757062E+9	2.090336E-7	4783919.323103	3.37684E+16	0	0	0.003184	0.278697	0	0
0	0	0	22.04394	4.825678	-43.820397	4.825678	1.537377E+9	1.9502E-7	5127678.730249	3.37684E+16	0	0	0.005934	0.276305	0	0
0	0	0	21.796584	4.825823	-44.80097	4.825823	1.344958E+9	1.778444E-7	5622891.55986	3.376839E+16	0	0	0.000492	0.274103	0	0
0	0	0	21.549425	4.825925	-45.780213	4.825925	1.176746E+9	1.603871E-7	6234916.577027	3.376839E+16	0	0	-0.001348	0.271806	0	0
0	0	0	21.29993	4.826091	-46.769635	4.826091	1.028273E+9	1.475535E-7	6777200.645314	3.376839E+16	0	0	-0.00043	0.269652	0	0
0	0	0	21.045469	4.826214	-47.778144	4.826214	8.961251E+8	1.338359E-7	7471838.443491	3.376839E+16	0	0	-0.002306	0.267355	0	0
0	0	0	20.791563	4.826535	-48.787347	4.826535	7.811942E+8	1.305622E-7	7659186.533925	3.376839E+16	0	0	-0.000437	0.265106	0	0
0	0	0	20.535796	4.826508	-49.798951	4.826508	6.803184E+8	1.125863E-7	8882072.691822	3.376839E+16	0	0	-0.001866	0.26304	0	0
0	0	0	20.276892	4.826824	-50.827999	4.826824	5.914651E+8	1.107171E-7	9032027.627579	3.376839E+16	0	0	-0.000923	0.260711	0	0
0	0	0	20.016207	4.826856	-51.859971	4.826856	5.137219E+8	9.746442E-8	1.026015E+7	3.376839E+16	0	0	-0.00093	0.258685	0	0
0	0	0	19.755229	4.826866	-52.892795	4.826866	4.461264E+8	8.50235E-8	1.176145E+7	3.376839E+16	0	0	0.001985	0.256484	0	0
0	0	0	19.492143	4.827075	-53.93697	4.827075	3.869841E+8	8.089053E-8	1.236239E+7	3.376839E+16	0	0	0.005927	0.25441	0	0
0	0	0	19.225856	4.82723	-54.99306	4.82723	3.351017E+8	7.547803E-8	1.324889E+7	3.376839E+16	0	0	-0.001942	0.252352	0	0
0	0	0	18.96001	4.827166	-56.044047	4.827166	2.902443E+8	6.3342E-8	1.578731E+7	3.376839E+16	0	0	0.00253	0.250286	0	0
0	0	0	18.692122	4.827348	-57.106956	4.827348	2.511143E+8	6.009678E-8	1.663983E+7	3.376839E+16	0	0	0.00255	0.248268	0	0
0	0	0	18.422404	4.827391	-58.174958	4.827391	2.170449E+8	5.315162E-8	1.88141E+7	3.376839E+16	0	0	0.002063	0.246258	0	0
0	0	0	18.150253	4.827439	-59.252692	4.827439	1.873512E+8	4.711292E-8	2.12256E+7	3.376839E+16	0	0	0.006162	0.244208	0	0
0	0	0	17.878706	4.82768	-60.33117	4.82768	1.617727E+8	4.699456E-8	2.127906E+7	3.376839E+16	0	0	0.002096	0.24223	0	0
0	0	0	17.606554	4.82776	-61.409492	4.82776	1.396407E+8	4.277847E-8	2.337624E+7	3.376839E+16	0	0	0.003665	0.24038	0	0
0	0	0	17.330728	4.827808	-62.501856	4.827808	1.202973E+8	3.809994E-8	2.624676E+7	3.376839E+16	0	0	3.915929E-5	0.238409	0	0
0	0	0	17.055211	4.827968	-63.594885	4.827968	1.036508E+8	3.700185E-8	2.702568E+7	3.376839E+16	0	0	0.004773	0.236551	0	0
0	0	0	16.782521	4.828113	-64.676513	4.828113	8.944435E+7	3.605652E-8	2.773424E+7	3.376839E+16	0	0	0.00216	0.234605	0	0
0	0	0	16.506874	4.828006	-65.765605	4.828006	7.706179E+7	2.835118E-8	3.527189E+7	3.376839E+16	0	0	-0.000494	0.232706	0	0
0	0	0	16.228842	4.828204	-66.869349	4.828204	6.630791E+7	2.909735E-8	3.436739E+7	3.376839E+16	0	0	0.000578	0.231079	0	0
0	0	0	15.951284	4.828209	-67.967937	4.828209	5.706933E+7	2.517446E-8	3.972279E+7	3.376839E+16	0	0	0.001125	0.229069	0	0
0	0	0	15.673497	4.828316	-69.069216	4.828316	4.911188E+7	2.4199E-8	4.132403E+7	3.376839E+16	0	0	-0.001052	0.227283	0	0
0	0	0	15.393636	4.828343	-70.17732	4.828343	4.22166E+7	2.142828E-8	4.666731E+7	3.376839E+16	0	0	-0.00106	0.22548	0	0
0	0	0	15.116143	4.828568	-71.279601	4.828568	3.633591E+7	2.469329E-8	4.049683E+7	3.376839E+16	0	0	-0.002177	0.223709	0	0
0	0	0	14.838226	4.828493	-72.378227	4.828493	3.126721E+7	1.909213E-8	5.23776E+7	3.376839E+16	0	0	-0.003871	0.221875	0	0
0	0	0	14.558773	4.828552	-73.485344	4.828552	2.688325E+7	1.78377E-8	5.606103E+7	3.376839E+16	0	0	-0.002773	0.220184	0	0
0	0	0	14.280333	4.828487	-74.586208	4.828487	2.312662E+7	1.401978E-8	7.13278E+7	3.376839E+16	0	0	-0.001092	0.218493	0	0
0	0	0	14.002399	4.828627	-75.688822	4.828627	1.990038E+7	1.484123E-8	6.737987E+7	3.376839E+16	0	0	0.00233	0.21665	0	0
0	0	0	13.72453	4.828696	-76.789921	4.828696	1.712482E+7	1.443255E-8	6.928785E+7	3.376839E+16	0	0	0.004651	0.214999	0	0
0	0	0	13.445649	4.828691	-77.893636	4.828691	1.472831E+7	1.228984E-8	8.136803E+7	3.376839E+16	0	0	0.002365	0.213324	0	0
0	0	0	13.169871	4.828691	-78.985167	4.828691	1.268844E+7	1.058771E-8	9.444915E+7	3.376839E+16	0	0	0.002382	0.211665	0	0
0	0	0	12.897638	4.828701	-80.062874	4.828701	1.095206E+7	9.323548E-9	1.072553E+8	3.376839E+16	0	0	-0.005258	0.209966	0	0
0	0	0	12.620097	4.828894	-81.16513	4.828894	9426210.5	1.261441E-8	7.927439E+7	3.376839E+16	0	0	0.005384	0.208403	0	0
0	0	0	12.346279	4.828841	-82.247888	4.828841	8129293	9.387377E-9	1.06526E+8	3.376839E+16	0	0	-0.008326	0.206696	0	0
0	0	0	12.07318	4.828953	-83.331061	4.828953	7013538	1.137345E-8	8.792409E+7	3.376839E+16	0	0	-0.001159	0.20514	0	0
0	0	0	11.800882	4.828685	-84.403535	4.828685	6053540.5	5.00176E-9	1.999296E+8	3.376839E+16	0	0	0.006114	0.203513	0	0
0	0	0	11.530985	4.829103	-85.480173	4.829103	5231731.5	1.840675E-8	5.432791E+7	3.376839E+16	0	0	0.001268	0.20195	0	0
0	0	0	11.263391	4.828766	-86.532554	4.828766	4527122	4.38592E-9	2.280023E+8	3.376839E+16	0	0	0.003124	0.200434	0	0
0	0	0	10.997806	4.828926	-87.58703	4.828926	3921666.5	5.80111E-9	1.723808E+8	3.376839E+16	0	0	-0.004294	0.198911	0	0
0	0	0	10.733479	4.828894	-88.632617	4.828894	3399494.5	4.549312E-9	2.198134E+8	3.376839E+16	0	0	-0.001827	0.197419	0	0
0	0	0	10.473856	4.828953	-89.661459	4.828953	2954354	4.790918E-9	2.087283E+8	3.376839E+16	0	0	0.005716	0.195697	0	0
0	0	0	10.215377	4.828985	-90.685235	4.828985	2569089	4.710275E-9	2.123018E+8	3.376839E+16	0	0	0.006393	0.194149	0	0
0	0	0	9.959478	4.82891	-91.696553	4.82891	2237183.5	3.143716E-9	3.180949E+8	3.376839E+16	0	0	-0.004427	0.19265	0	0
0	0	0	9.704707	4.82891	-92.704975	4.82891	1949345.5	2.739243E-9	3.650644E+8	3.376839E+16	0	0	-0.003172	0.191158	0	0
0	0	0	9.455098	4.828926	-93.693309	4.828926	1703286.5	2.519584E-9	3.96891E+8	3.376839E+16	0	0	-0.003195	0.189706	0	0
0	0	0	9.206942	4.829071	-94.678655	4.829071	1489457	4.190197E-9	2.386523E+8	3.376839E+16	0	0	-0.001258	0.188207	0	0
0	0	0	8.960011	4.829145	-95.657689	4.829145	1303334.5	6.886926E-9	1.452027E+8	3.376839E+16	0	0	0.009267	0.186747	0	0
0	0	0	8.717409	4.82899	-96.614594	4.82899	1143141.5	2.142523E-9	4.667394E+8	3.376839E+16	0	0	0.008009	0.185304	0	0
0	0	0	8.478646	4.829076	-97.561545	4.829076	1004720.5	2.924187E-9	3.419753E+8	3.376839E+16	0	0	0.000718	0.1839	0	0
0	0	0	8.243705	4.829028	-98.490436	4.829028	884887.5	1.964488E-9	5.090385E+8	3.376839E+16	0	0	-0.001296	0.18244	0	0
0	0	0	8.009221	4.829269	-99.423929	4.829269	779539.5	-9.300231E-9	-1.075242E+8	3.376839E+16	0	0	0.000729	0.18102	0	0
0	0	0	7.779687	4.82906	-100.327838	4.82906	688573	1.815824E-9	5.507142E+8	3.376839E+16	0	0	0.002785	0.179577	0	0
0	0	0	7.553926	4.829258	-101.225913	4.829258	609464	-1.014514E-8	-9.856938E+7	3.376839E+16	0	0	-0.005457	0.178125	0	0
0	0	0	7.331987	4.82906	-102.09994	4.82906	540559.5	1.4255E-9	7.015081E+8	3.376839E+16	0	0	0.000745	0.176897	0	0
0	0	0	7.112074	4.829162	-102.972725	4.829162	479970	3.124196E-9	3.200823E+8	3.376839E+16	0	0	0.007036	0.175509	0	0
0	0	0	6.89533	4.829162	-103.830664	4.829162	426902.5	2.778772E-9	3.598712E+8	3.376839E+16	0	0	0.009908	0.174033	0	0
0	0	0	6.684204	4.829285	-104.669198	4.829285	380857.5	-3.188775E-9	-3.136E+8	3.376839E+16	0	0	-0.002782	0.172797	0	0
0	0	0	6.474745	4.829178	-105.495834	4.829178	340085.5	2.881776E-9	3.470082E+8	3.376839E+16	0	0	-0.002802	0.171449	0	0
0	0	0	6.269909	4.829151	-106.306016	4.829151	304437.5	1.716352E-9	5.826312E+8	3.376839E+16	0	0	-0.007137	0.170157	0	0
0	0	0	6.066837	4.829065	-107.107829	4.829065	272786.5	7.42611E-10	1.3466E+9	3.376839E+16	0	0	0.004402	0.168809	0	0
0	0	0	5.867881	4.829183	-107.898117	4.829183	244970.5	2.307995E-9	4.332765E+8	3.376839E+16	0	0	-0.000675	0.167564	0	0
0	0	0	5.672764	4.829172	-108.670198	4.829172	220448	1.697257E-9	5.89186E+8	3.376839E+16	0	0	5.516454E-5	0.166169	0	0
0	0	0	5.48191	4.829349	-109.429857	4.829349	198838	-7.591942E-10	-1.317186E+9	3.376839E+16	0	0	-0.001426	0.164868	0	0
0	0	0	5.293147	4.82929	-110.175652	4.82929	179549	-1.367373E-9	-7.313294E+8	3.376839E+16	0	0	0.000803	0.163576	0	0
0	0	0	5.104661	4.829311	-110.922262	4.829311	162155.5	-9.069133E-10	-1.102641E+9	3.376839E+16	0	0	0.004566	0.16242	0	0
0	0	0	4.922383	4.829247	-111.642241	4.829247	146939.5	-4.044609E-9	-2.472427E+8	3.376839E+16	0	0	-0.007509	0.161279	0	0
0	0	0	4.742294	4.829172	-112.353282	4.829172	133309	1.026363E-9	9.743142E+8	3.376839E+16	0	0	-0.002993	0.159963	0	0
0	0	0	4.565912	4.829306	-113.054711	4.829306	121185	-7.259765E-10	-1.377455E+9	3.376839E+16	0	0	0.001594	0.158759	0	0
0	0	0	4.391344	4.829472	-113.749777	4.829472	110272	-2.061261E-10	-4.851399E+9	3.376839E+16	0	0	0.004701	0.15749	0	0
0	0	0	4.219324	4.829231	-114.424802	4.829231	100480.5	-1.410604E-7	-7089162.457707	3.376839E+16	0	0	0.002398	0.15623	0	0
0	0	0	4.051453	4.829269	-115.090217	4.829269	91763.5	-1.094774E-9	-9.134309E+8	3.376839E+16	0	0	0.010264	0.155129	0	0
0	0	0	3.887715	4.829434	-115.742461	4.829434	83990	-1.858736E-10	-5.38E+9	3.376839E+16	0	0	-0.005474	0.154021	0	0
0	0	0	3.726345	4.829317	-116.378311	4.829317	76974	-4.036988E-10	-2.477094E+9	3.376839E+16	0	0	0.011206	0.15284	0	0
0	0	0	3.567736	4.829301	-117.005748	4.829301	70649	-4.5564E-10	-2.194715E+9	3.376839E+16	0	0	0.003271	0.151516	0	0
0	0	0	3.411642	4.829285	-117.623225	4.829285	64932	-5.436505E-10	-1.839417E+9	3.376839E+16	0	0	0.009758	0.150455	0	0
0	0	0	3.257034	4.829418	-118.238584	4.829418	59726	-1.434863E-10	-6.969306E+9	3.376839E+16	0	0	0.004126	0.149498	0	0
0	0	0	3.106151	4.829327	-118.833551	4.829327	55047.5	-2.567313E-10	-3.895123E+9	3.376839E+16	0	0	-0.000758	0.14819	0	0
0	0	0	2.958013	4.829119	-119.414657	4.829119	50811.5	2.043828E-10	4.892781E+9	3.376839E+16	0	0	0.009139	0.147177	0	0
0	0	0	2.813157	4.829445	-119.996333	4.829445	46984.5	-9.878764E-11	-1.012272E+10	3.376839E+16	0	0	-0.002432	0.146029	0	0
0	0	0	2.670147	4.829359	-120.560249	4.829359	43489	-1.522449E-10	-6.568365E+9	3.376839E+16	0	0	0.001738	0.144928	0	0
0	0	0	2.52998	4.829274	-121.112899	4.829274	40315.5	-4.213044E-10	-2.373581E+9	3.376839E+16	0	0	-0.002463	0.14405	0	0
0	0	0	2.392034	4.829488	-121.664437	4.829488	37418.5	-6.557851E-11	-1.52489E+10	3.376839E+16	0	0	0.002612	0.142758	0	0
0	0	0	2.256015	4.829359	-122.199557	4.829359	34765.5	-1.217059E-10	-8.216525E+9	3.376839E+16	0	0	-0.000791	0.141737	0	0
0	0	0	2.124179	4.82937	-122.7217	4.82937	32374	-1.046359E-10	-9.556946E+9	3.376839E+16	0	0	0.007815	0.140684	0	0
0	0	0	1.994743	4.829418	-123.23531	4.829418	30186.5	-7.252033E-11	-1.378924E+10	3.376839E+16	0	0	6.502213E-5	0.139703	0	0
0	0	0	1.868068	4.829434	-123.737165	4.829434	28188.5	-6.238241E-11	-1.603016E+10	3.376839E+16	0	0	-0.001681	0.138666	0	0
0	0	0	1.745133	4.82945	-124.224216	4.82945	26376	-5.410644E-11	-1.848209E+10	3.376839E+16	0	0	-0.004331	0.13763	0	0
0	0	0	1.625384	4.829509	-124.699779	4.829509	24723	-3.999963E-11	-2.500023E+10	3.376839E+16	0	0	0.000952	0.136617	0	0
0	0	0	1.505602	4.829429	-125.171832	4.829429	23173	-5.266666E-11	-1.898734E+10	3.376839E+16	0	0	0.00542	0.13554	0	0
0	0	0	1.387715	4.829461	-125.639328	4.829461	21742	-4.252892E-11	-2.351341E+10	3.376839E+16	0	0	0.009944	0.13463	0	0
0	0	0	1.27334	4.829386	-126.090105	4.829386	20438.5	-5.923963E-11	-1.688059E+10	3.376839E+16	0	0	-0.007165	0.133649	0	0
0	0	0	1.16166	4.829386	-126.532183	4.829386	19241	-5.576876E-11	-1.793119E+10	3.376839E+16	0	0	-0.004488	0.132549	0	0
0	0	0	1.052757	4.829445	-126.964828	4.829445	18141	-3.81425E-11	-2.621747E+10	3.376839E+16	0	0	0.007411	0.13156	0	0
0	0	0	0.946664	4.829381	-127.38309	4.829381	17130	-5.141959E-11	-1.944784E+10	3.376839E+16	0	0	0.004697	0.130411	0	0
0	0	0	0.843363	4.829434	-127.793422	4.829434	16199.5	-3.585021E-11	-2.789384E+10	3.376839E+16	0	0	-0.012989	0.129342	0	0
0	0	0	0.744294	4.829515	-128.187728	4.829515	15354.5	-2.437403E-11	-4.102727E+10	3.376839E+16	0	0	0.00101	0.128305	0	0
0	0	0	0.648001	4.82944	-128.5669	4.82944	14576	-3.14315E-11	-3.181522E+10	3.376839E+16	0	0	-0.005614	0.127229	0	0
0	0	0	0.558977	4.829231	-128.913704	4.829231	13891	-1.950034E-8	-5.128115E+7	3.376839E+16	0	0	-0.007558	0.126359	0	0
0	0	0	0.478284	4.829408	-129.237857	4.829408	13298	-3.387992E-11	-2.951601E+10	3.376839E+16	0	0	-0.001851	0.125274	0	0
0	0	0	0.406445	4.829472	-129.523958	4.829472	12791.5	-2.391053E-11	-4.182258E+10	3.376839E+16	0	0	0.012653	0.124429	0	0
0	0	0	0.343785	4.829392	-129.769834	4.829392	12365.5	-3.464828E-11	-2.886146E+10	3.376839E+16	0	0	0.005923	0.123448	0	0
0	0	0	0.288966	4.82922	-129.982214	4.82922	12004.5	5.211962E-10	1.918663E+9	3.376839E+16	0	0	-0.002872	0.122554	0	0
0	0	0	0.241138	4.829541	-130.180201	4.829541	11698	-1.697046E-11	-5.892594E+10	3.376839E+16	0	0	0.00502	0.121597	0	0
0	0	0	0.198439	4.82952	-130.348646	4.82952	11431	-1.781013E-11	-5.614782E+10	3.376839E+16	0	0	-0.005898	0.12076	0	0
0	0	0	0.159808	4.829317	-130.496069	4.829317	11195	-5.871343E-11	-1.703188E+10	3.376839E+16	0	0	-0.001928	0.120002	0	0
0	0	0	0.127106	4.829269	-130.624213	4.829269	10999	-1.312222E-10	-7.62066E+9	3.376839E+16	0	0	7.565548E-5	0.119085	0	0
0	0	0	0.096168	4.829376	-130.749575	4.829376	10816.5	-3.366804E-11	-2.970175E+10	3.376839E+16	0	0	-0.002973	0.118152	0	0
0	0	0	0.070392	4.829311	-130.849867	4.829311	10667	-5.965904E-11	-1.676192E+10	3.376839E+16	0	0	0.017483	0.117234	0	0
0	0	0	0.046413	4.82937	-130.946383	4.82937	10529	-3.403076E-11	-2.938518E+10	3.376839E+16	0	0	-0.010226	0.116453	0	0
0	0	0	0.025096	4.829408	-131.03178	4.829408	10409	-2.651949E-11	-3.770812E+10	3.376839E+16	0	0	0.008385	0.115503	0	0
0	0	0	0.006785	4.829376	-131.103392	4.829376	10306	-3.207903E-11	-3.117301E+10	3.376839E+16	0	0	0.010531	0.114698	0	0
0	0	0	-0.011248	4.829365	-131.174485	4.829365	10206	-3.43031E-11	-2.915188E+10	3.376839E+16	0	0	-0.006239	0.113812	0	0
0	0	0	-0.026685	4.829397	-131.236461	4.829397	10121.5	-2.744747E-11	-3.643323E+10	3.376839E+16	0	0	-0.003102	0.112967	0	0
0	0	0	-0.039997	4.829488	-131.29163	4.829488	10049	-1.761157E-11	-5.678086E+10	3.376839E+16	0	0	-0.006329	0.112106	0	0
0	0	0	-0.05251	4.829424	-131.339415	4.829424	9981	-2.331349E-11	-4.289362E+10	3.376839E+16	0	0	-0.002071	0.11126	0	0
0	0	0	-0.064091	4.829354	-131.383368	4.829354	9918.5	-3.622811E-11	-2.760288E+10	3.376839E+16	0	0	-0.007503	0.110439	0	0
0	0	0	-0.074137	4.829338	-131.422697	4.829338	9865	-4.142143E-11	-2.414209E+10	3.376839E+16	0	0	0.008818	0.109537	0	0
0	0	0	-0.083562	4.829477	-131.463789	4.829477	9815	-1.794838E-11	-5.571533E+10	3.376839E+16	0	0	0.003379	0.108803	0	0
0	0	0	-0.092105	4.829359	-131.494404	4.829359	9769.5	-3.420075E-11	-2.923912E+10	3.376839E+16	0	0	-0.01097	0.108125	0	0
0	0	0	-0.099896	4.829306	-131.52379	4.829306	9728.5	-5.827999E-11	-1.715855E+10	3.376839E+16	0	0	-0.00437	0.10732	0	0
0	0	0	-0.107084	4.829654	-131.561705	4.829654	9690.5	-1.032401E-11	-9.686161E+10	3.376839E+16	0	0	-0.001038	0.106466	0	0
0	0	0	-0.114059	4.829376	-131.581743	4.829376	9654.5	-3.005114E-11	-3.327661E+10	3.376839E+16	0	0	-0.002175	0.105653	0	0
0	0	0	-0.120576	4.829515	-131.611329	4.829515	9620.5	-1.527177E-11	-6.54803E+10	3.376839E+16	0	0	0.006901	0.105055	0	0
0	0	0	-0.125852	4.829402	-131.629155	4.829402	9593	-2.520286E-11	-3.967803E+10	3.376839E+16	0	0	-0.002202	0.104297	0	0
0	0	0	-0.131635	4.829365	-131.651025	4.829365	9563	-3.214194E-11	-3.1112E+10	3.376839E+16	0	0	-0.017194	0.103507	0	0
0	0	0	-0.1366	4.829504	-131.67447	4.829504	9537.5	-1.573304E-11	-6.35605E+10	3.376839E+16	0	0	0.005887	0.102749	0	0
0	0	0	-0.14137	4.829359	-131.689416	4.829359	9513	-3.33028E-11	-3.00275E+10	3.376839E+16	0	0	0.002424	0.102008	0	0
0	0	0	-0.145682	4.829365	-131.706632	4.829365	9491	-3.189994E-11	-3.134802E+10	3.376839E+16	0	0	-0.001088	0.10125	0	0
0	0	0	-0.14975	4.829231	-131.719089	4.829231	9470	-1.329406E-8	-7.522156E+7	3.376839E+16	0	0	0.001272	0.10058	0	0
0	0	0	-0.152249	4.829354	-131.732334	4.829354	9457	-3.454244E-11	-2.894989E+10	3.376839E+16	0	0	0.012002	0.099902	0	0
0	0	0	-0.155255	4.829269	-131.741899	4.829269	9442	-1.126466E-10	-8.877318E+9	3.376839E+16	0	0	-0.008309	0.099152	0	0
0	0	0	-0.158064	4.829557	-131.760892	4.829557	9427.5	-1.300465E-11	-7.689557E+10	3.376839E+16	0	0	0.001298	0.098474	0	0
0	0	0	-0.160727	4.829327	-131.765163	4.829327	9414	-4.390514E-11	-2.277638E+10	3.376839E+16	0	0	-0.007207	0.097724	0	0
0	0	0	-0.163128	4.829285	-131.773502	4.829285	9402	-7.87193E-11	-1.270337E+10	3.376839E+16	0	0	0.004989	0.097054	0	0
0	0	0	-0.165088	4.829509	-131.787384	4.829509	9392	-1.519542E-11	-6.580928E+10	3.376839E+16	0	0	-0.00114	0.096384	0	0
0	0	0	-0.167342	4.829322	-131.791204	4.829322	9380	-4.631085E-11	-2.159321E+10	3.376839E+16	0	0	0.012506	0.095659	0	0
0	0	0	-0.169041	4.829493	-131.802595	4.829493	9371.5	-1.608942E-11	-6.215263E+10	3.376839E+16	0	0	0.005091	0.095004	0	0
0	0	0	-0.170642	4.829445	-131.807619	4.829445	9363.5	-1.96873E-11	-5.079416E+10	3.376839E+16	0	0	-0.001164	0.094271	0	0
0	0	0	-0.171556	4.829509	-131.81299	4.829509	9359	-1.514203E-11	-6.604133E+10	3.376839E+16	0	0	0.00769	0.093688	0	0
0	0	0	-0.173566	4.82922	-131.813068	4.82922	9349	4.059031E-10	2.463642E+9	3.376839E+16	0	0	0.006461	0.09313	0	0
0	0	0	-0.174774	4.829456	-131.82427	4.829456	9342.5	-1.870909E-11	-5.344994E+10	3.376839E+16	0	0	0.012943	0.092253	0	0
0	0	0	-0.175852	4.829477	-131.829121	4.829477	9337.5	-1.707519E-11	-5.856449E+10	3.376839E+16	0	0	-0.002485	0.091774	0	0
0	0	0	-0.177257	4.829424	-131.833223	4.829424	9330	-2.179289E-11	-4.588652E+10	3.376839E+16	0	0	0.007903	0.091032	0	0
0	0	0	-0.17845	4.829392	-131.837068	4.829392	9324	-2.612596E-11	-3.827611E+10	3.376839E+16	0	0	-0.014298	0.090442	0	0
0	0	0	-0.17956	4.829536	-131.845403	4.829536	9318.5	-1.37554E-11	-7.269873E+10	3.376839E+16	0	0	-0.006485	0.08986	0	0
0	0	0	-0.180541	4.829397	-131.845491	4.829397	9313.5	-2.525634E-11	-3.959402E+10	3.376839E+16	0	0	9.947913E-5	0.089174	0	0
0	0	0	-0.181129	4.829429	-131.848693	4.829429	9311	-2.116167E-11	-4.725526E+10	3.376839E+16	0	0	0.014809	0.088424	0	0
0	0	0	-0.182729	4.829397	-131.854155	4.829397	9302.5	-2.522651E-11	-3.964084E+10	3.376839E+16	0	0	0.001446	0.087842	0	0
0	0	0	-0.182811	4.829333	-131.852728	4.829333	9302.5	-4.110889E-11	-2.432564E+10	3.376839E+16	0	0	0.001456	0.087204	0	0
0	0	0	-0.183709	4.829247	-131.85395	4.829247	9297.5	-2.559197E-10	-3.907476E+9	3.376839E+16	0	0	0.001462	0.086853	0	0
0	0	0	-0.184673	4.829424	-131.862579	4.829424	9293	-2.170647E-11	-4.606922E+10	3.376839E+16	0	0	-0.010855	0.086191	0	0
0	0	0	-0.186078	4.829643	-131.87412	4.829643	9285.5	-1.014928E-11	-9.852916E+10	3.376839E+16	0	0	0.011151	0.085457	0	0
0	0	0	-0.186454	4.82945	-131.870356	4.82945	9284	-1.904474E-11	-5.250793E+10	3.376839E+16	0	0	0.008443	0.084883	0	0
0	0	0	-0.187238	4.829434	-131.873022	4.829434	9280	-2.053705E-11	-4.869248E+10	3.376839E+16	0	0	-0.001295	0.084197	0	0
0	0	0	-0.188038	4.829354	-131.874002	4.829354	9276	-3.388132E-11	-2.951479E+10	3.376839E+16	0	0	-0.002712	0.083662	0	0
0	0	0	-0.188986	4.829327	-131.877023	4.829327	9271	-4.323822E-11	-2.312769E+10	3.376839E+16	0	0	-0.011227	0.083176	0	0
0	0	0	-0.189721	4.829327	-131.879933	4.829327	9267.5	-4.322189E-11	-2.313642E+10	3.376839E+16	0	0	0.01295	0.082546	0	0
0	0	0	-0.191615	4.829488	-131.89181	4.829488	9258	-1.622529E-11	-6.16322E+10	3.376839E+16	0	0	0.010171	0.081907	0	0
0	0	0	-0.192563	4.829531	-131.896727	4.829531	9253	-1.390236E-11	-7.193026E+10	3.376839E+16	0	0	0.007337	0.081413	0	0
0	0	0	-0.194245	4.829563	-131.904263	4.829563	9245	-1.254741E-11	-7.969773E+10	3.376839E+16	0	0	-0.005715	0.080799	0	0
0	0	0	-0.195242	4.829354	-131.902517	4.829354	9240	-3.374983E-11	-2.962978E+10	3.376839E+16	0	0	0.007444	0.080177	0	0
0	0	0	-0.196075	4.829525	-131.910484	4.829525	9235.5	-1.412808E-11	-7.078103E+10	3.376839E+16	0	0	0.000111	0.079626	0	0
0	0	0	-0.197937	4.829483	-131.916688	4.829483	9226.5	-1.651368E-11	-6.055584E+10	3.376839E+16	0	0	-0.020685	0.079116	0	0
0	0	0	-0.198231	4.829488	-131.917998	4.829488	9225	-1.616745E-11	-6.185267E+10	3.376839E+16	0	0	-0.004372	0.078597	0	0
0	0	0	-0.199342	4.82944	-131.921081	4.82944	9219.5	-1.988081E-11	-5.029976E+10	3.376839E+16	0	0	0.007629	0.078111	0	0
0	0	0	-0.200305	4.82959	-131.928982	4.82959	9214.5	-1.157357E-11	-8.64038E+10	3.376839E+16	0	0	0.025859	0.077513	0	0
0	0	0	-0.201139	4.829568	-131.931696	4.829568	9210.5	-1.230235E-11	-8.128527E+10	3.376839E+16	0	0	0.016891	0.076938	0	0
0	0	0	-0.201645	4.829686	-131.936911	4.829686	9208	-9.117985E-12	-1.096734E+11	3.376839E+16	0	0	0.00932	0.076452	0	0
0	0	0	-0.203131	4.829445	-131.936228	4.829445	9200.5	-1.934458E-11	-5.169405E+10	3.376839E+16	0	0	0.010926	0.075917	0	0
0	0	0	-0.203752	4.829483	-131.939707	4.829483	9197.5	-1.646178E-11	-6.074677E+10	3.376839E+16	0	0	0.001669	0.075495	0	0
0	0	0	-0.204944	4.829461	-131.943843	4.829461	9191.5	-1.797924E-11	-5.561971E+10	3.376839E+16	0	0	-0.01081	0.075056	0	0
0	0	0	-0.205059	4.82937	-131.941815	4.82937	9191	-2.970621E-11	-3.366299E+10	3.376839E+16	0	0	0.006416	0.074386	0	0
0	0	0	-0.205451	4.829466	-131.945994	4.829466	9189	-1.75664E-11	-5.692687E+10	3.376839E+16	0	0	0.01915	0.07382	0	0
0	0	0	-0.206496	4.829643	-131.954948	4.829643	9184	-1.003834E-11	-9.961809E+10	3.376839E+16	0	0	0.009679	0.073445	0	0
0	0	0	-0.207035	4.829488	-131.95285	4.829488	9181.5	-1.609121E-11	-6.214572E+10	3.376839E+16	0	0	0.001725	0.072902	0	0
0	0	0	-0.207248	4.829488	-131.95369	4.829488	9180	-1.608858E-11	-6.215587E+10	3.376839E+16	0	0	-0.014396	0.072496	0	0
0	0	0	-0.207558	4.829488	-131.954919	4.829488	9178.5	-1.608596E-11	-6.216603E+10	3.376839E+16	0	0	-0.017733	0.072017	0	0
0	0	0	-0.20795	4.829456	-131.955595	4.829456	9176.5	-1.837667E-11	-5.441683E+10	3.376839E+16	0	0	0.016469	0.071483	0	0
0	0	0	-0.207395	4.829541	-131.955732	4.829541	9179.5	-1.331683E-11	-7.509293E+10	3.376839E+16	0	0	0.013278	0.071036	0	0
0	0	0	-0.207721	4.829477	-131.955274	4.829477	9178	-1.678352E-11	-5.958226E+10	3.376839E+16	0	0	0.010055	0.070541	0	0
0	0	0	-0.207754	4.829413	-131.953651	4.829413	9177.5	-2.269544E-11	-4.406171E+10	3.376839E+16	0	0	-0.034881	0.070015	0	0
0	0	0	-0.207525	4.829509	-131.955373	4.829509	9179	-1.485081E-11	-6.73364E+10	3.376839E+16	0	0	-0.019976	0.069648	0	0
0	0	0	-0.207574	4.829456	-131.954108	4.829456	9178.5	-1.838067E-11	-5.440498E+10	3.376839E+16	0	0	0.003502	0.069098	0	0
0	0	0	-0.207934	4.829413	-131.954363	4.829413	9176.5	-2.269297E-11	-4.406651E+10	3.376839E+16	0	0	0.010323	0.068603	0	0
0	0	0	-0.207313	4.829541	-131.955408	4.829541	9179.5	-1.331683E-11	-7.509293E+10	3.376839E+16	0	0	0.022361	0.06814	0	0
0	0	0	-0.207052	4.829397	-131.950433	4.829397	9181	-2.489703E-11	-4.016544E+10	3.376839E+16	0	0	-0.015339	0.067782	0	0
0	0	0	-0.206627	4.829461	-131.950503	4.829461	9183	-1.796261E-11	-5.567119E+10	3.376839E+16	0	0	-0.005061	0.067303	0	0
0	0	0	-0.206676	4.829509	-131.952011	4.829509	9183	-1.485728E-11	-6.730706E+10	3.376839E+16	0	0	0.022741	0.066928	0	0
0	0	0	-0.206398	4.829397	-131.947847	4.829397	9184.5	-2.490652E-11	-4.015013E+10	3.376839E+16	0	0	0.005381	0.066489	0	0
0	0	0	-0.206268	4.829359	-131.946308	4.829359	9185	-3.215455E-11	-3.10998E+10	3.376839E+16	0	0	0.019541	0.065923	0	0
0	0	0	-0.20581	4.829418	-131.946103	4.829418	9187	-2.207094E-11	-4.530846E+10	3.376839E+16	0	0	-0.010524	0.06546	0	0
0	0	0	-0.206284	4.829408	-131.947686	4.829408	9185	-2.340104E-11	-4.273314E+10	3.376839E+16	0	0	0.003704	0.065109	0	0
0	0	0	-0.206349	4.829579	-131.952615	4.829579	9184.5	-1.189051E-11	-8.41007E+10	3.376839E+16	0	0	0.016322	0.064599	0	0
0	0	0	-0.206186	4.829445	-131.94832	4.829445	9185.5	-1.931305E-11	-5.177847E+10	3.376839E+16	0	0	0.025458	0.064208	0	0
0	0	0	-0.205533	4.829418	-131.945004	4.829418	9188.5	-2.207454E-11	-4.530106E+10	3.376839E+16	0	0	0.01105	0.063825	0	0
0	0	0	-0.205696	4.829295	-131.942294	4.829295	9188	-6.417008E-11	-1.558359E+10	3.376839E+16	0	0	-0.003523	0.063411	0	0
0	0	0	-0.205533	4.829563	-131.948944	4.829563	9188.5	-1.247073E-11	-8.018779E+10	3.376839E+16	0	0	0.037043	0.062868	0	0
0	0	0	-0.205631	4.829499	-131.947581	4.829499	9188	-1.545927E-11	-6.468609E+10	3.376839E+16	0	0	0.003851	0.062477	0	0
0	0	0	-0.206072	4.82944	-131.947721	4.82944	9186	-1.980857E-11	-5.04832E+10	3.376839E+16	0	0	0.00014	0.06211	0	0
0	0	0	-0.206072	4.829488	-131.949035	4.829488	9186	-1.60991E-11	-6.211527E+10	3.376839E+16	0	0	-0.007361	0.061783	0	0
0	0	0	-0.207035	4.829376	-131.949785	4.829376	9181.5	-2.857885E-11	-3.499091E+10	3.376839E+16	0	0	0.002031	0.061321	0	0
0	0	0	-0.207133	4.829477	-131.952946	4.829477	9180.5	-1.678809E-11	-5.956603E+10	3.376839E+16	0	0	-0.009364	0.060898	0	0
0	0	0	-0.207558	4.829397	-131.952438	4.829397	9178.5	-2.489025E-11	-4.017638E+10	3.376839E+16	0	0	-0.009425	0.060483	0	0
0	0	0	-0.20795	4.829632	-131.960411	4.829632	9176.5	-1.02974E-11	-9.711192E+10	3.376839E+16	0	0	0.023236	0.060124	0	0
0	0	0	-0.208587	4.829504	-131.95943	4.829504	9173.5	-1.513259E-11	-6.608255E+10	3.376839E+16	0	0	0.019533	0.059654	0	0
0	0	0	-0.209387	4.829525	-131.963182	4.829525	9169.5	-1.402712E-11	-7.129049E+10	3.376839E+16	0	0	0.004049	0.059239	0	0
0	0	0	-0.209453	4.829499	-131.962711	4.829499	9169	-1.54273E-11	-6.482014E+10	3.376839E+16	0	0	0.007989	0.058944	0	0
0	0	0	-0.210335	4.829654	-131.970436	4.829654	9164.5	-9.763621E-12	-1.02421E+11	3.376839E+16	0	0	-0.003803	0.058473	0	0
0	0	0	-0.210694	4.829525	-131.968355	4.829525	9163	-1.401717E-11	-7.134107E+10	3.376839E+16	0	0	-0.023666	0.058186	0	0
0	0	0	-0.211658	4.829595	-131.974068	4.829595	9158	-1.133359E-11	-8.823327E+10	3.376839E+16	0	0	0.012137	0.057779	0	0
0	0	0	-0.211723	4.829488	-131.971407	4.829488	9158	-1.605003E-11	-6.230519E+10	3.376839E+16	0	0	0.028363	0.057261	0	0
0	0	0	-0.212524	4.829499	-131.974868	4.829499	9154	-1.540207E-11	-6.492635E+10	3.376839E+16	0	0	0.024437	0.056998	0	0
0	0	0	-0.212409	4.829536	-131.975437	4.829536	9154.5	-1.351331E-11	-7.400111E+10	3.376839E+16	0	0	-0.010043	0.056543	0	0
0	0	0	-0.213193	4.829402	-131.974891	4.829402	9150.5	-2.404032E-11	-4.159678E+10	3.376839E+16	0	0	0.0063	0.056256	0	0
0	0	0	-0.213765	4.829573	-131.981825	4.829573	9148	-1.202813E-11	-8.313844E+10	3.376839E+16	0	0	0.002219	0.055825	0	0
0	0	0	-0.214353	4.829466	-131.981234	4.829466	9145	-1.748228E-11	-5.720077E+10	3.376839E+16	0	0	0.006371	0.055586	0	0
0	0	0	-0.214713	4.829509	-131.983824	4.829509	9143	-1.479256E-11	-6.760153E+10	3.376839E+16	0	0	0.033573	0.055123	0	0
0	0	0	-0.215562	4.829493	-131.986748	4.829493	9139	-1.569026E-11	-6.373382E+10	3.376839E+16	0	0	0.00435	0.054892	0	0
0	0	0	-0.215317	4.829402	-131.983297	4.829402	9140	-2.401273E-11	-4.164457E+10	3.376839E+16	0	0	0.00862	0.054381	0	0
0	0	0	-0.215317	4.82945	-131.984611	4.82945	9140	-1.874935E-11	-5.333519E+10	3.376839E+16	0	0	0.015051	0.054054	0	0
0	0	0	-0.215823	4.829531	-131.988805	4.829531	9137.5	-1.372882E-11	-7.283947E+10	3.376839E+16	0	0	-0.004122	0.053688	0	0
0	0	0	-0.215938	4.829504	-131.988528	4.829504	9137	-1.507238E-11	-6.634654E+10	3.376839E+16	0	0	-0.025679	0.05336	0	0
0	0	0	-0.216183	4.829504	-131.989498	4.829504	9136	-1.507073E-11	-6.63538E+10	3.376839E+16	0	0	0.015351	0.052938	0	0
0	0	0	-0.216003	4.829504	-131.988786	4.829504	9137	-1.507238E-11	-6.634654E+10	3.376839E+16	0	0	0.017611	0.052643	0	0
0	0	0	-0.215595	4.829488	-131.986732	4.829488	9138.5	-1.601585E-11	-6.243813E+10	3.376839E+16	0	0	0.033071	0.052316	0	0
0	0	0	-0.21499	4.829557	-131.986237	4.829557	9142	-1.261082E-11	-7.929698E+10	3.376839E+16	0	0	-0.017489	0.051989	0	0
0	0	0	-0.215595	4.829557	-131.988629	4.829557	9138.5	-1.260599E-11	-7.932735E+10	3.376839E+16	0	0	0.000167	0.051574	0	0
0	0	0	-0.215366	4.829525	-131.986848	4.829525	9140	-1.398199E-11	-7.152059E+10	3.376839E+16	0	0	0.000168	0.051303	0	0
0	0	0	-0.214843	4.8296	-131.986823	4.8296	9142.5	-1.115058E-11	-8.968146E+10	3.376839E+16	0	0	-0.017791	0.051047	0	0
0	0	0	-0.214811	4.829552	-131.98538	4.829552	9142.5	-1.282149E-11	-7.799404E+10	3.376839E+16	0	0	0.009221	0.050625	0	0
0	0	0	-0.213929	4.829525	-131.981158	4.829525	9147	-1.39927E-11	-7.146586E+10	3.376839E+16	0	0	0.011546	0.05033	0	0
0	0	0	-0.213471	4.82937	-131.975115	4.82937	9149.5	-2.957208E-11	-3.381568E+10	3.376839E+16	0	0	-0.008976	0.05005	0	0
0	0	0	-0.213063	4.829509	-131.977293	4.829509	9151.5	-1.480632E-11	-6.753874E+10	3.376839E+16	0	0	0.002476	0.049675	0	0
0	0	0	-0.213128	4.829552	-131.97872	4.829552	9151	-1.283341E-11	-7.79216E+10	3.376839E+16	0	0	-0.043819	0.049396	0	0
0	0	0	-0.212393	4.829622	-131.977707	4.829622	9154.5	-1.055392E-11	-9.47515E+10	3.376839E+16	0	0	-0.009134	0.049125	0	0
0	0	0	-0.212262	4.829488	-131.973541	4.829488	9155.5	-1.604565E-11	-6.23222E+10	3.376839E+16	0	0	0.000176	0.04875	0	0
0	0	0	-0.212148	4.82959	-131.975862	4.82959	9156	-1.150009E-11	-8.695586E+10	3.376839E+16	0	0	0.033146	0.048511	0	0
0	0	0	-0.211887	4.829386	-131.969281	4.829386	9157	-2.654095E-11	-3.767762E+10	3.376839E+16	0	0	0.021558	0.048072	0	0
0	0	0	-0.211119	4.829434	-131.967555	4.829434	9161	-2.02737E-11	-4.932499E+10	3.376839E+16	0	0	0.000179	0.047761	0	0
0	0	0	-0.211462	4.829311	-131.965556	4.829311	9159	-5.122501E-11	-1.952172E+10	3.376839E+16	0	0	-0.009437	0.047458	0	0
0	0	0	-0.210874	4.829418	-131.966147	4.829418	9162	-2.201087E-11	-4.543209E+10	3.376839E+16	0	0	0.031557	0.047259	0	0
0	0	0	-0.210972	4.829461	-131.967703	4.829461	9161.5	-1.792056E-11	-5.580184E+10	3.376839E+16	0	0	0.005045	0.046892	0	0
0	0	0	-0.211005	4.829456	-131.967686	4.829456	9161.5	-1.834663E-11	-5.450593E+10	3.376839E+16	0	0	-0.019382	0.046605	0	0
0	0	0	-0.210874	4.829424	-131.966293	4.829424	9162	-2.140048E-11	-4.672793E+10	3.376839E+16	0	0	0.000185	0.046302	0	0
0	0	0	-0.21058	4.829504	-131.967319	4.829504	9163.5	-1.511609E-11	-6.615467E+10	3.376839E+16	0	0	0.027416	0.046006	0	0
0	0	0	-0.210662	4.829359	-131.963701	4.829359	9163	-3.207754E-11	-3.117446E+10	3.376839E+16	0	0	-0.004793	0.045719	0	0
0	0	0	-0.210939	4.829499	-131.968595	4.829499	9162	-1.541553E-11	-6.486966E+10	3.376839E+16	0	0	0.000188	0.045376	0	0
0	0	0	-0.211413	4.829466	-131.969595	4.829466	9159.5	-1.751E-11	-5.711022E+10	3.376839E+16	0	0	0.020339	0.045161	0	0
0	0	0	-0.211968	4.829504	-131.972815	4.829504	9156.5	-1.510454E-11	-6.620524E+10	3.376839E+16	0	0	0.03062	0.044842	0	0
0	0	0	-0.211952	4.829445	-131.971145	4.829445	9157	-1.925312E-11	-5.193962E+10	3.376839E+16	0	0	0.018069	0.044507	0	0
0	0	0	-0.212997	4.829317	-131.97178	4.829317	9151.5	-4.799607E-11	-2.083504E+10	3.376839E+16	0	0	-0.004953	0.044156	0	0
0	0	0	-0.213046	4.829707	-131.982629	4.829707	9151.5	-8.655029E-12	-1.155398E+11	3.376839E+16	0	0	-0.00497	0.043996	0	0
0	0	0	-0.213553	4.829552	-131.980401	4.829552	9149	-1.283061E-11	-7.793863E+10	3.376839E+16	0	0	0.013197	0.043661	0	0
0	0	0	-0.214125	4.829349	-131.977117	4.829349	9146	-3.492083E-11	-2.86362E+10	3.376839E+16	0	0	0.00542	0.043446	0	0
0	0	0	-0.214745	4.829664	-131.988186	4.829664	9143	-9.500382E-12	-1.052589E+11	3.376839E+16	0	0	0.008072	0.043215	0	0
0	0	0	-0.214794	4.829499	-131.983855	4.829499	9143	-1.538356E-11	-6.500447E+10	3.376839E+16	0	0	-0.018332	0.04284	0	0
0	0	0	-0.215399	4.829622	-131.989605	4.829622	9139.5	-1.053663E-11	-9.490701E+10	3.376839E+16	0	0	0.050873	0.042505	0	0
0	0	0	-0.216199	4.829456	-131.988248	4.829456	9136	-1.829556E-11	-5.465806E+10	3.376839E+16	0	0	0.032337	0.042313	0	0
0	0	0	-0.216362	4.829536	-131.991085	4.829536	9135	-1.348453E-11	-7.415907E+10	3.376839E+16	0	0	-0.00787	0.042098	0	0
0	0	0	-0.216607	4.829509	-131.991325	4.829509	9133.5	-1.477719E-11	-6.767184E+10	3.376839E+16	0	0	0.019167	0.041795	0	0
0	0	0	-0.216836	4.829547	-131.993252	4.829547	9132.5	-1.302432E-11	-7.677942E+10	3.376839E+16	0	0	-0.010693	0.041548	0	0
0	0	0	-0.217114	4.829509	-131.993329	4.829509	9131	-1.477315E-11	-6.769037E+10	3.376839E+16	0	0	0.038595	0.041261	0	0
0	0	0	-0.217685	4.829483	-131.994862	4.829483	9128.5	-1.633828E-11	-6.120594E+10	3.376839E+16	0	0	0.011226	0.041053	0	0
0	0	0	-0.218045	4.829525	-131.997453	4.829525	9126.5	-1.396134E-11	-7.162638E+10	3.376839E+16	0	0	0.00853	0.040758	0	0
0	0	0	-0.218323	4.829472	-131.997092	4.829472	9125.5	-1.705785E-11	-5.862402E+10	3.376839E+16	0	0	0.008579	0.040503	0	0
0	0	0	-0.21878	4.82952	-132.000217	4.82952	9123	-1.421414E-11	-7.035248E+10	3.376839E+16	0	0	0.003017	0.040256	0	0
0	0	0	-0.219254	4.829525	-132.002238	4.829525	9120.5	-1.395216E-11	-7.16735E+10	3.376839E+16	0	0	-0.028002	0.040024	0	0
0	0	0	-0.218894	4.829472	-131.999355	4.829472	9122.5	-1.705225E-11	-5.86433E+10	3.376839E+16	0	0	0.011564	0.039777	0	0
0	0	0	-0.219188	4.829376	-131.997892	4.829376	9121	-2.839054E-11	-3.522301E+10	3.376839E+16	0	0	-0.014058	0.03953	0	0
0	0	0	-0.218992	4.829365	-131.996824	4.829365	9122	-3.06597E-11	-3.26161E+10	3.376839E+16	0	0	0.026067	0.039266	0	0
0	0	0	-0.218698	4.829488	-131.999017	4.829488	9123.5	-1.598956E-11	-6.254079E+10	3.376839E+16	0	0	0.008894	0.038979	0	0
0	0	0	-0.218633	4.829477	-131.998467	4.829477	9123.5	-1.668386E-11	-5.993818E+10	3.376839E+16	0	0	0.003128	0.038732	0	0
0	0	0	-0.218241	4.829434	-131.995747	4.829434	9125.5	-2.019514E-11	-4.951687E+10	3.376839E+16	0	0	-0.017326	0.038525	0	0
0	0	0	-0.218045	4.829397	-131.993949	4.829397	9126.5	-2.474923E-11	-4.040529E+10	3.376839E+16	0	0	-0.014472	0.038325	0	0
0	0	0	-0.217391	4.829472	-131.993407	4.829472	9130	-1.706627E-11	-5.859512E+10	3.376839E+16	0	0	0.023813	0.038174	0	0
0	0	0	-0.217293	4.829541	-131.994916	4.829541	9130.5	-1.324575E-11	-7.549593E+10	3.376839E+16	0	0	0.021107	0.037719	0	0
0	0	0	-0.217146	4.829584	-131.995502	4.829584	9131	-1.16423E-11	-8.58937E+10	3.376839E+16	0	0	0.003222	0.037528	0	0
0	0	0	-0.216248	4.829477	-131.989026	4.829477	9135.5	-1.67058E-11	-5.985944E+10	3.376839E+16	0	0	-0.008816	0.037304	0	0
0	0	0	-0.216117	4.829445	-131.987633	4.829445	9136	-1.920897E-11	-5.205901E+10	3.376839E+16	0	0	-0.020985	0.037089	0	0
0	0	0	-0.215774	4.829531	-131.988611	4.829531	9138	-1.372957E-11	-7.283548E+10	3.376839E+16	0	0	0.000229	0.03677	0	0
0	0	0	-0.214876	4.829252	-131.977464	4.829252	9142	-1.896593E-10	-5.272613E+9	3.376839E+16	0	0	0.018624	0.036634	0	0
0	0	0	-0.214582	4.829466	-131.982139	4.829466	9144	-1.748037E-11	-5.720702E+10	3.376839E+16	0	0	0.037288	0.036355	0	0
0	0	0	-0.214615	4.829483	-131.982706	4.829483	9144	-1.636603E-11	-6.110219E+10	3.376839E+16	0	0	-0.012194	0.036124	0	0
0	0	0	-0.214745	4.829343	-131.979428	4.829343	9143	-3.6567E-11	-2.734706E+10	3.376839E+16	0	0	0.0096	0.035932	0	0
0	0	0	-0.213994	4.829488	-131.980395	4.829488	9146.5	-1.602987E-11	-6.238352E+10	3.376839E+16	0	0	-0.006046	0.035701	0	0
0	0	0	-0.213569	4.829429	-131.977108	4.829429	9149	-2.079348E-11	-4.8092E+10	3.376839E+16	0	0	-0.002917	0.03555	0	0
0	0	0	-0.213324	4.829515	-131.978474	4.829515	9150	-1.452489E-11	-6.884735E+10	3.376839E+16	0	0	0.032	0.035278	0	0
0	0	0	-0.212899	4.82952	-131.976939	4.82952	9152	-1.425932E-11	-7.012956E+10	3.376839E+16	0	0	0.003432	0.035087	0	0
0	0	0	-0.213259	4.829461	-131.976756	4.829461	9150.5	-1.789904E-11	-5.586892E+10	3.376839E+16	0	0	0.00345	0.034888	0	0
0	0	0	-0.213193	4.829515	-131.977957	4.829515	9150.5	-1.452568E-11	-6.884359E+10	3.376839E+16	0	0	0.032529	0.034664	0	0
0	0	0	-0.213438	4.82944	-131.976883	4.82944	9149.5	-1.972986E-11	-5.068459E+10	3.376839E+16	0	0	-0.006257	0.034417	0	0
0	0	0	-0.213569	4.82937	-131.975503	4.82937	9149	-2.957046E-11	-3.381753E+10	3.376839E+16	0	0	-0.006291	0.034217	0	0
0	0	0	-0.213275	4.829573	-131.979885	4.829573	9150.5	-1.203142E-11	-8.311572E+10	3.376839E+16	0	0	0.029809	0.034034	0	0
0	0	0	-0.213684	4.829386	-131.976393	4.829386	9148	-2.651487E-11	-3.771469E+10	3.376839E+16	0	0	-0.006346	0.033898	0	0
0	0	0	-0.214288	4.829456	-131.980683	4.829456	9145.5	-1.831459E-11	-5.460129E+10	3.376839E+16	0	0	0.00688	0.033691	0	0
0	0	0	-0.214174	4.829343	-131.977165	4.829343	9146	-3.657899E-11	-2.733809E+10	3.376839E+16	0	0	0.033724	0.033356	0	0
0	0	0	-0.214713	4.829504	-131.983678	4.829504	9143	-1.508227E-11	-6.6303E+10	3.376839E+16	0	0	-0.019884	0.03326	0	0
0	0	0	-0.215023	4.829418	-131.982571	4.829418	9141.5	-2.196163E-11	-4.553397E+10	3.376839E+16	0	0	0.003629	0.033053	0	0
0	0	0	-0.215317	4.829547	-131.987238	4.829547	9140	-1.303502E-11	-7.671642E+10	3.376839E+16	0	0	-0.043836	0.032885	0	0
0	0	0	-0.216003	4.829488	-131.988348	4.829488	9137	-1.601322E-11	-6.244839E+10	3.376839E+16	0	0	-0.023689	0.03259	0	0
0	0	0	-0.216346	4.829418	-131.987809	4.829418	9135	-2.194601E-11	-4.556637E+10	3.376839E+16	0	0	0.027735	0.032447	0	0
0	0	0	-0.216754	4.829493	-131.991469	4.829493	9133	-1.567996E-11	-6.377569E+10	3.376839E+16	0	0	0.031379	0.032215	0	0
0	0	0	-0.217914	4.829568	-131.998103	4.829568	9127	-1.219082E-11	-8.202892E+10	3.376839E+16	0	0	-0.017112	0.032048	0	0
0	0	0	-0.217751	4.829563	-131.997311	4.829563	9128	-1.238862E-11	-8.071927E+10	3.376839E+16	0	0	-0.031152	0.031888	0	0
0	0	0	-0.218339	4.829402	-131.995259	4.829402	9125.5	-2.397464E-11	-4.171074E+10	3.376839E+16	0	0	-0.020834	0.031641	0	0
0	0	0	-0.218845	4.82944	-131.998285	4.82944	9123	-1.967272E-11	-5.083182E+10	3.376839E+16	0	0	0.014374	0.03153	0	0
0	0	0	-0.218764	4.82968	-132.004531	4.82968	9123	-9.141284E-12	-1.093938E+11	3.376839E+16	0	0	0.028772	0.031202	0	0
0	0	0	-0.219156	4.829445	-131.99966	4.829445	9121	-1.917743E-11	-5.214463E+10	3.376839E+16	0	0	0.007425	0.031059	0	0
0	0	0	-0.219254	4.829483	-132.00107	4.829483	9120.5	-1.632396E-11	-6.125963E+10	3.376839E+16	0	0	0.021887	0.030836	0	0
0	0	0	-0.219793	4.829466	-132.002766	4.829466	9118	-1.743067E-11	-5.737015E+10	3.376839E+16	0	0	0.000271	0.030764	0	0
0	0	0	-0.220185	4.829541	-132.006361	4.829541	9116	-1.322471E-11	-7.561601E+10	3.376839E+16	0	0	0.051146	0.030548	0	0
0	0	0	-0.220528	4.829317	-132.001588	4.829317	9114.5	-4.780202E-11	-2.091962E+10	3.376839E+16	0	0	-0.007027	0.030397	0	0
0	0	0	-0.220871	4.829386	-132.004843	4.829386	9113	-2.641342E-11	-3.785954E+10	3.376839E+16	0	0	0.025946	0.030245	0	0
0	0	0	-0.220609	4.829515	-132.007313	4.829515	9114	-1.446774E-11	-6.911929E+10	3.376839E+16	0	0	0.007669	0.029998	0	0
0	0	0	-0.221263	4.829466	-132.008585	4.829466	9111	-1.741729E-11	-5.741423E+10	3.376839E+16	0	0	-0.003434	0.029854	0	0
0	0	0	-0.220577	4.829595	-132.009373	4.829595	9114	-1.127914E-11	-8.865924E+10	3.376839E+16	0	0	0.0115	0.029623	0	0
0	0	0	-0.220364	4.829418	-132.003715	4.829418	9115.5	-2.189916E-11	-4.566385E+10	3.376839E+16	0	0	0.007774	0.029559	0	0
0	0	0	-0.220266	4.829509	-132.005809	4.829509	9115.5	-1.474807E-11	-6.780547E+10	3.376839E+16	0	0	0.04564	0.029288	0	0
0	0	0	-0.220658	4.829301	-132.001667	4.829301	9113.5	-5.877613E-11	-1.701371E+10	3.376839E+16	0	0	0.042107	0.029105	0	0
0	0	0	-0.219891	4.829381	-132.000818	4.829381	9117.5	-2.736825E-11	-3.653869E+10	3.376839E+16	0	0	-0.018779	0.029009	0	0
0	0	0	-0.219205	4.829424	-131.99927	4.829424	9121	-2.130471E-11	-4.693797E+10	3.376839E+16	0	0	0.031018	0.028786	0	0
0	0	0	-0.21927	4.829563	-132.003324	4.829563	9120.5	-1.237844E-11	-8.078564E+10	3.376839E+16	0	0	0.0196	0.028618	0	0
0	0	0	-0.218388	4.82937	-131.994577	4.82937	9125	-2.949289E-11	-3.390647E+10	3.376839E+16	0	0	0.008058	0.028451	0	0
0	0	0	-0.217702	4.829461	-131.994343	4.829461	9128.5	-1.785601E-11	-5.600357E+10	3.376839E+16	0	0	-0.03091	0.028315	0	0
0	0	0	-0.217473	4.829493	-131.994314	4.829493	9129.5	-1.567395E-11	-6.380014E+10	3.376839E+16	0	0	0	0	0	0
0	0	0	-0.217522	4.829285	-131.988815	4.829285	9129.5	-7.643776E-11	-1.308254E+10	3.376839E+16	0	0	0	0	0	0
0	0	0	-0.217081	4.829563	-131.99466	4.829563	9131.5	-1.239337E-11	-8.068833E+10	3.376839E+16	0	0	0	0	0	0
0	0	0	-0.216558	4.829413	-131.988503	4.829413	9134	-2.258787E-11	-4.427155E+10	3.376839E+16	0	0	0	0	0	0
0	0	0	-0.216509	4.829552	-131.992104	4.829552	9134.5	-1.281027E-11	-7.806235E+10	3.376839E+16	0	0	0	0	0	0
0	0	0	-0.215938	4.829408	-131.9859	4.829408	9137	-2.327875E-11	-4.295763E+10	3.376839E+16	0	0	0	0	0	0
0	0	0	-0.215431	4.829536	-131.987399	4.829536	9139.5	-1.349117E-11	-7.412256E+10	3.376839E+16	0	0	0	0	0	0
0	0	0	-0.214811	4.829295	-131.978373	4.829295	9142.5	-6.385231E-11	-1.566114E+10	3.376839E+16	0	0	0	0	0	0
0	0	0	-0.215072	4.829295	-131.979408	4.829295	9141.5	-6.384532E-11	-1.566285E+10	3.376839E+16	0	0	0	0	0	0
0	0	0	-0.214958	4.829327	-131.979831	4.829327	9142	-4.263658E-11	-2.345404E+10	3.376839E+16	0	0	0	0	0	0
