Vload_(V)	ILoad_(A)	RsLoad_(ohm)	SunsVoc_Voltage_(V)	SunsVoc_Current_(A)	Model_Voltage_(V)	Model_Current_(A)	Carrier_Density_(cm-3)	Lifetime_(s)	Inverse_Lifetime_(s-1)	(Carrier_Density+Doping)/qWni^2_(cm^2/C)	Carrier_Density_at_Vmp_(cm-3)	Lifetime_at_Vmp_(s)	Efficiency_(%)	Intensity_(suns)	Dark_IV_Voltage_(V)	Dark_IV_Current_(A)
2.546666	4.990741	0	44.420696	-0.092612	44.443993	-0.092612	2.657359E+14	2.355607E-5	42451.780368	3.501466E+16	5.285518E+13	2.138248E-5	9.791546	1.118651	0	0
2.592352	4.990781	0.511063	44.282178	0.252716	44.199	0.252716	2.471788E+14	2.350806E-5	42538.501509	3.492762E+16	0	0	9.771761	1.116831	0	0
4.94146	4.973528	4.958189	44.142648	0.583339	43.905066	0.583339	2.29758E+14	2.349042E-5	42570.45805	3.484592E+16	0	0	9.789808	1.111891	0	0
10.501493	4.942941	4.689709	43.999556	0.895731	43.562959	0.895731	2.131325E+14	2.345296E-5	42638.466586	3.476795E+16	0	0	9.812552	1.109009	0	0
16.039875	4.850675	4.26965	43.856514	1.182638	43.185329	1.182638	1.976849E+14	2.339202E-5	42749.561763	3.46955E+16	0	0	9.803487	1.106671	0	0
21.609465	4.6953	3.60251	43.720479	1.437276	42.795276	1.437276	1.840094E+14	2.333409E-5	42855.700503	3.463137E+16	0	0	9.811164	1.102409	0	0
27.117265	4.434759	2.883327	43.58647	1.667109	42.388195	1.667109	1.714424E+14	2.324386E-5	43022.061783	3.457243E+16	0	0	9.828984	1.095018	0	0
27.990057	4.383762	2.759766	43.454976	1.88408	41.961996	1.88408	1.599286E+14	2.319719E-5	43108.634624	3.451843E+16	0	0	9.851443	1.08714	0	0
28.814384	4.326333	2.650883	43.32389	2.08375	41.519708	2.08375	1.492053E+14	2.312829E-5	43237.055277	3.446814E+16	0	0	9.872109	1.08046	0	0
29.615678	4.270203	2.537451	43.192478	2.268976	41.060927	2.268976	1.391638E+14	2.30398E-5	43403.128329	3.442105E+16	0	0	9.878784	1.072295	0	0
30.447484	4.205868	2.421995	43.061017	2.443028	40.586084	2.443028	1.297832E+14	2.295467E-5	43564.095507	3.437705E+16	0	0	9.904491	1.062071	0	0
31.251808	4.134072	2.313323	42.937004	2.601981	40.120323	2.601981	1.215052E+14	2.292056E-5	43628.934901	3.433823E+16	0	0	9.929752	1.051911	0	0
32.099692	4.055658	2.193594	42.808026	2.750043	39.632414	2.750043	1.134469E+14	2.281457E-5	43831.625749	3.430044E+16	0	0	9.948517	1.042493	0	0
32.91136	3.966825	2.086701	42.677594	2.888915	39.130584	2.888915	1.058336E+14	2.268974E-5	44072.766566	3.426473E+16	0	0	9.966457	1.033633	0	0
33.759138	3.87451	1.963014	42.547309	3.020159	38.618784	3.020159	9.873215E+13	2.257703E-5	44292.781992	3.423143E+16	0	0	9.981349	1.023888	0	0
34.57688	3.764835	1.855433	42.418674	3.142295	38.104896	3.142295	9.218254E+13	2.247216E-5	44499.495687	3.420071E+16	0	0	10.002136	1.01348	0	0
35.410908	3.641057	1.743078	42.293142	3.253742	37.597612	3.253742	8.620523E+13	2.236335E-5	44715.999108	3.417268E+16	0	0	10.019912	1.003927	0	0
36.242168	3.493799	1.638669	42.167594	3.358521	37.084703	3.358521	8.061061E+13	2.225443E-5	44934.869524	3.414644E+16	0	0	10.031073	0.994533	0	0
37.07225	3.319397	1.54392	42.043304	3.454598	36.574532	3.454598	7.542613E+13	2.212549E-5	45196.720777	3.412213E+16	0	0	10.040342	0.984819	0	0
37.912462	3.108737	1.455104	41.919242	3.544917	36.061183	3.544917	7.058057E+13	2.199746E-5	45459.793764	3.40994E+16	0	0	10.053316	0.974843	0	0
38.722682	2.873471	1.373812	41.793417	3.630506	35.538078	3.630506	6.598113E+13	2.18579E-5	45750.032485	3.407783E+16	0	0	10.061756	0.965353	0	0
39.512819	2.607088	1.301003	41.668114	3.710213	35.015066	3.710213	6.16962E+13	2.171062E-5	46060.396772	3.405774E+16	0	0	10.072456	0.956366	0	0
40.301297	2.298124	1.241533	41.544869	3.784949	34.496552	3.784949	5.775109E+13	2.158195E-5	46335.018369	3.403923E+16	0	0	10.077536	0.947203	0	0
41.066584	1.958805	1.196351	41.421706	3.854154	33.978659	3.854154	5.405875E+13	2.143218E-5	46658.81415	3.402192E+16	0	0	10.080051	0.937929	0	0
41.76772	1.613931	1.161051	41.301842	3.918009	33.472461	3.918009	5.069058E+13	2.129311E-5	46963.553157	3.400612E+16	0	0	10.080026	0.92871	0	0
42.416463	1.269022	1.125561	41.183612	3.977261	32.972468	3.977261	4.757262E+13	2.115168E-5	47277.564217	3.39915E+16	0	0	10.081218	0.919644	0	0
42.973859	0.944569	1.097096	41.06597	4.032523	32.475047	4.032523	4.465939E+13	2.100155E-5	47615.537317	3.397784E+16	0	0	10.080643	0.910712	0	0
43.455141	0.643354	1.066321	40.948704	4.084563	31.978656	4.084563	4.1932E+13	2.085137E-5	47958.47359	3.396504E+16	0	0	10.079121	0.901518	0	0
43.857142	0.373817	1.024379	40.831356	4.133131	31.483009	4.133131	3.936855E+13	2.068533E-5	48343.429268	3.395302E+16	0	0	10.073964	0.892411	0	0
32.3538	4.025532	2.164124	40.715559	4.178838	30.992822	4.178838	3.699188E+13	2.053076E-5	48707.399008	3.394188E+16	0	0	10.070452	0.883209	0	0
44.38453	0	0	40.600057	4.221744	30.504395	4.221744	3.476351E+13	2.03705E-5	49090.606562	3.393142E+16	0	0	10.059109	0.874597	0	0
0	0	0	40.485421	4.262131	30.019534	4.262131	3.2684E+13	2.021357E-5	49471.70534	3.392167E+16	0	0	10.04884	0.866097	0	0
0	0	0	40.371258	4.300393	29.536459	4.300393	3.073619E+13	2.006249E-5	49844.269727	3.391254E+16	0	0	10.036234	0.857549	0	0
0	0	0	40.256442	4.337483	29.049275	4.337483	2.889384E+13	1.993075E-5	50173.730246	3.39039E+16	0	0	10.017906	0.848969	0	0
0	0	0	40.143537	4.373056	28.567932	4.373056	2.718948E+13	1.983521E-5	50415.388744	3.38959E+16	0	0	9.996258	0.840437	0	0
0	0	0	40.030795	4.404748	28.093178	4.404748	2.558755E+13	1.967608E-5	50823.124377	3.388839E+16	0	0	9.975554	0.832088	0	0
0	0	0	39.917825	4.43541	27.616475	4.43541	2.407672E+13	1.953658E-5	51186.031805	3.38813E+16	0	0	9.950874	0.823668	0	0
0	0	0	39.805116	4.463685	27.143582	4.463685	2.265801E+13	1.937172E-5	51621.637841	3.387465E+16	0	0	9.925263	0.815287	0	0
0	0	0	39.693518	4.490216	26.67608	4.490216	2.133543E+13	1.920784E-5	52062.074063	3.386845E+16	0	0	9.892537	0.807202	0	0
0	0	0	39.582703	4.515174	26.212687	4.515174	2.009832E+13	1.904369E-5	52510.827008	3.386265E+16	0	0	9.855484	0.799101	0	0
0	0	0	39.471775	4.538867	25.749616	4.538867	1.89316E+13	1.887872E-5	52969.702174	3.385718E+16	0	0	9.821897	0.790952	0	0
0	0	0	39.361859	4.560964	25.292124	4.560964	1.784217E+13	1.870713E-5	53455.551401	3.385207E+16	0	0	9.780538	0.783154	0	0
0	0	0	39.251584	4.582821	24.831386	4.582821	1.681204E+13	1.857153E-5	53845.858539	3.384723E+16	0	0	9.742757	0.77546	0	0
0	0	0	39.141603	4.603001	24.374378	4.603001	1.584376E+13	1.841283E-5	54309.954018	3.384269E+16	0	0	9.697307	0.767822	0	0
0	0	0	39.030462	4.62151	23.916188	4.62151	1.49218E+13	1.821067E-5	54912.854255	3.383837E+16	0	0	9.650739	0.760423	0	0
0	0	0	38.920285	4.639272	23.461651	4.639272	1.406069E+13	1.802696E-5	55472.479273	3.383433E+16	0	0	9.598778	0.753081	0	0
0	0	0	38.810696	4.65608	23.010282	4.65608	1.325339E+13	1.784531E-5	56037.135219	3.383054E+16	0	0	9.544421	0.745977	0	0
0	0	0	38.702789	4.672061	22.565789	4.672061	1.250371E+13	1.76802E-5	56560.455528	3.382703E+16	0	0	9.490961	0.738977	0	0
0	0	0	38.594409	4.687042	22.121167	4.687042	1.179334E+13	1.749829E-5	57148.456421	3.38237E+16	0	0	9.433109	0.732026	0	0
0	0	0	38.486306	4.701214	21.678621	4.701214	1.112495E+13	1.731456E-5	57754.846619	3.382056E+16	0	0	9.374934	0.725178	0	0
0	0	0	38.377991	4.714787	21.235769	4.714787	1.049317E+13	1.713452E-5	58361.717343	3.38176E+16	0	0	9.30325	0.71841	0	0
0	0	0	38.269889	4.727646	20.79468	4.727646	9.898359E+12	1.695327E-5	58985.66998	3.381481E+16	0	0	9.226919	0.711562	0	0
0	0	0	38.161329	4.739709	20.353356	4.739709	9.334917E+12	1.67565E-5	59678.334841	3.381217E+16	0	0	9.153639	0.704833	0	0
0	0	0	38.051642	4.751212	19.908574	4.751212	8.798152E+12	1.655146E-5	60417.615258	3.380965E+16	0	0	9.085954	0.698137	0	0
0	0	0	37.943637	4.762244	19.470378	4.762244	8.299753E+12	1.63677E-5	61095.923953	3.380731E+16	0	0	9.012358	0.691704	0	0
0	0	0	37.836302	4.772329	19.037039	4.772329	7.832388E+12	1.615921E-5	61884.21374	3.380512E+16	0	0	8.928681	0.685287	0	0
0	0	0	37.729016	4.7819	18.604721	4.7819	7.39151E+12	1.594851E-5	62701.779259	3.380305E+16	0	0	8.838053	0.67891	0	0
0	0	0	37.62258	4.791071	18.176008	4.791071	6.978625E+12	1.574922E-5	63495.188487	3.380112E+16	0	0	8.745152	0.672636	0	0
0	0	0	37.515588	4.799997	17.745161	4.799997	6.586807E+12	1.556057E-5	64264.991332	3.379928E+16	0	0	8.65385	0.666331	0	0
0	0	0	37.409658	4.80831	17.319724	4.80831	6.220534E+12	1.536499E-5	65083.007963	3.379756E+16	0	0	8.562178	0.660138	0	0
0	0	0	37.303809	4.816057	16.896004	4.816057	5.874872E+12	1.515473E-5	65986.015301	3.379594E+16	0	0	8.459043	0.653928	0	0
0	0	0	37.196834	4.823482	16.468579	4.823482	5.545025E+12	1.493878E-5	66939.867278	3.379439E+16	0	0	8.357703	0.647551	0	0
0	0	0	37.088862	4.830829	16.03691	4.830829	5.230869E+12	1.473988E-5	67843.162866	3.379292E+16	0	0	8.240618	0.641389	0	0
0	0	0	36.981723	4.837605	15.609964	4.837605	4.93672E+12	1.452657E-5	68839.397394	3.379154E+16	0	0	8.137856	0.63526	0	0
0	0	0	36.875238	4.844015	15.186268	4.844015	4.660746E+12	1.431369E-5	69863.19105	3.379025E+16	0	0	8.01948	0.629082	0	0
0	0	0	36.767429	4.850219	14.757831	4.850219	4.397046E+12	1.409995E-5	70922.214102	3.378901E+16	0	0	7.903346	0.623208	0	0
0	0	0	36.660829	4.85605	14.334851	4.85605	4.150967E+12	1.388714E-5	72009.076747	3.378786E+16	0	0	7.78304	0.617302	0	0
0	0	0	36.552139	4.861953	13.903057	4.861953	3.914229E+12	1.369534E-5	73017.54041	3.378675E+16	0	0	7.653009	0.611587	0	0
0	0	0	36.444281	4.866897	13.478173	4.866897	3.692646E+12	1.343585E-5	74427.732106	3.378571E+16	0	0	7.522796	0.605944	0	0
0	0	0	36.335884	4.872034	13.04976	4.872034	3.482587E+12	1.32199E-5	75643.530414	3.378472E+16	0	0	7.385623	0.600261	0	0
0	0	0	36.226426	4.876866	12.61824	4.876866	3.282588E+12	1.298941E-5	76985.818945	3.378378E+16	0	0	7.248521	0.594635	0	0
0	0	0	36.115693	4.881554	12.182074	4.881554	3.091941E+12	1.276032E-5	78367.934355	3.378289E+16	0	0	7.114237	0.589096	0	0
0	0	0	36.005043	4.886054	11.746567	4.886054	2.91249E+12	1.253637E-5	79767.911411	3.378205E+16	0	0	6.957638	0.58358	0	0
0	0	0	35.894996	4.890121	11.314936	4.890121	2.744346E+12	1.229009E-5	81366.37792	3.378126E+16	0	0	6.803807	0.578233	0	0
0	0	0	35.784182	4.894541	10.878135	4.894541	2.584833E+12	1.210761E-5	82592.676505	3.378051E+16	0	0	6.644579	0.573053	0	0
0	0	0	35.671734	4.898302	10.438066	4.898302	2.432441E+12	1.185737E-5	84335.707157	3.37798E+16	0	0	6.490617	0.567642	0	0
0	0	0	35.55914	4.902018	9.997206	4.902018	2.288848E+12	1.162475E-5	86023.355987	3.377912E+16	0	0	6.325187	0.562502	0	0
0	0	0	35.446006	4.905529	9.554942	4.905529	2.153103E+12	1.138585E-5	87828.298132	3.377849E+16	0	0	6.152885	0.557457	0	0
0	0	0	35.331386	4.909095	9.106364	4.909095	2.023779E+12	1.11694E-5	89530.310184	3.377788E+16	0	0	5.984904	0.552405	0	0
0	0	0	35.214446	4.91213	8.651498	4.91213	1.899838E+12	1.089019E-5	91825.795773	3.37773E+16	0	0	5.824075	0.547321	0	0
0	0	0	35.099222	4.915248	8.20222	4.915248	1.785139E+12	1.065529E-5	93850.078185	3.377676E+16	0	0	5.640571	0.542413	0	0
0	0	0	34.983376	4.918398	7.750026	4.918398	1.676801E+12	1.044451E-5	95744.075657	3.377625E+16	0	0	5.448632	0.537336	0	0
0	0	0	34.866045	4.921166	7.293985	4.921166	1.573772E+12	1.019272E-5	98109.248434	3.377577E+16	0	0	5.254098	0.532556	0	0
0	0	0	34.748631	4.923851	6.837745	4.923851	1.477006E+12	9.949919E-6	100503.33319	3.377532E+16	0	0	5.077269	0.527775	0	0
0	0	0	34.629503	4.926601	6.374326	4.926601	1.384905E+12	9.729538E-6	102779.806088	3.377488E+16	0	0	4.896943	0.522946	0	0
0	0	0	34.510472	4.929019	5.912838	4.929019	1.298615E+12	9.480705E-6	105477.392648	3.377448E+16	0	0	4.69247	0.518173	0	0
0	0	0	34.388763	4.931321	5.441633	4.931321	1.215938E+12	9.220974E-6	108448.411516	3.377409E+16	0	0	4.499206	0.513472	0	0
0	0	0	34.265927	4.933705	4.965381	4.933705	1.137831E+12	8.989371E-6	111242.493063	3.377372E+16	0	0	4.298437	0.508795	0	0
0	0	0	34.14278	4.935862	4.488995	4.935862	1.064562E+12	8.741155E-6	114401.358267	3.377338E+16	0	0	4.077293	0.504262	0	0
0	0	0	34.01813	4.937953	4.00706	4.937953	9.952014E+11	8.495258E-6	117712.722103	3.377306E+16	0	0	3.860887	0.499864	0	0
0	0	0	33.892288	4.939883	3.52133	4.939883	9.297601E+11	8.237799E-6	121391.654936	3.377275E+16	0	0	3.652763	0.495315	0	0
0	0	0	33.763947	4.94173	3.026428	4.94173	8.674488E+11	7.975306E-6	125387.033188	3.377246E+16	0	0	3.418612	0.490757	0	0
0	0	0	33.635099	4.943648	2.528901	4.943648	8.090917E+11	7.74181E-6	129168.767094	3.377218E+16	0	0	3.202195	0.486248	0	0
0	0	0	33.504373	4.945522	2.024299	4.945522	7.538942E+11	7.51259E-6	133109.880663	3.377192E+16	0	0	2.979887	0.482018	0	0
0	0	0	33.372422	4.947125	1.51655	4.947125	7.01997E+11	7.252476E-6	137883.938657	3.377168E+16	0	0	2.747235	0.477748	0	0
0	0	0	33.237155	4.948915	0.994831	4.948915	6.525014E+11	7.029763E-6	142252.316042	3.377145E+16	0	0	2.522929	0.47339	0	0
0	0	0	33.102198	4.950402	0.476019	4.950402	6.065971E+11	6.776008E-6	147579.519023	3.377123E+16	0	0	2.300304	0.469224	0	0
0	0	0	32.96667	4.951993	-0.045874	4.951993	5.637477E+11	6.555965E-6	152532.848519	3.377103E+16	0	0	2.094164	0.465001	0	0
0	0	0	32.828887	4.953534	-0.576179	4.953534	5.232869E+11	6.337499E-6	157790.962347	3.377084E+16	0	0	1.901458	0.460867	0	0
0	0	0	32.688638	4.954688	-1.11339	4.954688	4.850827E+11	6.062802E-6	164940.228563	3.377066E+16	0	0	1.727599	0.456605	0	0
0	0	0	32.547474	4.956113	-1.656106	4.956113	4.494452E+11	5.848504E-6	170983.904383	3.37705E+16	0	0	1.563989	0.452606	0	0
0	0	0	32.404301	4.957548	-2.206713	4.957548	4.159737E+11	5.647084E-6	177082.542038	3.377034E+16	0	0	1.405311	0.448592	0	0
0	0	0	32.260099	4.958669	-2.759208	4.958669	3.847807E+11	5.406066E-6	184977.382181	3.377019E+16	0	0	1.248695	0.444745	0	0
0	0	0	32.115096	4.960098	-3.31712	4.960098	3.557728E+11	5.23175E-6	191140.640407	3.377006E+16	0	0	1.097947	0.440778	0	0
0	0	0	31.967905	4.961191	-3.881097	4.961191	3.285626E+11	5.010238E-6	199591.326217	3.376993E+16	0	0	0.96065	0.436875	0	0
0	0	0	31.818933	4.962217	-4.451496	4.962217	3.031415E+11	4.78882E-6	208819.728991	3.376981E+16	0	0	0.83776	0.432964	0	0
0	0	0	31.674371	4.96322	-5.005229	4.96322	2.803547E+11	4.590292E-6	217851.070464	3.37697E+16	0	0	0.713233	0.429285	0	0
0	0	0	31.521414	4.964311	-5.591525	4.964311	2.581067E+11	4.400575E-6	227243.049421	3.37696E+16	0	0	0.607832	0.425478	0	0
0	0	0	31.365091	4.965043	-6.18801	4.965043	2.371923E+11	4.159176E-6	240432.25162	3.37695E+16	0	0	0.503278	0.421798	0	0
0	0	0	31.20854	4.966218	-6.788875	4.966218	2.179456E+11	4.004734E-6	249704.470954	3.376941E+16	0	0	0.415467	0.418047	0	0
0	0	0	31.04967	4.967144	-7.396791	4.967144	2.000097E+11	3.819316E-6	261827.017721	3.376933E+16	0	0	0.341294	0.414416	0	0
0	0	0	30.888267	4.967743	-8.011891	4.967743	1.832987E+11	3.591371E-6	278445.233691	3.376925E+16	0	0	0.280371	0.410784	0	0
0	0	0	30.725541	4.968795	-8.635696	4.968795	1.678638E+11	3.446694E-6	290133.081662	3.376918E+16	0	0	0.222718	0.40716	0	0
0	0	0	30.558422	4.96966	-9.27481	4.96966	1.533639E+11	3.27809E-6	305055.689564	3.376911E+16	0	0	0.174797	0.403473	0	0
0	0	0	30.389179	4.970469	-9.921672	4.970469	1.399557E+11	3.110875E-6	321452.948986	3.376904E+16	0	0	0.134496	0.400105	0	0
0	0	0	30.219021	4.971123	-10.570877	4.971123	1.276566E+11	2.93209E-6	341053.645096	3.376899E+16	0	0	0.101919	0.396553	0	0
0	0	0	30.045547	4.971788	-11.232846	4.971788	1.162298E+11	2.763301E-6	361885.960814	3.376893E+16	0	0	0.081736	0.393017	0	0
0	0	0	29.868986	4.972497	-11.907001	4.972497	1.056493E+11	2.609392E-6	383231.104269	3.376888E+16	0	0	0.059527	0.389673	0	0
0	0	0	29.69102	4.973527	-12.589341	4.973527	9.595906E+10	2.511865E-6	398110.561302	3.376884E+16	0	0	0.046832	0.386345	0	0
0	0	0	29.50866	4.973849	-13.28243	4.973849	8.695084E+10	2.319424E-6	431141.439839	3.37688E+16	0	0	0.032616	0.382769	0	0
0	0	0	29.324193	4.974541	-13.986788	4.974541	7.869856E+10	2.189022E-6	456825.025533	3.376876E+16	0	0	0.027514	0.379553	0	0
0	0	0	29.138599	4.975128	-14.694631	4.975128	7.118609E+10	2.054538E-6	486727.382997	3.376872E+16	0	0	0.017262	0.376265	0	0
0	0	0	28.949444	4.97561	-15.415142	4.97561	6.426692E+10	1.913935E-6	522483.664189	3.376869E+16	0	0	0.019115	0.372936	0	0
0	0	0	28.758018	4.976269	-16.145951	4.976269	5.79491E+10	1.804377E-6	554207.791901	3.376866E+16	0	0	0.013434	0.369576	0	0
0	0	0	28.562068	4.976713	-16.892066	4.976713	5.212471E+10	1.674304E-6	597263.101374	3.376863E+16	0	0	0.010774	0.36628	0	0
0	0	0	28.365677	4.977305	-17.64133	4.977305	4.687454E+10	1.572069E-6	636104.568318	3.376861E+16	0	0	0.008065	0.363079	0	0
0	0	0	28.165904	4.977787	-18.402496	4.977787	4.20762E+10	1.463639E-6	683228.667565	3.376859E+16	0	0	0.010603	0.359871	0	0
0	0	0	27.964335	4.978247	-19.170367	4.978247	3.773238E+10	1.360828E-6	734846.618531	3.376857E+16	0	0	0.004642	0.356806	0	0
0	0	0	27.761344	4.978917	-19.945739	4.978917	3.381101E+10	1.288486E-6	776104.952852	3.376855E+16	0	0	0.002529	0.353741	0	0
0	0	0	27.551215	4.979161	-20.744178	4.979161	3.018049E+10	1.174351E-6	851533.818914	3.376853E+16	0	0	0.001103	0.350692	0	0
0	0	0	27.341332	4.979587	-21.543537	4.979587	2.694337E+10	1.088469E-6	918721.287533	3.376851E+16	0	0	0.005489	0.347627	0	0
0	0	0	27.127299	4.980157	-22.360146	4.980157	2.399957E+10	1.021779E-6	978685.660122	3.37685E+16	0	0	0.002592	0.344698	0	0
0	0	0	26.911796	4.980644	-23.181629	4.980644	2.136042E+10	9.53298E-7	1048989.918473	3.376849E+16	0	0	0.004096	0.341697	0	0
0	0	0	26.690886	4.980905	-24.021409	4.980905	1.895601E+10	8.683816E-7	1151567.425873	3.376848E+16	0	0	0.002635	0.338784	0	0
0	0	0	26.469405	4.981292	-24.864732	4.981292	1.681704E+10	8.019932E-7	1246893.373757	3.376847E+16	0	0	0.002658	0.335751	0	0
0	0	0	26.24482	4.981696	-25.720086	4.981696	1.489443E+10	7.420417E-7	1347633.149496	3.376846E+16	0	0	-0.000361	0.33291	0	0
0	0	0	26.017965	4.982089	-26.584031	4.982089	1.317543E+10	6.862203E-7	1457257.896554	3.376845E+16	0	0	-0.001513	0.330108	0	0
0	0	0	25.786797	4.982305	-27.462529	4.982305	1.162769E+10	6.211143E-7	1610009.663937	3.376844E+16	0	0	0.003494	0.327411	0	0
0	0	0	25.553947	4.98235	-28.345605	4.98235	1.025244E+10	5.50554E-7	1816352.26023	3.376844E+16	0	0	0.003522	0.324721	0	0
0	0	0	25.319594	4.983053	-29.241597	4.983053	9.0325E+9	5.293799E-7	1889002.502813	3.376843E+16	0	0	0.001981	0.321912	0	0
0	0	0	25.081288	4.983258	-30.147242	4.983258	7.940736E+9	4.781329E-7	2091468.660244	3.376843E+16	0	0	0.003185	0.31915	0	0
0	0	0	24.839829	4.983451	-31.064769	4.983451	6.969047E+9	4.307792E-7	2321375.062446	3.376842E+16	0	0	1.993017E-5	0.316604	0	0
0	0	0	24.595153	4.98385	-31.996872	4.98385	6.10563E+9	3.992302E-7	2504820.259744	3.376842E+16	0	0	0.000422	0.313795	0	0
0	0	0	24.349594	4.984331	-32.933382	4.984331	5.346635E+9	3.758588E-7	2660573.551484	3.376841E+16	0	0	0.000831	0.311225	0	0
0	0	0	24.100524	4.98437	-33.878192	4.98437	4.673111E+9	3.305135E-7	3025595.153572	3.376841E+16	0	0	-0.000796	0.308623	0	0
0	0	0	23.846667	4.984558	-34.842919	4.984558	4.073878E+9	2.969018E-7	3368117.274477	3.376841E+16	0	0	-0.001215	0.306037	0	0
0	0	0	23.592778	4.984846	-35.80901	4.984846	3.551422E+9	2.714597E-7	3683788.45196	3.37684E+16	0	0	-0.003715	0.303451	0	0
0	0	0	23.338056	4.985106	-36.778008	4.985106	3.094575E+9	2.474574E-7	4041099.553725	3.37684E+16	0	0	0.00295	0.300865	0	0
0	0	0	23.078645	4.985322	-37.764318	4.985322	2.68967E+9	2.23645E-7	4471372.560823	3.37684E+16	0	0	0.003818	0.298295	0	0
0	0	0	22.81752	4.985565	-38.757536	4.985565	2.335578E+9	2.033381E-7	4917917.563993	3.37684E+16	0	0	-0.000404	0.295916	0	0
0	0	0	22.557195	4.985682	-39.746199	4.985682	2.02898E+9	1.807032E-7	5533934.978474	3.37684E+16	0	0	0.005593	0.293354	0	0
0	0	0	22.292982	4.98598	-40.751948	4.98598	1.758929E+9	1.664838E-7	6006588.775853	3.37684E+16	0	0	0.00175	0.290896	0	0
0	0	0	22.024784	4.986069	-41.770212	4.986069	1.521539E+9	1.467444E-7	6814570.735546	3.37684E+16	0	0	-0.003027	0.288494	0	0
0	0	0	21.753841	4.986324	-42.801059	4.986324	1.314237E+9	1.340539E-7	7459686.665671	3.376839E+16	0	0	0.003535	0.285971	0	0
0	0	0	21.481134	4.986512	-43.837804	4.986512	1.134097E+9	1.208247E-7	8276450.07897	3.376839E+16	0	0	0.003564	0.283529	0	0
0	0	0	21.205863	4.986877	-44.88668	4.986877	9.772923E+8	1.139576E-7	8775190.173109	3.376839E+16	0	0	0.000468	0.281239	0	0
0	0	0	20.927112	4.986982	-45.945379	4.986982	8.405857E+8	1.007582E-7	9924747.818685	3.376839E+16	0	0	0.000922	0.278948	0	0
0	0	0	20.648051	4.987098	-47.005438	4.987098	7.228807E+8	8.941311E-8	1.118404E+7	3.376839E+16	0	0	-0.002698	0.27649	0	0
0	0	0	20.367047	4.987236	-48.07321	4.987236	6.210048E+8	7.984373E-8	1.252447E+7	3.376839E+16	0	0	2.284668E-5	0.274263	0	0
0	0	0	20.081109	4.987474	-49.161121	4.987474	5.320655E+8	7.339049E-8	1.362574E+7	3.376839E+16	0	0	0.001866	0.27194	0	0
0	0	0	19.795367	4.987591	-50.246655	4.987591	4.559123E+8	6.520548E-8	1.533613E+7	3.376839E+16	0	0	-0.002762	0.26969	0	0
0	0	0	19.509936	4.987618	-51.329792	4.987618	3.907242E+8	5.637735E-8	1.773762E+7	3.376839E+16	0	0	0.001428	0.267351	0	0
0	0	0	19.219702	4.987983	-52.436003	4.987983	3.339888E+8	5.457168E-8	1.832452E+7	3.376839E+16	0	0	-0.001391	0.265316	0	0
0	0	0	18.928243	4.987917	-53.54071	4.987917	2.853027E+8	4.552101E-8	2.196788E+7	3.376839E+16	0	0	-0.002829	0.263033	0	0
0	0	0	18.633354	4.988072	-54.661661	4.988072	2.432621E+8	4.106584E-8	2.435114E+7	3.376839E+16	0	0	0.00242	0.260902	0	0
0	0	0	18.335884	4.988188	-55.791878	4.988188	2.071272E+8	3.655701E-8	2.735453E+7	3.376839E+16	0	0	0.003889	0.258683	0	0
0	0	0	18.036062	4.98847	-56.933552	4.98847	1.761358E+8	3.494961E-8	2.861262E+7	3.376839E+16	0	0	0.000998	0.25652	0	0
0	0	0	17.735194	4.988315	-58.072645	4.988315	1.496969E+8	2.78068E-8	3.596243E+7	3.376839E+16	0	0	-0.001937	0.254661	0	0
0	0	0	17.431794	4.98862	-59.228347	4.98862	1.270525E+8	2.69854E-8	3.705708E+7	3.376839E+16	0	0	0.005464	0.252394	0	0
0	0	0	17.124752	4.988647	-60.393675	4.988647	1.076215E+8	2.316033E-8	4.317727E+7	3.376839E+16	0	0	0.006005	0.250351	0	0
0	0	0	16.818625	4.988952	-61.559887	4.988952	9.120719E+7	2.296522E-8	4.354411E+7	3.376839E+16	0	0	0.00555	0.248276	0	0
0	0	0	16.512693	4.989184	-62.724318	4.989184	7.730459E+7	2.236901E-8	4.470471E+7	3.376839E+16	0	0	0.006102	0.246145	0	0
0	0	0	16.199346	4.989195	-63.913414	4.989195	6.525901E+7	1.901864E-8	5.258E+7	3.376839E+16	0	0	0.004106	0.244269	0	0
0	0	0	15.887028	4.988913	-65.09385	4.988913	5.512103E+7	1.35851E-8	7.361006E+7	3.376839E+16	0	0	-0.002546	0.242186	0	0
0	0	0	15.572357	4.989234	-66.293006	4.989234	4.649881E+7	1.389946E-8	7.194525E+7	3.376839E+16	0	0	0.007281	0.240238	0	0
0	0	0	15.255123	4.98935	-67.498611	4.98935	3.917097E+7	1.268679E-8	7.882214E+7	3.376839E+16	0	0	0.006815	0.238315	0	0
0	0	0	14.939047	4.989239	-68.696054	4.989239	3.301864E+7	9.906329E-9	1.009456E+8	3.376839E+16	0	0	0.008976	0.23628	0	0
0	0	0	14.621486	4.989416	-69.903971	4.989416	2.781025E+7	9.458608E-9	1.057238E+8	3.376839E+16	0	0	0.006392	0.234428	0	0
0	0	0	14.301588	4.989516	-71.119489	4.989516	2.339388E+7	8.60319E-9	1.16236E+8	3.376839E+16	0	0	0.007513	0.232456	0	0
0	0	0	13.983242	4.989538	-72.327814	4.989538	1.969537E+7	7.376268E-9	1.355699E+8	3.376839E+16	0	0	0.001104	0.230629	0	0
0	0	0	13.66506	4.989632	-73.536785	4.989632	1.658304E+7	6.737289E-9	1.484277E+8	3.376839E+16	0	0	0.003284	0.228817	0	0
0	0	0	13.346845	4.989721	-74.745815	4.989721	1.396229E+7	6.164523E-9	1.622186E+8	3.376839E+16	0	0	-0.001067	0.226901	0	0
0	0	0	13.032011	4.989881	-75.943329	4.989881	1.177722E+7	6.169649E-9	1.620838E+8	3.376839E+16	0	0	0.002232	0.225146	0	0
0	0	0	12.719562	4.98982	-77.127864	4.98982	9946924.5	4.866529E-9	2.054853E+8	3.376839E+16	0	0	0.006694	0.223302	0	0
0	0	0	12.404696	4.989898	-78.324067	4.989898	8390105	4.481745E-9	2.231274E+8	3.376839E+16	0	0	0.004507	0.221466	0	0
0	0	0	12.094158	4.990064	-79.505496	4.990064	7093526	4.717257E-9	2.119876E+8	3.376839E+16	0	0	0.000592	0.21975	0	0
0	0	0	11.78416	4.990019	-80.681041	4.990019	5999064.5	3.744832E-9	2.670347E+8	3.376839E+16	0	0	0.00287	0.218026	0	0
0	0	0	11.477313	4.990014	-81.845333	4.990014	5082121	3.148315E-9	3.176302E+8	3.376839E+16	0	0	0.001746	0.216286	0	0
0	0	0	11.174502	4.990224	-82.998383	4.990224	4314731	3.75948E-9	2.659942E+8	3.376839E+16	0	0	0.008113	0.214395	0	0
0	0	0	10.874304	4.990008	-84.133476	4.990008	3668394.5	2.255375E-9	4.433852E+8	3.376839E+16	0	0	0.005263	0.212751	0	0
0	0	0	10.575805	4.990158	-85.269064	4.990158	3121743	2.410572E-9	4.148393E+8	3.376839E+16	0	0	0.003546	0.211019	0	0
0	0	0	10.282173	4.990329	-86.386657	4.990329	2663551	2.912824E-9	3.433094E+8	3.376839E+16	0	0	0.006527	0.209334	0	0
0	0	0	9.993361	4.990279	-87.481698	4.990279	2278538	2.223141E-9	4.498141E+8	3.376839E+16	0	0	-0.001756	0.20769	0	0
0	0	0	9.706165	4.990119	-88.568406	4.990119	1950882.5	1.412697E-9	7.078658E+8	3.376839E+16	0	0	0.004227	0.206062	0	0
0	0	0	9.424948	4.990213	-89.637428	4.990213	1675751	1.42952E-9	6.995354E+8	3.376839E+16	0	0	0.001843	0.204362	0	0
0	0	0	9.148027	4.990335	-90.690731	4.990335	1442768	1.599266E-9	6.25287E+8	3.376839E+16	0	0	0.001248	0.202694	0	0
0	0	0	8.873899	4.990302	-91.730348	4.990302	1244054	1.274896E-9	7.843779E+8	3.376839E+16	0	0	0.000644	0.201186	0	0
0	0	0	8.606077	4.990373	-92.748163	4.990373	1076372	1.318757E-9	7.5829E+8	3.376839E+16	0	0	3.089377E-5	0.199621	0	0
0	0	0	8.343889	4.990473	-93.745179	4.990473	934132.5	1.56942E-9	6.371782E+8	3.376839E+16	0	0	-0.002459	0.198033	0	0
0	0	0	8.08755	4.99023	-94.712965	4.99023	813256.5	7.16264E-10	1.396133E+9	3.376839E+16	0	0	0.002541	0.196453	0	0
0	0	0	7.835065	4.990445	-95.675578	4.990445	709498.5	1.080571E-9	9.254364E+8	3.376839E+16	0	0	-0.0006	0.195032	0	0
0	0	0	7.589703	4.990412	-96.606025	4.990412	621366	8.508831E-10	1.17525E+9	3.376839E+16	0	0	0.002579	0.193388	0	0
0	0	0	7.349257	4.990368	-97.517572	4.990368	545629.5	6.585916E-10	1.518392E+9	3.376839E+16	0	0	0.005165	0.191863	0	0
0	0	0	7.113973	4.990362	-98.410338	4.990362	480463	5.71465E-10	1.749888E+9	3.376839E+16	0	0	-0.000614	0.190379	0	0
0	0	0	6.88127	4.99034	-99.292955	4.99034	423670	4.761053E-10	2.100376E+9	3.376839E+16	0	0	-0.000619	0.188862	0	0
0	0	0	6.655982	4.990622	-100.153936	4.990622	375091.5	1.422317E-9	7.030784E+8	3.376839E+16	0	0	0.011184	0.187426	0	0
0	0	0	6.435971	4.990528	-100.986867	4.990528	333031.5	7.049262E-10	1.418588E+9	3.376839E+16	0	0	0.003338	0.185909	0	0
0	0	0	6.220142	4.99044	-101.804025	4.99044	296356.5	4.430684E-10	2.256988E+9	3.376839E+16	0	0	0.005361	0.184465	0	0
0	0	0	6.009556	4.990816	-102.611377	4.990816	264469	-1.593279E-9	-6.276365E+8	3.376839E+16	0	0	-0.006002	0.183108	0	0
0	0	0	5.803886	4.990589	-103.386963	4.990589	236641	7.014015E-10	1.425717E+9	3.376839E+16	0	0	-0.001317	0.181711	0	0
0	0	0	5.603607	4.990739	-104.150314	4.990739	212358.5	3.60344E-8	2.775126E+7	3.376839E+16	0	0	0.003437	0.180298	0	0
0	0	0	5.409013	4.99065	-104.886868	4.99065	191154.5	9.447583E-10	1.058472E+9	3.376839E+16	0	0	0.008263	0.17887	0	0
0	0	0	5.219286	4.990645	-105.606772	4.990645	172521	8.038851E-10	1.243959E+9	3.376839E+16	0	0	0.000726	0.177409	0	0
0	0	0	5.031127	4.990689	-106.321834	4.990689	155836	1.338914E-9	7.468737E+8	3.376839E+16	0	0	0.008382	0.17618	0	0
0	0	0	4.850777	4.990705	-107.006654	4.990705	141360	1.776826E-9	5.628014E+8	3.376839E+16	0	0	-0.006272	0.174815	0	0
0	0	0	4.674983	4.990595	-107.671317	4.990595	128545	3.953945E-10	2.529119E+9	3.376839E+16	0	0	-0.001377	0.173466	0	0
0	0	0	4.503388	4.990661	-108.324029	4.990661	117158	6.590173E-10	1.517411E+9	3.376839E+16	0	0	0.000746	0.172245	0	0
0	0	0	4.336317	4.990578	-108.956192	4.990578	107040.5	2.957428E-10	3.381317E+9	3.376839E+16	0	0	0.004334	0.170785	0	0
0	0	0	4.17217	4.990716	-109.582286	4.990716	97951.5	1.780846E-9	5.615308E+8	3.376839E+16	0	0	0.007975	0.169476	0	0
0	0	0	4.013594	4.990678	-110.183216	4.990678	89904.5	6.378712E-10	1.567715E+9	3.376839E+16	0	0	0.003669	0.16827	0	0
0	0	0	3.859493	4.99075	-110.769694	4.99075	82718.5	-4.432544E-9	-2.256041E+8	3.376839E+16	0	0	0.005894	0.166922	0	0
0	0	0	3.708528	4.990794	-111.343645	4.990794	76236	-6.52254E-10	-1.533145E+9	3.376839E+16	0	0	-0.003651	0.165605	0	0
0	0	0	3.563085	4.990761	-111.894857	4.990761	70471.5	-1.630664E-9	-6.132471E+8	3.376839E+16	0	0	0.005234	0.164471	0	0
0	0	0	3.420287	4.990728	-112.436022	4.990728	65236.5	2.142557E-9	4.667321E+8	3.376839E+16	0	0	0.006019	0.163242	0	0
0	0	0	3.28061	4.990656	-112.964439	4.990656	60492	3.182882E-10	3.141807E+9	3.376839E+16	0	0	0.009077	0.161981	0	0
0	0	0	3.142288	4.990893	-113.49494	4.990893	56134	-1.661388E-10	-6.019063E+9	3.376839E+16	0	0	0.007632	0.160616	0	0
0	0	0	3.009144	4.990905	-114.000507	4.990905	52235.5	-1.441262E-10	-6.938364E+9	3.376839E+16	0	0	-0.00608	0.159427	0	0
0	0	0	2.880378	4.990761	-114.485818	4.990761	48723	-1.127418E-9	-8.869825E+8	3.376839E+16	0	0	0.002348	0.15831	0	0
0	0	0	2.753899	4.990716	-114.964779	4.990716	45503.5	8.272947E-10	1.208759E+9	3.376839E+16	0	0	-0.000737	0.157073	0	0
0	0	0	2.630867	4.990799	-115.433664	4.990799	42575	-3.296343E-10	-3.033664E+9	3.376839E+16	0	0	0.003163	0.155907	0	0
0	0	0	2.511444	4.990877	-115.888729	4.990877	39913.5	-1.325845E-10	-7.542358E+9	3.376839E+16	0	0	0.007912	0.154622	0	0
0	0	0	2.394897	4.99086	-116.330655	4.99086	37476.5	-1.418438E-10	-7.05001E+9	3.376839E+16	0	0	0.007171	0.153561	0	0
0	0	0	2.278872	4.99081	-116.769804	4.99081	35198	-2.289851E-10	-4.367097E+9	3.376839E+16	0	0	0.005623	0.152499	0	0
0	0	0	2.167029	4.990777	-117.193473	4.990777	33133	-4.139108E-10	-2.41598E+9	3.376839E+16	0	0	0.005664	0.151334	0	0
0	0	0	2.058044	4.990766	-117.606821	4.990766	31237.5	-5.629002E-10	-1.776514E+9	3.376839E+16	0	0	0.004089	0.150081	0	0
0	0	0	1.951689	4.990689	-118.00859	4.990689	29492	2.5339E-10	3.946486E+9	3.376839E+16	0	0	0.000856	0.148963	0	0
0	0	0	1.846968	4.99081	-118.40895	4.99081	27869	-1.813053E-10	-5.515557E+9	3.376839E+16	0	0	0.000862	0.147846	0	0
0	0	0	1.744729	4.991043	-118.802574	4.991043	26370.5	-3.939635E-11	-2.538306E+10	3.376839E+16	0	0	0.006662	0.146673	0	0
0	0	0	1.646738	4.990916	-119.1714	4.990916	25010	-6.462804E-11	-1.547316E+10	3.376839E+16	0	0	0.002541	0.145643	0	0
0	0	0	1.552128	4.990777	-119.527111	4.990777	23763	-2.968569E-10	-3.368626E+9	3.376839E+16	0	0	0.009268	0.144614	0	0
0	0	0	1.456031	4.990838	-119.893291	4.990838	22560	-1.048814E-10	-9.534578E+9	3.376839E+16	0	0	0.003423	0.143448	0	0
0	0	0	1.36049	4.990766	-120.254135	4.990766	21424.5	-3.860698E-10	-2.590205E+9	3.376839E+16	0	0	-0.00166	0.142395	0	0
0	0	0	1.268967	4.990899	-120.604719	4.990899	20390	-5.823194E-11	-1.717271E+10	3.376839E+16	0	0	0.013761	0.141309	0	0
0	0	0	1.179633	4.990633	-120.937263	4.990633	19429	8.123721E-11	1.230963E+10	3.376839E+16	0	0	-0.001684	0.140192	0	0
0	0	0	1.093059	4.990849	-121.271105	4.990849	18540.5	-7.736333E-11	-1.292602E+10	3.376839E+16	0	0	-0.009526	0.139162	0	0
0	0	0	1.007416	4.990899	-121.597357	4.990899	17702	-5.055526E-11	-1.978034E+10	3.376839E+16	0	0	-0.005211	0.138165	0	0
0	0	0	0.924012	4.990893	-121.913759	4.990893	16921	-5.008078E-11	-1.996774E+10	3.376839E+16	0	0	0.003573	0.137111	0	0
0	0	0	0.842143	4.990838	-122.223106	4.990838	16189	-7.526264E-11	-1.32868E+10	3.376839E+16	0	0	-0.002619	0.136169	0	0
0	0	0	0.761891	4.990678	-122.523713	4.990678	15501.5	1.099829E-10	9.092319E+9	3.376839E+16	0	0	0.013473	0.135012	0	0
0	0	0	0.684023	4.990888	-122.824429	4.990888	14862.5	-4.564696E-11	-2.190726E+10	3.376839E+16	0	0	0.009056	0.134078	0	0
0	0	0	0.608296	4.990888	-123.111829	4.990888	14266.5	-4.381648E-11	-2.282247E+10	3.376839E+16	0	0	-0.000863	0.133017	0	0
0	0	0	0.53363	4.990949	-123.396712	4.990949	13702	-2.974505E-11	-3.361904E+10	3.376839E+16	0	0	0.002789	0.132011	0	0
0	0	0	0.45934	4.990716	-123.672881	4.990716	13162.5	2.393062E-10	4.178747E+9	3.376839E+16	0	0	0.004657	0.130846	0	0
0	0	0	0.388366	4.990916	-123.947196	4.990916	12667.5	-3.273394E-11	-3.054934E+10	3.376839E+16	0	0	-0.000881	0.13	0	0
0	0	0	0.318748	4.990899	-124.210999	4.990899	12199	-3.48392E-11	-2.87033E+10	3.376839E+16	0	0	0.014093	0.128755	0	0
0	0	0	0.25243	4.990999	-124.46518	4.990999	11770	-2.060774E-11	-4.852547E+10	3.376839E+16	0	0	0.013263	0.127677	0	0
0	0	0	0.190472	4.991071	-124.702124	4.991071	11382	-1.557576E-11	-6.420234E+10	3.376839E+16	0	0	0.008612	0.126608	0	0
0	0	0	0.132713	4.991059	-124.921061	4.991059	11032	-1.562172E-11	-6.401343E+10	3.376839E+16	0	0	0.001006	0.12569	0	0
0	0	0	0.081373	4.991098	-125.116882	4.991098	10730.5	-1.354625E-11	-7.382116E+10	3.376839E+16	0	0	4.828057E-5	0.124668	0	0
0	0	0	0.037956	4.990971	-125.278471	4.990971	10481.5	-2.056173E-11	-4.863404E+10	3.376839E+16	0	0	0.011707	0.123862	0	0
0	0	0	-0.000267	4.991026	-125.424927	4.991026	10267	-1.62316E-11	-6.160824E+10	3.376839E+16	0	0	0.01082	0.12284	0	0
0	0	0	-0.031613	4.990716	-125.536104	4.990716	10094.5	1.835271E-10	5.448785E+9	3.376839E+16	0	0	0.011884	0.121915	0	0
0	0	0	-0.05886	4.991004	-125.646745	4.991004	9947	-1.70494E-11	-5.865308E+10	3.376839E+16	0	0	0.008989	0.121005	0	0
0	0	0	-0.083149	4.990976	-125.738234	4.990976	9817	-1.880525E-11	-5.317665E+10	3.376839E+16	0	0	0.010047	0.120183	0	0
0	0	0	-0.104335	4.990822	-125.814739	4.990822	9705.5	-5.444335E-11	-1.836772E+10	3.376839E+16	0	0	0.006088	0.119353	0	0
0	0	0	-0.122401	4.990777	-125.882187	4.990777	9611	-1.200645E-10	-8.328859E+9	3.376839E+16	0	0	0.018305	0.118379	0	0
0	0	0	-0.13671	4.990982	-125.941652	4.990982	9537	-1.78491E-11	-5.602522E+10	3.376839E+16	0	0	0.010261	0.117541	0	0
0	0	0	-0.150366	4.990844	-125.989992	4.990844	9467	-4.163561E-11	-2.40179E+10	3.376839E+16	0	0	0.003136	0.116647	0	0
0	0	0	-0.162209	4.990833	-126.034658	4.990833	9406.5	-4.637795E-11	-2.156197E+10	3.376839E+16	0	0	-0.000983	0.115825	0	0
0	0	0	-0.172059	4.990838	-126.072179	4.990838	9356.5	-4.349836E-11	-2.298937E+10	3.376839E+16	0	0	0.001095	0.114955	0	0
0	0	0	-0.181124	4.991065	-126.112308	4.991065	9311	-1.295942E-11	-7.716395E+10	3.376839E+16	0	0	0.002152	0.114133	0	0
0	0	0	-0.189373	4.990833	-126.137752	4.990833	9269	-4.570002E-11	-2.188183E+10	3.376839E+16	0	0	0.008511	0.113279	0	0
0	0	0	-0.196511	4.990921	-126.167077	4.990921	9233.5	-2.312647E-11	-4.32405E+10	3.376839E+16	0	0	0.011766	0.112433	0	0
0	0	0	-0.203209	4.991015	-126.194868	4.991015	9200	-1.513215E-11	-6.608445E+10	3.376839E+16	0	0	0.004348	0.111467	0	0
0	0	0	-0.209481	4.990838	-126.214204	4.990838	9169	-4.262667E-11	-2.345949E+10	3.376839E+16	0	0	-0.003189	0.110661	0	0
0	0	0	-0.214512	4.990739	-126.230784	4.990739	9144	1.551631E-9	6.444831E+8	3.376839E+16	0	0	0.016377	0.109879	0	0
0	0	0	-0.219511	4.990844	-126.252408	4.990844	9119.5	-4.010731E-11	-2.493311E+10	3.376839E+16	0	0	0.006635	0.108977	0	0
0	0	0	-0.224248	4.99075	-126.26801	4.99075	9096	-4.874167E-10	-2.051633E+9	3.376839E+16	0	0	-0.009878	0.108259	0	0
0	0	0	-0.227907	4.990927	-126.286368	4.990927	9078	-2.205869E-11	-4.533361E+10	3.376839E+16	0	0	-0.007718	0.107548	0	0
0	0	0	-0.231337	4.990905	-126.298828	4.990905	9061	-2.500076E-11	-3.999878E+10	3.376839E+16	0	0	0.006766	0.10675	0	0
0	0	0	-0.235323	4.990733	-126.309622	4.990733	9042	4.976183E-10	2.009573E+9	3.376839E+16	0	0	0.004562	0.105944	0	0
0	0	0	-0.237903	4.990844	-126.322212	4.990844	9029.5	-3.971149E-11	-2.518163E+10	3.376839E+16	0	0	-0.012413	0.105234	0	0
0	0	0	-0.240729	4.990722	-126.329861	4.990722	9015.5	2.110105E-10	4.7391E+9	3.376839E+16	0	0	-0.00564	0.104659	0	0
0	0	0	-0.243621	4.990772	-126.342092	4.990772	9001.5	-1.328218E-10	-7.528885E+9	3.376839E+16	0	0	0.004652	0.103781	0	0
0	0	0	-0.246038	4.991026	-126.357697	4.991026	8989.5	-1.421193E-11	-7.03634E+10	3.376839E+16	0	0	0.0174	0.103063	0	0
0	0	0	-0.248439	4.990976	-126.365552	4.990976	8978	-1.719808E-11	-5.814604E+10	3.376839E+16	0	0	0.004715	0.10232	0	0
0	0	0	-0.251135	4.990755	-126.370189	4.990755	8965	-2.897632E-10	-3.451094E+9	3.376839E+16	0	0	0.001231	0.101594	0	0
0	0	0	-0.253274	4.990905	-126.382085	4.990905	8954.5	-2.470691E-11	-4.04745E+10	3.376839E+16	0	0	5.896556E-5	0.100924	0	0
0	0	0	-0.255627	4.990783	-126.387936	4.990783	8943	-9.686322E-11	-1.032384E+10	3.376839E+16	0	0	0.013132	0.10011	0	0
0	0	0	-0.257195	4.990783	-126.393887	4.990783	8935.5	-9.678199E-11	-1.03325E+10	3.376839E+16	0	0	0.00724	0.099383	0	0
0	0	0	-0.258861	4.990893	-126.403007	4.990893	8927.5	-2.642256E-11	-3.784644E+10	3.376839E+16	0	0	0.028976	0.098673	0	0
0	0	0	-0.26105	4.990838	-126.409916	4.990838	8917	-4.145512E-11	-2.412247E+10	3.376839E+16	0	0	-0.014483	0.09805	0	0
0	0	0	-0.262928	4.991021	-126.42166	4.991021	8908	-1.436185E-11	-6.962891E+10	3.376839E+16	0	0	-0.009699	0.097372	0	0
0	0	0	-0.264692	4.991004	-126.427936	4.991004	8899.5	-1.525396E-11	-6.555673E+10	3.376839E+16	0	0	0.0062	0.09671	0	0
0	0	0	-0.26613	4.990799	-126.428217	4.990799	8892.5	-6.884964E-11	-1.45244E+10	3.376839E+16	0	0	0.001299	0.095935	0	0
0	0	0	-0.268041	4.990816	-126.435889	4.990816	8883	-5.351512E-11	-1.868631E+10	3.376839E+16	0	0	0.011263	0.095337	0	0
0	0	0	-0.269397	4.990844	-126.441734	4.990844	8876.5	-3.903861E-11	-2.561567E+10	3.376839E+16	0	0	-0.006205	0.094618	0	0
0	0	0	-0.271291	4.990999	-126.452841	4.990999	8867.5	-1.552584E-11	-6.440877E+10	3.376839E+16	0	0	-0.003722	0.093964	0	0
0	0	0	-0.272745	4.990943	-126.45696	4.990943	8860.5	-1.976155E-11	-5.060332E+10	3.376839E+16	0	0	0.007683	0.093325	0	0
0	0	0	-0.274346	4.990893	-126.461777	4.990893	8853	-2.620207E-11	-3.816493E+10	3.376839E+16	0	0	0.001344	0.092527	0	0
0	0	0	-0.275669	4.99101	-126.469736	4.99101	8846.5	-1.485061E-11	-6.733731E+10	3.376839E+16	0	0	0.001352	0.091977	0	0
0	0	0	-0.277025	4.991093	-126.47698	4.991093	8840.5	-1.1336E-11	-8.821453E+10	3.376839E+16	0	0	6.482802E-5	0.091298	0	0
0	0	0	-0.277825	4.990954	-126.47652	4.990954	8836.5	-1.868476E-11	-5.351955E+10	3.376839E+16	0	0	-0.00385	0.090668	0	0
0	0	0	-0.27972	4.991015	-126.48525	4.991015	8827.5	-1.451946E-11	-6.887306E+10	3.376839E+16	0	0	-0.006509	0.089949	0	0
0	0	0	-0.280717	4.991021	-126.489172	4.991021	8822.5	-1.4224E-11	-7.03037E+10	3.376839E+16	0	0	0.017272	0.089335	0	0
0	0	0	-0.28155	4.991159	-126.495831	4.991159	8819	-9.511541E-12	-1.051354E+11	3.376839E+16	0	0	0.004059	0.0888	0	0
0	0	0	-0.282546	4.991198	-126.500592	4.991198	8814	-8.699761E-12	-1.149457E+11	3.376839E+16	0	0	-0.007968	0.088225	0	0
0	0	0	-0.283853	4.990976	-126.499955	4.990976	8807.5	-1.687147E-11	-5.927166E+10	3.376839E+16	0	0	0.001419	0.087411	0	0
0	0	0	-0.284719	4.990921	-126.501842	4.990921	8803.5	-2.204948E-11	-4.535254E+10	3.376839E+16	0	0	0.0055	0.086924	0	0
0	0	0	-0.285862	4.991043	-126.50926	4.991043	8798	-1.314382E-11	-7.608138E+10	3.376839E+16	0	0	0.023317	0.086286	0	0
0	0	0	-0.286172	4.991071	-126.511137	4.991071	8796.5	-1.203762E-11	-8.307292E+10	3.376839E+16	0	0	-0.001307	0.085735	0	0
0	0	0	-0.286858	4.990949	-126.510663	4.990949	8793.5	-1.908941E-11	-5.238507E+10	3.376839E+16	0	0	-0.00963	0.085097	0	0
0	0	0	-0.287789	4.990855	-126.511818	4.990855	8789	-3.488636E-11	-2.86645E+10	3.376839E+16	0	0	0.007043	0.084514	0	0
0	0	0	-0.288655	4.991004	-126.518881	4.991004	8784.5	-1.505685E-11	-6.641495E+10	3.376839E+16	0	0	0.016932	0.083852	0	0
0	0	0	-0.288737	4.991076	-126.52101	4.991076	8784.5	-1.182256E-11	-8.458403E+10	3.376839E+16	0	0	0.015622	0.083309	0	0
0	0	0	-0.289211	4.991015	-126.521269	4.991015	8782	-1.444463E-11	-6.92299E+10	3.376839E+16	0	0	0.005777	0.082527	0	0
0	0	0	-0.289488	4.991032	-126.522743	4.991032	8781	-1.361798E-11	-7.343232E+10	3.376839E+16	0	0	0.004371	0.082112	0	0
0	0	0	-0.289162	4.99096	-126.519684	4.99096	8782.5	-1.810067E-11	-5.524656E+10	3.376839E+16	0	0	0.004399	0.081561	0	0
0	0	0	-0.289325	4.991037	-126.522263	4.991037	8781.5	-1.33643E-11	-7.482623E+10	3.376839E+16	0	0	7.265016E-5	0.08093	0	0
0	0	0	-0.289766	4.990965	-126.522117	4.990965	8779.5	-1.764793E-11	-5.666386E+10	3.376839E+16	0	0	-0.00578	0.08034	0	0
0	0	0	-0.28988	4.99101	-126.523671	4.99101	8779	-1.473729E-11	-6.785506E+10	3.376839E+16	0	0	0.013322	0.079821	0	0
0	0	0	-0.289831	4.990954	-126.522086	4.990954	8779.5	-1.856423E-11	-5.386702E+10	3.376839E+16	0	0	0.017876	0.079174	0	0
0	0	0	-0.290044	4.991004	-126.524151	4.991004	8778	-1.504571E-11	-6.646413E+10	3.376839E+16	0	0	0.003061	0.07864	0	0
0	0	0	-0.290207	4.990938	-126.523092	4.990938	8777.5	-2.012757E-11	-4.968309E+10	3.376839E+16	0	0	-0.005935	0.078105	0	0
0	0	0	-0.290011	4.990976	-126.523327	4.990976	8778.5	-1.681592E-11	-5.946747E+10	3.376839E+16	0	0	-0.005973	0.077578	0	0
0	0	0	-0.289733	4.99086	-126.519335	4.99086	8779.5	-3.322929E-11	-3.009393E+10	3.376839E+16	0	0	0.030528	0.07702	0	0
0	0	0	-0.290256	4.990982	-126.524397	4.990982	8777	-1.642672E-11	-6.087644E+10	3.376839E+16	0	0	0.016936	0.076485	0	0
0	0	0	-0.290305	4.990899	-126.522484	4.990899	8777	-2.506629E-11	-3.989421E+10	3.376839E+16	0	0	0.013963	0.07595	0	0
0	0	0	-0.290044	4.990921	-126.522052	4.990921	8778	-2.198561E-11	-4.548429E+10	3.376839E+16	0	0	-0.00303	0.075383	0	0
0	0	0	-0.289978	4.991109	-126.526561	4.991109	8778.5	-1.074884E-11	-9.30333E+10	3.376839E+16	0	0	-0.004615	0.074841	0	0
0	0	0	-0.290419	4.991109	-126.528235	4.991109	8776.5	-1.074639E-11	-9.30545E+10	3.376839E+16	0	0	7.860224E-5	0.07445	0	0
0	0	0	-0.290403	4.99101	-126.525655	4.99101	8776.5	-1.47331E-11	-6.787439E+10	3.376839E+16	0	0	0.014333	0.073867	0	0
0	0	0	-0.290452	4.990921	-126.523602	4.990921	8776.5	-2.198185E-11	-4.549207E+10	3.376839E+16	0	0	0.031918	0.07346	0	0
0	0	0	-0.290975	4.990805	-126.522647	4.990805	8774	-6.203527E-11	-1.611986E+10	3.376839E+16	0	0	-0.006334	0.072901	0	0
0	0	0	-0.290452	4.990982	-126.525141	4.990982	8776.5	-1.642578E-11	-6.087991E+10	3.376839E+16	0	0	0.025888	0.072446	0	0
0	0	0	-0.290795	4.99091	-126.524624	4.99091	8774.5	-2.341701E-11	-4.270401E+10	3.376839E+16	0	0	0.013081	0.07188	0	0
0	0	0	-0.291154	4.99086	-126.524728	4.99086	8773	-3.320469E-11	-3.011623E+10	3.376839E+16	0	0	0.006619	0.071441	0	0
0	0	0	-0.291644	4.991021	-126.530646	4.991021	8770.5	-1.414017E-11	-7.072052E+10	3.376839E+16	0	0	0.028043	0.070962	0	0
0	0	0	-0.292216	4.990938	-126.530717	4.990938	8768	-2.010579E-11	-4.973692E+10	3.376839E+16	0	0	0.006709	0.070427	0	0
0	0	0	-0.292265	4.990949	-126.531183	4.990949	8768	-1.903405E-11	-5.253742E+10	3.376839E+16	0	0	0.035092	0.069956	0	0
0	0	0	-0.292919	4.990943	-126.533523	4.990943	8764.5	-1.954744E-11	-5.115759E+10	3.376839E+16	0	0	-0.009979	0.069509	0	0
0	0	0	-0.293882	4.990993	-126.53844	4.990993	8760	-1.567456E-11	-6.379764E+10	3.376839E+16	0	0	-0.015112	0.069014	0	0
0	0	0	-0.293931	4.991154	-126.542684	4.991154	8759.5	-9.574145E-12	-1.04448E+11	3.376839E+16	0	0	0.008581	0.068559	0	0
0	0	0	-0.294029	4.990971	-126.538438	4.990971	8759.5	-1.718365E-11	-5.819484E+10	3.376839E+16	0	0	-0.010174	0.068096	0	0
0	0	0	-0.295124	4.991087	-126.54553	4.991087	8754	-1.140463E-11	-8.768371E+10	3.376839E+16	0	0	0.020753	0.067586	0	0
0	0	0	-0.295434	4.990949	-126.54321	4.990949	8753	-1.900149E-11	-5.262746E+10	3.376839E+16	0	0	0.001819	0.067179	0	0
0	0	0	-0.296561	4.990982	-126.548327	4.990982	8747.5	-1.63715E-11	-6.108174E+10	3.376839E+16	0	0	0.00532	0.066676	0	0
0	0	0	-0.295924	4.991021	-126.546889	4.991021	8750.5	-1.410792E-11	-7.088216E+10	3.376839E+16	0	0	0.010608	0.066309	0	0
0	0	0	-0.296871	4.99081	-126.545166	4.99081	8746	-5.689822E-11	-1.757524E+10	3.376839E+16	0	0	0.003621	0.065798	0	0
0	0	0	-0.296888	4.990871	-126.546768	4.990871	8746	-3.028766E-11	-3.301675E+10	3.376839E+16	0	0	-0.001685	0.065486	0	0
0	0	0	-0.297901	4.991004	-126.55397	4.991004	8741	-1.498229E-11	-6.674547E+10	3.376839E+16	0	0	0.017958	0.064992	0	0
0	0	0	-0.297574	4.990799	-126.547552	4.990799	8742.5	-6.768827E-11	-1.477361E+10	3.376839E+16	0	0	-0.0161	0.064529	0	0
0	0	0	-0.29857	4.991048	-126.557632	4.991048	8738	-1.281906E-11	-7.800885E+10	3.376839E+16	0	0	9.042749E-5	0.064162	0	0
0	0	0	-0.298407	4.991187	-126.56051	4.991187	8739	-8.839984E-12	-1.131224E+11	3.376839E+16	0	0	0.003734	0.063683	0	0
0	0	0	-0.299028	4.991037	-126.559087	4.991037	8735.5	-1.329429E-11	-7.522026E+10	3.376839E+16	0	0	0.009253	0.063284	0	0
0	0	0	-0.299567	4.990965	-126.559314	4.990965	8733	-1.755446E-11	-5.696557E+10	3.376839E+16	0	0	0.007476	0.062789	0	0
0	0	0	-0.299305	4.990921	-126.557202	4.990921	8734.5	-2.187666E-11	-4.571082E+10	3.376839E+16	0	0	0.014941	0.062422	0	0
0	0	0	-0.29973	4.991115	-126.563713	4.991115	8732.5	-1.053415E-11	-9.492931E+10	3.376839E+16	0	0	-0.001775	0.061991	0	0
0	0	0	-0.299795	4.990927	-126.559202	4.990927	8732	-2.121794E-11	-4.712993E+10	3.376839E+16	0	0	0.003852	0.061608	0	0
0	0	0	-0.299893	4.991071	-126.563213	4.991071	8731.5	-1.194867E-11	-8.369135E+10	3.376839E+16	0	0	0.009551	0.061185	0	0
0	0	0	-0.299877	4.990927	-126.559512	4.990927	8732	-2.121794E-11	-4.712993E+10	3.376839E+16	0	0	0.017225	0.060777	0	0
0	0	0	-0.29991	4.991021	-126.562015	4.991021	8731.5	-1.407729E-11	-7.10364E+10	3.376839E+16	0	0	0.011597	0.060323	0	0
0	0	0	-0.299469	4.990921	-126.557822	4.990921	8734	-2.187541E-11	-4.571343E+10	3.376839E+16	0	0	0.013603	0.059907	0	0
0	0	0	-0.299534	4.990888	-126.557231	4.990888	8733.5	-2.682306E-11	-3.728135E+10	3.376839E+16	0	0	0.021432	0.059572	0	0
0	0	0	-0.299518	4.990976	-126.559408	4.990976	8733.5	-1.672972E-11	-5.977388E+10	3.376839E+16	0	0	0.007896	0.059237	0	0
0	0	0	-0.299387	4.991054	-126.560871	4.991054	8734	-1.258649E-11	-7.945028E+10	3.376839E+16	0	0	0.021711	0.058758	0	0
0	0	0	-0.299518	4.991142	-126.563606	4.991142	8733.5	-9.808984E-12	-1.019474E+11	3.376839E+16	0	0	0.011965	0.058359	0	0
0	0	0	-0.298734	4.990805	-126.552094	4.990805	8737	-6.177367E-11	-1.618813E+10	3.376839E+16	0	0	0.002089	0.057992	0	0
0	0	0	-0.298717	4.990871	-126.553711	4.990871	8737	-3.025649E-11	-3.305076E+10	3.376839E+16	0	0	0.022132	0.057577	0	0
0	0	0	-0.298505	4.990794	-126.550946	4.990794	8738	-7.475988E-11	-1.337616E+10	3.376839E+16	0	0	0.034369	0.057186	0	0
0	0	0	-0.297966	4.99096	-126.553099	4.99096	8740.5	-1.801411E-11	-5.551203E+10	3.376839E+16	0	0	-0.016088	0.056938	0	0
0	0	0	-0.298178	4.991109	-126.557683	4.991109	8739.5	-1.070109E-11	-9.344846E+10	3.376839E+16	0	0	0.018434	0.056547	0	0
0	0	0	-0.297835	4.990849	-126.549804	4.990849	8741.5	-3.647537E-11	-2.741576E+10	3.376839E+16	0	0	0.006262	0.056084	0	0
0	0	0	-0.297672	4.990965	-126.552123	4.990965	8742	-1.757255E-11	-5.690693E+10	3.376839E+16	0	0	0.010424	0.055757	0	0
0	0	0	-0.297443	4.991082	-126.554194	4.991082	8743	-1.157544E-11	-8.638977E+10	3.376839E+16	0	0	0.025	0.055454	0	0
0	0	0	-0.297296	4.990971	-126.550837	4.990971	8744	-1.715325E-11	-5.8298E+10	3.376839E+16	0	0	0.021018	0.054991	0	0
0	0	0	-0.296888	4.990943	-126.548587	4.990943	8746	-1.950618E-11	-5.12658E+10	3.376839E+16	0	0	0.010616	0.054688	0	0
0	0	0	-0.297133	4.991032	-126.551756	4.991032	8744.5	-1.356138E-11	-7.373883E+10	3.376839E+16	0	0	0.004341	0.054273	0	0
0	0	0	-0.297149	4.990816	-126.54636	4.990816	8744.5	-5.268073E-11	-1.898227E+10	3.376839E+16	0	0	0.01075	0.053961	0	0
0	0	0	-0.296675	4.990976	-126.548621	4.990976	8747	-1.675558E-11	-5.968162E+10	3.376839E+16	0	0	0.025809	0.05361	0	0
0	0	0	-0.296822	4.990982	-126.549319	4.990982	8746.5	-1.636963E-11	-6.108873E+10	3.376839E+16	0	0	0.041063	0.053251	0	0
0	0	0	-0.296283	4.990855	-126.544054	4.990855	8749	-3.472758E-11	-2.879555E+10	3.376839E+16	0	0	0.010948	0.052924	0	0
0	0	0	-0.296332	4.991021	-126.548439	4.991021	8748.5	-1.41047E-11	-7.089837E+10	3.376839E+16	0	0	0.006659	0.052533	0	0
0	0	0	-0.296773	4.990855	-126.545914	4.990855	8746.5	-3.471766E-11	-2.880378E+10	3.376839E+16	0	0	0.035193	0.052285	0	0
0	0	0	-0.297002	4.99091	-126.548181	4.99091	8745.5	-2.333961E-11	-4.284561E+10	3.376839E+16	0	0	0.042166	0.051774	0	0
0	0	0	-0.297166	4.991115	-126.553979	4.991115	8744.5	-1.054863E-11	-9.479904E+10	3.376839E+16	0	0	0.011229	0.051519	0	0
0	0	0	-0.29759	4.99091	-126.550413	4.99091	8742.5	-2.333161E-11	-4.286032E+10	3.376839E+16	0	0	-0.004356	0.051264	0	0
0	0	0	-0.298391	4.99096	-126.55471	4.99096	8739	-1.801102E-11	-5.552156E+10	3.376839E+16	0	0	-0.020156	0.050825	0	0
0	0	0	-0.298325	4.991032	-126.556282	4.991032	8739	-1.355285E-11	-7.378523E+10	3.376839E+16	0	0	0.006905	0.050537	0	0
0	0	0	-0.298554	4.990971	-126.55561	4.990971	8738	-1.714148E-11	-5.833803E+10	3.376839E+16	0	0	0.029751	0.05017	0	0
0	0	0	-0.298652	4.990999	-126.556682	4.990999	8737.5	-1.529822E-11	-6.536707E+10	3.376839E+16	0	0	0.009278	0.049907	0	0
0	0	0	-0.299632	4.991131	-126.563761	4.991131	8733	-1.00866E-11	-9.914146E+10	3.376839E+16	0	0	0.020908	0.049468	0	0
0	0	0	-0.299844	4.990888	-126.558408	4.990888	8732	-2.681845E-11	-3.728776E+10	3.376839E+16	0	0	0.002438	0.049204	0	0
0	0	0	-0.300416	4.991076	-126.565337	4.991076	8729	-1.174787E-11	-8.512182E+10	3.376839E+16	0	0	0.014105	0.048981	0	0
0	0	0	-0.300726	4.991032	-126.565395	4.991032	8728	-1.353579E-11	-7.387823E+10	3.376839E+16	0	0	-0.016306	0.048654	0	0
0	0	0	-0.300498	4.990877	-126.560608	4.990877	8729	-2.899596E-11	-3.448756E+10	3.376839E+16	0	0	-0.009334	0.048287	0	0
0	0	0	-0.301674	4.990993	-126.568011	4.990993	8723	-1.560836E-11	-6.406825E+10	3.376839E+16	0	0	0.045206	0.048063	0	0
0	0	0	-0.301788	4.990871	-126.565366	4.990871	8723	-3.020801E-11	-3.310381E+10	3.376839E+16	0	0	0.036037	0.047616	0	0
0	0	0	-0.301674	4.991331	-126.576549	4.991331	8723	-6.670037E-12	-1.499242E+11	3.376839E+16	0	0	-0.019114	0.047401	0	0
0	0	0	-0.302164	4.991076	-126.57197	4.991076	8721	-1.17371E-11	-8.519991E+10	3.376839E+16	0	0	-0.009559	0.047073	0	0
0	0	0	-0.302213	4.990949	-126.568937	4.990949	8720.5	-1.893094E-11	-5.282359E+10	3.376839E+16	0	0	0.019613	0.046738	0	0
0	0	0	-0.302752	4.99096	-126.571263	4.99096	8718	-1.796774E-11	-5.56553E+10	3.376839E+16	0	0	0.00992	0.046475	0	0
0	0	0	-0.303128	4.991109	-126.576468	4.991109	8716.5	-1.067292E-11	-9.369504E+10	3.376839E+16	0	0	0.014951	0.046044	0	0
0	0	0	-0.303373	4.991071	-126.576418	4.991071	8715.5	-1.192677E-11	-8.384499E+10	3.376839E+16	0	0	0.019951	0.045892	0	0
0	0	0	-0.303046	4.990982	-126.572939	4.990982	8717	-1.631442E-11	-6.129546E+10	3.376839E+16	0	0	0.01011	0.045549	0	0
0	0	0	-0.303389	4.990976	-126.5741	4.990976	8715.5	-1.669524E-11	-5.989733E+10	3.376839E+16	0	0	0.022706	0.045302	0	0
0	0	0	-0.303242	4.990943	-126.572703	4.990943	8716	-1.943927E-11	-5.144226E+10	3.376839E+16	0	0	-0.009973	0.044998	0	0
0	0	0	-0.303062	4.990905	-126.571041	4.990905	8717	-2.405161E-11	-4.157725E+10	3.376839E+16	0	0	0.020462	0.044679	0	0
0	0	0	-0.302719	4.991131	-126.575478	4.991131	8718.5	-1.006985E-11	-9.930635E+10	3.376839E+16	0	0	0.025663	0.044456	0	0
0	0	0	-0.301984	4.990971	-126.568629	4.990971	8722	-1.711009E-11	-5.844505E+10	3.376839E+16	0	0	-0.010163	0.044104	0	0
0	0	0	-0.30205	4.991087	-126.571816	4.991087	8721.5	-1.136229E-11	-8.801046E+10	3.376839E+16	0	0	0.01304	0.043929	0	0
0	0	0	-0.302458	4.991165	-126.575326	4.991165	8719.5	-9.281328E-12	-1.077432E+11	3.376839E+16	0	0	-0.010272	0.043602	0	0
0	0	0	-0.302311	4.991021	-126.571129	4.991021	8720.5	-1.405955E-11	-7.112601E+10	3.376839E+16	0	0	0.000131	0.04337	0	0
0	0	0	-0.301968	4.99091	-126.567027	4.99091	8722	-2.32769E-11	-4.296105E+10	3.376839E+16	0	0	-0.002498	0.043091	0	0
0	0	0	-0.301168	4.991032	-126.567069	4.991032	8725.5	-1.353191E-11	-7.389939E+10	3.376839E+16	0	0	0.002776	0.042835	0	0
0	0	0	-0.300726	4.990927	-126.562736	4.990927	8728	-2.120822E-11	-4.715153E+10	3.376839E+16	0	0	0.029461	0.04246	0	0
0	0	0	-0.300449	4.991032	-126.564341	4.991032	8729	-1.353734E-11	-7.386976E+10	3.376839E+16	0	0	0.02688	0.042309	0	0
0	0	0	-0.300269	4.99096	-126.56184	4.99096	8730	-1.799247E-11	-5.55788E+10	3.376839E+16	0	0	0.016298	0.041989	0	0
0	0	0	-0.30004	4.990916	-126.559852	4.990916	8731	-2.256167E-11	-4.432295E+10	3.376839E+16	0	0	0.002849	0.04167	0	0
0	0	0	-0.300351	4.991065	-126.564809	4.991065	8729.5	-1.215006E-11	-8.230409E+10	3.376839E+16	0	0	0.016512	0.041415	0	0
0	0	0	-0.299632	4.991037	-126.561381	4.991037	8733	-1.329049E-11	-7.524179E+10	3.376839E+16	0	0	-0.002603	0.041231	0	0
0	0	0	-0.299371	4.99101	-126.55969	4.99101	8734	-1.466175E-11	-6.820467E+10	3.376839E+16	0	0	-0.008133	0.040968	0	0
0	0	0	-0.299403	4.991104	-126.562193	4.991104	8734	-1.085757E-11	-9.21016E+10	3.376839E+16	0	0	0.005687	0.040696	0	0
0	0	0	-0.298979	4.991054	-126.559321	4.991054	8736	-1.258937E-11	-7.943209E+10	3.376839E+16	0	0	0.005718	0.040457	0	0
0	0	0	-0.299387	4.991137	-126.562971	4.991137	8734	-9.946704E-12	-1.005358E+11	3.376839E+16	0	0	-0.002667	0.040186	0	0
0	0	0	-0.29924	4.991065	-126.560593	4.991065	8734.5	-1.215702E-11	-8.225698E+10	3.376839E+16	0	0	0.011442	0.039914	0	0
0	0	0	-0.29906	4.991098	-126.560751	4.991098	8735.5	-1.102775E-11	-9.068033E+10	3.376839E+16	0	0	0.037068	0.039683	0	0
0	0	0	-0.298815	4.99096	-126.556322	4.99096	8737	-1.80069E-11	-5.553427E+10	3.376839E+16	0	0	0.043114	0.039332	0	0
0	0	0	-0.299322	4.990954	-126.558104	4.990954	8734.5	-1.846908E-11	-5.414455E+10	3.376839E+16	0	0	0.00302	0.039164	0	0
0	0	0	-0.298979	4.99096	-126.556942	4.99096	8736	-1.800484E-11	-5.554063E+10	3.376839E+16	0	0	-0.011413	0.038964	0	0
0	0	0	-0.299256	4.990893	-126.556317	4.990893	8734.5	-2.585134E-11	-3.868271E+10	3.376839E+16	0	0	-0.034636	0.038829	0	0
0	0	0	-0.299109	4.990921	-126.556458	4.990921	8735.5	-2.187917E-11	-4.570558E+10	3.376839E+16	0	0	-0.008643	0.038398	0	0
0	0	0	-0.29942	4.990921	-126.557636	4.990921	8734	-2.187541E-11	-4.571343E+10	3.376839E+16	0	0	0.023698	0.038198	0	0
0	0	0	-0.299436	4.990999	-126.559658	4.990999	8734	-1.52921E-11	-6.539326E+10	3.376839E+16	0	0	0.029741	0.037983	0	0
0	0	0	-0.30022	4.990976	-126.562074	4.990976	8730	-1.672301E-11	-5.979784E+10	3.376839E+16	0	0	0.012049	0.037767	0	0
0	0	0	-0.300857	4.990976	-126.564491	4.990976	8727	-1.671727E-11	-5.98184E+10	3.376839E+16	0	0	0.000149	0.037592	0	0
0	0	0	-0.30089	4.99112	-126.568254	4.99112	8727	-1.037388E-11	-9.639597E+10	3.376839E+16	0	0	-0.014892	0.03732	0	0
0	0	0	-0.301462	4.991054	-126.568745	4.991054	8724.5	-1.25728E-11	-7.95368E+10	3.376839E+16	0	0	0.039565	0.037017	0	0
0	0	0	-0.301837	4.990954	-126.567651	4.990954	8722.5	-1.844371E-11	-5.421904E+10	3.376839E+16	0	0	0.012365	0.036746	0	0
0	0	0	-0.302246	4.99081	-126.565562	4.99081	8720.5	-5.673232E-11	-1.762664E+10	3.376839E+16	0	0	0.006279	0.03661	0	0
0	0	0	-0.302278	4.990938	-126.568905	4.990938	8720.5	-1.999687E-11	-5.000784E+10	3.376839E+16	0	0	-0.009084	0.036402	0	0
0	0	0	-0.302621	4.991176	-126.576225	4.991176	8718.5	-9.043884E-12	-1.10572E+11	3.376839E+16	0	0	-0.033995	0.036091	0	0
0	0	0	-0.303144	4.99101	-126.57401	4.99101	8716	-1.463154E-11	-6.834552E+10	3.376839E+16	0	0	0.01576	0.035892	0	0
0	0	0	-0.302556	4.991048	-126.572758	4.991048	8719	-1.279118E-11	-7.817885E+10	3.376839E+16	0	0	-0.015525	0.0357	0	0
0	0	0	-0.303405	4.991065	-126.576402	4.991065	8715	-1.212988E-11	-8.244103E+10	3.376839E+16	0	0	0.006469	0.035469	0	0
0	0	0	-0.303356	4.991093	-126.576916	4.991093	8715.5	-1.117572E-11	-8.947973E+10	3.376839E+16	0	0	0.006504	0.035261	0	0
0	0	0	-0.303977	4.990949	-126.575632	4.990949	8712.5	-1.891357E-11	-5.28721E+10	3.376839E+16	0	0	0.032033	0.035085	0	0
0	0	0	-0.303944	4.990921	-126.574809	4.990921	8712.5	-2.182156E-11	-4.582624E+10	3.376839E+16	0	0	0.038725	0.034782	0	0
0	0	0	-0.304124	4.99081	-126.572691	4.99081	8712	-5.667703E-11	-1.764383E+10	3.376839E+16	0	0	0.013044	0.034694	0	0
0	0	0	-0.305022	4.991154	-126.584779	4.991154	8707.5	-9.517309E-12	-1.050717E+11	3.376839E+16	0	0	0.019686	0.034327	0	0
0	0	0	-0.304794	4.991054	-126.581392	4.991054	8708.5	-1.254974E-11	-7.968293E+10	3.376839E+16	0	0	0.003429	0.034184	0	0
0	0	0	-0.304336	4.990849	-126.574477	4.990849	8710.5	-3.634601E-11	-2.751333E+10	3.376839E+16	0	0	0.01992	0.033896	0	0
0	0	0	-0.304532	4.991071	-126.58082	4.991071	8709.5	-1.191856E-11	-8.390275E+10	3.376839E+16	0	0	-0.009756	0.033737	0	0
0	0	0	-0.304794	4.991148	-126.583771	4.991148	8708.5	-9.647868E-12	-1.036498E+11	3.376839E+16	0	0	-0.016468	0.033521	0	0
0	0	0	-0.304304	4.991098	-126.580651	4.991098	8711	-1.099682E-11	-9.093537E+10	3.376839E+16	0	0	0.033588	0.033354	0	0
0	0	0	-0.304304	4.990766	-126.572253	4.990766	8711	-1.569723E-10	-6.37055E+9	3.376839E+16	0	0	0.050509	0.033202	0	0
0	0	0	-0.303258	4.990766	-126.568286	4.990766	8716	-1.570624E-10	-6.366895E+9	3.376839E+16	0	0	0.010304	0.03297	0	0
0	0	0	-0.303797	4.990844	-126.572291	4.990844	8713	-3.831954E-11	-2.609635E+10	3.376839E+16	0	0	-0.023556	0.032851	0	0
0	0	0	-0.303716	4.990893	-126.573241	4.990893	8713.5	-2.578919E-11	-3.877593E+10	3.376839E+16	0	0	-0.003241	0.032619	0	0
0	0	0	-0.303095	4.990932	-126.571865	4.990932	8716.5	-2.056671E-11	-4.862226E+10	3.376839E+16	0	0	0.00705	0.032348	0	0
0	0	0	-0.302393	4.990988	-126.570599	4.990988	8720	-1.595346E-11	-6.268233E+10	3.376839E+16	0	0	0.055532	0.03214	0	0
0	0	0	-0.302768	4.990916	-126.570205	4.990916	8718	-2.252808E-11	-4.438905E+10	3.376839E+16	0	0	0.000173	0.032053	0	0
0	0	0	-0.301723	4.991104	-126.570996	4.991104	8723	-1.08439E-11	-9.221775E+10	3.376839E+16	0	0	0.01766	0.031773	0	0
0	0	0	-0.301837	4.990949	-126.567511	4.990949	8722.5	-1.893528E-11	-5.281148E+10	3.376839E+16	0	0	0.035361	0.031566	0	0
0	0	0	-0.301037	4.991032	-126.566573	4.991032	8726	-1.353269E-11	-7.389516E+10	3.376839E+16	0	0	0.049769	0.031342	0	0
0	0	0	-0.301462	4.990943	-126.565945	4.990943	8724.5	-1.945823E-11	-5.139214E+10	3.376839E+16	0	0	-0.017558	0.031286	0	0
0	0	0	-0.301168	4.991032	-126.567069	4.991032	8725.5	-1.353191E-11	-7.389939E+10	3.376839E+16	0	0	0.035826	0.031119	0	0
0	0	0	-0.3004	4.99112	-126.566394	4.99112	8729.5	-1.037685E-11	-9.636836E+10	3.376839E+16	0	0	0.018139	0.030871	0	0
0	0	0	-0.300351	4.990938	-126.56159	4.990938	8729.5	-2.00175E-11	-4.995628E+10	3.376839E+16	0	0	-0.003427	0.030728	0	0
0	0	0	-0.300743	4.990999	-126.564617	4.990999	8727.5	-1.528071E-11	-6.544197E+10	3.376839E+16	0	0	-0.014359	0.03048	0	0
0	0	0	-0.299893	4.99091	-126.559154	4.99091	8731.5	-2.330225E-11	-4.291431E+10	3.376839E+16	0	0	0.036614	0.0304	0	0
0	0	0	-0.30022	4.991004	-126.562773	4.991004	8730	-1.496344E-11	-6.682957E+10	3.376839E+16	0	0	0.033227	0.030153	0	0
0	0	0	-0.299812	4.991015	-126.561503	4.991015	8732	-1.436239E-11	-6.962631E+10	3.376839E+16	0	0	0.000185	0.029898	0	0
0	0	0	-0.29991	4.991071	-126.563275	4.991071	8731.5	-1.194867E-11	-8.369135E+10	3.376839E+16	0	0	-0.022121	0.029754	0	0
0	0	0	-0.299583	4.991004	-126.560356	4.991004	8733	-1.496858E-11	-6.680661E+10	3.376839E+16	0	0	0.041387	0.029522	0	0
0	0	0	-0.300089	4.991004	-126.562277	4.991004	8730.5	-1.496429E-11	-6.682574E+10	3.376839E+16	0	0	-0.026155	0.029371	0	0
0	0	0	-0.300204	4.99101	-126.562851	4.99101	8730.5	-1.465588E-11	-6.823201E+10	3.376839E+16	0	0	0.000189	0.029171	0	0
0	0	0	-0.300318	4.991043	-126.564125	4.991043	8729.5	-1.304148E-11	-7.667839E+10	3.376839E+16	0	0	-0.007397	0.029115	0	0
0	0	0	-0.300645	4.990899	-126.561726	4.990899	8728	-2.492635E-11	-4.011818E+10	3.376839E+16	0	0	0.046017	0.028908	0	0
0	0	0	-0.301527	4.991115	-126.570532	4.991115	8724	-1.05239E-11	-9.50218E+10	3.376839E+16	0	0	0.077009	0.028732	0	0
0	0	0	-0.30169	4.991082	-126.570312	4.991082	8723	-1.154896E-11	-8.658785E+10	3.376839E+16	0	0	0.015661	0.028525	0	0
0	0	0	-0.30156	4.990993	-126.567577	4.990993	8723.5	-1.560925E-11	-6.406458E+10	3.376839E+16	0	0	-0.007567	0.028413	0	0
0	0	0	-0.301919	4.991126	-126.5723	4.991126	8722	-1.02188E-11	-9.785886E+10	3.376839E+16	0	0	0.039162	0.028285	0	0
0	0	0	-0.302556	4.991176	-126.575977	4.991176	8719	-9.044403E-12	-1.105656E+11	3.376839E+16	0	0	-0.027326	0.028022	0	0
0	0	0	-0.302572	4.990838	-126.567502	4.990838	8719	-4.053462E-11	-2.467027E+10	3.376839E+16	0	0	0	0	0	0
0	0	0	-0.302703	4.991109	-126.574856	4.991109	8718.5	-1.067537E-11	-9.367354E+10	3.376839E+16	0	0	0	0	0	0
0	0	0	-0.303291	4.99101	-126.574568	4.99101	8715.5	-1.46307E-11	-6.834944E+10	3.376839E+16	0	0	0	0	0	0
0	0	0	-0.304075	4.991115	-126.580203	4.991115	8712	-1.050942E-11	-9.515269E+10	3.376839E+16	0	0	0	0	0	0
0	0	0	-0.304157	4.991048	-126.578834	4.991048	8711.5	-1.278018E-11	-7.824615E+10	3.376839E+16	0	0	0	0	0	0
0	0	0	-0.304157	4.991048	-126.578834	4.991048	8711.5	-1.278018E-11	-7.824615E+10	3.376839E+16	0	0	0	0	0	0
0	0	0	-0.304467	4.991037	-126.579732	4.991037	8710	-1.325548E-11	-7.544048E+10	3.376839E+16	0	0	0	0	0	0
0	0	0	-0.30463	4.991115	-126.582311	4.991115	8709.5	-1.050641E-11	-9.518E+10	3.376839E+16	0	0	0	0	0	0
0	0	0	-0.304973	4.991032	-126.581514	4.991032	8708	-1.350477E-11	-7.404791E+10	3.376839E+16	0	0	0	0	0	0
0	0	0	-0.305055	4.991076	-126.582943	4.991076	8707.5	-1.171893E-11	-8.5332E+10	3.376839E+16	0	0	0	0	0	0
