Vload_(V)	ILoad_(A)	RsLoad_(ohm)	SunsVoc_Voltage_(V)	SunsVoc_Current_(A)	Model_Voltage_(V)	Model_Current_(A)	Carrier_Density_(cm-3)	Lifetime_(s)	Inverse_Lifetime_(s-1)	(Carrier_Density+Doping)/qWni^2_(cm^2/C)	Carrier_Density_at_Vmp_(cm-3)	Lifetime_at_Vmp_(s)	Efficiency_(%)	Intensity_(suns)	Dark_IV_Voltage_(V)	Dark_IV_Current_(A)
2.205853	4.45438	0	44.38598	-0.078714	44.366075	-0.078714	2.609624E+14	2.594096E-5	38548.955324	3.499227E+16	7.958085E+13	2.419267E-5	7.218879	1.122195	0	0
2.251567	4.430948	6.727808	44.248345	0.227211	44.258484	0.227211	2.428405E+14	2.588657E-5	38629.970652	3.490728E+16	0	0	7.205172	1.119338	0	0
4.741617	4.314524	7.431673	44.107851	0.522638	44.020067	0.522638	2.256027E+14	2.585605E-5	38675.589825	3.482644E+16	0	0	7.23045	1.1138	0	0
10.293981	4.093177	7.018951	43.965168	0.796732	43.659331	0.796732	2.093148E+14	2.578702E-5	38779.133439	3.475005E+16	0	0	7.24336	1.111375	0	0
15.847977	3.877562	6.252032	43.824951	1.046198	43.201383	1.046198	1.944262E+14	2.570603E-5	38901.322879	3.468022E+16	0	0	7.23696	1.109029	0	0
21.385138	3.643832	5.339464	43.689504	1.271462	42.671084	1.271462	1.810271E+14	2.562837E-5	39019.201555	3.461738E+16	0	0	7.251117	1.103826	0	0
26.905727	3.373159	4.31483	43.553159	1.477773	42.064607	1.477773	1.684512E+14	2.55009E-5	39214.248041	3.45584E+16	0	0	7.268744	1.095256	0	0
27.750075	3.324038	4.152314	43.419917	1.674114	41.396068	1.674114	1.569889E+14	2.544401E-5	39301.943597	3.450465E+16	0	0	7.290682	1.087332	0	0
28.627925	3.272052	3.978583	43.284275	1.85652	40.658865	1.85652	1.461056E+14	2.534277E-5	39458.943487	3.44536E+16	0	0	7.300721	1.080493	0	0
29.476999	3.217798	3.81284	43.148958	2.02568	39.869565	2.02568	1.35987E+14	2.523053E-5	39634.493797	3.440615E+16	0	0	7.311432	1.071428	0	0
30.32647	3.159985	3.64346	43.015782	2.180525	39.046299	2.180525	1.267014E+14	2.510855E-5	39827.044833	3.43626E+16	0	0	7.336178	1.060688	0	0
31.164447	3.098471	3.475972	42.889989	2.322098	38.220787	2.322098	1.185045E+14	2.50434E-5	39930.660403	3.432416E+16	0	0	7.362685	1.049851	0	0
31.929803	3.038127	3.322142	42.758855	2.455368	37.334469	2.455368	1.105154E+14	2.491209E-5	40141.126009	3.428669E+16	0	0	7.383908	1.0403	0	0
32.738627	2.968443	3.163192	42.626561	2.57881	36.413239	2.57881	1.029938E+14	2.474461E-5	40412.822096	3.425142E+16	0	0	7.40162	1.030931	0	0
33.562375	2.891651	2.997751	42.49572	2.694772	35.469489	2.694772	9.605202E+13	2.459764E-5	40654.289304	3.421886E+16	0	0	7.417942	1.020438	0	0
34.386779	2.803074	2.838401	42.365549	2.803069	34.504835	2.803069	8.960457E+13	2.445143E-5	40897.395596	3.418862E+16	0	0	7.439601	1.009825	0	0
35.213895	2.715134	2.664259	42.237224	2.903256	33.531813	2.903256	8.366755E+13	2.4306E-5	41142.092074	3.416078E+16	0	0	7.454636	1.000138	0	0
36.055743	2.60412	2.502803	42.108851	2.996916	32.540452	2.996916	7.811774E+13	2.415209E-5	41404.266818	3.413475E+16	0	0	7.46515	0.990714	0	0
36.879031	2.477197	2.352996	41.980346	3.08374	31.53512	3.08374	7.292733E+13	2.397562E-5	41709.034139	3.411041E+16	0	0	7.480567	0.980667	0	0
37.707234	2.327696	2.211961	41.851792	3.165017	30.515602	3.165017	6.807685E+13	2.37918E-5	42031.286237	3.408766E+16	0	0	7.496138	0.97031	0	0
38.539332	2.14924	2.084879	41.723402	3.240926	29.485701	3.240926	6.355177E+13	2.359974E-5	42373.337871	3.406644E+16	0	0	7.509993	0.960423	0	0
39.335382	1.95727	1.971119	41.596057	3.311781	28.452658	3.311781	5.935831E+13	2.340941E-5	42717.856499	3.404677E+16	0	0	7.522161	0.951174	0	0
40.148262	1.727153	1.874648	41.472257	3.376473	27.439608	3.376473	5.554501E+13	2.322023E-5	43065.894917	3.402889E+16	0	0	7.531746	0.941894	0	0
40.917263	1.482682	1.791147	41.349208	3.437111	26.424586	3.437111	5.199592E+13	2.303225E-5	43417.383071	3.401224E+16	0	0	7.53996	0.932438	0	0
41.649064	1.223473	1.718097	41.224967	3.494671	25.393426	3.494671	4.864095E+13	2.283838E-5	43785.946577	3.399651E+16	0	0	7.548653	0.922982	0	0
42.291278	0.974945	1.652692	41.100285	3.548576	24.355058	3.548576	4.549033E+13	2.263017E-5	44188.798992	3.398173E+16	0	0	7.556897	0.91375	0	0
42.869986	0.730793	1.591305	40.976011	3.599193	23.31512	3.599193	4.255194E+13	2.242132E-5	44600.413914	3.396795E+16	0	0	7.562618	0.904653	0	0
43.364859	0.505006	1.529298	40.851606	3.646871	22.270268	3.646871	3.979952E+13	2.220921E-5	45026.352578	3.395504E+16	0	0	7.56566	0.895237	0	0
43.797989	0.291378	1.453193	40.725993	3.69093	21.218624	3.69093	3.720004E+13	2.195664E-5	45544.309003	3.394285E+16	0	0	7.568318	0.885749	0	0
30.370181	3.151005	3.644846	40.602209	3.732876	20.17397	3.732876	3.480378E+13	2.173653E-5	46005.496211	3.393161E+16	0	0	7.571976	0.876852	0	0
44.351843	0	0	40.478491	3.771898	19.130581	3.771898	3.256233E+13	2.149945E-5	46512.811499	3.39211E+16	0	0	7.573688	0.867986	0	0
0	0	0	40.357435	3.808025	18.10752	3.808025	3.050833E+13	2.126915E-5	47016.442065	3.391147E+16	0	0	7.570459	0.859448	0	0
0	0	0	40.236036	3.841923	17.082319	3.841923	2.857811E+13	2.102619E-5	47559.73747	3.390242E+16	0	0	7.568006	0.850622	0	0
0	0	0	40.115584	3.875041	16.056007	3.875041	2.678322E+13	2.083209E-5	48002.855091	3.3894E+16	0	0	7.56407	0.841941	0	0
0	0	0	39.996063	3.906146	15.036924	3.906146	2.511327E+13	2.064145E-5	48446.204098	3.388617E+16	0	0	7.558272	0.833442	0	0
0	0	0	39.876902	3.934009	14.030393	3.934009	2.355166E+13	2.039441E-5	49033.046598	3.387884E+16	0	0	7.550261	0.825008	0	0
0	0	0	39.756957	3.960846	13.015251	3.960846	2.207753E+13	2.01575E-5	49609.336767	3.387193E+16	0	0	7.540887	0.81698	0	0
0	0	0	39.639021	3.985621	12.018794	3.985621	2.071783E+13	1.99158E-5	50211.401648	3.386555E+16	0	0	7.532723	0.808968	0	0
0	0	0	39.521118	4.009012	11.023565	4.009012	1.944199E+13	1.96709E-5	50836.502712	3.385957E+16	0	0	7.523111	0.801268	0	0
0	0	0	39.403476	4.030959	10.032363	4.030959	1.82471E+13	1.941888E-5	51496.272448	3.385396E+16	0	0	7.508008	0.793999	0	0
0	0	0	39.284314	4.051946	9.02968	4.051946	1.711144E+13	1.915997E-5	52192.13999	3.384864E+16	0	0	7.490684	0.786689	0	0
0	0	0	39.165937	4.071931	8.032708	4.071931	1.605309E+13	1.891421E-5	52870.295406	3.384368E+16	0	0	7.477534	0.779452	0	0
0	0	0	39.048181	4.091265	7.038134	4.091265	1.506511E+13	1.869525E-5	53489.526661	3.383904E+16	0	0	7.4634	0.772302	0	0
0	0	0	38.92786	4.109303	6.028529	4.109303	1.411827E+13	1.843608E-5	54241.452295	3.38346E+16	0	0	7.445879	0.765232	0	0
0	0	0	38.810463	4.125898	5.045353	4.125898	1.325172E+13	1.817873E-5	55009.350964	3.383054E+16	0	0	7.42395	0.758321	0	0
0	0	0	38.693246	4.142061	4.061192	4.142061	1.243947E+13	1.794763E-5	55717.675006	3.382673E+16	0	0	7.400608	0.751475	0	0
0	0	0	38.577972	4.157223	3.094024	4.157223	1.168919E+13	1.772561E-5	56415.547401	3.382321E+16	0	0	7.375688	0.744572	0	0
0	0	0	38.462715	4.171536	2.129078	4.171536	1.098418E+13	1.749941E-5	57144.796172	3.38199E+16	0	0	7.350272	0.73775	0	0
0	0	0	38.348258	4.185196	1.170806	4.185196	1.03261E+13	1.728583E-5	57850.85568	3.381682E+16	0	0	7.322438	0.730696	0	0
0	0	0	38.23434	4.197949	0.219988	4.197949	9.710215E+12	1.70632E-5	58605.661634	3.381393E+16	0	0	7.290884	0.723937	0	0
0	0	0	38.121125	4.210125	-0.724736	4.210125	9.13448E+12	1.68517E-5	59341.207563	3.381123E+16	0	0	7.262724	0.71709	0	0
0	0	0	38.007289	4.221525	-1.670916	4.221525	8.589962E+12	1.662296E-5	60157.748789	3.380867E+16	0	0	7.22958	0.710348	0	0
0	0	0	37.895103	4.232759	-2.607225	4.232759	8.085067E+12	1.643903E-5	60830.836507	3.380631E+16	0	0	7.194951	0.703796	0	0
0	0	0	37.783733	4.242916	-3.530796	4.242916	7.613174E+12	1.622306E-5	61640.639392	3.380409E+16	0	0	7.157036	0.697532	0	0
0	0	0	37.673295	4.252682	-4.446989	4.252682	7.172401E+12	1.60238E-5	62407.176122	3.380203E+16	0	0	7.118482	0.69122	0	0
0	0	0	37.564392	4.262044	-5.350941	4.262044	6.762729E+12	1.584394E-5	63115.625884	3.38001E+16	0	0	7.081691	0.684964	0	0
0	0	0	37.458331	4.270437	-6.226863	4.270437	6.386232E+12	1.56446E-5	63919.817698	3.379834E+16	0	0	7.037501	0.6787	0	0
0	0	0	37.356631	4.278158	-7.065895	4.278158	6.044901E+12	1.545724E-5	64694.619414	3.379674E+16	0	0	6.988334	0.672652	0	0
0	0	0	37.25815	4.285398	-7.878148	4.285398	5.731753E+12	1.528443E-5	65426.075002	3.379527E+16	0	0	6.937607	0.666387	0	0
0	0	0	37.158231	4.292383	-8.700613	4.292383	5.430597E+12	1.510577E-5	66199.873567	3.379386E+16	0	0	6.8961	0.660259	0	0
0	0	0	37.058688	4.299208	-9.520639	4.299208	5.146297E+12	1.49446E-5	66913.801899	3.379252E+16	0	0	6.84845	0.654218	0	0
0	0	0	36.956188	4.305945	-10.36397	4.305945	4.869088E+12	1.478134E-5	67652.879363	3.379122E+16	0	0	6.795697	0.648066	0	0
0	0	0	36.856449	4.311886	-11.179751	4.311886	4.613676E+12	1.458993E-5	68540.410383	3.379003E+16	0	0	6.737711	0.641874	0	0
0	0	0	36.755321	4.317749	-12.006899	4.317749	4.368377E+12	1.440697E-5	69410.829621	3.378888E+16	0	0	6.68088	0.635961	0	0
0	0	0	36.654487	4.323777	-12.835517	4.323777	4.136769E+12	1.427283E-5	70063.181991	3.378779E+16	0	0	6.629442	0.62992	0	0
0	0	0	36.554078	4.329148	-13.655148	4.329148	3.918333E+12	1.409901E-5	70926.979936	3.378676E+16	0	0	6.571352	0.624103	0	0
0	0	0	36.45282	4.334405	-14.481486	4.334405	3.709722E+12	1.393323E-5	71770.872626	3.378579E+16	0	0	6.509525	0.61835	0	0
0	0	0	36.351708	4.339271	-15.303679	4.339271	3.512491E+12	1.375021E-5	72726.156595	3.378486E+16	0	0	6.435109	0.612596	0	0
0	0	0	36.250385	4.343953	-16.126745	4.343953	3.32536E+12	1.35696E-5	73694.149636	3.378398E+16	0	0	6.365987	0.607035	0	0
0	0	0	36.150678	4.34862	-16.938799	4.34862	3.150946E+12	1.342522E-5	74486.699323	3.378317E+16	0	0	6.298999	0.601401	0	0
0	0	0	36.046757	4.353094	-17.781856	4.353094	2.978885E+12	1.325277E-5	75455.928856	3.378236E+16	0	0	6.223469	0.595863	0	0
0	0	0	35.945172	4.35738	-18.606229	4.35738	2.819773E+12	1.309921E-5	76340.466	3.378161E+16	0	0	6.142636	0.590397	0	0
0	0	0	35.843554	4.361129	-19.425355	4.361129	2.669109E+12	1.289772E-5	77533.062809	3.378091E+16	0	0	6.062416	0.585003	0	0
0	0	0	35.742524	4.365147	-20.244624	4.365147	2.527296E+12	1.276242E-5	78355.055734	3.378024E+16	0	0	5.991613	0.579489	0	0
0	0	0	35.640956	4.3688	-21.064477	4.3688	2.392317E+12	1.259643E-5	79387.589322	3.377961E+16	0	0	5.903924	0.57431	0	0
0	0	0	35.539681	4.372195	-21.879835	4.372195	2.264906E+12	1.241826E-5	80526.583582	3.377901E+16	0	0	5.808966	0.569378	0	0
0	0	0	35.438586	4.375555	-22.694395	4.375555	2.144486E+12	1.225922E-5	81571.255433	3.377845E+16	0	0	5.723194	0.564168	0	0
0	0	0	35.337703	4.378766	-23.506358	4.378766	2.0307E+12	1.21017E-5	82632.989516	3.377791E+16	0	0	5.641515	0.559196	0	0
0	0	0	35.23522	4.381656	-24.327154	4.381656	1.921287E+12	1.190467E-5	84000.652431	3.37774E+16	0	0	5.548824	0.553938	0	0
0	0	0	35.131511	4.384625	-25.159285	4.384625	1.816564E+12	1.173486E-5	85216.210689	3.377691E+16	0	0	5.440696	0.54907	0	0
0	0	0	35.029436	4.387327	-25.976161	4.387327	1.719065E+12	1.155255E-5	86560.96275	3.377645E+16	0	0	5.342591	0.544155	0	0
0	0	0	34.926773	4.390044	-26.798572	4.390044	1.626281E+12	1.139054E-5	87792.131195	3.377602E+16	0	0	5.238883	0.539271	0	0
0	0	0	34.823685	4.392819	-27.625904	4.392819	1.538151E+12	1.125894E-5	88818.31529	3.37756E+16	0	0	5.123808	0.534411	0	0
0	0	0	34.721087	4.395234	-28.445171	4.395234	1.455181E+12	1.108646E-5	90200.088928	3.377521E+16	0	0	5.008271	0.529488	0	0
0	0	0	34.616888	4.397545	-29.275929	4.397545	1.375495E+12	1.09054E-5	91697.677626	3.377484E+16	0	0	4.90715	0.5247	0	0
0	0	0	34.513278	4.39981	-30.102255	4.39981	1.300585E+12	1.073964E-5	93113.020321	3.377449E+16	0	0	4.799576	0.519872	0	0
0	0	0	34.40854	4.401928	-30.935722	4.401928	1.229005E+12	1.055824E-5	94712.74609	3.377415E+16	0	0	4.681533	0.515133	0	0
0	0	0	34.303476	4.404005	-31.771767	4.404005	1.161159E+12	1.038679E-5	96276.156387	3.377383E+16	0	0	4.564761	0.510488	0	0
0	0	0	34.196533	4.405886	-32.619883	4.405886	1.095945E+12	1.018354E-5	98197.71043	3.377353E+16	0	0	4.448168	0.50594	0	0
0	0	0	34.089574	4.407761	-33.468654	4.407761	1.034383E+12	9.998103E-6	100018.973188	3.377324E+16	0	0	4.310779	0.501384	0	0
0	0	0	33.983268	4.409651	-34.313246	4.409651	9.766241E+11	9.838648E-6	101639.982379	3.377297E+16	0	0	4.173506	0.496939	0	0
0	0	0	33.875606	4.411313	-35.165293	4.411313	9.214144E+11	9.640758E-6	103726.285156	3.377271E+16	0	0	4.050783	0.492446	0	0
0	0	0	33.767536	4.412743	-36.017343	4.412743	8.691334E+11	9.406072E-6	106314.303602	3.377246E+16	0	0	3.91088	0.488089	0	0
0	0	0	33.658535	4.414494	-36.882136	4.414494	8.194061E+11	9.257175E-6	108024.320042	3.377223E+16	0	0	3.781202	0.483669	0	0
0	0	0	33.548816	4.416082	-37.750396	4.416082	7.722236E+11	9.085819E-6	110061.622153	3.377201E+16	0	0	3.635559	0.479392	0	0
0	0	0	33.438426	4.41762	-38.623518	4.41762	7.274942E+11	8.917677E-6	112136.827854	3.37718E+16	0	0	3.479755	0.475194	0	0
0	0	0	33.327204	4.418896	-39.499244	4.418896	6.850469E+11	8.699397E-6	114950.500783	3.37716E+16	0	0	3.338582	0.470869	0	0
0	0	0	33.212975	4.420158	-40.398261	4.420158	6.440289E+11	8.479988E-6	117924.693015	3.377141E+16	0	0	3.182589	0.466632	0	0
0	0	0	33.099172	4.421597	-41.297439	4.421597	6.056057E+11	8.324152E-6	120132.364017	3.377123E+16	0	0	3.04286	0.462419	0	0
0	0	0	32.984699	4.42276	-42.197564	4.42276	5.692685E+11	8.112415E-6	123267.862304	3.377106E+16	0	0	2.885825	0.458253	0	0
0	0	0	32.870438	4.424095	-43.09942	4.424095	5.351729E+11	7.962777E-6	125584.334454	3.37709E+16	0	0	2.728143	0.454136	0	0
0	0	0	32.753646	4.425178	-44.016854	4.425178	5.024312E+11	7.752947E-6	128983.216208	3.377074E+16	0	0	2.58195	0.449994	0	0
0	0	0	32.636543	4.426286	-44.93749	4.426286	4.716133E+11	7.564387E-6	132198.421601	3.37706E+16	0	0	2.44058	0.446005	0	0
0	0	0	32.518018	4.427409	-45.869721	4.427409	4.423457E+11	7.390262E-6	135313.202446	3.377046E+16	0	0	2.30876	0.442015	0	0
0	0	0	32.39889	4.428388	-46.804446	4.428388	4.147588E+11	7.190456E-6	139073.235648	3.377033E+16	0	0	2.17852	0.438049	0	0
0	0	0	32.277181	4.429422	-47.760385	4.429422	3.883501E+11	7.011459E-6	142623.669966	3.377021E+16	0	0	2.039645	0.434195	0	0
0	0	0	32.155422	4.430223	-48.712846	4.430223	3.636132E+11	6.782681E-6	147434.3281	3.377009E+16	0	0	1.908719	0.430388	0	0
0	0	0	32.033386	4.431197	-49.670925	4.431197	3.404007E+11	6.616532E-6	151136.587772	3.376998E+16	0	0	1.778755	0.426462	0	0
0	0	0	31.910174	4.432014	-50.635485	4.432014	3.184675E+11	6.416122E-6	155857.389563	3.376988E+16	0	0	1.654494	0.422744	0	0
0	0	0	31.784691	4.432845	-51.618129	4.432845	2.975821E+11	6.22672E-6	160598.190267	3.376978E+16	0	0	1.524986	0.419009	0	0
0	0	0	31.662067	4.43369	-52.579326	4.43369	2.784963E+11	6.065506E-6	164866.707398	3.376969E+16	0	0	1.400042	0.415291	0	0
0	0	0	31.539247	4.434407	-53.539882	4.434407	2.606069E+11	5.879637E-6	170078.515491	3.376961E+16	0	0	1.281817	0.411652	0	0
0	0	0	31.407835	4.435144	-54.567339	4.435144	2.427366E+11	5.686189E-6	175864.702102	3.376953E+16	0	0	1.166095	0.408013	0	0
0	0	0	31.276602	4.436004	-55.596122	4.436004	2.261136E+11	5.544721E-6	180351.718576	3.376945E+16	0	0	1.055407	0.404462	0	0
0	0	0	31.144978	4.436563	-56.622315	4.436563	2.105843E+11	5.325961E-6	187759.527843	3.376938E+16	0	0	0.946735	0.40084	0	0
0	0	0	31.011998	4.437285	-57.662442	4.437285	1.959779E+11	5.165851E-6	193578.931505	3.376931E+16	0	0	0.843594	0.397352	0	0
0	0	0	30.876796	4.437854	-58.716908	4.437854	1.821656E+11	4.967024E-6	201327.781008	3.376924E+16	0	0	0.746599	0.393969	0	0
0	0	0	30.740451	4.438497	-59.781937	4.438497	1.692222E+11	4.800805E-6	208298.404404	3.376918E+16	0	0	0.65156	0.390434	0	0
0	0	0	30.601492	4.43908	-60.86618	4.43908	1.569765E+11	4.623225E-6	216299.240013	3.376912E+16	0	0	0.558381	0.387059	0	0
0	0	0	30.458858	4.439649	-61.978725	4.439649	1.453279E+11	4.44537E-6	224953.168974	3.376907E+16	0	0	0.482964	0.383651	0	0
0	0	0	30.316469	4.440272	-63.090766	4.440272	1.345615E+11	4.297774E-6	232678.574389	3.376902E+16	0	0	0.412125	0.380236	0	0
0	0	0	30.172038	4.440801	-64.216843	4.440801	1.244553E+11	4.129862E-6	242138.838819	3.376897E+16	0	0	0.345565	0.376908	0	0
0	0	0	30.026104	4.441152	-65.350935	4.441152	1.150146E+11	3.917936E-6	255236.461968	3.376893E+16	0	0	0.283167	0.373645	0	0
0	0	0	29.876937	4.441834	-66.51733	4.441834	1.061043E+11	3.810887E-6	262406.121098	3.376889E+16	0	0	0.234434	0.370277	0	0
0	0	0	29.726152	4.442235	-67.690349	4.442235	9.779885E+10	3.628422E-6	275601.877322	3.376885E+16	0	0	0.188472	0.367093	0	0
0	0	0	29.572622	4.442665	-68.885398	4.442665	9.000985E+10	3.462057E-6	288845.600567	3.376881E+16	0	0	0.15464	0.363806	0	0
0	0	0	29.415499	4.443233	-70.111497	4.443233	8.268041E+10	3.34229E-6	299196.065191	3.376878E+16	0	0	0.125021	0.360758	0	0
0	0	0	29.257413	4.443525	-71.33905	4.443525	7.590824E+10	3.151033E-6	317356.225357	3.376874E+16	0	0	0.096701	0.357614	0	0
0	0	0	29.096517	4.444029	-72.593302	4.444029	6.958499E+10	3.029227E-6	330117.249994	3.376871E+16	0	0	0.078943	0.354549	0	0
0	0	0	28.932501	4.444311	-73.866761	4.444311	6.368098E+10	2.849825E-6	350898.710905	3.376869E+16	0	0	0.056896	0.351629	0	0
0	0	0	28.766524	4.444726	-75.158619	4.444726	5.821618E+10	2.717308E-6	368011.246938	3.376866E+16	0	0	0.047932	0.348612	0	0
0	0	0	28.596432	4.445122	-76.482022	4.445122	5.310204E+10	2.584458E-6	386928.353392	3.376864E+16	0	0	0.043928	0.345684	0	0
0	0	0	28.423497	4.445497	-77.827117	4.445497	4.83628E+10	2.453339E-6	407607.811078	3.376862E+16	0	0	0.025473	0.342731	0	0
0	0	0	28.249141	4.44569	-79.178976	4.44569	4.401271E+10	2.282246E-6	438164.910752	3.376859E+16	0	0	0.018992	0.339675	0	0
0	0	0	28.07044	4.446278	-80.574161	4.446278	3.995991E+10	2.222442E-6	449955.582504	3.376858E+16	0	0	0.019527	0.336731	0	0
0	0	0	27.890204	4.446496	-81.972382	4.446496	3.625021E+10	2.071755E-6	482682.54277	3.376856E+16	0	0	0.01136	0.333922	0	0
0	0	0	27.706995	4.447044	-83.401962	4.447044	3.283209E+10	2.01665E-6	495871.949674	3.376854E+16	0	0	0.009547	0.331017	0	0
0	0	0	27.516206	4.44696	-84.874461	4.44696	2.961469E+10	1.798532E-6	556008.976255	3.376853E+16	0	0	0.010781	0.328145	0	0
0	0	0	27.324127	4.447237	-86.366099	4.447237	2.669395E+10	1.683967E-6	593835.937971	3.376851E+16	0	0	0.003112	0.325432	0	0
0	0	0	27.128634	4.447667	-87.888243	4.447667	2.40169E+10	1.612085E-6	620314.542026	3.37685E+16	0	0	0.008219	0.322655	0	0
0	0	0	26.92976	4.447889	-89.431355	4.447889	2.156886E+10	1.497376E-6	667834.79486	3.376849E+16	0	0	0.001979	0.320053	0	0
0	0	0	26.724711	4.448299	-91.027301	4.448299	1.93058E+10	1.430638E-6	698989.084923	3.376848E+16	0	0	-0.001579	0.317316	0	0
0	0	0	26.516559	4.448304	-92.636652	4.448304	1.725123E+10	1.279474E-6	781571.137356	3.376847E+16	0	0	0.003615	0.314531	0	0
0	0	0	26.30594	4.448631	-94.273772	4.448631	1.539476E+10	1.206534E-6	828820.241471	3.376846E+16	0	0	0.005663	0.31189	0	0
0	0	0	26.089768	4.448882	-95.95201	4.448882	1.369689E+10	1.122668E-6	890735.080233	3.376845E+16	0	0	0.003266	0.309257	0	0
0	0	0	25.870197	4.449139	-97.65682	4.449139	1.216392E+10	1.045891E-6	956122.470008	3.376845E+16	0	0	1.025653E-5	0.306679	0	0
0	0	0	25.643424	4.449298	-99.414728	4.449298	1.076053E+10	9.54014E-7	1048202.648553	3.376844E+16	0	0	-0.000403	0.304102	0	0
0	0	0	25.414085	4.449559	-101.195524	4.449559	9.505869E+9	8.885481E-7	1125431.526242	3.376843E+16	0	0	-0.004158	0.301572	0	0
0	0	0	25.180418	4.449722	-103.007132	4.449722	8.377872E+9	8.105265E-7	1233765.898452	3.376843E+16	0	0	-0.00041	0.299075	0	0
0	0	0	24.94141	4.449979	-104.862899	4.449979	7.362437E+9	7.53859E-7	1326508.039349	3.376842E+16	0	0	0.002129	0.296481	0	0
0	0	0	24.696848	4.450167	-106.759761	4.450167	6.450681E+9	6.89932E-7	1449418.212586	3.376842E+16	0	0	0.000865	0.294055	0	0
0	0	0	24.449052	4.450256	-108.678822	4.450256	5.641963E+9	6.164546E-7	1622179.391988	3.376841E+16	0	0	0.000441	0.291558	0	0
0	0	0	24.195113	4.45071	-110.65652	4.45071	4.918277E+9	6.039052E-7	1655889.120601	3.376841E+16	0	0	-0.001725	0.289164	0	0
0	0	0	23.935768	4.450696	-112.661995	4.450696	4.274904E+9	5.228109E-7	1912737.624869	3.376841E+16	0	0	0.000886	0.286754	0	0
0	0	0	23.67198	4.450745	-114.703818	4.450745	3.706779E+9	4.594983E-7	2176286.851914	3.376841E+16	0	0	-0.00043	0.284272	0	0
0	0	0	23.406216	4.450972	-116.766565	4.450972	3.210724E+9	4.245372E-7	2355506.09777	3.37684E+16	0	0	1.111501E-5	0.281799	0	0
0	0	0	23.134701	4.45117	-118.873027	4.45117	2.772422E+9	3.891393E-7	2569773.634416	3.37684E+16	0	0	0.000908	0.279381	0	0
0	0	0	22.856229	4.451338	-121.032521	4.451338	2.384965E+9	3.532306E-7	2831011.50436	3.37684E+16	0	0	-0.001796	0.277035	0	0
0	0	0	22.574342	4.451313	-123.21226	4.451313	2.047874E+9	3.008697E-7	3323698.407186	3.37684E+16	0	0	-0.003632	0.274792	0	0
0	0	0	22.287996	4.451614	-125.437286	4.451614	1.754194E+9	2.857873E-7	3499105.595793	3.37684E+16	0	0	-0.000448	0.272462	0	0
0	0	0	21.994985	4.451782	-127.709649	4.451782	1.497226E+9	2.596863E-7	3850799.49764	3.37684E+16	0	0	-0.003227	0.270252	0	0
0	0	0	21.698479	4.451718	-130.001299	4.451718	1.275488E+9	2.158971E-7	4631835.491167	3.376839E+16	0	0	0.001877	0.26797	0	0
0	0	0	21.400927	4.451881	-132.308818	4.451881	1.085975E+9	1.95804E-7	5107147.893387	3.376839E+16	0	0	0.004713	0.265704	0	0
0	0	0	21.097233	4.451975	-134.661583	4.451975	9.215554E+8	1.726403E-7	5792391.260105	3.376839E+16	0	0	0.004274	0.263637	0	0
0	0	0	20.788182	4.452281	-137.063412	4.452281	7.797677E+8	1.673788E-7	5974472.299572	3.376839E+16	0	0	-0.004762	0.261426	0	0
0	0	0	20.475227	4.452207	-139.482076	4.452207	6.58404E+8	1.365139E-7	7325263.30438	3.376839E+16	0	0	0.000493	0.259384	0	0
0	0	0	20.158596	4.452301	-141.935216	4.452301	5.54826E+8	1.202281E-7	8317525.415683	3.376839E+16	0	0	0.001951	0.257293	0	0
0	0	0	19.836248	4.452399	-144.432861	4.452399	4.660999E+8	1.060372E-7	9430654.695962	3.376839E+16	0	0	0.00392	0.25517	0	0
0	0	0	19.512284	4.452543	-146.944777	4.452543	3.912204E+8	9.593722E-8	1.042348E+7	3.376839E+16	0	0	-0.00048	0.25308	0	0
0	0	0	19.183386	4.452518	-149.488643	4.452518	3.274959E+8	7.924641E-8	1.261887E+7	3.376839E+16	0	0	-0.001972	0.251085	0	0
0	0	0	18.852397	4.452646	-152.054537	4.452646	2.738416E+8	7.116916E-8	1.405103E+7	3.376839E+16	0	0	0.003513	0.24897	0	0
0	0	0	18.518109	4.452854	-154.649163	4.452854	2.285695E+8	6.747244E-8	1.482087E+7	3.376839E+16	0	0	-0.002507	0.247015	0	0
0	0	0	18.180259	4.453046	-157.270969	4.453046	1.90415E+8	6.432266E-8	1.554662E+7	3.376839E+16	0	0	-0.005572	0.245044	0	0
0	0	0	17.841022	4.453002	-159.894259	4.453002	1.585105E+8	5.181953E-8	1.929774E+7	3.376839E+16	0	0	0.00206	0.242993	0	0
0	0	0	17.499922	4.452987	-162.53311	4.452987	1.318189E+8	4.263572E-8	2.345451E+7	3.376839E+16	0	0	0.008781	0.240982	0	0
0	0	0	17.155114	4.45316	-165.20832	4.45316	1.094024E+8	4.039539E-8	2.47553E+7	3.376839E+16	0	0	0.001052	0.239203	0	0
0	0	0	16.810094	4.453244	-167.881669	4.453244	9.078754E+7	3.599774E-8	2.777952E+7	3.376839E+16	0	0	0.002107	0.237248	0	0
0	0	0	16.467981	4.453352	-170.533641	4.453352	7.545851E+7	3.308129E-8	3.022857E+7	3.376839E+16	0	0	-0.00368	0.235325	0	0
0	0	0	16.119221	4.453436	-173.236125	4.453436	6.249271E+7	2.983301E-8	3.351991E+7	3.376839E+16	0	0	0.001077	0.233378	0	0
0	0	0	15.771946	4.453495	-175.926131	4.453495	5.179639E+7	2.638262E-8	3.790375E+7	3.376839E+16	0	0	0.000549	0.23159	0	0
0	0	0	15.42196	4.453545	-178.636754	4.453545	4.286798E+7	2.312543E-8	4.324244E+7	3.376839E+16	0	0	0.000553	0.229643	0	0
0	0	0	15.07369	4.453486	-181.329366	4.453486	3.551151E+7	1.788831E-8	5.590243E+7	3.376839E+16	0	0	-0.004883	0.227792	0	0
0	0	0	14.725533	4.453584	-184.028081	4.453584	2.941929E+7	1.665811E-8	6.003081E+7	3.376839E+16	0	0	0.002206	0.226045	0	0
0	0	0	14.378226	4.453723	-186.722109	4.453723	2.438342E+7	1.670895E-8	5.984818E+7	3.376839E+16	0	0	0.002223	0.224201	0	0
0	0	0	14.031932	4.453747	-189.403259	4.453747	2.022064E+7	1.43968E-8	6.945988E+7	3.376839E+16	0	0	-0.003325	0.22247	0	0
0	0	0	13.687647	4.453851	-192.072534	4.453851	1.678676E+7	1.429326E-8	6.996306E+7	3.376839E+16	0	0	0.006184	0.220594	0	0
0	0	0	13.343639	4.453851	-194.734924	4.453851	1.393811E+7	1.186776E-8	8.426188E+7	3.376839E+16	0	0	-0.005071	0.218879	0	0
0	0	0	13.004467	4.453742	-197.354765	4.453742	1.160316E+7	8.197363E-9	1.219904E+8	3.376839E+16	0	0	1.423825E-5	0.217067	0	0
0	0	0	12.670162	4.45389	-199.949077	4.45389	9684810	8.911276E-9	1.122174E+8	3.376839E+16	0	0	-0.005721	0.215463	0	0
0	0	0	12.333015	4.453969	-202.562203	4.453969	8071214.5	8.854745E-9	1.129338E+8	3.376839E+16	0	0	0.001171	0.2137	0	0
0	0	0	12.002272	4.453979	-205.122481	4.453979	6749784.5	7.587429E-9	1.317969E+8	3.376839E+16	0	0	0.002927	0.211976	0	0
0	0	0	11.674027	4.453964	-207.662212	4.453964	5652332	6.127406E-9	1.632012E+8	3.376839E+16	0	0	1.466726E-5	0.210364	0	0
0	0	0	11.349311	4.454038	-210.17904	4.454038	4742352	6.255309E-9	1.598642E+8	3.376839E+16	0	0	0.001788	0.208713	0	0
0	0	0	11.03072	4.454201	-212.652993	4.454201	3992068	1.006583E-8	9.934598E+7	3.376839E+16	0	0	-0.005344	0.207117	0	0
0	0	0	10.71587	4.454048	-215.082134	4.454048	3367289	4.573752E-9	2.186389E+8	3.376839E+16	0	0	0.004215	0.205433	0	0
0	0	0	10.405087	4.454162	-217.49329	4.454162	2846542.5	5.878366E-9	1.701153E+8	3.376839E+16	0	0	0.006666	0.203781	0	0
0	0	0	10.100642	4.454127	-219.847852	4.454127	2414587	4.304616E-9	2.323087E+8	3.376839E+16	0	0	0.00428	0.202153	0	0
0	0	0	9.801245	4.454182	-222.167945	4.454182	2053776	4.663248E-9	2.144428E+8	3.376839E+16	0	0	0.002471	0.200541	0	0
0	0	0	9.506323	4.454113	-224.446963	4.454113	1751112	2.949012E-9	3.390967E+8	3.376839E+16	0	0	0.001871	0.198985	0	0
0	0	0	9.218164	4.454196	-226.681684	4.454196	1498520	3.676896E-9	2.719685E+8	3.376839E+16	0	0	-0.003721	0.197541	0	0
0	0	0	8.936587	4.454196	-228.861047	4.454196	1286935.5	3.157735E-9	3.166827E+8	3.376839E+16	0	0	0.0019	0.195817	0	0
0	0	0	8.659372	4.454221	-231.007982	4.454221	1107834	3.140369E-9	3.184339E+8	3.376839E+16	0	0	0.003811	0.194293	0	0
0	0	0	8.390079	4.454409	-233.102452	4.454409	957751	-1.507265E-8	-6.634533E+7	3.376839E+16	0	0	-0.001897	0.192705	0	0
0	0	0	8.127958	4.454172	-235.118383	4.454172	831216.5	1.797893E-9	5.562067E+8	3.376839E+16	0	0	0.00708	0.191237	0	0
0	0	0	7.869201	4.454196	-237.122475	4.454196	722712	1.773309E-9	5.639175E+8	3.376839E+16	0	0	-0.005806	0.189769	0	0
0	0	0	7.61683	4.454399	-239.086995	4.454399	630545.5	-1.514599E-8	-6.602407E+7	3.376839E+16	0	0	0.011087	0.18842	0	0
0	0	0	7.37204	4.454221	-240.971809	4.454221	552391	1.56586E-9	6.386268E+8	3.376839E+16	0	0	-0.001953	0.186856	0	0
0	0	0	7.132133	4.454364	-242.836697	4.454364	485203	1.383993E-8	7.225472E+7	3.376839E+16	0	0	0.007291	0.185396	0	0
0	0	0	6.896914	4.454167	-244.646166	4.454167	427268.5	9.027747E-10	1.107696E+9	3.376839E+16	0	0	0.001349	0.183936	0	0
0	0	0	6.667543	4.454369	-246.432956	4.454369	377443	1.565989E-8	6.38574E+7	3.376839E+16	0	0	0.008069	0.182563	0	0
0	0	0	6.444575	4.454266	-248.152829	4.454266	334583.5	1.316372E-9	7.596635E+8	3.376839E+16	0	0	1.690021E-5	0.181135	0	0
0	0	0	6.226573	4.454389	-249.847253	4.454389	297388.5	-1.508052E-8	-6.631073E+7	3.376839E+16	0	0	0.002741	0.179706	0	0
0	0	0	6.013766	4.454404	-251.495273	4.454404	265072	-5.04064E-9	-1.983875E+8	3.376839E+16	0	0	0.002077	0.178214	0	0
0	0	0	5.805515	4.454349	-253.10401	4.454349	236849.5	3.486926E-9	2.867856E+8	3.376839E+16	0	0	0.002781	0.177001	0	0
0	0	0	5.603913	4.454389	-254.666737	4.454389	212394	-1.077044E-8	-9.28467E+7	3.376839E+16	0	0	0.002107	0.175517	0	0
0	0	0	5.406803	4.454374	-256.19153	4.454374	190926.5	1.452264E-8	6.885801E+7	3.376839E+16	0	0	0.00142	0.174304	0	0
0	0	0	5.215884	4.454488	-257.675971	4.454488	172204.5	-7.210253E-10	-1.386914E+9	3.376839E+16	0	0	-0.002806	0.173012	0	0
0	0	0	5.025929	4.454488	-259.146284	4.454488	155399	-6.506601E-10	-1.536901E+9	3.376839E+16	0	0	-0.002826	0.171727	0	0
0	0	0	4.843062	4.454488	-260.561724	4.454488	140772	-5.894165E-10	-1.696593E+9	3.376839E+16	0	0	-0.000698	0.17041	0	0
0	0	0	4.665194	4.454349	-261.930202	4.454349	127867	1.882474E-9	5.312159E+8	3.376839E+16	0	0	0.001462	0.168982	0	0
0	0	0	4.490839	4.454419	-263.283888	4.454419	116365.5	-1.361734E-9	-7.34358E+8	3.376839E+16	0	0	0.002925	0.167785	0	0
0	0	0	4.321383	4.454414	-264.595209	4.454414	106179.5	-1.425261E-9	-7.01626E+8	3.376839E+16	0	0	0.00075	0.166476	0	0
0	0	0	4.154345	4.454503	-265.893502	4.454503	97012	-3.570559E-10	-2.800682E+9	3.376839E+16	0	0	-0.005879	0.165279	0	0
0	0	0	3.991048	4.454424	-267.152669	4.454424	88815.5	-9.212311E-10	-1.085504E+9	3.376839E+16	0	0	0.002246	0.164058	0	0
0	0	0	3.832487	4.454443	-268.381165	4.454443	81519.5	-5.813183E-10	-1.720228E+9	3.376839E+16	0	0	-0.005965	0.162766	0	0
0	0	0	3.678223	4.454532	-269.580659	4.454532	74997.5	-2.222586E-10	-4.499264E+9	3.376839E+16	0	0	1.884382E-5	0.161441	0	0
0	0	0	3.526719	4.454419	-270.746362	4.454419	69100	-8.086227E-10	-1.236671E+9	3.376839E+16	0	0	-0.002258	0.160244	0	0
0	0	0	3.379316	4.454295	-271.87967	4.454295	63807.5	3.386146E-10	2.95321E+9	3.376839E+16	0	0	-0.006097	0.159047	0	0
0	0	0	3.235277	4.454537	-273.009533	4.454537	59027.5	-1.694298E-10	-5.902151E+9	3.376839E+16	0	0	0.0031	0.157778	0	0
0	0	0	3.092414	4.454611	-274.119953	4.454611	54640.5	-1.065691E-10	-9.383585E+9	3.376839E+16	0	0	-0.006187	0.156605	0	0
0	0	0	2.954942	4.454537	-275.179433	4.454537	50727	-1.456044E-10	-6.867925E+9	3.376839E+16	0	0	-0.00779	0.155488	0	0
0	0	0	2.820361	4.454498	-276.218667	4.454498	47167.5	-1.808957E-10	-5.528046E+9	3.376839E+16	0	0	1.967809E-5	0.154211	0	0
0	0	0	2.688851	4.454379	-277.229152	4.454379	43931	2.004942E-8	4.987676E+7	3.376839E+16	0	0	-0.003151	0.153054	0	0
0	0	0	2.558909	4.454458	-278.2399	4.454458	40950.5	-2.365727E-10	-4.227031E+9	3.376839E+16	0	0	0.005603	0.152065	0	0
0	0	0	2.434292	4.454478	-279.205716	4.454478	38283	-1.764831E-10	-5.666264E+9	3.376839E+16	0	0	0.000824	0.150884	0	0
0	0	0	2.310067	4.454503	-280.168818	4.454503	35796.5	-1.317502E-10	-7.590121E+9	3.376839E+16	0	0	0.004066	0.149751	0	0
0	0	0	2.188994	4.454458	-281.103132	4.454458	33529	-1.936984E-10	-5.162666E+9	3.376839E+16	0	0	0.003282	0.148554	0	0
0	0	0	2.070046	4.454478	-282.025086	4.454478	31440.5	-1.449395E-10	-6.899432E+9	3.376839E+16	0	0	0.00824	0.147301	0	0
0	0	0	1.954527	4.454646	-282.929967	4.454646	29537.5	-5.01134E-11	-1.995474E+10	3.376839E+16	0	0	0.009122	0.146288	0	0
0	0	0	1.841508	4.454567	-283.799733	4.454567	27786.5	-6.709721E-11	-1.490375E+10	3.376839E+16	0	0	-0.000812	0.145194	0	0
0	0	0	1.731086	4.454651	-284.659843	4.454651	26176.5	-4.36007E-11	-2.293541E+10	3.376839E+16	0	0	2.097403E-5	0.144149	0	0
0	0	0	1.622967	4.454498	-285.486879	4.454498	24690.5	-9.469245E-11	-1.05605E+10	3.376839E+16	0	0	0.008467	0.143136	0	0
0	0	0	1.519732	4.454606	-286.292967	4.454606	23350.5	-4.653644E-11	-2.148854E+10	3.376839E+16	0	0	2.125473E-5	0.142122	0	0
0	0	0	1.416726	4.454547	-287.086448	4.454547	22086	-5.964345E-11	-1.67663E+10	3.376839E+16	0	0	0.001737	0.140837	0	0
0	0	0	1.312805	4.454685	-287.899811	4.454685	20879	-3.083782E-11	-3.242772E+10	3.376839E+16	0	0	-0.001704	0.139896	0	0
0	0	0	1.212886	4.454507	-288.661679	4.454507	19781	-6.998274E-11	-1.428924E+10	3.376839E+16	0	0	-0.001716	0.138882	0	0
0	0	0	1.115188	4.454705	-289.430769	4.454705	18763.5	-2.602857E-11	-3.841932E+10	3.376839E+16	0	0	-0.002602	0.137909	0	0
0	0	0	1.020774	4.454433	-290.143847	4.454433	17830	-1.506919E-10	-6.636055E+9	3.376839E+16	0	0	0.000903	0.136856	0	0
0	0	0	0.928304	4.454572	-290.868643	4.454572	16960.5	-3.989967E-11	-2.506286E+10	3.376839E+16	0	0	-0.003528	0.13581	0	0
0	0	0	0.837107	4.454522	-291.571301	4.454522	16144.5	-5.116754E-11	-1.954364E+10	3.376839E+16	0	0	0.004493	0.134757	0	0
0	0	0	0.748312	4.454537	-292.25958	4.454537	15388	-4.416899E-11	-2.264032E+10	3.376839E+16	0	0	0.01263	0.133728	0	0
0	0	0	0.662033	4.454503	-292.925139	4.454503	14687	-5.405599E-11	-1.849934E+10	3.376839E+16	0	0	-0.004513	0.132698	0	0
0	0	0	0.577321	4.454616	-293.588331	4.454616	14029.5	-2.679025E-11	-3.732702E+10	3.376839E+16	0	0	-0.005457	0.131733	0	0
0	0	0	0.495093	4.454641	-294.226454	4.454641	13419.5	-2.319876E-11	-4.310575E+10	3.376839E+16	0	0	0.001865	0.130592	0	0
0	0	0	0.413959	4.454586	-294.850876	4.454586	12844	-2.8047E-11	-3.565444E+10	3.376839E+16	0	0	0.009307	0.129506	0	0
0	0	0	0.336467	4.454542	-295.447746	4.454542	12317	-3.427627E-11	-2.917471E+10	3.376839E+16	0	0	0.009384	0.128389	0	0
0	0	0	0.263157	4.454517	-296.01355	4.454517	11838.5	-3.886998E-11	-2.57268E+10	3.376839E+16	0	0	-0.008465	0.12736	0	0
0	0	0	0.195385	4.454656	-296.54734	4.454656	11412.5	-1.866848E-11	-5.356622E+10	3.376839E+16	0	0	-0.006619	0.126522	0	0
0	0	0	0.135829	4.454542	-297.000764	4.454542	11051	-3.075319E-11	-3.251695E+10	3.376839E+16	0	0	-0.006672	0.125469	0	0
0	0	0	0.083754	4.454572	-297.405821	4.454572	10744	-2.527532E-11	-3.956429E+10	3.376839E+16	0	0	0.003876	0.124599	0	0
0	0	0	0.037658	4.454547	-297.760976	4.454547	10479.5	-2.829999E-11	-3.53357E+10	3.376839E+16	0	0	0.009727	0.123593	0	0
0	0	0	-0.001186	4.454616	-298.066267	4.454616	10262	-1.959596E-11	-5.103093E+10	3.376839E+16	0	0	0.003936	0.12258	0	0
0	0	0	-0.036191	4.454665	-298.34053	4.454665	10069.5	-1.590166E-11	-6.288652E+10	3.376839E+16	0	0	-0.003911	0.121798	0	0
0	0	0	-0.066819	4.454517	-298.567679	4.454517	9904	-3.251833E-11	-3.075189E+10	3.376839E+16	0	0	-0.003939	0.120856	0	0
0	0	0	-0.093608	4.45468	-298.785957	4.45468	9761.5	-1.465465E-11	-6.823774E+10	3.376839E+16	0	0	-0.003966	0.119995	0	0
0	0	0	-0.116835	4.454572	-298.958469	4.454572	9640	-2.267815E-11	-4.40953E+10	3.376839E+16	0	0	0.005049	0.119093	0	0
0	0	0	-0.138103	4.454443	-299.114475	4.454443	9529.5	-6.795518E-11	-1.471558E+10	3.376839E+16	0	0	-0.008062	0.118335	0	0
0	0	0	-0.157345	4.454651	-299.277337	4.454651	9431	-1.570868E-11	-6.365909E+10	3.376839E+16	0	0	0.005121	0.117337	0	0
0	0	0	-0.174284	4.454631	-299.407127	4.454631	9345	-1.679106E-11	-5.955552E+10	3.376839E+16	0	0	-0.004076	0.116563	0	0
0	0	0	-0.189279	4.454646	-299.524193	4.454646	9270	-1.572751E-11	-6.358287E+10	3.376839E+16	0	0	2.580299E-5	0.115757	0	0
0	0	0	-0.202919	4.454621	-299.628111	4.454621	9201.5	-1.721081E-11	-5.810303E+10	3.376839E+16	0	0	0.008343	0.114872	0	0
0	0	0	-0.215039	4.454606	-299.720932	4.454606	9141.5	-1.821857E-11	-5.488904E+10	3.376839E+16	0	0	0.003171	0.113858	0	0
0	0	0	-0.224873	4.454582	-299.795388	4.454582	9093	-2.034274E-11	-4.915759E+10	3.376839E+16	0	0	-0.009457	0.113236	0	0
0	0	0	-0.235278	4.454685	-299.882902	4.454685	9042	-1.335483E-11	-7.487926E+10	3.376839E+16	0	0	-0.002101	0.112119	0	0
0	0	0	-0.243968	4.454542	-299.940536	4.454542	8999.5	-2.504419E-11	-3.992943E+10	3.376839E+16	0	0	0.006443	0.11148	0	0
0	0	0	-0.252184	4.454577	-300.006459	4.454577	8960	-2.054884E-11	-4.866454E+10	3.376839E+16	0	0	-0.007518	0.110563	0	0
0	0	0	-0.259861	4.454606	-300.067878	4.454606	8922.5	-1.778212E-11	-5.623627E+10	3.376839E+16	0	0	-0.001058	0.109812	0	0
0	0	0	-0.267359	4.454596	-300.125248	4.454596	8886.5	-1.851906E-11	-5.399841E+10	3.376839E+16	0	0	0.002214	0.108903	0	0
0	0	0	-0.273648	4.454641	-300.176918	4.454641	8856.5	-1.531054E-11	-6.531447E+10	3.376839E+16	0	0	0.012121	0.108256	0	0
0	0	0	-0.279349	4.454749	-300.228358	4.454749	8829	-1.077388E-11	-9.281703E+10	3.376839E+16	0	0	0.004461	0.107347	0	0
0	0	0	-0.28451	4.454527	-300.253354	4.454527	8804.5	-2.696813E-11	-3.708081E+10	3.376839E+16	0	0	-0.01336	0.106589	0	0
0	0	0	-0.28946	4.454621	-300.297981	4.454621	8781	-1.642429E-11	-6.088544E+10	3.376839E+16	0	0	-0.004462	0.105902	0	0
0	0	0	-0.294279	4.454557	-300.330957	4.454557	8758	-2.232977E-11	-4.478326E+10	3.376839E+16	0	0	0.00455	0.105104	0	0
0	0	0	-0.29895	4.454641	-300.372772	4.454641	8736.5	-1.51031E-11	-6.621159E+10	3.376839E+16	0	0	0.006859	0.104338	0	0
0	0	0	-0.302054	4.45472	-300.402116	4.45472	8721.5	-1.157085E-11	-8.64241E+10	3.376839E+16	0	0	0.004612	0.10362	0	0
0	0	0	-0.305157	4.454527	-300.413169	4.454527	8707	-2.666949E-11	-3.749603E+10	3.376839E+16	0	0	-0.001124	0.102942	0	0
0	0	0	-0.308032	4.454527	-300.435422	4.454527	8693.5	-2.662814E-11	-3.755426E+10	3.376839E+16	0	0	0.011636	0.102192	0	0
0	0	0	-0.310891	4.454611	-300.463203	4.454611	8680	-1.692919E-11	-5.906956E+10	3.376839E+16	0	0	-0.018666	0.101474	0	0
0	0	0	-0.313178	4.454493	-300.47292	4.454493	8669.5	-3.470736E-11	-2.881233E+10	3.376839E+16	0	0	-0.004677	0.100732	0	0
0	0	0	-0.315677	4.45468	-300.504906	4.45468	8657.5	-1.299725E-11	-7.693938E+10	3.376839E+16	0	0	0.018997	0.099942	0	0
0	0	0	-0.318356	4.454675	-300.52531	4.454675	8645	-1.319551E-11	-7.578335E+10	3.376839E+16	0	0	0.014349	0.099247	0	0
0	0	0	-0.320545	4.454611	-300.537928	4.454611	8634.5	-1.684045E-11	-5.938083E+10	3.376839E+16	0	0	-0.004771	0.098625	0	0
0	0	0	-0.322064	4.454646	-300.552015	4.454646	8627.5	-1.463744E-11	-6.831796E+10	3.376839E+16	0	0	-0.001178	0.097931	0	0
0	0	0	-0.324204	4.454646	-300.568579	4.454646	8617.5	-1.462047E-11	-6.839724E+10	3.376839E+16	0	0	0.009759	0.09726	0	0
0	0	0	-0.325576	4.454749	-300.586187	4.454749	8611	-1.050786E-11	-9.516683E+10	3.376839E+16	0	0	-0.004868	0.096534	0	0
0	0	0	-0.326964	4.454695	-300.593275	4.454695	8605	-1.231098E-11	-8.122831E+10	3.376839E+16	0	0	0.008667	0.095792	0	0
0	0	0	-0.328255	4.454611	-300.597606	4.454611	8599	-1.677121E-11	-5.962598E+10	3.376839E+16	0	0	3.106524E-5	0.095066	0	0
0	0	0	-0.329774	4.454483	-300.600713	4.454483	8592	-3.770451E-11	-2.652202E+10	3.376839E+16	0	0	-0.013721	0.094452	0	0
0	0	0	-0.331211	4.454507	-300.613503	4.454507	8585	-3.037267E-11	-3.292433E+10	3.376839E+16	0	0	-0.011286	0.093861	0	0
0	0	0	-0.331914	4.454631	-300.62726	4.454631	8582	-1.54201E-11	-6.485042E+10	3.376839E+16	0	0	3.166062E-5	0.093159	0	0
0	0	0	-0.333661	4.454488	-300.631137	4.454488	8573.5	-3.589749E-11	-2.78571E+10	3.376839E+16	0	0	-0.010161	0.09256	0	0
0	0	0	-0.33407	4.454483	-300.633965	4.454483	8572	-3.761675E-11	-2.65839E+10	3.376839E+16	0	0	0.002597	0.091914	0	0
0	0	0	-0.33518	4.454572	-300.648554	4.454572	8567	-2.015392E-11	-4.961815E+10	3.376839E+16	0	0	0.016841	0.091132	0	0
0	0	0	-0.336144	4.454572	-300.656013	4.454572	8562	-2.014215E-11	-4.964712E+10	3.376839E+16	0	0	-0.001268	0.090565	0	0
0	0	0	-0.336863	4.454557	-300.660578	4.454557	8559	-2.182239E-11	-4.582449E+10	3.376839E+16	0	0	-0.007827	0.089871	0	0
0	0	0	-0.3383	4.454626	-300.676364	4.454626	8552.5	-1.567567E-11	-6.379312E+10	3.376839E+16	0	0	-0.007874	0.089297	0	0
0	0	0	-0.339084	4.454527	-300.675776	4.454527	8548.5	-2.6184E-11	-3.819126E+10	3.376839E+16	0	0	-0.001293	0.088714	0	0
0	0	0	-0.340669	4.454695	-300.699358	4.454695	8541.5	-1.222013E-11	-8.183218E+10	3.376839E+16	0	0	0.001367	0.088132	0	0
0	0	0	-0.341012	4.45469	-300.70168	4.45469	8540	-1.241254E-11	-8.056369E+10	3.376839E+16	0	0	0.004063	0.087517	0	0
0	0	0	-0.342188	4.454641	-300.707455	4.454641	8534	-1.475303E-11	-6.77827E+10	3.376839E+16	0	0	0.005443	0.086879	0	0
0	0	0	-0.343478	4.454468	-300.705793	4.454468	8528.5	-4.373358E-11	-2.286572E+10	3.376839E+16	0	0	-0.010856	0.086272	0	0
0	0	0	-0.344459	4.454591	-300.721701	4.454591	8524	-1.817867E-11	-5.500953E+10	3.376839E+16	0	0	-0.015036	0.085682	0	0
0	0	0	-0.345961	4.454522	-300.728673	4.454522	8517	-2.699334E-11	-3.704618E+10	3.376839E+16	0	0	-0.012391	0.084996	0	0
0	0	0	-0.347219	4.454547	-300.740073	4.454547	8511	-2.298404E-11	-4.350846E+10	3.376839E+16	0	0	0.012543	0.084389	0	0
0	0	0	-0.348134	4.454656	-300.754478	4.454656	8507	-1.391569E-11	-7.186135E+10	3.376839E+16	0	0	0.002833	0.083815	0	0
0	0	0	-0.349392	4.454601	-300.760551	4.454601	8501	-1.732026E-11	-5.773585E+10	3.376839E+16	0	0	0.016929	0.08324	0	0
0	0	0	-0.350012	4.454591	-300.76469	4.454591	8498.5	-1.812429E-11	-5.517459E+10	3.376839E+16	0	0	-0.01697	0.082666	0	0
0	0	0	-0.350894	4.45467	-300.776845	4.45467	8494	-1.318552E-11	-7.584076E+10	3.376839E+16	0	0	3.569784E-5	0.082003	0	0
0	0	0	-0.352136	4.454611	-300.782459	4.454611	8488.5	-1.65557E-11	-6.040216E+10	3.376839E+16	0	0	-0.022953	0.081461	0	0
0	0	0	-0.353475	4.45468	-300.797488	4.45468	8482.5	-1.273452E-11	-7.852669E+10	3.376839E+16	0	0	0.018864	0.080782	0	0
0	0	0	-0.353753	4.454754	-300.804632	4.454754	8481	-1.021269E-11	-9.791737E+10	3.376839E+16	0	0	3.639866E-5	0.080327	0	0
0	0	0	-0.354504	4.45469	-300.80612	4.45469	8477.5	-1.23217E-11	-8.115765E+10	3.376839E+16	0	0	3.664019E-5	0.079761	0	0
0	0	0	-0.354913	4.454764	-300.814275	4.454764	8475.5	-9.943703E-12	-1.005662E+11	3.376839E+16	0	0	-0.002916	0.079147	0	0
0	0	0	-0.355925	4.454577	-300.809462	4.454577	8471	-1.942737E-11	-5.147377E+10	3.376839E+16	0	0	-0.010355	0.078676	0	0
0	0	0	-0.357085	4.45467	-300.824765	4.45467	8465.5	-1.314128E-11	-7.609608E+10	3.376839E+16	0	0	0.00452	0.078125	0	0
0	0	0	-0.357183	4.454656	-300.824525	4.454656	8465.5	-1.38478E-11	-7.221363E+10	3.376839E+16	0	0	-0.008997	0.077495	0	0
0	0	0	-0.358147	4.454809	-300.842308	4.454809	8461	-8.897426E-12	-1.123921E+11	3.376839E+16	0	0	0.007611	0.077016	0	0
0	0	0	-0.358849	4.454646	-300.836756	4.454646	8458	-1.434986E-11	-6.968707E+10	3.376839E+16	0	0	-0.010617	0.076601	0	0
0	0	0	-0.358964	4.454661	-300.83864	4.454661	8457.5	-1.359115E-11	-7.357731E+10	3.376839E+16	0	0	-0.018383	0.075923	0	0
0	0	0	-0.359584	4.454616	-300.840448	4.454616	8454.5	-1.614442E-11	-6.194091E+10	3.376839E+16	0	0	0.009301	0.075468	0	0
0	0	0	-0.35978	4.454582	-300.839634	4.454582	8453.5	-1.891206E-11	-5.287632E+10	3.376839E+16	0	0	-0.00307	0.074909	0	0
0	0	0	-0.360107	4.454517	-300.837834	4.454517	8452	-2.77509E-11	-3.603487E+10	3.376839E+16	0	0	0.001603	0.074407	0	0
0	0	0	-0.36027	4.454567	-300.842428	4.454567	8451.5	-2.040819E-11	-4.899995E+10	3.376839E+16	0	0	-0.012564	0.073856	0	0
0	0	0	-0.36014	4.454675	-300.848743	4.454675	8452	-1.290092E-11	-7.751385E+10	3.376839E+16	0	0	0.006383	0.073345	0	0
0	0	0	-0.360548	4.454542	-300.842912	4.454542	8450	-2.351502E-11	-4.252602E+10	3.376839E+16	0	0	-0.004749	0.072835	0	0
0	0	0	-0.360336	4.454468	-300.836274	4.454468	8451	-4.333617E-11	-2.307541E+10	3.376839E+16	0	0	0.008074	0.072324	0	0
0	0	0	-0.359846	4.454606	-300.841805	4.454606	8453	-1.684643E-11	-5.935977E+10	3.376839E+16	0	0	-0.009639	0.072005	0	0
0	0	0	-0.360287	4.454591	-300.844219	4.454591	8451.5	-1.802405E-11	-5.548142E+10	3.376839E+16	0	0	0.016302	0.071406	0	0
0	0	0	-0.35996	4.454616	-300.843356	4.454616	8452.5	-1.61406E-11	-6.195556E+10	3.376839E+16	0	0	0.021312	0.070935	0	0
0	0	0	-0.360091	4.454646	-300.846365	4.454646	8452	-1.433969E-11	-6.973654E+10	3.376839E+16	0	0	0.004983	0.070441	0	0
0	0	0	-0.359552	4.454621	-300.840528	4.454621	8454.5	-1.581359E-11	-6.323674E+10	3.376839E+16	0	0	0.006663	0.070058	0	0
0	0	0	-0.359601	4.454577	-300.83791	4.454577	8454.5	-1.938953E-11	-5.157423E+10	3.376839E+16	0	0	-0.004961	0.069515	0	0
0	0	0	-0.359176	4.454572	-300.83429	4.454572	8456.5	-1.989396E-11	-5.02665E+10	3.376839E+16	0	0	0.001723	0.06894	0	0
0	0	0	-0.359437	4.454463	-300.828987	4.454463	8455	-4.593743E-11	-2.176874E+10	3.376839E+16	0	0	0.025392	0.068542	0	0
0	0	0	-0.359797	4.454651	-300.844422	4.454651	8453.5	-1.408051E-11	-7.102015E+10	3.376839E+16	0	0	4.253341E-5	0.068055	0	0
0	0	0	-0.359045	4.454488	-300.827617	4.454488	8457	-3.54097E-11	-2.824085E+10	3.376839E+16	0	0	-0.008509	0.067664	0	0
0	0	0	-0.359307	4.454542	-300.833303	4.454542	8455.5	-2.353032E-11	-4.249836E+10	3.376839E+16	0	0	0.008658	0.067145	0	0
0	0	0	-0.359372	4.454661	-300.841801	4.454661	8455.5	-1.358793E-11	-7.359472E+10	3.376839E+16	0	0	-0.017268	0.066802	0	0
0	0	0	-0.3588	4.454725	-300.841705	4.454725	8458	-1.10605E-11	-9.041185E+10	3.376839E+16	0	0	-0.015654	0.066275	0	0
0	0	0	-0.359209	4.454665	-300.84087	4.454665	8456	-1.335364E-11	-7.488597E+10	3.376839E+16	0	0	0.015847	0.065804	0	0
0	0	0	-0.359062	4.454547	-300.83174	4.454547	8456.5	-2.283686E-11	-4.378886E+10	3.376839E+16	0	0	0.003576	0.065398	0	0
0	0	0	-0.359552	4.454784	-300.851517	4.454784	8454.5	-9.434025E-12	-1.059993E+11	3.376839E+16	0	0	0.001823	0.064919	0	0
0	0	0	-0.359045	4.454651	-300.838606	4.454651	8457	-1.408634E-11	-7.099076E+10	3.376839E+16	0	0	-0.026802	0.06448	0	0
0	0	0	-0.359699	4.454547	-300.836671	4.454547	8454	-2.283011E-11	-4.380181E+10	3.376839E+16	0	0	0.005449	0.064041	0	0
0	0	0	-0.36045	4.454527	-300.841155	4.454527	8450.5	-2.588383E-11	-3.863416E+10	3.376839E+16	0	0	-0.009017	0.063626	0	0
0	0	0	-0.360777	4.45472	-300.856671	4.45472	8449	-1.120932E-11	-8.921148E+10	3.376839E+16	0	0	-0.016356	0.063251	0	0
0	0	0	-0.360956	4.45472	-300.858062	4.45472	8448	-1.120799E-11	-8.922204E+10	3.376839E+16	0	0	-0.005459	0.062788	0	0
0	0	0	-0.361185	4.454739	-300.861164	4.454739	8447	-1.059092E-11	-9.442054E+10	3.376839E+16	0	0	-0.022132	0.062317	0	0
0	0	0	-0.361839	4.454586	-300.855898	4.454586	8444	-1.843887E-11	-5.423325E+10	3.376839E+16	0	0	0.013043	0.062006	0	0
0	0	0	-0.361855	4.454631	-300.859022	4.454631	8444	-1.517214E-11	-6.591027E+10	3.376839E+16	0	0	-0.001822	0.061583	0	0
0	0	0	-0.363064	4.454631	-300.868378	4.454631	8438.5	-1.516226E-11	-6.595323E+10	3.376839E+16	0	0	-0.001836	0.061088	0	0
0	0	0	-0.363439	4.454611	-300.869954	4.454611	8436.5	-1.645428E-11	-6.077446E+10	3.376839E+16	0	0	-0.007532	0.060682	0	0
0	0	0	-0.363619	4.454621	-300.872011	4.454621	8436	-1.577899E-11	-6.337542E+10	3.376839E+16	0	0	0.017201	0.060306	0	0
0	0	0	-0.363913	4.454478	-300.864629	4.454478	8435	-3.888502E-11	-2.571685E+10	3.376839E+16	0	0	0.003881	0.059955	0	0
0	0	0	-0.364468	4.454463	-300.867928	4.454463	8432	-4.581247E-11	-2.182812E+10	3.376839E+16	0	0	0.001978	0.059524	0	0
0	0	0	-0.365285	4.454759	-300.894233	4.454759	8428.5	-1.001732E-11	-9.982712E+10	3.376839E+16	0	0	-0.015474	0.059165	0	0
0	0	0	-0.365514	4.454725	-300.893672	4.454725	8427.5	-1.102061E-11	-9.073906E+10	3.376839E+16	0	0	0.007858	0.058782	0	0
0	0	0	-0.365922	4.454601	-300.888506	4.454601	8425.5	-1.716643E-11	-5.825322E+10	3.376839E+16	0	0	0.002013	0.058407	0	0
0	0	0	-0.365677	4.454749	-300.896601	4.454749	8426.5	-1.028272E-11	-9.725053E+10	3.376839E+16	0	0	-0.029589	0.058032	0	0
0	0	0	-0.366265	4.454818	-300.905816	4.454818	8424	-8.659001E-12	-1.154868E+11	3.376839E+16	0	0	0.007989	0.057745	0	0
0	0	0	-0.366886	4.454651	-300.899297	4.454651	8421	-1.402638E-11	-7.129425E+10	3.376839E+16	0	0	0.002048	0.057354	0	0
0	0	0	-0.367556	4.454784	-300.913474	4.454784	8418	-9.393296E-12	-1.064589E+11	3.376839E+16	0	0	0.010116	0.056891	0	0
0	0	0	-0.367784	4.454754	-300.913245	4.454754	8417	-1.013562E-11	-9.86619E+10	3.376839E+16	0	0	-0.001976	0.056492	0	0
0	0	0	-0.367833	4.454626	-300.904965	4.454626	8416.5	-1.54264E-11	-6.482394E+10	3.376839E+16	0	0	0.008193	0.056221	0	0
0	0	0	-0.368176	4.454744	-300.915614	4.454744	8415	-1.040783E-11	-9.608151E+10	3.376839E+16	0	0	-0.010179	0.05591	0	0
0	0	0	-0.368144	4.454675	-300.910698	4.454675	8415.5	-1.284521E-11	-7.785004E+10	3.376839E+16	0	0	-0.01438	0.055463	0	0
0	0	0	-0.368421	4.454735	-300.916844	4.454735	8414	-1.069647E-11	-9.348879E+10	3.376839E+16	0	0	0.016649	0.055096	0	0
0	0	0	-0.368095	4.454641	-300.907987	4.454641	8415.5	-1.454817E-11	-6.873716E+10	3.376839E+16	0	0	0.012593	0.054665	0	0
0	0	0	-0.367948	4.454537	-300.899855	4.454537	8416.5	-2.415832E-11	-4.13936E+10	3.376839E+16	0	0	0.02105	0.054394	0	0
0	0	0	-0.367931	4.454769	-300.915383	4.454769	8416.5	-9.749172E-12	-1.025728E+11	3.376839E+16	0	0	-0.008399	0.054034	0	0
0	0	0	-0.367637	4.454665	-300.906112	4.454665	8417.5	-1.329284E-11	-7.522848E+10	3.376839E+16	0	0	0.006426	0.053723	0	0
0	0	0	-0.367719	4.454764	-300.913406	4.454764	8417.5	-9.875655E-12	-1.012591E+11	3.376839E+16	0	0	0.006461	0.053412	0	0
0	0	0	-0.367458	4.454695	-300.90672	4.454695	8418.5	-1.204416E-11	-8.302781E+10	3.376839E+16	0	0	0.015112	0.053005	0	0
0	0	0	-0.367131	4.4547	-300.904524	4.4547	8420	-1.18604E-11	-8.431416E+10	3.376839E+16	0	0	5.409504E-5	0.052678	0	0
0	0	0	-0.366821	4.454542	-300.891464	4.454542	8421.5	-2.34357E-11	-4.266994E+10	3.376839E+16	0	0	-0.030393	0.052391	0	0
0	0	0	-0.366755	4.45473	-300.903614	4.45473	8421.5	-1.085722E-11	-9.210462E+10	3.376839E+16	0	0	-0.00869	0.052095	0	0
0	0	0	-0.366167	4.454586	-300.889404	4.454586	8424.5	-1.839629E-11	-5.435879E+10	3.376839E+16	0	0	0.011087	0.051601	0	0
0	0	0	-0.365563	4.454631	-300.887723	4.454631	8427.5	-1.51425E-11	-6.603931E+10	3.376839E+16	0	0	0.017815	0.051265	0	0
0	0	0	-0.365073	4.454665	-300.886261	4.454665	8429.5	-1.331179E-11	-7.512139E+10	3.376839E+16	0	0	0.006747	0.051002	0	0
0	0	0	-0.365677	4.454715	-300.89427	4.454715	8426.5	-1.134436E-11	-8.814954E+10	3.376839E+16	0	0	0.004545	0.050659	0	0
0	0	0	-0.364975	4.454661	-300.88517	4.454661	8430	-1.354695E-11	-7.381733E+10	3.376839E+16	0	0	5.640733E-5	0.05038	0	0
0	0	0	-0.365432	4.454522	-300.879385	4.454522	8427.5	-2.670968E-11	-3.743961E+10	3.376839E+16	0	0	0.029573	0.050045	0	0
0	0	0	-0.364795	4.454626	-300.881447	4.454626	8430.5	-1.545206E-11	-6.471629E+10	3.376839E+16	0	0	-0.036482	0.049733	0	0
0	0	0	-0.364958	4.454651	-300.884377	4.454651	8430	-1.404137E-11	-7.121813E+10	3.376839E+16	0	0	-0.004537	0.04943	0	0
0	0	0	-0.363897	4.454562	-300.870164	4.454562	8435	-2.092183E-11	-4.779697E+10	3.376839E+16	0	0	0.023171	0.049103	0	0
0	0	0	-0.363913	4.454611	-300.873621	4.454611	8435	-1.645135E-11	-6.078527E+10	3.376839E+16	0	0	-0.016191	0.048872	0	0
0	0	0	-0.36473	4.454601	-300.879277	4.454601	8431	-1.717764E-11	-5.821522E+10	3.376839E+16	0	0	0.014082	0.04852	0	0
0	0	0	-0.363782	4.454567	-300.869612	4.454567	8435	-2.036834E-11	-4.90958E+10	3.376839E+16	0	0	5.869604E-5	0.048281	0	0
0	0	0	-0.36388	4.454774	-300.884358	4.454774	8435	-9.648162E-12	-1.036467E+11	3.376839E+16	0	0	0.004786	0.047946	0	0
0	0	0	-0.363946	4.454567	-300.870876	4.454567	8434.5	-2.036714E-11	-4.909871E+10	3.376839E+16	0	0	-0.002317	0.047675	0	0
0	0	0	-0.364452	4.454582	-300.875795	4.454582	8432.5	-1.886508E-11	-5.3008E+10	3.376839E+16	0	0	-0.014286	0.047355	0	0
0	0	0	-0.365171	4.454715	-300.89035	4.454715	8429	-1.134772E-11	-8.81234E+10	3.376839E+16	0	0	0.01451	0.046996	0	0
0	0	0	-0.365024	4.45471	-300.888879	4.45471	8429.5	-1.151828E-11	-8.681849E+10	3.376839E+16	0	0	0.00733	0.046693	0	0
0	0	0	-0.365252	4.454715	-300.890983	4.454715	8428.5	-1.134705E-11	-8.812863E+10	3.376839E+16	0	0	0.034135	0.04647	0	0
0	0	0	-0.366249	4.454695	-300.897363	4.454695	8424	-1.205203E-11	-8.29736E+10	3.376839E+16	0	0	-0.026882	0.046158	0	0
0	0	0	-0.366314	4.454764	-300.902532	4.454764	8424	-9.883281E-12	-1.01181E+11	3.376839E+16	0	0	-0.017175	0.045895	0	0
0	0	0	-0.366363	4.454651	-300.895251	4.454651	8423.5	-1.403054E-11	-7.127309E+10	3.376839E+16	0	0	0.039637	0.045672	0	0
0	0	0	-0.366951	4.454725	-300.904799	4.454725	8420.5	-1.101146E-11	-9.081449E+10	3.376839E+16	0	0	0.024996	0.045289	0	0
0	0	0	-0.367703	4.454685	-300.90795	4.454685	8417.5	-1.243246E-11	-8.043461E+10	3.376839E+16	0	0	0.02014	0.044977	0	0
0	0	0	-0.368029	4.454621	-300.906149	4.454621	8416	-1.574158E-11	-6.352603E+10	3.376839E+16	0	0	0.002581	0.044818	0	0
0	0	0	-0.368127	4.454591	-300.904909	4.454591	8415.5	-1.794728E-11	-5.571876E+10	3.376839E+16	0	0	0.005135	0.044483	0	0
0	0	0	-0.368781	4.454656	-300.914297	4.454656	8412.5	-1.37611E-11	-7.266859E+10	3.376839E+16	0	0	-0.027943	0.044283	0	0
0	0	0	-0.368862	4.45472	-300.919259	4.45472	8412.5	-1.11609E-11	-8.959855E+10	3.376839E+16	0	0	0.018078	0.043797	0	0
0	0	0	-0.368928	4.454799	-300.925094	4.454799	8412	-9.054528E-12	-1.10442E+11	3.376839E+16	0	0	0.018164	0.043573	0	0
0	0	0	-0.369434	4.454665	-300.920021	4.454665	8409.5	-1.32802E-11	-7.530005E+10	3.376839E+16	0	0	-0.002535	0.04331	0	0
0	0	0	-0.36999	4.4547	-300.926651	4.4547	8407	-1.184209E-11	-8.444454E+10	3.376839E+16	0	0	-0.012965	0.043198	0	0
0	0	0	-0.370447	4.454606	-300.923863	4.454606	8405	-1.675076E-11	-5.969877E+10	3.376839E+16	0	0	-0.023581	0.042831	0	0
0	0	0	-0.370104	4.454848	-300.937529	4.454848	8406.5	-8.094113E-12	-1.235466E+11	3.376839E+16	0	0	-0.007844	0.042663	0	0
0	0	0	-0.370904	4.454675	-300.932066	4.454675	8403	-1.282613E-11	-7.796585E+10	3.376839E+16	0	0	0.01868	0.042288	0	0
0	0	0	-0.370692	4.454749	-300.935419	4.454749	8404	-1.025526E-11	-9.75109E+10	3.376839E+16	0	0	-0.010608	0.042121	0	0
0	0	0	-0.371476	4.45471	-300.938823	4.45471	8400.5	-1.147866E-11	-8.711821E+10	3.376839E+16	0	0	-0.024133	0.041786	0	0
0	0	0	-0.371378	4.454651	-300.934068	4.454651	8400.5	-1.399223E-11	-7.146823E+10	3.376839E+16	0	0	0.016267	0.041602	0	0
0	0	0	-0.3711	4.4547	-300.935249	4.4547	8402	-1.183505E-11	-8.449479E+10	3.376839E+16	0	0	-0.021676	0.041307	0	0
0	0	0	-0.371068	4.454833	-300.94399	4.454833	8402	-8.354152E-12	-1.19701E+11	3.376839E+16	0	0	-0.005388	0.041139	0	0
0	0	0	-0.370676	4.454567	-300.922968	4.454567	8404	-2.029349E-11	-4.92769E+10	3.376839E+16	0	0	0.011058	0.040836	0	0
0	0	0	-0.370708	4.454641	-300.928217	4.454641	8404	-1.452829E-11	-6.883122E+10	3.376839E+16	0	0	-0.024767	0.040637	0	0
0	0	0	-0.369875	4.454739	-300.928431	4.454739	8407.5	-1.054139E-11	-9.486415E+10	3.376839E+16	0	0	0.039066	0.040246	0	0
0	0	0	-0.370333	4.4547	-300.929306	4.4547	8405.5	-1.183998E-11	-8.445961E+10	3.376839E+16	0	0	-0.030649	0.040126	0	0
0	0	0	-0.369565	4.454596	-300.916369	4.454596	8409	-1.752398E-11	-5.706468E+10	3.376839E+16	0	0	0.019696	0.03995	0	0
0	0	0	-0.369875	4.454606	-300.919438	4.454606	8407.5	-1.675575E-11	-5.968101E+10	3.376839E+16	0	0	0.014226	0.039551	0	0
0	0	0	-0.369369	4.454586	-300.914186	4.454586	8410	-1.836463E-11	-5.445251E+10	3.376839E+16	0	0	0.005762	0.039336	0	0
0	0	0	-0.368813	4.454631	-300.912884	4.454631	8412.5	-1.511554E-11	-6.615707E+10	3.376839E+16	0	0	0.002936	0.039065	0	0
0	0	0	-0.368536	4.454606	-300.90907	4.454606	8413.5	-1.67677E-11	-5.963845E+10	3.376839E+16	0	0	-0.008533	0.038993	0	0
0	0	0	-0.368111	4.4547	-300.91211	4.4547	8415.5	-1.185407E-11	-8.435924E+10	3.376839E+16	0	0	7.234585E-5	0.038634	0	0
0	0	0	-0.367735	4.454661	-300.906538	4.454661	8417.5	-1.352687E-11	-7.392695E+10	3.376839E+16	0	0	0.035001	0.038394	0	0
0	0	0	-0.367507	4.4547	-300.907432	4.4547	8418	-1.185759E-11	-8.433419E+10	3.376839E+16	0	0	0.014713	0.038155	0	0
0	0	0	-0.367017	4.454784	-300.909301	4.454784	8420.5	-9.396086E-12	-1.064273E+11	3.376839E+16	0	0	0.011882	0.037828	0	0
0	0	0	-0.367539	4.454784	-300.913347	4.454784	8418	-9.393296E-12	-1.064589E+11	3.376839E+16	0	0	0.023782	0.037668	0	0
0	0	0	-0.366788	4.454572	-300.893209	4.454572	8421.5	-1.981163E-11	-5.047541E+10	3.376839E+16	0	0	-0.020816	0.037389	0	0
0	0	0	-0.367213	4.454611	-300.899161	4.454611	8420	-1.64221E-11	-6.089356E+10	3.376839E+16	0	0	0.003068	0.037269	0	0
0	0	0	-0.366559	4.454809	-300.907426	4.454809	8422.5	-8.85694E-12	-1.129058E+11	3.376839E+16	0	0	0.009087	0.037118	0	0
0	0	0	-0.366037	4.454591	-300.888725	4.454591	8425	-1.796754E-11	-5.565593E+10	3.376839E+16	0	0	0.012212	0.036734	0	0
0	0	0	-0.366102	4.454656	-300.893561	4.454656	8425	-1.378155E-11	-7.256077E+10	3.376839E+16	0	0	0.036671	0.036535	0	0
0	0	0	-0.365792	4.454438	-300.876504	4.454438	8426	-6.517812E-11	-1.534257E+10	3.376839E+16	0	0	0.006197	0.036391	0	0
0	0	0	-0.365645	4.454572	-300.884359	4.454572	8426.5	-1.982339E-11	-5.044546E+10	3.376839E+16	0	0	0.024751	0.036096	0	0
0	0	0	-0.366118	4.454606	-300.890357	4.454606	8424.5	-1.678963E-11	-5.956058E+10	3.376839E+16	0	0	-0.021556	0.036008	0	0
0	0	0	-0.366608	4.454661	-300.897814	4.454661	8422.5	-1.35349E-11	-7.388307E+10	3.376839E+16	0	0	-0.021731	0.035705	0	0
0	0	0	-0.366494	4.454665	-300.897262	4.454665	8423	-1.330152E-11	-7.517936E+10	3.376839E+16	0	0	-0.018729	0.035474	0	0
0	0	0	-0.366919	4.454749	-300.906211	4.454749	8421	-1.027601E-11	-9.731405E+10	3.376839E+16	0	0	0.022122	0.035298	0	0
0	0	0	-0.367196	4.454537	-300.894039	4.454537	8420	-2.416837E-11	-4.137639E+10	3.376839E+16	0	0	-0.006271	0.034995	0	0
0	0	0	-0.367866	4.454611	-300.904219	4.454611	8416.5	-1.641527E-11	-6.091888E+10	3.376839E+16	0	0	-0.006297	0.034835	0	0
0	0	0	-0.367572	4.454606	-300.90161	4.454606	8418	-1.677667E-11	-5.960657E+10	3.376839E+16	0	0	0.009699	0.034628	0	0
0	0	0	-0.368454	4.454552	-300.904774	4.454552	8414	-2.206915E-11	-4.531212E+10	3.376839E+16	0	0	-0.022552	0.034325	0	0
0	0	0	-0.368683	4.454779	-300.921865	4.454779	8413	-9.503902E-12	-1.052199E+11	3.376839E+16	0	0	0.009818	0.034181	0	0
0	0	0	-0.369205	4.454661	-300.917917	4.454661	8410.5	-1.351562E-11	-7.398848E+10	3.376839E+16	0	0	8.152783E-5	0.034005	0	0
0	0	0	-0.369647	4.454626	-300.919	4.454626	8408.5	-1.541174E-11	-6.488561E+10	3.376839E+16	0	0	0.003367	0.03375	0	0
0	0	0	-0.369908	4.454789	-300.932014	4.454789	8407.5	-9.268276E-12	-1.078949E+11	3.376839E+16	0	0	-0.003216	0.03359	0	0
0	0	0	-0.370251	4.454715	-300.929673	4.454715	8405.5	-1.131609E-11	-8.836977E+10	3.376839E+16	0	0	0.029973	0.033351	0	0
0	0	0	-0.370725	4.454873	-300.943999	4.454873	8403.5	-7.685853E-12	-1.301092E+11	3.376839E+16	0	0	0.033491	0.033144	0	0
0	0	0	-0.370937	4.454735	-300.936316	4.454735	8402.5	-1.068185E-11	-9.361674E+10	3.376839E+16	0	0	0.026902	0.033016	0	0
0	0	0	-0.370741	4.454641	-300.92847	4.454641	8403.5	-1.452743E-11	-6.883532E+10	3.376839E+16	0	0	-0.003297	0.032721	0	0
0	0	0	-0.371492	4.454769	-300.942947	4.454769	8400	-9.730059E-12	-1.027743E+11	3.376839E+16	0	0	8.46211E-5	0.032673	0	0
0	0	0	-0.371492	4.454739	-300.940948	4.454739	8400	-1.053199E-11	-9.494885E+10	3.376839E+16	0	0	0.034196	0.032409	0	0
0	0	0	-0.372113	4.454799	-300.94975	4.454799	8397	-9.038382E-12	-1.106393E+11	3.376839E+16	0	0	-0.037701	0.03217	0	0
0	0	0	-0.371786	4.454591	-300.933231	4.454591	8399	-1.791209E-11	-5.582822E+10	3.376839E+16	0	0	-0.013711	0.032026	0	0
0	0	0	-0.372521	4.454804	-300.953244	4.454804	8395.5	-8.931444E-12	-1.11964E+11	3.376839E+16	0	0	0.027899	0.031763	0	0
0	0	0	-0.372374	4.454705	-300.945444	4.454705	8396	-1.164686E-11	-8.586004E+10	3.376839E+16	0	0	-0.010388	0.031612	0	0
0	0	0	-0.372423	4.454739	-300.948156	4.454739	8396	-1.052697E-11	-9.499408E+10	3.376839E+16	0	0	0.014139	0.031412	0	0
0	0	0	-0.372881	4.454838	-300.958358	4.454838	8394	-8.256261E-12	-1.211202E+11	3.376839E+16	0	0	8.821215E-5	0.03126	0	0
0	0	0	-0.372309	4.454606	-300.938277	4.454606	8396.5	-1.673382E-11	-5.97592E+10	3.376839E+16	0	0	-0.017665	0.031053	0	0
0	0	0	-0.372554	4.454725	-300.948168	4.454725	8395.5	-1.097877E-11	-9.108491E+10	3.376839E+16	0	0	0.032172	0.030917	0	0
0	0	0	-0.372227	4.454661	-300.941309	4.454661	8397	-1.349392E-11	-7.410743E+10	3.376839E+16	0	0	-0.003499	0.030702	0	0
0	0	0	-0.372097	4.454814	-300.950623	4.454814	8397.5	-8.730073E-12	-1.145466E+11	3.376839E+16	0	0	0.047125	0.030439	0	0
0	0	0	-0.371411	4.454636	-300.933321	4.454636	8400.5	-1.480259E-11	-6.755573E+10	3.376839E+16	0	0	0.007366	0.030263	0	0
0	0	0	-0.371117	4.454572	-300.926715	4.454572	8402	-1.976575E-11	-5.059256E+10	3.376839E+16	0	0	0.01835	0.030135	0	0
0	0	0	-0.371051	4.454843	-300.944529	4.454843	8402.5	-8.176512E-12	-1.223015E+11	3.376839E+16	0	0	-0.033006	0.029912	0	0
0	0	0	-0.37079	4.454606	-300.926518	4.454606	8403.5	-1.674778E-11	-5.970942E+10	3.376839E+16	0	0	0.022274	0.029744	0	0
0	0	0	-0.370659	4.454942	-300.948156	4.454942	8404	-6.740718E-12	-1.483521E+11	3.376839E+16	0	0	-0.00736	0.029497	0	0
0	0	0	-0.369859	4.454562	-300.916313	4.454562	8407.5	-2.085362E-11	-4.79533E+10	3.376839E+16	0	0	0.01505	0.029385	0	0
0	0	0	-0.369696	4.454725	-300.926041	4.454725	8408	-1.099511E-11	-9.09495E+10	3.376839E+16	0	0	9.40837E-5	0.029186	0	0
0	0	0	-0.369859	4.454616	-300.919977	4.454616	8407.5	-1.605467E-11	-6.228717E+10	3.376839E+16	0	0	0.026506	0.029098	0	0
0	0	0	-0.368895	4.454646	-300.914516	4.454646	8412	-1.427182E-11	-7.006814E+10	3.376839E+16	0	0	-0.007492	0.02893	0	0
0	0	0	-0.369205	4.454695	-300.920249	4.454695	8410.5	-1.203271E-11	-8.310678E+10	3.376839E+16	0	0	-0.022829	0.028715	0	0
0	0	0	-0.368732	4.454577	-300.908588	4.454577	8412.5	-1.929321E-11	-5.183172E+10	3.376839E+16	0	0	0.011637	0.028507	0	0
0	0	0	-0.368666	4.454749	-300.91974	4.454749	8413	-1.026625E-11	-9.740658E+10	3.376839E+16	0	0	0	0	0	0
0	0	0	-0.36865	4.454744	-300.919281	4.454744	8413	-1.040536E-11	-9.610436E+10	3.376839E+16	0	0	0	0	0	0
0	0	0	-0.367833	4.454665	-300.90763	4.454665	8416.5	-1.329126E-11	-7.523742E+10	3.376839E+16	0	0	0	0	0	0
0	0	0	-0.367833	4.45467	-300.907963	4.45467	8416.5	-1.306522E-11	-7.653911E+10	3.376839E+16	0	0	0	0	0	0
0	0	0	-0.367784	4.454735	-300.911913	4.454735	8417	-1.070028E-11	-9.345547E+10	3.376839E+16	0	0	0	0	0	0
0	0	0	-0.367229	4.454626	-300.900287	4.454626	8419.5	-1.54319E-11	-6.480084E+10	3.376839E+16	0	0	0	0	0	0
0	0	0	-0.367115	4.454606	-300.89807	4.454606	8420	-1.678066E-11	-5.959241E+10	3.376839E+16	0	0	0	0	0	0
0	0	0	-0.367605	4.4547	-300.908191	4.4547	8418	-1.185759E-11	-8.433419E+10	3.376839E+16	0	0	0	0	0	0
0	0	0	-0.367654	4.454656	-300.905573	4.454656	8417.5	-1.376928E-11	-7.262542E+10	3.376839E+16	0	0	0	0	0	0
0	0	0	-0.368046	4.454591	-300.904277	4.454591	8415.5	-1.794728E-11	-5.571876E+10	3.376839E+16	0	0	0	0	0	0
