Vload_(V)	ILoad_(A)	RsLoad_(ohm)	SunsVoc_Voltage_(V)	SunsVoc_Current_(A)	Model_Voltage_(V)	Model_Current_(A)	Carrier_Density_(cm-3)	Lifetime_(s)	Inverse_Lifetime_(s-1)	(Carrier_Density+Doping)/qWni^2_(cm^2/C)	Carrier_Density_at_Vmp_(cm-3)	Lifetime_at_Vmp_(s)	Efficiency_(%)	Intensity_(suns)	Dark_IV_Voltage_(V)	Dark_IV_Current_(A)
4.416984	4.693278	0	44.429354	-0.060136	44.441175	-0.060136	2.669397E+14	2.530524E-5	39517.396045	3.50203E+16	4.245336E+13	2.295816E-5	9.815604	1.118416	0	0
4.458062	4.695832	-1.054205	44.291163	0.26982	44.221126	0.26982	2.483435E+14	2.529845E-5	39528.017689	3.493309E+16	0	0	9.794867	1.11626	0	0
5.512998	4.688722	4.213565	44.154214	0.572472	43.969867	0.572472	2.311556E+14	2.527697E-5	39561.609554	3.485248E+16	0	0	9.818275	1.110672	0	0
10.545303	4.676505	4.38942	44.018326	0.852532	43.690968	0.852532	2.152448E+14	2.525341E-5	39598.532288	3.477786E+16	0	0	9.843546	1.107694	0	0
16.110382	4.665869	3.555441	43.885182	1.105791	43.393441	1.105791	2.006909E+14	2.520811E-5	39669.707072	3.47096E+16	0	0	9.829913	1.105706	0	0
21.681787	4.57614	3.25761	43.753999	1.335575	43.080181	1.335575	1.872909E+14	2.51349E-5	39785.252986	3.464676E+16	0	0	9.840774	1.10114	0	0
27.219114	4.367965	2.698547	43.62556	1.549233	42.753213	1.549233	1.750189E+14	2.508413E-5	39865.787228	3.45892E+16	0	0	9.861124	1.093228	0	0
28.084318	4.321854	2.593437	43.494703	1.755391	42.401528	1.755391	1.63325E+14	2.505074E-5	39918.934749	3.453436E+16	0	0	9.886651	1.085412	0	0
28.939592	4.272368	2.484338	43.364451	1.945977	42.037008	1.945977	1.524457E+14	2.500414E-5	39993.334578	3.448334E+16	0	0	9.905706	1.079105	0	0
29.799509	4.217534	2.373533	43.234166	2.12168	41.66082	2.12168	1.422752E+14	2.493039E-5	40111.648776	3.443564E+16	0	0	9.910484	1.071545	0	0
30.655864	4.159039	2.258639	43.109091	2.286054	41.283471	2.286054	1.331393E+14	2.492256E-5	40124.260076	3.439279E+16	0	0	9.935984	1.061797	0	0
31.514166	4.093728	2.141745	42.979607	2.439273	40.887602	2.439273	1.242887E+14	2.484732E-5	40245.759101	3.435129E+16	0	0	9.964365	1.051785	0	0
32.370436	4.021085	2.025951	42.849469	2.580632	40.483089	2.580632	1.15977E+14	2.473707E-5	40425.13707	3.431231E+16	0	0	9.982416	1.042724	0	0
33.215513	3.944374	1.907152	42.721601	2.712158	40.076478	2.712158	1.083442E+14	2.464324E-5	40579.058182	3.427651E+16	0	0	9.998919	1.034046	0	0
34.087308	3.859447	1.779955	42.594354	2.835085	39.664839	2.835085	1.012405E+14	2.455085E-5	40731.777862	3.424319E+16	0	0	10.018146	1.024122	0	0
34.934102	3.756538	1.666533	42.468382	2.949761	39.250928	2.949761	9.466098E+13	2.446515E-5	40874.460077	3.421234E+16	0	0	10.039975	1.013672	0	0
35.796025	3.632533	1.555973	42.343814	3.05595	38.83695	3.05595	8.857045E+13	2.437564E-5	41024.550879	3.418377E+16	0	0	10.060351	1.003932	0	0
36.650102	3.483836	1.453792	42.220601	3.153538	38.424571	3.153538	8.29275E+13	2.426913E-5	41204.594382	3.415731E+16	0	0	10.072763	0.994439	0	0
37.504084	3.30498	1.358764	42.098696	3.244284	38.013087	3.244284	7.769461E+13	2.416169E-5	41387.828271	3.413277E+16	0	0	10.084967	0.984604	0	0
38.348445	3.083752	1.276983	41.974994	3.329499	37.594262	3.329499	7.271873E+13	2.402732E-5	41619.285657	3.410943E+16	0	0	10.100564	0.974409	0	0
39.118582	2.846046	1.209612	41.853448	3.408884	37.179332	3.408884	6.813723E+13	2.390502E-5	41832.202717	3.408794E+16	0	0	10.11457	0.964589	0	0
39.910699	2.560652	1.146301	41.733323	3.483347	36.766302	3.483347	6.389053E+13	2.379462E-5	42026.297956	3.406803E+16	0	0	10.123083	0.955504	0	0
40.677754	2.234074	1.096138	41.613737	3.552587	36.35426	3.552587	5.992367E+13	2.367191E-5	42244.162072	3.404942E+16	0	0	10.129094	0.946235	0	0
41.409383	1.881647	1.063292	41.495719	3.617071	35.94612	3.617071	5.624853E+13	2.35515E-5	42460.136359	3.403219E+16	0	0	10.132567	0.937038	0	0
42.093867	1.51572	1.039603	41.377163	3.677835	35.535506	3.677835	5.27819E+13	2.342246E-5	42694.054036	3.401593E+16	0	0	10.13752	0.927577	0	0
42.696976	1.166589	1.017577	41.25952	3.734957	35.126776	3.734957	4.955182E+13	2.329977E-5	42918.866156	3.400078E+16	0	0	10.138723	0.918659	0	0
43.2254	0.834049	0.998567	41.143185	3.788051	34.722311	3.788051	4.655081E+13	2.31725E-5	43154.588735	3.398671E+16	0	0	10.13691	0.909854	0	0
43.685119	0.521976	0.97687	41.026997	3.837764	34.318529	3.837764	4.373393E+13	2.303533E-5	43411.579533	3.397349E+16	0	0	10.134878	0.900768	0	0
33.211292	3.950708	1.901918	40.909698	3.884377	33.911982	3.884377	4.106202E+13	2.287432E-5	43717.139833	3.396096E+16	0	0	10.139081	0.891284	0	0
44.405307	0	0	40.794718	3.928421	33.511691	3.928421	3.860061E+13	2.274137E-5	43972.717311	3.394942E+16	0	0	10.133719	0.882374	0	0
0	0	0	40.681781	3.969456	33.118254	3.969456	3.632588E+13	2.261451E-5	44219.398301	3.393875E+16	0	0	10.128935	0.8738	0	0
0	0	0	40.570117	4.007687	32.729681	4.007687	3.420802E+13	2.248359E-5	44476.878798	3.392882E+16	0	0	10.115939	0.865417	0	0
0	0	0	40.458405	4.043282	32.342364	4.043282	3.221224E+13	2.233128E-5	44780.243933	3.391946E+16	0	0	10.106128	0.857082	0	0
0	0	0	40.34813	4.078174	31.95698	4.078174	3.035589E+13	2.223811E-5	44967.85587	3.391075E+16	0	0	10.08992	0.848724	0	0
0	0	0	40.237266	4.111709	31.569258	4.111709	2.859705E+13	2.215761E-5	45131.221274	3.39025E+16	0	0	10.0708	0.840548	0	0
0	0	0	40.12673	4.141958	31.186181	4.141958	2.694448E+13	2.202262E-5	45407.859777	3.389475E+16	0	0	10.052169	0.832261	0	0
0	0	0	40.01487	4.171179	30.798484	4.171179	2.536899E+13	2.189544E-5	45671.604175	3.388737E+16	0	0	10.025526	0.824174	0	0
0	0	0	39.905053	4.198306	30.418493	4.198306	2.39116E+13	2.176863E-5	45937.654518	3.388053E+16	0	0	9.998201	0.815959	0	0
0	0	0	39.796346	4.223368	30.043803	4.223368	2.255118E+13	2.16251E-5	46242.559039	3.387415E+16	0	0	9.968309	0.808095	0	0
0	0	0	39.688798	4.246788	29.67391	4.246788	2.128123E+13	2.14777E-5	46559.909071	3.386819E+16	0	0	9.935594	0.800423	0	0
0	0	0	39.582198	4.268912	29.307629	4.268912	2.009285E+13	2.133555E-5	46870.120999	3.386262E+16	0	0	9.900625	0.792711	0	0
0	0	0	39.475811	4.289552	28.943469	4.289552	1.897284E+13	2.117622E-5	47222.786209	3.385737E+16	0	0	9.862899	0.785063	0	0
0	0	0	39.371955	4.309891	28.585568	4.309891	1.793958E+13	2.108519E-5	47426.641858	3.385252E+16	0	0	9.820623	0.777526	0	0
0	0	0	39.266613	4.328486	28.225765	4.328486	1.694886E+13	2.093625E-5	47764.041047	3.384788E+16	0	0	9.775852	0.770189	0	0
0	0	0	39.159964	4.345809	27.863587	4.345809	1.600146E+13	2.075139E-5	48189.533555	3.384343E+16	0	0	9.726913	0.7629	0	0
0	0	0	39.054573	4.36241	27.505398	4.36241	1.511715E+13	2.058819E-5	48571.532627	3.383929E+16	0	0	9.674649	0.755659	0	0
0	0	0	38.950375	4.378039	27.151803	4.378039	1.429081E+13	2.042775E-5	48953.017432	3.383541E+16	0	0	9.617706	0.748602	0	0
0	0	0	38.845882	4.392902	26.797941	4.392902	1.350742E+13	2.026333E-5	49350.229129	3.383174E+16	0	0	9.560977	0.741552	0	0
0	0	0	38.7417	4.407119	26.445401	4.407119	1.276903E+13	2.010731E-5	49733.149599	3.382827E+16	0	0	9.500626	0.734615	0	0
0	0	0	38.637664	4.420132	26.095369	4.420132	1.207189E+13	1.991517E-5	50212.96857	3.3825E+16	0	0	9.434805	0.727821	0	0
0	0	0	38.533025	4.432724	25.743492	4.432724	1.140903E+13	1.973123E-5	50681.070636	3.38219E+16	0	0	9.369086	0.72109	0	0
0	0	0	38.429186	4.444819	25.394292	4.444819	1.078718E+13	1.956394E-5	51114.444384	3.381898E+16	0	0	9.297155	0.7144	0	0
0	0	0	38.323696	4.456122	25.041306	4.456122	1.019009E+13	1.936183E-5	51647.997408	3.381618E+16	0	0	9.222107	0.707886	0	0
0	0	0	38.215627	4.466944	24.680849	4.466944	9.612608E+12	1.913794E-5	52252.222236	3.381347E+16	0	0	9.145834	0.701219	0	0
0	0	0	38.108357	4.477215	24.323458	4.477215	9.071729E+12	1.891968E-5	52855.022533	3.381093E+16	0	0	9.061941	0.69492	0	0
0	0	0	38.000254	4.48696	23.964169	4.48696	8.557397E+12	1.868998E-5	53504.597476	3.380852E+16	0	0	8.97882	0.688573	0	0
0	0	0	37.891204	4.496135	23.602845	4.496135	8.068066E+12	1.844127E-5	54226.212877	3.380623E+16	0	0	8.890513	0.682203	0	0
0	0	0	37.781305	4.504913	23.239292	4.504913	7.603197E+12	1.818859E-5	54979.525164	3.380405E+16	0	0	8.796757	0.675975	0	0
0	0	0	37.670229	4.513307	22.872522	4.513307	7.160538E+12	1.792857E-5	55776.894662	3.380197E+16	0	0	8.699354	0.669716	0	0
0	0	0	37.55904	4.521321	22.505817	4.521321	6.743209E+12	1.767052E-5	56591.434273	3.380001E+16	0	0	8.595088	0.663521	0	0
0	0	0	37.448536	4.528652	22.14271	4.528652	6.352536E+12	1.738807E-5	57510.698665	3.379818E+16	0	0	8.492869	0.657533	0	0
0	0	0	37.338114	4.535914	21.779351	4.535914	5.984741E+12	1.713732E-5	58352.195377	3.379646E+16	0	0	8.385803	0.651322	0	0
0	0	0	37.227316	4.542562	21.416245	4.542562	5.637081E+12	1.685379E-5	59333.833662	3.379483E+16	0	0	8.268922	0.645311	0	0
0	0	0	37.117449	4.548917	21.056363	4.548917	5.312272E+12	1.65819E-5	60306.710551	3.37933E+16	0	0	8.159183	0.638692	0	0
0	0	0	37.009951	4.554985	20.704163	4.554985	5.012575E+12	1.633288E-5	61226.196121	3.37919E+16	0	0	8.044122	0.632505	0	0
0	0	0	36.902354	4.560784	20.352038	4.560784	4.729525E+12	1.608514E-5	62169.170173	3.379057E+16	0	0	7.917777	0.626597	0	0
0	0	0	36.795493	4.566373	20.002385	4.566373	4.46422E+12	1.585149E-5	63085.543073	3.378932E+16	0	0	7.790704	0.620609	0	0
0	0	0	36.689057	4.571696	19.654488	4.571696	4.214757E+12	1.56209E-5	64016.780931	3.378815E+16	0	0	7.657008	0.614925	0	0
0	0	0	36.583241	4.576711	19.309153	4.576711	3.98056E+12	1.538761E-5	64987.330556	3.378706E+16	0	0	7.524604	0.609121	0	0
0	0	0	36.478667	4.58164	18.967497	4.58164	3.761892E+12	1.518441E-5	65857.009983	3.378603E+16	0	0	7.385463	0.603429	0	0
0	0	0	36.375154	4.585933	18.631114	4.585933	3.557271E+12	1.493274E-5	66966.952636	3.378507E+16	0	0	7.24212	0.59788	0	0
0	0	0	36.26973	4.590283	18.288194	4.590283	3.360303E+12	1.470161E-5	68019.766187	3.378415E+16	0	0	7.093527	0.592324	0	0
0	0	0	36.166332	4.594455	17.951829	4.594455	3.177712E+12	1.448966E-5	69014.712971	3.378329E+16	0	0	6.942996	0.586791	0	0
0	0	0	36.06331	4.598392	17.617175	4.598392	3.005649E+12	1.427378E-5	70058.543572	3.378248E+16	0	0	6.794074	0.581418	0	0
0	0	0	35.960859	4.602301	17.284036	4.602301	2.843777E+12	1.408537E-5	70995.66073	3.378173E+16	0	0	6.638461	0.575997	0	0
0	0	0	35.858277	4.605965	16.951135	4.605965	2.690429E+12	1.388501E-5	72020.109363	3.378101E+16	0	0	6.479641	0.570784	0	0
0	0	0	35.755271	4.609384	16.617591	4.609384	2.544764E+12	1.366841E-5	73161.391181	3.378032E+16	0	0	6.316474	0.565539	0	0
0	0	0	35.652396	4.612765	16.284286	4.612765	2.407153E+12	1.347237E-5	74226.001075	3.377968E+16	0	0	6.151507	0.560374	0	0
0	0	0	35.549585	4.615897	15.951932	4.615897	2.277061E+12	1.325994E-5	75415.127468	3.377907E+16	0	0	5.986304	0.555232	0	0
0	0	0	35.447314	4.619236	15.620064	4.619236	2.154625E+12	1.311282E-5	76261.257797	3.377849E+16	0	0	5.808905	0.550147	0	0
0	0	0	35.34274	4.621924	15.283552	4.621924	2.036235E+12	1.285924E-5	77765.098019	3.377794E+16	0	0	5.634507	0.545157	0	0
0	0	0	35.241122	4.624732	14.955453	4.624732	1.927425E+12	1.267059E-5	78922.900914	3.377743E+16	0	0	5.460068	0.540127	0	0
0	0	0	35.138802	4.627492	14.625117	4.627492	1.823736E+12	1.249203E-5	80051.037691	3.377694E+16	0	0	5.280247	0.535209	0	0
0	0	0	35.035355	4.630106	14.291675	4.630106	1.724573E+12	1.230152E-5	81290.73744	3.377648E+16	0	0	5.106587	0.53022	0	0
0	0	0	34.932986	4.632428	13.962662	4.632428	1.631751E+12	1.208358E-5	82756.940477	3.377604E+16	0	0	4.921939	0.525541	0	0
0	0	0	34.829359	4.634947	13.628612	4.634947	1.542875E+12	1.191897E-5	83899.850027	3.377562E+16	0	0	4.743914	0.520679	0	0
0	0	0	34.726173	4.637113	13.297335	4.637113	1.459186E+12	1.170705E-5	85418.593808	3.377523E+16	0	0	4.557362	0.516001	0	0
0	0	0	34.622987	4.639163	12.966391	4.639163	1.380036E+12	1.149155E-5	87020.452988	3.377486E+16	0	0	4.371337	0.51141	0	0
0	0	0	34.51954	4.641328	12.633901	4.641328	1.304994E+12	1.131944E-5	88343.576921	3.377451E+16	0	0	4.182128	0.506836	0	0
0	0	0	34.414377	4.643253	12.297001	4.643253	1.232889E+12	1.110553E-5	90045.2233	3.377417E+16	0	0	3.99564	0.502277	0	0
0	0	0	34.309836	4.64523	11.961602	4.64523	1.165157E+12	1.092724E-5	91514.409472	3.377385E+16	0	0	3.822656	0.497551	0	0
0	0	0	34.205408	4.647222	11.626296	4.647222	1.101215E+12	1.077433E-5	92813.157897	3.377355E+16	0	0	3.632157	0.493184	0	0
0	0	0	34.099935	4.648896	11.2891	4.648896	1.040193E+12	1.056123E-5	94685.9211	3.377327E+16	0	0	3.440736	0.488801	0	0
0	0	0	33.994577	4.650362	10.953132	4.650362	9.826122E+11	1.031737E-5	96923.92043	3.3773E+16	0	0	3.249558	0.484386	0	0
0	0	0	33.886785	4.652166	10.607734	4.652166	9.269985E+11	1.016058E-5	98419.596134	3.377274E+16	0	0	3.065562	0.480051	0	0
0	0	0	33.778829	4.653507	10.26399	4.653507	8.744548E+11	9.907818E-6	100930.397023	3.377249E+16	0	0	2.877277	0.475876	0	0
0	0	0	33.671135	4.655056	9.919868	4.655056	8.250056E+11	9.726344E-6	102813.550277	3.377226E+16	0	0	2.690149	0.471509	0	0
0	0	0	33.56282	4.656579	9.573791	4.656579	7.780912E+11	9.553821E-6	104670.158009	3.377204E+16	0	0	2.499463	0.467349	0	0
0	0	0	33.45243	4.657883	9.22222	4.657883	7.33022E+11	9.332003E-6	107158.125339	3.377183E+16	0	0	2.318201	0.463062	0	0
0	0	0	33.341241	4.659145	8.868236	4.659145	6.902644E+11	9.112619E-6	109737.936556	3.377163E+16	0	0	2.141516	0.459014	0	0
0	0	0	33.230737	4.660501	8.515772	4.660501	6.502417E+11	8.939336E-6	111865.130102	3.377144E+16	0	0	1.964002	0.454967	0	0
0	0	0	33.118567	4.66182	8.158159	4.66182	6.11988E+11	8.766237E-6	114074.032984	3.377126E+16	0	0	1.791738	0.450879	0	0
0	0	0	33.005891	4.662806	7.80063	4.662806	5.758269E+11	8.515104E-6	117438.381921	3.377109E+16	0	0	1.624825	0.446839	0	0
0	0	0	32.891319	4.664062	7.435599	4.664062	5.412477E+11	8.347938E-6	119790.056464	3.377093E+16	0	0	1.465909	0.442967	0	0
0	0	0	32.775801	4.665292	7.067619	4.665292	5.084844E+11	8.187336E-6	122139.844414	3.377077E+16	0	0	1.309747	0.438984	0	0
0	0	0	32.658404	4.666423	6.694182	4.666423	4.772195E+11	8.007629E-6	124880.904773	3.377063E+16	0	0	1.1633	0.434992	0	0
0	0	0	32.538671	4.66743	6.314019	4.66743	4.473116E+11	7.79805E-6	128237.188182	3.377049E+16	0	0	1.019773	0.431216	0	0
0	0	0	32.41951	4.668332	5.936125	4.668332	4.194076E+11	7.576089E-6	131994.229914	3.377036E+16	0	0	0.891555	0.427503	0	0
0	0	0	32.300365	4.669182	5.558482	4.669182	3.932477E+11	7.354196E-6	135976.798565	3.377023E+16	0	0	0.770789	0.423807	0	0
0	0	0	32.180077	4.670131	5.176599	4.670131	3.684915E+11	7.173743E-6	139397.243468	3.377012E+16	0	0	0.65836	0.420095	0	0
0	0	0	32.058171	4.670851	4.790885	4.670851	3.44992E+11	6.931915E-6	144260.286589	3.377001E+16	0	0	0.558857	0.41635	0	0
0	0	0	31.936005	4.671811	4.402864	4.671811	3.229455E+11	6.778869E-6	147517.223563	3.37699E+16	0	0	0.462581	0.41271	0	0
0	0	0	31.818265	4.672514	4.030115	4.672514	3.03032E+11	6.576458E-6	152057.529825	3.376981E+16	0	0	0.380814	0.408973	0	0
0	0	0	31.692276	4.673301	3.630963	4.673301	2.830813E+11	6.385486E-6	156605.160277	3.376972E+16	0	0	0.310427	0.405612	0	0
0	0	0	31.561304	4.674083	3.216152	4.674083	2.637328E+11	6.191309E-6	161516.743908	3.376963E+16	0	0	0.253577	0.402004	0	0
0	0	0	31.43084	4.674808	2.803181	4.674808	2.45774E+11	5.996111E-6	166774.751287	3.376954E+16	0	0	0.201111	0.398411	0	0
0	0	0	31.299248	4.675605	2.386144	4.675605	2.288985E+11	5.836445E-6	171337.187494	3.376946E+16	0	0	0.158973	0.394883	0	0
0	0	0	31.167868	4.676007	1.972147	4.676007	2.132062E+11	5.562859E-6	179763.694859	3.376939E+16	0	0	0.124811	0.391529	0	0
0	0	0	31.034088	4.676742	1.548481	4.676742	1.983321E+11	5.404774E-6	185021.609084	3.376932E+16	0	0	0.096358	0.387993	0	0
0	0	0	30.900487	4.677352	1.126084	4.677352	1.845135E+11	5.220773E-6	191542.500674	3.376925E+16	0	0	0.07665	0.38456	0	0
0	0	0	30.764534	4.677749	0.697614	4.677749	1.714396E+11	4.974716E-6	201016.491273	3.376919E+16	0	0	0.052908	0.381175	0	0
0	0	0	30.626228	4.6784	0.260071	4.6784	1.590896E+11	4.818495E-6	207533.662939	3.376913E+16	0	0	0.043252	0.377798	0	0
0	0	0	30.487596	4.678927	-0.17776	4.678927	1.476032E+11	4.634621E-6	215767.36923	3.376908E+16	0	0	0.033075	0.374548	0	0
0	0	0	30.346971	4.679349	-0.621213	4.679349	1.367986E+11	4.425631E-6	225956.468385	3.376903E+16	0	0	0.024093	0.371371	0	0
0	0	0	30.204974	4.680172	-1.071698	4.680172	1.26691E+11	4.356029E-6	229566.86647	3.376898E+16	0	0	0.015662	0.367994	0	0
0	0	0	30.06087	4.680496	-1.525522	4.680496	1.171965E+11	4.131536E-6	242040.724837	3.376894E+16	0	0	0.016491	0.3648	0	0
0	0	0	29.914348	4.681022	-1.988349	4.681022	1.08272E+11	3.980824E-6	251204.273749	3.37689E+16	0	0	0.008543	0.361631	0	0
0	0	0	29.765916	4.68147	-2.4567	4.68147	9.992383E+10	3.813345E-6	262236.991009	3.376886E+16	0	0	0.010738	0.358621	0	0
0	0	0	29.612566	4.682033	-2.941322	4.682033	9.197453E+10	3.685616E-6	271325.035523	3.376882E+16	0	0	0.005468	0.355428	0	0
0	0	0	29.459184	4.682398	-3.424735	4.682398	8.465612E+10	3.506125E-6	285215.189069	3.376879E+16	0	0	0.007315	0.352418	0	0
0	0	0	29.303041	4.682893	-3.917778	4.682893	7.780383E+10	3.375913E-6	296216.123574	3.376875E+16	0	0	0.005196	0.349312	0	0
0	0	0	29.143615	4.683268	-4.420328	4.683268	7.137938E+10	3.213258E-6	311210.579204	3.376872E+16	0	0	0.006705	0.346311	0	0
0	0	0	28.981526	4.683466	-4.93	4.683466	6.539123E+10	3.003176E-6	332980.871446	3.376869E+16	0	0	-0.001736	0.343381	0	0
0	0	0	28.816857	4.683919	-5.449659	4.683919	5.98219E+10	2.880463E-6	347166.410596	3.376867E+16	0	0	-0.002123	0.340355	0	0
0	0	0	28.647695	4.684118	-5.981589	4.684118	5.459418E+10	2.685635E-6	372351.444975	3.376864E+16	0	0	0.000488	0.337321	0	0
0	0	0	28.47824	4.684571	-6.516376	4.684571	4.981538E+10	2.578107E-6	387881.507766	3.376862E+16	0	0	0.000114	0.334295	0	0
0	0	0	28.304619	4.684982	-7.063982	4.684982	4.535264E+10	2.463598E-6	405910.36433	3.37686E+16	0	0	0.000497	0.331485	0	0
0	0	0	28.128646	4.685181	-7.617403	4.685181	4.123723E+10	2.294859E-6	435756.676179	3.376858E+16	0	0	0.002041	0.328611	0	0
0	0	0	27.951628	4.685628	-8.176061	4.685628	3.747408E+10	2.207553E-6	452990.344309	3.376856E+16	0	0	-0.001825	0.325761	0	0
0	0	0	27.765887	4.68579	-8.759921	4.68579	3.389414E+10	2.039776E-6	490249.991522	3.376855E+16	0	0	-0.00184	0.322975	0	0
0	0	0	27.579508	4.686118	-9.347119	4.686118	3.064564E+10	1.928818E-6	518452.132711	3.376853E+16	0	0	0.000513	0.320268	0	0
0	0	0	27.389341	4.686374	-9.945681	4.686374	2.765177E+10	1.804747E-6	554094.190199	3.376852E+16	0	0	-0.002667	0.317482	0	0
0	0	0	27.195889	4.686608	-10.554418	4.686608	2.490614E+10	1.682695E-6	594284.934169	3.376851E+16	0	0	0.001725	0.314847	0	0
0	0	0	26.997914	4.686988	-11.178579	4.686988	2.237833E+10	1.603301E-6	623713.339505	3.376849E+16	0	0	0.005381	0.312085	0	0
0	0	0	26.795854	4.68729	-11.814977	4.68729	2.006274E+10	1.509924E-6	662284.985987	3.376848E+16	0	0	0.003385	0.309474	0	0
0	0	0	26.591492	4.687301	-12.456229	4.687301	1.796437E+10	1.354411E-6	738328.434396	3.376847E+16	0	0	0.002589	0.306976	0	0
0	0	0	26.382915	4.68766	-13.113643	4.68766	1.604886E+10	1.287387E-6	776767.331722	3.376846E+16	0	0	-0.00029	0.304373	0	0
0	0	0	26.171201	4.687796	-13.779059	4.687796	1.431332E+10	1.176549E-6	849943.028761	3.376846E+16	0	0	0.002214	0.30173	0	0
0	0	0	25.953951	4.688207	-14.464253	4.688207	1.27273E+10	1.131043E-6	884139.42048	3.376845E+16	0	0	-0.003662	0.299375	0	0
0	0	0	25.733254	4.688353	-15.158029	4.688353	1.129596E+10	1.033583E-6	967508.417722	3.376844E+16	0	0	0.002674	0.296789	0	0
0	0	0	25.510841	4.688577	-15.857905	4.688577	1.00163E+10	9.601545E-7	1041499.089423	3.376844E+16	0	0	0.003122	0.294362	0	0
0	0	0	25.283153	4.688624	-16.572804	4.688624	8.856307E+9	8.575303E-7	1166139.493193	3.376843E+16	0	0	-0.003751	0.291871	0	0
0	0	0	25.05107	4.688988	-17.304368	4.688988	7.812077E+9	8.206855E-7	1218493.568736	3.376842E+16	0	0	-0.002042	0.289492	0	0
0	0	0	24.813744	4.689233	-18.051371	4.689233	6.871465E+9	7.655475E-7	1306254.70661	3.376842E+16	0	0	-0.000307	0.287113	0	0
0	0	0	24.573413	4.689098	-18.804345	4.689098	6.034296E+9	6.505353E-7	1537195.495129	3.376842E+16	0	0	-0.000751	0.284646	0	0
0	0	0	24.328736	4.689473	-19.575699	4.689473	5.286689E+9	6.260779E-7	1597245.30061	3.376841E+16	0	0	-0.005206	0.282378	0	0
0	0	0	24.07862	4.689639	-20.362236	4.689639	4.618106E+9	5.719472E-7	1748413.2508	3.376841E+16	0	0	-0.000314	0.279967	0	0
0	0	0	23.825335	4.689832	-21.159006	4.689832	4.02717E+9	5.266443E-7	1898814.772766	3.376841E+16	0	0	0.000588	0.277708	0	0
0	0	0	23.568996	4.689863	-21.963842	4.689863	3.506057E+9	4.627007E-7	2161224.297133	3.37684E+16	0	0	0.001959	0.275528	0	0
0	0	0	23.309014	4.69017	-22.782828	4.69017	3.046371E+9	4.417698E-7	2263622.172939	3.37684E+16	0	0	0.001975	0.273101	0	0
0	0	0	23.045112	4.690389	-23.613311	4.690389	2.641352E+9	4.120263E-7	2427029.458052	3.37684E+16	0	0	0.002917	0.270882	0	0
0	0	0	22.778939	4.690405	-24.448931	4.690405	2.287371E+9	3.587546E-7	2787420.516636	3.37684E+16	0	0	-0.002193	0.268623	0	0
0	0	0	22.507424	4.690597	-25.303124	4.690597	1.975118E+9	3.320393E-7	3011691.887981	3.37684E+16	0	0	0.002022	0.266403	0	0
0	0	0	22.230634	4.690738	-26.173389	4.690738	1.700634E+9	3.017165E-7	3314369.336748	3.37684E+16	0	0	0.00109	0.264184	0	0
0	0	0	21.94958	4.690707	-27.055277	4.690707	1.460924E+9	2.560451E-7	3905562.508509	3.37684E+16	0	0	-0.002245	0.262068	0	0
0	0	0	21.66539	4.690936	-27.949755	4.690936	1.252876E+9	2.410535E-7	4148456.247539	3.376839E+16	0	0	0.000626	0.25996	0	0
0	0	0	21.377868	4.691092	-28.853972	4.691092	1.072522E+9	2.210946E-7	4522951.279214	3.376839E+16	0	0	-0.006162	0.257829	0	0
0	0	0	21.084759	4.691066	-29.773792	4.691066	9.15362E+8	1.864796E-7	5362518.126275	3.376839E+16	0	0	-0.000832	0.255649	0	0
0	0	0	20.790033	4.691248	-30.700966	4.691248	7.805485E+8	1.732865E-7	5770791.316517	3.376839E+16	0	0	-0.000345	0.253558	0	0
0	0	0	20.492547	4.691196	-31.634253	4.691196	6.645976E+8	1.438578E-7	6951307.381988	3.376839E+16	0	0	0.006112	0.251466	0	0
0	0	0	20.188249	4.691508	-32.593006	4.691508	5.637915E+8	1.435734E-7	6965077.53191	3.376839E+16	0	0	0.003656	0.249422	0	0
0	0	0	19.882416	4.691633	-33.554533	4.691633	4.778788E+8	1.309385E-7	7637173.559404	3.376839E+16	0	0	-0.001867	0.24737	0	0
0	0	0	19.574475	4.691654	-34.52151	4.691654	4.045967E+8	1.122814E-7	8906192.458643	3.376839E+16	0	0	0.000153	0.245351	0	0
0	0	0	19.261324	4.691925	-35.507767	4.691925	3.415887E+8	1.137548E-7	8790834.832475	3.376839E+16	0	0	0.001179	0.243458	0	0
0	0	0	18.947193	4.69181	-36.492628	4.69181	2.882403E+8	8.850142E-8	1.129925E+7	3.376839E+16	0	0	-0.000878	0.241471	0	0
0	0	0	18.630252	4.691935	-37.48914	4.691935	2.428545E+8	8.150279E-8	1.226952E+7	3.376839E+16	0	0	0.007963	0.239499	0	0
0	0	0	18.309619	4.691847	-38.494695	4.691847	2.042072E+8	6.429657E-8	1.555293E+7	3.376839E+16	0	0	-0.000367	0.237551	0	0
0	0	0	17.98817	4.692091	-39.506869	4.692091	1.716343E+8	6.518061E-8	1.534198E+7	3.376839E+16	0	0	0.001215	0.235714	0	0
0	0	0	17.664564	4.692159	-40.52369	4.692159	1.44089E+8	5.802874E-8	1.723284E+7	3.376839E+16	0	0	0.001225	0.233687	0	0
0	0	0	17.3381	4.692253	-41.549833	4.692253	1.207777E+8	5.308505E-8	1.88377E+7	3.376839E+16	0	0	0.001235	0.231834	0	0
0	0	0	17.012535	4.692138	-42.570539	4.692138	1.012869E+8	4.004643E-8	2.497102E+7	3.376839E+16	0	0	-0.004164	0.23003	0	0
0	0	0	16.689093	4.692346	-43.588689	4.692346	8.50391E+7	4.113579E-8	2.430973E+7	3.376839E+16	0	0	0.002344	0.22817	0	0
0	0	0	16.35977	4.692513	-44.624823	4.692513	7.117104E+7	4.192181E-8	2.385393E+7	3.376839E+16	0	0	0.006207	0.226286	0	0
0	0	0	16.031542	4.692325	-45.652919	4.692325	5.959982E+7	2.820011E-8	3.546086E+7	3.376839E+16	0	0	0.00238	0.224482	0	0
0	0	0	15.702383	4.692482	-46.688449	4.692482	4.988477E+7	2.823147E-8	3.542147E+7	3.376839E+16	0	0	-0.000948	0.222709	0	0
0	0	0	15.373093	4.692445	-47.721846	4.692445	4.175037E+7	2.259428E-8	4.4259E+7	3.376839E+16	0	0	-0.000393	0.220881	0	0
0	0	0	15.046139	4.692388	-48.747616	4.692388	3.498654E+7	1.771593E-8	5.644636E+7	3.376839E+16	0	0	-0.001529	0.219172	0	0
0	0	0	14.718989	4.69269	-49.77892	4.69269	2.931539E+7	2.24634E-8	4.451686E+7	3.376839E+16	0	0	-0.002681	0.217488	0	0
0	0	0	14.391904	4.692627	-50.805047	4.692627	2.456438E+7	1.701591E-8	5.876854E+7	3.376839E+16	0	0	-0.003276	0.21574	0	0
0	0	0	14.067547	4.692591	-51.822956	4.692591	2.061371E+7	1.352205E-8	7.395331E+7	3.376839E+16	0	0	0.005388	0.213959	0	0
0	0	0	13.743484	4.692622	-52.840891	4.692622	1.730118E+7	1.188956E-8	8.410742E+7	3.376839E+16	0	0	0.004846	0.212235	0	0
0	0	0	13.421594	4.692872	-53.855147	4.692872	1.453802E+7	1.613876E-8	6.196261E+7	3.376839E+16	0	0	0.001353	0.210622	0	0
0	0	0	13.105012	4.692799	-54.848135	4.692799	1.225127E+7	1.153065E-8	8.672535E+7	3.376839E+16	0	0	-0.003971	0.208906	0	0
0	0	0	12.789394	4.692757	-55.838532	4.692757	1.03296E+7	8.944261E-9	1.118035E+8	3.376839E+16	0	0	-0.000418	0.207301	0	0
0	0	0	12.474708	4.692825	-56.827608	4.692825	8713729.5	8.672534E-9	1.153066E+8	3.376839E+16	0	0	0.001384	0.205561	0	0
0	0	0	12.16497	4.69294	-57.801861	4.69294	7370327.5	9.818257E-9	1.018511E+8	3.376839E+16	0	0	-0.004061	0.204036	0	0
0	0	0	11.857389	4.693018	-58.768828	4.693018	6241309	1.080853E-8	9.251955E+7	3.376839E+16	0	0	0.000183	0.202311	0	0
0	0	0	11.554512	4.693174	-59.72223	4.693174	5298696.5	2.294022E-8	4.359157E+7	3.376839E+16	0	0	0.002647	0.200762	0	0
0	0	0	11.25701	4.693064	-60.654733	4.693064	4511532.5	9.527991E-9	1.049539E+8	3.376839E+16	0	0	0.003287	0.199158	0	0
0	0	0	10.962316	4.693085	-61.580395	4.693085	3847147	9.003229E-9	1.110713E+8	3.376839E+16	0	0	-0.009807	0.197665	0	0
0	0	0	10.673308	4.693132	-62.48862	4.693132	3290697	1.017632E-8	9.826732E+7	3.376839E+16	0	0	0.000189	0.196076	0	0
0	0	0	10.389412	4.69309	-63.379411	4.69309	2822523	6.788857E-9	1.473002E+8	3.376839E+16	0	0	0.005264	0.194559	0	0
0	0	0	10.110334	4.692976	-64.253907	4.692976	2427271	3.623703E-9	2.759608E+8	3.376839E+16	0	0	0.002748	0.192962	0	0
0	0	0	9.834295	4.692976	-65.120662	4.692976	2090799	3.12138E-9	3.203711E+8	3.376839E+16	0	0	0.007917	0.191533	0	0
0	0	0	9.565411	4.693153	-65.9678	4.693153	1807949	6.52284E-9	1.533075E+8	3.376839E+16	0	0	-0.008886	0.189993	0	0
0	0	0	9.299614	4.693122	-66.801911	4.693122	1565974.5	4.519866E-9	2.212455E+8	3.376839E+16	0	0	-0.002418	0.188532	0	0
0	0	0	9.038815	4.693174	-67.62168	4.693174	1360056	5.888284E-9	1.698288E+8	3.376839E+16	0	0	0.001514	0.187071	0	0
0	0	0	8.782753	4.693221	-68.426501	4.693221	1184243	9.32201E-9	1.07273E+8	3.376839E+16	0	0	-0.000464	0.185626	0	0
0	0	0	8.53316	4.693189	-69.209728	4.693189	1034770	5.270563E-9	1.897331E+8	3.376839E+16	0	0	0.005546	0.184141	0	0
0	0	0	8.289333	4.693252	-69.976404	4.693252	906985	1.57069E-8	6.366627E+7	3.376839E+16	0	0	0.001549	0.182688	0	0
0	0	0	8.048413	4.693283	-70.733439	4.693283	796231.5	-6.894662E-8	-1.450397E+7	3.376839E+16	0	0	-0.00658	0.181251	0	0
0	0	0	7.813342	4.693247	-71.470976	4.693247	701215	1.011955E-8	9.881859E+7	3.376839E+16	0	0	-0.00253	0.179734	0	0
0	0	0	7.584003	4.693262	-72.191386	4.693262	619454.5	1.787922E-8	5.593087E+7	3.376839E+16	0	0	0.000895	0.17844	0	0
0	0	0	7.359255	4.693221	-72.896407	4.693221	548586.5	4.318319E-9	2.315716E+8	3.376839E+16	0	0	-0.001872	0.177083	0	0
0	0	0	7.138672	4.693304	-73.590488	4.693304	486921	-8.432428E-9	-1.185898E+8	3.376839E+16	0	0	0.009288	0.175774	0	0
0	0	0	6.923055	4.693257	-74.266742	4.693257	433349	9.380791E-9	1.066008E+8	3.376839E+16	0	0	0.004434	0.174353	0	0
0	0	0	6.712485	4.693247	-74.927772	4.693247	386725	5.581015E-9	1.791789E+8	3.376839E+16	0	0	-0.001914	0.172988	0	0
0	0	0	6.506473	4.693267	-75.575035	4.693267	345968.5	1.497847E-8	6.676248E+7	3.376839E+16	0	0	-0.015496	0.171694	0	0
0	0	0	6.305263	4.693351	-76.20832	4.693351	310312	-1.91926E-9	-5.210342E+8	3.376839E+16	0	0	0.000936	0.170289	0	0
0	0	0	6.106389	4.693288	-76.83171	4.693288	278682	-1.206545E-8	-8.288131E+7	3.376839E+16	0	0	0.000942	0.16914	0	0
0	0	0	5.913656	4.693293	-77.437004	4.693293	251108	-7.247749E-9	-1.379739E+8	3.376839E+16	0	0	-0.009268	0.167814	0	0
0	0	0	5.724991	4.693304	-78.029621	4.693304	226760.5	-3.926999E-9	-2.546474E+8	3.376839E+16	0	0	-0.000515	0.166505	0	0
0	0	0	5.540737	4.693221	-78.60671	4.693221	205262.5	1.615771E-9	6.188998E+8	3.376839E+16	0	0	0.002446	0.1651	0	0
0	0	0	5.360125	4.693413	-79.177316	4.693413	186169	-6.200076E-10	-1.612883E+9	3.376839E+16	0	0	0.00097	0.163902	0	0
0	0	0	5.179888	4.693309	-79.741406	4.693309	168886	-2.437281E-9	-4.102933E+8	3.376839E+16	0	0	-0.005788	0.162657	0	0
0	0	0	5.005483	4.693293	-80.288776	4.693293	153691	-4.435991E-9	-2.254288E+8	3.376839E+16	0	0	0.000984	0.161459	0	0
0	0	0	4.835309	4.693371	-80.824568	4.693371	140183	-6.743508E-10	-1.482908E+9	3.376839E+16	0	0	0.009384	0.16015	0	0
0	0	0	4.667797	4.693314	-81.349531	4.693314	128047	-1.583925E-9	-6.313432E+8	3.376839E+16	0	0	0.000998	0.159056	0	0
0	0	0	4.504124	4.693366	-81.864443	4.693366	117204.5	-5.969781E-10	-1.675103E+9	3.376839E+16	0	0	-0.001315	0.157779	0	0
0	0	0	4.341758	4.693267	-82.372471	4.693267	107355.5	4.6479E-9	2.151509E+8	3.376839E+16	0	0	0.000234	0.156573	0	0
0	0	0	4.183737	4.693319	-82.86964	4.693319	98566	-1.066842E-9	-9.373457E+8	3.376839E+16	0	0	-0.007618	0.155336	0	0
0	0	0	4.030371	4.693429	-83.353263	4.693429	90723.5	-2.708849E-10	-3.691605E+9	3.376839E+16	0	0	-0.006875	0.154306	0	0
0	0	0	3.878622	4.693158	-83.824725	4.693158	83578.5	3.146514E-10	3.17812E+9	3.376839E+16	0	0	-0.001353	0.153117	0	0
0	0	0	3.730402	4.693319	-84.293171	4.693319	77143	-8.349675E-10	-1.197651E+9	3.376839E+16	0	0	0.001845	0.151943	0	0
0	0	0	3.584958	4.693278	-84.7491	4.693278	71310	0.004595	217.63434	3.376839E+16	0	0	0.008318	0.150833	0	0
0	0	0	3.441148	4.693434	-85.203628	4.693434	65976.5	-1.904281E-10	-5.251326E+9	3.376839E+16	0	0	0.001058	0.149604	0	0
0	0	0	3.298579	4.693455	-85.651714	4.693455	61082.5	-1.55561E-10	-6.428345E+9	3.376839E+16	0	0	-0.003035	0.148398	0	0
0	0	0	3.160257	4.693403	-86.085081	4.693403	56682	-2.045017E-10	-4.889935E+9	3.376839E+16	0	0	0.001073	0.147352	0	0
0	0	0	3.024239	4.693424	-86.5126	4.693424	52663.5	-1.628601E-10	-6.14024E+9	3.376839E+16	0	0	0.001081	0.146323	0	0
0	0	0	2.891422	4.693309	-86.927477	4.693309	49014.5	-7.073532E-10	-1.413721E+9	3.376839E+16	0	0	-0.003097	0.145221	0	0
0	0	0	2.759389	4.693299	-87.341877	4.693299	45638.5	-9.879487E-10	-1.012198E+9	3.376839E+16	0	0	0.00194	0.144087	0	0
0	0	0	2.630558	4.693403	-87.748427	4.693403	42568	-1.535801E-10	-6.51126E+9	3.376839E+16	0	0	0.00535	0.143057	0	0
0	0	0	2.503948	4.69346	-88.147109	4.69346	39752	-9.834536E-11	-1.016825E+10	3.376839E+16	0	0	0.006245	0.141956	0	0
0	0	0	2.377322	4.693517	-88.545848	4.693517	37122	-6.987736E-11	-1.431079E+10	3.376839E+16	0	0	-0.014385	0.140918	0	0
0	0	0	2.255237	4.693351	-88.925987	4.693351	34751	-2.149326E-10	-4.652622E+9	3.376839E+16	0	0	0.003728	0.139936	0	0
0	0	0	2.135373	4.693543	-89.306127	4.693543	32571	-5.529984E-11	-1.808324E+10	3.376839E+16	0	0	-0.004977	0.138898	0	0
0	0	0	2.017241	4.693424	-89.674751	4.693424	30556	-9.449339E-11	-1.058275E+10	3.376839E+16	0	0	0.005547	0.137692	0	0
0	0	0	1.900367	4.693371	-90.040738	4.693371	28685	-1.379893E-10	-7.246941E+9	3.376839E+16	0	0	0.011788	0.136742	0	0
0	0	0	1.789978	4.693403	-90.387991	4.693403	27023.5	-9.749746E-11	-1.025668E+10	3.376839E+16	0	0	-0.008656	0.135752	0	0
0	0	0	1.679555	4.693424	-90.735145	4.693424	25457.5	-7.872645E-11	-1.270221E+10	3.376839E+16	0	0	0.00027	0.134699	0	0
0	0	0	1.569803	4.69345	-91.080301	4.69345	23991	-6.295024E-11	-1.588556E+10	3.376839E+16	0	0	0.005702	0.133756	0	0
0	0	0	1.461129	4.693491	-91.422383	4.693491	22622	-4.777603E-11	-2.0931E+10	3.376839E+16	0	0	-0.016141	0.132695	0	0
0	0	0	1.356048	4.693371	-91.749984	4.693371	21373	-1.028149E-10	-9.72622E+9	3.376839E+16	0	0	0.003954	0.131553	0	0
0	0	0	1.253957	4.693398	-92.071084	4.693398	20225.5	-7.614377E-11	-1.313305E+10	3.376839E+16	0	0	0.004908	0.130563	0	0
0	0	0	1.153417	4.693398	-92.386795	4.693398	19155.5	-7.21155E-11	-1.386664E+10	3.376839E+16	0	0	0.001215	0.129365	0	0
0	0	0	1.056552	4.693356	-92.690134	4.693356	18178	-1.049344E-10	-9.529765E+9	3.376839E+16	0	0	0.002166	0.128304	0	0
0	0	0	0.961175	4.693512	-92.99276	4.693512	17264.5	-3.322037E-11	-3.010201E+10	3.376839E+16	0	0	0.005027	0.127338	0	0
0	0	0	0.871546	4.693366	-93.271289	4.693366	16448	-8.377745E-11	-1.193639E+10	3.376839E+16	0	0	-0.006399	0.126404	0	0
0	0	0	0.78775	4.693486	-93.536829	4.693486	15719.5	-3.402841E-11	-2.938721E+10	3.376839E+16	0	0	0.002215	0.125302	0	0
0	0	0	0.711892	4.693554	-93.776401	4.693554	15088.5	-2.465092E-11	-4.056644E+10	3.376839E+16	0	0	0.005139	0.124424	0	0
0	0	0	0.642959	4.693554	-93.992864	4.693554	14536.5	-2.374909E-11	-4.210688E+10	3.376839E+16	0	0	0.007127	0.123522	0	0
0	0	0	0.580659	4.69333	-94.183984	4.69333	14055	-1.217009E-10	-8.216866E+9	3.376839E+16	0	0	0.005213	0.122564	0	0
0	0	0	0.525807	4.69334	-94.356436	4.69334	13644.5	-9.845535E-11	-1.015689E+10	3.376839E+16	0	0	0.01317	0.121693	0	0
0	0	0	0.476689	4.693496	-94.513834	4.693496	13286.5	-2.739203E-11	-3.650697E+10	3.376839E+16	0	0	0.011266	0.120815	0	0
0	0	0	0.432537	4.693408	-94.65069	4.693408	12973	-4.493279E-11	-2.225546E+10	3.376839E+16	0	0	0.000301	0.119865	0	0
0	0	0	0.392305	4.693403	-94.77692	4.693403	12694.5	-4.580019E-11	-2.183397E+10	3.376839E+16	0	0	-0.000708	0.119051	0	0
0	0	0	0.357005	4.693434	-94.888399	4.693434	12454.5	-3.594744E-11	-2.781839E+10	3.376839E+16	0	0	0.003361	0.118141	0	0
0	0	0	0.324205	4.69347	-94.992137	4.69347	12235.5	-2.863406E-11	-3.492344E+10	3.376839E+16	0	0	-0.000718	0.117199	0	0
0	0	0	0.294509	4.69346	-95.085178	4.69346	12040.5	-2.978787E-11	-3.357071E+10	3.376839E+16	0	0	-0.00279	0.11636	0	0
0	0	0	0.268243	4.69334	-95.165224	4.69334	11871	-8.565821E-11	-1.16743E+10	3.376839E+16	0	0	0.01176	0.115474	0	0
0	0	0	0.243512	4.693361	-95.243306	4.693361	11713	-6.338859E-11	-1.577571E+10	3.376839E+16	0	0	0.005547	0.114788	0	0
0	0	0	0.221575	4.693335	-95.311663	4.693335	11575	-9.111529E-11	-1.097511E+10	3.376839E+16	0	0	0.00982	0.113718	0	0
0	0	0	0.201369	4.693548	-95.379457	4.693548	11449.5	-1.906541E-11	-5.245101E+10	3.376839E+16	0	0	0.009885	0.112927	0	0
0	0	0	0.182306	4.693403	-95.436349	4.693403	11332	-4.088446E-11	-2.445917E+10	3.376839E+16	0	0	0.019609	0.111969	0	0
0	0	0	0.164583	4.693309	-95.490094	4.693309	11224	-1.619792E-10	-6.173631E+9	3.376839E+16	0	0	-0.000755	0.111179	0	0
0	0	0	0.148575	4.69334	-95.540997	4.69334	11127	-8.028969E-11	-1.24549E+10	3.376839E+16	0	0	0.017704	0.110381	0	0
0	0	0	0.134658	4.693392	-95.58576	4.693392	11043.5	-4.346573E-11	-2.300663E+10	3.376839E+16	0	0	-0.005146	0.109462	0	0
0	0	0	0.12115	4.693528	-95.63094	4.693528	10963.5	-1.977748E-11	-5.056256E+10	3.376839E+16	0	0	-0.007379	0.108776	0	0
0	0	0	0.107935	4.693481	-95.671482	4.693481	10885.5	-2.416833E-11	-4.137646E+10	3.376839E+16	0	0	0.005878	0.107978	0	0
0	0	0	0.096501	4.693309	-95.703882	4.693309	10818.5	-1.561273E-10	-6.405031E+9	3.376839E+16	0	0	-0.001899	0.107163	0	0
0	0	0	0.085295	4.693262	-95.738113	4.693262	10753	3.10364E-10	3.222023E+9	3.376839E+16	0	0	0.002586	0.106413	0	0
0	0	0	0.074629	4.693262	-95.771607	4.693262	10691	3.085745E-10	3.240709E+9	3.376839E+16	0	0	0.007137	0.10559	0	0
0	0	0	0.065024	4.693325	-95.803042	4.693325	10636	-1.02329E-10	-9.7724E+9	3.376839E+16	0	0	-0.001939	0.104832	0	0
0	0	0	0.055141	4.693392	-95.835457	4.693392	10579	-4.163752E-11	-2.40168E+10	3.376839E+16	0	0	-0.0031	0.104114	0	0
0	0	0	0.046255	4.693361	-95.862722	4.693361	10528.5	-5.69783E-11	-1.755054E+10	3.376839E+16	0	0	-0.001965	0.103395	0	0
0	0	0	0.037974	4.693257	-95.886601	4.693257	10481.5	2.268958E-10	4.40731E+9	3.376839E+16	0	0	-0.007789	0.10274	0	0
0	0	0	0.029904	4.693299	-95.91279	4.693299	10435.5	-2.259E-10	-4.426738E+9	3.376839E+16	0	0	0.008562	0.10179	0	0
0	0	0	0.022488	4.693533	-95.940865	4.693533	10394	-1.836748E-11	-5.444405E+10	3.376839E+16	0	0	0.001535	0.10108	0	0
0	0	0	0.014729	4.693273	-95.959909	4.693273	10350.5	8.962399E-10	1.115773E+9	3.376839E+16	0	0	0.003923	0.100361	0	0
0	0	0	0.008065	4.693418	-95.983817	4.693418	10313.5	-3.307541E-11	-3.023394E+10	3.376839E+16	0	0	0.002751	0.099707	0	0
0	0	0	0.001482	4.693309	-96.002252	4.693309	10277	-1.483126E-10	-6.742515E+9	3.376839E+16	0	0	-0.004455	0.09902	0	0
0	0	0	-0.004447	4.693528	-96.025343	4.693528	10243.5	-1.847864E-11	-5.411653E+10	3.376839E+16	0	0	-0.011755	0.098341	0	0
0	0	0	-0.010214	4.693621	-96.045367	4.693621	10212	-1.339769E-11	-7.463975E+10	3.376839E+16	0	0	-0.006953	0.097655	0	0
0	0	0	-0.016159	4.693382	-96.05914	4.693382	10179	-4.406949E-11	-2.269143E+10	3.376839E+16	0	0	-0.00086	0.09696	0	0
0	0	0	-0.02186	4.693345	-96.076295	4.693345	10147.5	-6.758941E-11	-1.479522E+10	3.376839E+16	0	0	-0.005815	0.09621	0	0
0	0	0	-0.026499	4.69333	-96.090543	4.69333	10122.5	-8.764976E-11	-1.140904E+10	3.376839E+16	0	0	-0.000871	0.095635	0	0
0	0	0	-0.032053	4.693418	-96.109794	4.693418	10092	-3.236506E-11	-3.089752E+10	3.376839E+16	0	0	0.011657	0.0949	0	0
0	0	0	-0.035859	4.693439	-96.122171	4.693439	10071.5	-2.813166E-11	-3.554713E+10	3.376839E+16	0	0	0.006685	0.09427	0	0
0	0	0	-0.040596	4.693382	-96.135874	4.693382	10045.5	-4.349151E-11	-2.299299E+10	3.376839E+16	0	0	-0.005964	0.093679	0	0
0	0	0	-0.045219	4.69333	-96.149325	4.69333	10020.5	-8.676655E-11	-1.152518E+10	3.376839E+16	0	0	-0.00856	0.093	0	0
0	0	0	-0.048861	4.693434	-96.162895	4.693434	10000.5	-2.886446E-11	-3.464468E+10	3.376839E+16	0	0	-0.009906	0.092322	0	0
0	0	0	-0.053419	4.693502	-96.178591	4.693502	9976.5	-2.008966E-11	-4.977684E+10	3.376839E+16	0	0	0.004278	0.091587	0	0
0	0	0	-0.05711	4.693476	-96.189651	4.693476	9956	-2.268633E-11	-4.407941E+10	3.376839E+16	0	0	0.003	0.090989	0	0
0	0	0	-0.060606	4.693465	-96.200414	4.693465	9937.5	-2.390218E-11	-4.183718E+10	3.376839E+16	0	0	-0.008796	0.090366	0	0
0	0	0	-0.063857	4.693554	-96.212434	4.693554	9920	-1.620685E-11	-6.170229E+10	3.376839E+16	0	0	-0.007531	0.089767	0	0
0	0	0	-0.067761	4.693595	-96.225546	4.693595	9899	-1.405156E-11	-7.116649E+10	3.376839E+16	0	0	0.004387	0.089184	0	0
0	0	0	-0.07026	4.693309	-96.22753	4.693309	9886	-1.426699E-10	-7.009188E+9	3.376839E+16	0	0	0.011111	0.08853	0	0
0	0	0	-0.073184	4.693377	-96.238098	4.693377	9870	-4.498073E-11	-2.223174E+10	3.376839E+16	0	0	0.008488	0.087931	0	0
0	0	0	-0.076075	4.69346	-96.248883	4.69346	9854.5	-2.437976E-11	-4.101762E+10	3.376839E+16	0	0	0.012617	0.087292	0	0
0	0	0	-0.078476	4.693413	-96.255464	4.693413	9842	-3.277728E-11	-3.050893E+10	3.376839E+16	0	0	-0.003686	0.086717	0	0
0	0	0	-0.080273	4.693496	-96.262812	4.693496	9832.5	-2.027111E-11	-4.933128E+10	3.376839E+16	0	0	-0.010573	0.086182	0	0
0	0	0	-0.082445	4.693382	-96.267288	4.693382	9821	-4.251955E-11	-2.351859E+10	3.376839E+16	0	0	-0.010639	0.085616	0	0
0	0	0	-0.084814	4.693554	-96.278245	4.693554	9808.5	-1.602469E-11	-6.24037E+10	3.376839E+16	0	0	-0.012116	0.084913	0	0
0	0	0	-0.085745	4.693528	-96.280636	4.693528	9803.5	-1.768491E-11	-5.654538E+10	3.376839E+16	0	0	0.007424	0.084394	0	0
0	0	0	-0.087623	4.693455	-96.285041	4.693455	9793.5	-2.494146E-11	-4.009388E+10	3.376839E+16	0	0	0.004659	0.0837	0	0
0	0	0	-0.089404	4.693371	-96.288926	4.693371	9784	-4.706596E-11	-2.124678E+10	3.376839E+16	0	0	0.001847	0.083141	0	0
0	0	0	-0.090384	4.693366	-96.291897	4.693366	9778.5	-4.980653E-11	-2.007769E+10	3.376839E+16	0	0	-0.00529	0.08259	0	0
0	0	0	-0.092524	4.693502	-96.301389	4.693502	9767.5	-1.96688E-11	-5.084194E+10	3.376839E+16	0	0	-0.002445	0.082071	0	0
0	0	0	-0.093798	4.693533	-96.306031	4.693533	9761	-1.724889E-11	-5.797474E+10	3.376839E+16	0	0	0.00478	0.081464	0	0
0	0	0	-0.094892	4.693345	-96.305627	4.693345	9755	-6.497509E-11	-1.539051E+10	3.376839E+16	0	0	0.007725	0.080921	0	0
0	0	0	-0.096444	4.693465	-96.312953	4.693465	9746.5	-2.344278E-11	-4.265706E+10	3.376839E+16	0	0	0.003376	0.080338	0	0
0	0	0	-0.097098	4.69345	-96.314685	4.69345	9743.5	-2.556607E-11	-3.911434E+10	3.376839E+16	0	0	0.022601	0.079788	0	0
0	0	0	-0.098535	4.693273	-96.315571	4.693273	9736	8.430309E-10	1.186196E+9	3.376839E+16	0	0	-0.00551	0.079117	0	0
0	0	0	-0.099433	4.693403	-96.32106	4.693403	9731	-3.510825E-11	-2.848333E+10	3.376839E+16	0	0	-0.007047	0.07855	0	0
0	0	0	-0.10092	4.693554	-96.328822	4.693554	9723.5	-1.588582E-11	-6.294921E+10	3.376839E+16	0	0	-0.002562	0.078127	0	0
0	0	0	-0.101769	4.693413	-96.328608	4.693413	9719	-3.236765E-11	-3.089504E+10	3.376839E+16	0	0	0.006528	0.07752	0	0
0	0	0	-0.102651	4.693408	-96.331271	4.693408	9714	-3.364504E-11	-2.972206E+10	3.376839E+16	0	0	-0.004122	0.077065	0	0
0	0	0	-0.10386	4.693424	-96.335387	4.693424	9708	-3.002166E-11	-3.330929E+10	3.376839E+16	0	0	0.01583	0.076522	0	0
0	0	0	-0.10435	4.693335	-96.335112	4.693335	9705	-7.639515E-11	-1.308984E+10	3.376839E+16	0	0	0.012854	0.075908	0	0
0	0	0	-0.105853	4.693325	-96.339618	4.693325	9697.5	-9.329969E-11	-1.071815E+10	3.376839E+16	0	0	0.011361	0.075508	0	0
0	0	0	-0.106784	4.693398	-96.344035	4.693398	9692.5	-3.648975E-11	-2.740495E+10	3.376839E+16	0	0	-0.016771	0.074942	0	0
0	0	0	-0.107731	4.693236	-96.343702	4.693236	9687.5	1.048539E-10	9.537078E+9	3.376839E+16	0	0	-0.007407	0.074503	0	0
0	0	0	-0.109446	4.693293	-96.350262	4.693293	9678.5	-2.793507E-10	-3.57973E+9	3.376839E+16	0	0	-0.021736	0.073984	0	0
0	0	0	-0.110427	4.69334	-96.3543	4.69334	9673.5	-6.980159E-11	-1.432632E+10	3.376839E+16	0	0	0.013249	0.073505	0	0
0	0	0	-0.111521	4.69334	-96.357736	4.69334	9667.5	-6.97583E-11	-1.433521E+10	3.376839E+16	0	0	-0.002734	0.072922	0	0
0	0	0	-0.112828	4.693356	-96.36216	4.693356	9660.5	-5.576623E-11	-1.7932E+10	3.376839E+16	0	0	0.018285	0.072459	0	0
0	0	0	-0.113873	4.693293	-96.364162	4.693293	9655.5	-2.786868E-10	-3.588257E+9	3.376839E+16	0	0	-0.00114	0.071996	0	0
0	0	0	-0.115311	4.693465	-96.372198	4.693465	9648	-2.320586E-11	-4.309256E+10	3.376839E+16	0	0	-0.007691	0.071597	0	0
0	0	0	-0.116454	4.693387	-96.374187	4.693387	9642	-3.975674E-11	-2.515297E+10	3.376839E+16	0	0	0.013689	0.071006	0	0
0	0	0	-0.118088	4.693444	-96.380491	4.693444	9633.5	-2.606736E-11	-3.836215E+10	3.376839E+16	0	0	0.000498	0.070591	0	0
0	0	0	-0.119329	4.693267	-96.38076	4.693267	9627	4.167964E-10	2.399253E+9	3.376839E+16	0	0	-0.017853	0.070136	0	0
0	0	0	-0.120015	4.69346	-96.386864	4.69346	9623.5	-2.380828E-11	-4.20022E+10	3.376839E+16	0	0	-0.001176	0.069641	0	0
0	0	0	-0.121518	4.693559	-96.393611	4.693559	9615.5	-1.541846E-11	-6.485731E+10	3.376839E+16	0	0	-0.002874	0.069177	0	0
0	0	0	-0.12271	4.693486	-96.395861	4.693486	9609.5	-2.080194E-11	-4.807245E+10	3.376839E+16	0	0	-0.018215	0.068667	0	0
0	0	0	-0.123266	4.693424	-96.396324	4.693424	9606.5	-2.970777E-11	-3.366122E+10	3.376839E+16	0	0	-0.001201	0.068132	0	0
0	0	0	-0.124719	4.693455	-96.40153	4.693455	9599	-2.444612E-11	-4.090628E+10	3.376839E+16	0	0	0.003965	0.067748	0	0
0	0	0	-0.126206	4.693507	-96.407265	4.693507	9591.5	-1.887543E-11	-5.297893E+10	3.376839E+16	0	0	0.000521	0.067253	0	0
0	0	0	-0.127072	4.693418	-96.408169	4.693418	9586.5	-3.074392E-11	-3.252676E+10	3.376839E+16	0	0	-0.009944	0.06691	0	0
0	0	0	-0.127268	4.693424	-96.408891	4.693424	9585.5	-2.964283E-11	-3.373497E+10	3.376839E+16	0	0	0.002284	0.066399	0	0
0	0	0	-0.128917	4.693574	-96.417168	4.693574	9577	-1.454848E-11	-6.873571E+10	3.376839E+16	0	0	-0.010073	0.066	0	0
0	0	0	-0.129162	4.693486	-96.416122	4.693486	9576	-2.072942E-11	-4.824062E+10	3.376839E+16	0	0	-0.017258	0.065529	0	0
0	0	0	-0.129946	4.693502	-96.418905	4.693502	9572	-1.927512E-11	-5.188034E+10	3.376839E+16	0	0	0.023817	0.065082	0	0
0	0	0	-0.131172	4.693356	-96.419762	4.693356	9565.5	-5.521783E-11	-1.811009E+10	3.376839E+16	0	0	0.016782	0.064563	0	0
0	0	0	-0.130927	4.693325	-96.418352	4.693325	9567	-9.204415E-11	-1.086435E+10	3.376839E+16	0	0	0.007795	0.064244	0	0
0	0	0	-0.13176	4.693512	-96.424812	4.693512	9562.5	-1.840017E-11	-5.434732E+10	3.376839E+16	0	0	-0.004929	0.063773	0	0
0	0	0	-0.132233	4.693413	-96.424271	4.693413	9560	-3.183813E-11	-3.140888E+10	3.376839E+16	0	0	0.000551	0.063334	0	0
0	0	0	-0.132805	4.693522	-96.428308	4.693522	9557	-1.760705E-11	-5.679542E+10	3.376839E+16	0	0	0.013478	0.063006	0	0
0	0	0	-0.132609	4.693398	-96.42513	4.693398	9558	-3.598339E-11	-2.77906E+10	3.376839E+16	0	0	-0.001301	0.062575	0	0
0	0	0	-0.133295	4.693371	-96.426751	4.693371	9554.5	-4.596195E-11	-2.175713E+10	3.376839E+16	0	0	0.000562	0.062096	0	0
0	0	0	-0.133426	4.693429	-96.428335	4.693429	9554	-2.852661E-11	-3.505499E+10	3.376839E+16	0	0	0.013752	0.061681	0	0
0	0	0	-0.132968	4.693439	-96.427113	4.693439	9556.5	-2.669317E-11	-3.746277E+10	3.376839E+16	0	0	0.025235	0.061218	0	0
0	0	0	-0.13372	4.693512	-96.430967	4.693512	9552	-1.837997E-11	-5.440706E+10	3.376839E+16	0	0	-0.010876	0.060851	0	0
0	0	0	-0.133279	4.693512	-96.429582	4.693512	9554.5	-1.838478E-11	-5.439282E+10	3.376839E+16	0	0	-0.012871	0.06042	0	0
0	0	0	-0.133801	4.693351	-96.427914	4.693351	9552	-5.907847E-11	-1.692664E+10	3.376839E+16	0	0	0.004446	0.06002	0	0
0	0	0	-0.133524	4.69358	-96.43174	4.69358	9553.5	-1.426256E-11	-7.011364E+10	3.376839E+16	0	0	-0.009149	0.059581	0	0
0	0	0	-0.133981	4.693439	-96.430293	4.693439	9551	-2.667781E-11	-3.748434E+10	3.376839E+16	0	0	-0.011166	0.059182	0	0
0	0	0	-0.133703	4.693257	-96.425684	4.693257	9552.5	2.067855E-10	4.83593E+9	3.376839E+16	0	0	0.014374	0.058855	0	0
0	0	0	-0.134177	4.693413	-96.430375	4.693413	9550	-3.180482E-11	-3.144177E+10	3.376839E+16	0	0	-0.005352	0.05844	0	0
0	0	0	-0.133801	4.693429	-96.429515	4.693429	9552	-2.852064E-11	-3.506233E+10	3.376839E+16	0	0	0.004589	0.058032	0	0
0	0	0	-0.134144	4.69347	-96.431447	4.69347	9550	-2.234933E-11	-4.474406E+10	3.376839E+16	0	0	0.002608	0.057697	0	0
0	0	0	-0.134291	4.693377	-96.429986	4.693377	9549.5	-4.352011E-11	-2.297788E+10	3.376839E+16	0	0	0.002628	0.057234	0	0
0	0	0	-0.134471	4.693455	-96.432152	4.693455	9548.5	-2.431751E-11	-4.112262E+10	3.376839E+16	0	0	0.002644	0.056883	0	0
0	0	0	-0.134063	4.693434	-96.430443	4.693434	9550.5	-2.756562E-11	-3.627707E+10	3.376839E+16	0	0	-0.00143	0.056603	0	0
0	0	0	-0.133948	4.693257	-96.426453	4.693257	9551.5	2.067638E-10	4.836436E+9	3.376839E+16	0	0	-0.003496	0.056212	0	0
0	0	0	-0.134308	4.693387	-96.430251	4.693387	9549.5	-3.937534E-11	-2.539661E+10	3.376839E+16	0	0	-0.024214	0.055829	0	0
0	0	0	-0.134733	4.693455	-96.432973	4.693455	9547	-2.431369E-11	-4.112909E+10	3.376839E+16	0	0	0.000624	0.055486	0	0
0	0	0	-0.134275	4.693351	-96.429401	4.693351	9549.5	-5.906301E-11	-1.693107E+10	3.376839E+16	0	0	0.004818	0.055118	0	0
0	0	0	-0.135059	4.693554	-96.436027	4.693554	9545.5	-1.559501E-11	-6.412306E+10	3.376839E+16	0	0	-0.001477	0.054703	0	0
0	0	0	-0.135223	4.693382	-96.433017	4.693382	9544.5	-4.132246E-11	-2.419992E+10	3.376839E+16	0	0	0.009147	0.054232	0	0
0	0	0	-0.135876	4.693507	-96.437631	4.693507	9541	-1.877605E-11	-5.325935E+10	3.376839E+16	0	0	0.015575	0.054049	0	0
0	0	0	-0.136578	4.693314	-96.435886	4.693314	9537.5	-1.179776E-10	-8.476187E+9	3.376839E+16	0	0	0.015704	0.053586	0	0
0	0	0	-0.137003	4.69333	-96.43754	4.69333	9535.5	-8.256698E-11	-1.211138E+10	3.376839E+16	0	0	-0.001512	0.05333	0	0
0	0	0	-0.137509	4.69346	-96.4418	4.69346	9533	-2.358438E-11	-4.240094E+10	3.376839E+16	0	0	0.013702	0.052963	0	0
0	0	0	-0.138261	4.693481	-96.444586	4.693481	9529	-2.115659E-11	-4.72666E+10	3.376839E+16	0	0	0.002843	0.052652	0	0
0	0	0	-0.138391	4.693293	-96.441152	4.693293	9528	-2.750068E-10	-3.636274E+9	3.376839E+16	0	0	0.011673	0.05226	0	0
0	0	0	-0.139045	4.693371	-96.444806	4.693371	9525	-4.582004E-11	-2.182451E+10	3.376839E+16	0	0	0.002878	0.051965	0	0
0	0	0	-0.140025	4.69347	-96.449912	4.69347	9520	-2.227913E-11	-4.488506E+10	3.376839E+16	0	0	0.007358	0.051582	0	0
0	0	0	-0.140744	4.693491	-96.452597	4.693491	9516	-2.009711E-11	-4.975841E+10	3.376839E+16	0	0	0.01865	0.051167	0	0
0	0	0	-0.141364	4.693647	-96.457749	4.693647	9513	-1.160171E-11	-8.619417E+10	3.376839E+16	0	0	0.002935	0.050911	0	0
0	0	0	-0.141577	4.693522	-96.455853	4.693522	9512	-1.752415E-11	-5.706411E+10	3.376839E+16	0	0	0.00295	0.050632	0	0
0	0	0	-0.142328	4.693429	-96.456291	4.693429	9508	-2.838926E-11	-3.522458E+10	3.376839E+16	0	0	0.000686	0.050225	0	0
0	0	0	-0.143357	4.693496	-96.46091	4.693496	9503	-1.95918E-11	-5.104176E+10	3.376839E+16	0	0	-0.003912	0.049889	0	0
0	0	0	-0.143325	4.693512	-96.461128	4.693512	9503	-1.828568E-11	-5.46876E+10	3.376839E+16	0	0	0.007627	0.04965	0	0
0	0	0	-0.143945	4.693543	-96.463718	4.693543	9499.5	-1.612848E-11	-6.200211E+10	3.376839E+16	0	0	0.019314	0.04929	0	0
0	0	0	-0.144827	4.693621	-96.46809	4.693621	9495.5	-1.245767E-11	-8.027183E+10	3.376839E+16	0	0	0.005389	0.048931	0	0
0	0	0	-0.145301	4.693429	-96.465626	4.693429	9493	-2.834448E-11	-3.528024E+10	3.376839E+16	0	0	-0.006365	0.04862	0	0
0	0	0	-0.145236	4.693554	-96.467984	4.693554	9493	-1.550924E-11	-6.447769E+10	3.376839E+16	0	0	-0.001663	0.048221	0	0
0	0	0	-0.145905	4.693476	-96.468485	4.693476	9489.5	-2.162334E-11	-4.624634E+10	3.376839E+16	0	0	-0.006447	0.047957	0	0
0	0	0	-0.145922	4.69359	-96.470886	4.69359	9489.5	-1.369478E-11	-7.302053E+10	3.376839E+16	0	0	0.003113	0.047806	0	0
0	0	0	-0.146771	4.693408	-96.469815	4.693408	9485.5	-3.285361E-11	-3.043805E+10	3.376839E+16	0	0	0.003145	0.047303	0	0
0	0	0	-0.146363	4.69359	-96.472271	4.69359	9487	-1.369117E-11	-7.303977E+10	3.376839E+16	0	0	-0.008991	0.047071	0	0
0	0	0	-0.146542	4.693512	-96.471233	4.693512	9486.5	-1.825393E-11	-5.478272E+10	3.376839E+16	0	0	0.000732	0.046847	0	0
0	0	0	-0.146902	4.693356	-96.469158	4.693356	9484.5	-5.475025E-11	-1.826476E+10	3.376839E+16	0	0	0.020395	0.046512	0	0
0	0	0	-0.146706	4.693564	-96.472814	4.693564	9485.5	-1.493346E-11	-6.696371E+10	3.376839E+16	0	0	-0.006661	0.046313	0	0
0	0	0	-0.146412	4.693517	-96.47093	4.693517	9487	-1.785805E-11	-5.599716E+10	3.376839E+16	0	0	0.003236	0.045881	0	0
0	0	0	-0.146771	4.69347	-96.471097	4.69347	9485.5	-2.219839E-11	-4.504832E+10	3.376839E+16	0	0	-0.006766	0.045554	0	0
0	0	0	-0.147114	4.693377	-96.470252	4.693377	9483.5	-4.321933E-11	-2.31378E+10	3.376839E+16	0	0	-0.014339	0.045363	0	0
0	0	0	-0.14633	4.693486	-96.470032	4.693486	9487.5	-2.053784E-11	-4.869061E+10	3.376839E+16	0	0	-0.01443	0.045059	0	0
0	0	0	-0.14615	4.693413	-96.467973	4.693413	9488.5	-3.160001E-11	-3.164556E+10	3.376839E+16	0	0	0.00332	0.044644	0	0
0	0	0	-0.14566	4.693481	-96.467822	4.693481	9491	-2.107222E-11	-4.745584E+10	3.376839E+16	0	0	-0.027435	0.044452	0	0
0	0	0	-0.145481	4.693642	-96.470569	4.693642	9492	-1.174147E-11	-8.516818E+10	3.376839E+16	0	0	-0.017278	0.044181	0	0
0	0	0	-0.145138	4.693382	-96.464152	4.693382	9493.5	-4.110165E-11	-2.432992E+10	3.376839E+16	0	0	0.005974	0.043846	0	0
0	0	0	-0.144811	4.693418	-96.463874	4.693418	9495.5	-3.045208E-11	-3.283848E+10	3.376839E+16	0	0	-0.004445	0.043542	0	0
0	0	0	-0.144729	4.693444	-96.464151	4.693444	9495.5	-2.569395E-11	-3.891967E+10	3.376839E+16	0	0	0.032306	0.043327	0	0
0	0	0	-0.144517	4.693491	-96.464445	4.693491	9497	-2.005698E-11	-4.985796E+10	3.376839E+16	0	0	0.021991	0.042936	0	0
0	0	0	-0.144517	4.693507	-96.464766	4.693507	9497	-1.868946E-11	-5.35061E+10	3.376839E+16	0	0	-0.004522	0.042752	0	0
0	0	0	-0.143929	4.693528	-96.463346	4.693528	9499.5	-1.713651E-11	-5.835493E+10	3.376839E+16	0	0	0.024873	0.042496	0	0
0	0	0	-0.144435	4.693398	-96.462267	4.693398	9497	-3.575375E-11	-2.79691E+10	3.376839E+16	0	0	0.008876	0.042241	0	0
0	0	0	-0.144223	4.693512	-96.463949	4.693512	9498.5	-1.827702E-11	-5.471351E+10	3.376839E+16	0	0	0.011647	0.04193	0	0
0	0	0	-0.143749	4.693247	-96.457015	4.693247	9500.5	1.371065E-10	7.293598E+9	3.376839E+16	0	0	0.006263	0.04169	0	0
0	0	0	-0.143194	4.693543	-96.461359	4.693543	9503.5	-1.613527E-11	-6.197602E+10	3.376839E+16	0	0	0.050206	0.041363	0	0
0	0	0	-0.143733	4.693491	-96.461983	4.693491	9501	-2.006543E-11	-4.983697E+10	3.376839E+16	0	0	-0.0102	0.041147	0	0
0	0	0	-0.143651	4.69346	-96.461086	4.69346	9501	-2.350521E-11	-4.254375E+10	3.376839E+16	0	0	0.006366	0.040964	0	0
0	0	0	-0.1437	4.693424	-96.460492	4.693424	9501	-2.938152E-11	-3.4035E+10	3.376839E+16	0	0	-0.007518	0.040708	0	0
0	0	0	-0.143684	4.693668	-96.465461	4.693668	9501	-1.09691E-11	-9.116518E+10	3.376839E+16	0	0	-0.001962	0.040413	0	0
0	0	0	-0.144305	4.693616	-96.466342	4.693616	9498	-1.265266E-11	-7.903478E+10	3.376839E+16	0	0	0.009305	0.040165	0	0
0	0	0	-0.144729	4.693429	-96.463831	4.693429	9495.5	-2.835194E-11	-3.527095E+10	3.376839E+16	0	0	0.012209	0.03987	0	0
0	0	0	-0.144893	4.693522	-96.466266	4.693522	9495	-1.749283E-11	-5.716628E+10	3.376839E+16	0	0	0.043757	0.039566	0	0
0	0	0	-0.145301	4.693465	-96.466374	4.693465	9493	-2.283305E-11	-4.379616E+10	3.376839E+16	0	0	-0.002003	0.039527	0	0
0	0	0	-0.14553	4.693491	-96.467626	4.693491	9491.5	-2.004536E-11	-4.988685E+10	3.376839E+16	0	0	0.000865	0.039199	0	0
0	0	0	-0.146036	4.693356	-96.466439	4.693356	9489	-5.477623E-11	-1.825609E+10	3.376839E+16	0	0	0.029887	0.038952	0	0
0	0	0	-0.146967	4.693424	-96.470751	4.693424	9484.5	-2.933049E-11	-3.409421E+10	3.376839E+16	0	0	-0.02249	0.03868	0	0
0	0	0	-0.14767	4.693621	-96.477015	4.693621	9480.5	-1.243799E-11	-8.039883E+10	3.376839E+16	0	0	-0.016769	0.038385	0	0
0	0	0	-0.14798	4.693585	-96.477242	4.693585	9479	-1.391148E-11	-7.188306E+10	3.376839E+16	0	0	-0.013926	0.038098	0	0
0	0	0	-0.148666	4.693538	-96.478435	4.693538	9475.5	-1.640949E-11	-6.094035E+10	3.376839E+16	0	0	-0.011009	0.037922	0	0
0	0	0	-0.149123	4.693444	-96.477949	4.693444	9473	-2.563306E-11	-3.901212E+10	3.376839E+16	0	0	0.012865	0.037698	0	0
0	0	0	-0.148486	4.69358	-96.478726	4.69358	9476.5	-1.41476E-11	-7.068334E+10	3.376839E+16	0	0	0.009915	0.037523	0	0
0	0	0	-0.149417	4.693538	-96.480795	4.693538	9471.5	-1.640256E-11	-6.096608E+10	3.376839E+16	0	0	0.022103	0.037219	0	0
0	0	0	-0.149646	4.693621	-96.483222	4.693621	9470.5	-1.242487E-11	-8.048373E+10	3.376839E+16	0	0	0.006999	0.03702	0	0
0	0	0	-0.150071	4.693195	-96.475797	4.693195	9468.5	5.124177E-11	1.951533E+10	3.376839E+16	0	0	-0.023614	0.036716	0	0
0	0	0	-0.150479	4.693559	-96.484556	4.693559	9466	-1.517874E-11	-6.588163E+10	3.376839E+16	0	0	0.004009	0.036501	0	0
0	0	0	-0.150348	4.693455	-96.48201	4.693455	9467	-2.410996E-11	-4.147664E+10	3.376839E+16	0	0	-0.011465	0.036309	0	0
0	0	0	-0.150806	4.693689	-96.488253	4.693689	9464.5	-1.03737E-11	-9.639766E+10	3.376839E+16	0	0	0.00405	0.036102	0	0
0	0	0	-0.151623	4.693647	-96.489963	4.693647	9460	-1.153708E-11	-8.667708E+10	3.376839E+16	0	0	-0.017892	0.035814	0	0
0	0	0	-0.151721	4.693424	-96.485678	4.693424	9460	-2.925473E-11	-3.418251E+10	3.376839E+16	0	0	-0.008505	0.035671	0	0
0	0	0	-0.151721	4.693496	-96.487173	4.693496	9460	-1.950315E-11	-5.127377E+10	3.376839E+16	0	0	0.064369	0.035423	0	0
0	0	0	-0.151966	4.693403	-96.48602	4.693403	9458.5	-3.41251E-11	-2.930394E+10	3.376839E+16	0	0	0.004158	0.035104	0	0
0	0	0	-0.151933	4.693387	-96.485597	4.693387	9458.5	-3.900012E-11	-2.564095E+10	3.376839E+16	0	0	-0.018244	0.035064	0	0
0	0	0	-0.152439	4.693653	-96.492634	4.693653	9456	-1.137203E-11	-8.793507E+10	3.376839E+16	0	0	0.03	0.034776	0	0
0	0	0	-0.152341	4.693465	-96.488481	4.693465	9457	-2.274646E-11	-4.396288E+10	3.376839E+16	0	0	0.026993	0.034481	0	0
0	0	0	-0.151966	4.693387	-96.485699	4.693387	9458.5	-3.900012E-11	-2.564095E+10	3.376839E+16	0	0	0.007501	0.034369	0	0
0	0	0	-0.1519	4.693356	-96.484853	4.693356	9459	-5.460305E-11	-1.831399E+10	3.376839E+16	0	0	0.020712	0.034082	0	0
0	0	0	-0.151933	4.693725	-96.49254	4.693725	9458.5	-9.523285E-12	-1.050058E+11	3.376839E+16	0	0	0.020831	0.033874	0	0
0	0	0	-0.151328	4.693486	-96.485728	4.693486	9462	-2.048264E-11	-4.882184E+10	3.376839E+16	0	0	-0.032127	0.033802	0	0
0	0	0	-0.15061	4.693434	-96.482403	4.693434	9465.5	-2.732029E-11	-3.660284E+10	3.376839E+16	0	0	-0.009018	0.033507	0	0
0	0	0	-0.150397	4.693637	-96.485902	4.693637	9466.5	-1.187964E-11	-8.417763E+10	3.376839E+16	0	0	0.011062	0.033371	0	0
0	0	0	-0.15012	4.693413	-96.480437	4.693413	9468	-3.153173E-11	-3.171408E+10	3.376839E+16	0	0	-0.002365	0.0331	0	0
0	0	0	-0.15025	4.693564	-96.483945	4.693564	9467.5	-1.490512E-11	-6.709103E+10	3.376839E+16	0	0	0.045239	0.03286	0	0
0	0	0	-0.149368	4.693371	-96.477223	4.693371	9472	-4.556508E-11	-2.194663E+10	3.376839E+16	0	0	-0.00581	0.032693	0	0
0	0	0	-0.149303	4.693413	-96.477873	4.693413	9472	-3.154505E-11	-3.170069E+10	3.376839E+16	0	0	0.014732	0.032597	0	0
0	0	0	-0.149123	4.693632	-96.481794	4.693632	9473	-1.206262E-11	-8.290074E+10	3.376839E+16	0	0	-0.002416	0.032341	0	0
0	0	0	-0.148535	4.693398	-96.475141	4.693398	9476	-3.567469E-11	-2.803108E+10	3.376839E+16	0	0	0.001042	0.032134	0	0
0	0	0	-0.148878	4.693491	-96.478141	4.693491	9474.5	-2.000946E-11	-4.997636E+10	3.376839E+16	0	0	-0.002444	0.03195	0	0
0	0	0	-0.148143	4.693512	-96.47626	4.693512	9478	-1.823758E-11	-5.483185E+10	3.376839E+16	0	0	0.03957	0.031838	0	0
0	0	0	-0.148225	4.693361	-96.473419	4.693361	9478	-5.129318E-11	-1.949577E+10	3.376839E+16	0	0	-0.016644	0.031471	0	0
0	0	0	-0.147915	4.693554	-96.476396	4.693554	9479.5	-1.548719E-11	-6.456951E+10	3.376839E+16	0	0	-0.03444	0.031375	0	0
0	0	0	-0.148029	4.693554	-96.476755	4.693554	9478.5	-1.548555E-11	-6.457632E+10	3.376839E+16	0	0	-0.013192	0.031232	0	0
0	0	0	-0.14731	4.693382	-96.470974	4.693382	9482.5	-4.105403E-11	-2.435814E+10	3.376839E+16	0	0	0.051346	0.031	0	0
0	0	0	-0.147702	4.693408	-96.472739	4.693408	9480.5	-3.28363E-11	-3.04541E+10	3.376839E+16	0	0	-0.009738	0.030848	0	0
0	0	0	-0.147572	4.693559	-96.475426	4.693559	9481	-1.520279E-11	-6.577739E+10	3.376839E+16	0	0	-0.024357	0.030593	0	0
0	0	0	-0.14829	4.693548	-96.477469	4.693548	9477.5	-1.578169E-11	-6.336459E+10	3.376839E+16	0	0	0.048658	0.030385	0	0
0	0	0	-0.148143	4.693611	-96.478289	4.693611	9478	-1.28233E-11	-7.798307E+10	3.376839E+16	0	0	-0.013632	0.030162	0	0
0	0	0	-0.147604	4.693476	-96.47382	4.693476	9481	-2.160397E-11	-4.62878E+10	3.376839E+16	0	0	0.034359	0.030066	0	0
0	0	0	-0.14816	4.693574	-96.477593	4.693574	9478	-1.439809E-11	-6.945367E+10	3.376839E+16	0	0	0.008533	0.02993	0	0
0	0	0	-0.149091	4.69359	-96.480837	4.69359	9473.5	-1.367169E-11	-7.314386E+10	3.376839E+16	0	0	-0.025094	0.029635	0	0
0	0	0	-0.149238	4.693392	-96.47724	4.693392	9472.5	-3.728249E-11	-2.682224E+10	3.376839E+16	0	0	-0.013886	0.029563	0	0
0	0	0	-0.149499	4.693559	-96.481479	4.693559	9471	-1.518676E-11	-6.584685E+10	3.376839E+16	0	0	0.001135	0.029308	0	0
0	0	0	-0.150414	4.693486	-96.482856	4.693486	9466.5	-2.049238E-11	-4.879863E+10	3.376839E+16	0	0	-0.010257	0.02918	0	0
0	0	0	-0.150495	4.693543	-96.484287	4.693543	9466	-1.607161E-11	-6.222154E+10	3.376839E+16	0	0	0.016428	0.029004	0	0
0	0	0	-0.151181	4.693569	-96.486976	4.693569	9462.5	-1.463123E-11	-6.834696E+10	3.376839E+16	0	0	-0.0142	0.028861	0	0
0	0	0	-0.151279	4.693585	-96.487604	4.693585	9462	-1.388653E-11	-7.201221E+10	3.376839E+16	0	0	0.020462	0.028677	0	0
0	0	0	-0.151639	4.693507	-96.48713	4.693507	9460	-1.861664E-11	-5.371537E+10	3.376839E+16	0	0	0.051791	0.028421	0	0
0	0	0	-0.151802	4.693533	-96.488177	4.693533	9459.5	-1.67161E-11	-5.982255E+10	3.376839E+16	0	0	0.008991	0.028302	0	0
0	0	0	-0.151786	4.693476	-96.486951	4.693476	9459.5	-2.155498E-11	-4.6393E+10	3.376839E+16	0	0	0.005104	0.028166	0	0
0	0	0	-0.153109	4.693481	-96.491213	4.693481	9452.5	-2.098674E-11	-4.764913E+10	3.376839E+16	0	0	0	0	0	0
0	0	0	-0.153321	4.693616	-96.494657	4.693616	9452	-1.259138E-11	-7.941942E+10	3.376839E+16	0	0	0	0	0	0
0	0	0	-0.153191	4.693502	-96.491896	4.693502	9452.5	-1.903449E-11	-5.253622E+10	3.376839E+16	0	0	0	0	0	0
0	0	0	-0.153762	4.693595	-96.495614	4.693595	9449.5	-1.341349E-11	-7.455179E+10	3.376839E+16	0	0	0	0	0	0
0	0	0	-0.154203	4.693559	-96.496252	4.693559	9447	-1.514827E-11	-6.601413E+10	3.376839E+16	0	0	0	0	0	0
0	0	0	-0.154644	4.693387	-96.494111	4.693387	9445	-3.894445E-11	-2.56776E+10	3.376839E+16	0	0	0	0	0	0
0	0	0	-0.154416	4.693611	-96.497987	4.693611	9446	-1.278E-11	-7.824725E+10	3.376839E+16	0	0	0	0	0	0
0	0	0	-0.154906	4.693673	-96.500807	4.693673	9443.5	-1.075926E-11	-9.294321E+10	3.376839E+16	0	0	0	0	0	0
0	0	0	-0.155134	4.693564	-96.499282	4.693564	9442.5	-1.486576E-11	-6.726866E+10	3.376839E+16	0	0	0	0	0	0
0	0	0	-0.154661	4.693434	-96.495124	4.693434	9445	-2.726112E-11	-3.668228E+10	3.376839E+16	0	0	0	0	0	0
