Vload_(V)	ILoad_(A)	RsLoad_(ohm)	SunsVoc_Voltage_(V)	SunsVoc_Current_(A)	Model_Voltage_(V)	Model_Current_(A)	Carrier_Density_(cm-3)	Lifetime_(s)	Inverse_Lifetime_(s-1)	(Carrier_Density+Doping)/qWni^2_(cm^2/C)	Carrier_Density_at_Vmp_(cm-3)	Lifetime_at_Vmp_(s)	Efficiency_(%)	Intensity_(suns)	Dark_IV_Voltage_(V)	Dark_IV_Current_(A)
5.151001	8.545007	0	37.52249	-0.34343	37.669091	-0.34343	2.178907E+14	1.720463E-5	58123.81298	5.926541E+16	1.180007E+13	1.339957E-5	13.987378	1.144184	0	0
5.165058	8.545426	-0.00438	37.403345	0.26812	37.288585	0.26812	2.019394E+14	1.712325E-5	58400.06393	5.91906E+16	0	0	13.940727	1.14338	0	0
5.201497	8.544456	0.977175	37.284625	0.837844	36.925055	0.837844	1.871899E+14	1.70459E-5	58665.062149	5.912142E+16	0	0	13.958523	1.138809	0	0
5.36121	8.542872	1.556337	37.168715	1.361809	36.582759	1.361809	1.738155E+14	1.698255E-5	58883.923896	5.90587E+16	0	0	13.976697	1.135289	0	0
6.654669	8.533552	2.091722	37.052673	1.836794	36.260291	1.836794	1.613713E+14	1.688307E-5	59230.880961	5.900034E+16	0	0	13.95678	1.132287	0	0
9.366071	8.520413	2.03392	36.939017	2.276282	35.954551	2.276282	1.500368E+14	1.679774E-5	59531.790978	5.894718E+16	0	0	13.962116	1.127254	0	0
12.143864	8.514125	1.775301	36.826145	2.683598	35.662603	2.683598	1.3956E+14	1.671056E-5	59842.349432	5.889805E+16	0	0	13.961432	1.119299	0	0
14.855344	8.499978	1.557369	36.716359	3.059661	35.386533	3.059661	1.30065E+14	1.664134E-5	60091.270585	5.885352E+16	0	0	13.977863	1.11112	0	0
17.563877	8.481267	1.326768	36.604908	3.416629	35.116266	3.416629	1.210801E+14	1.657009E-5	60349.67912	5.881138E+16	0	0	13.990119	1.104048	0	0
20.276798	8.477045	1.022638	36.491497	3.750222	34.853412	3.750222	1.125685E+14	1.647706E-5	60690.40474	5.877146E+16	0	0	13.979878	1.09591	0	0
22.977073	8.469461	0.72994	36.379311	4.059483	34.601757	4.059483	1.047328E+14	1.638709E-5	61023.646964	5.873471E+16	0	0	13.994095	1.086099	0	0
23.694452	8.466554	0.654413	36.268774	4.344832	34.361649	4.344832	9.754194E+13	1.629882E-5	61354.124257	5.870099E+16	0	0	14.007009	1.075786	0	0
24.412426	8.458414	0.593609	36.158287	4.610607	34.129598	4.610607	9.084411E+13	1.620505E-5	61709.14489	5.866958E+16	0	0	14.017058	1.065919	0	0
25.136312	8.446969	0.537349	36.045774	4.859703	33.902218	4.859703	8.449278E+13	1.609083E-5	62147.196135	5.863979E+16	0	0	14.027355	1.056395	0	0
25.853237	8.424346	0.500684	35.936985	5.090201	33.686428	5.090201	7.877164E+13	1.600215E-5	62491.604606	5.861296E+16	0	0	14.034141	1.045843	0	0
26.573807	8.381308	0.485189	35.828458	5.305034	33.477373	5.305034	7.344802E+13	1.591002E-5	62853.455081	5.858799E+16	0	0	14.052903	1.035117	0	0
27.250836	8.316019	0.48115	35.723687	5.501946	33.279785	5.501946	6.864842E+13	1.583259E-5	63160.845637	5.856548E+16	0	0	14.070222	1.025035	0	0
27.919027	8.226724	0.476021	35.619701	5.683225	33.089587	5.683225	6.419334E+13	1.574293E-5	63520.571891	5.854459E+16	0	0	14.080083	1.015606	0	0
28.592694	8.098493	0.473948	35.516401	5.851906	32.905373	5.851906	6.00526E+13	1.564989E-5	63898.216603	5.852517E+16	0	0	14.092986	1.006169	0	0
29.259882	7.928483	0.470504	35.41462	6.008153	32.727989	6.008153	5.62329E+13	1.555705E-5	64279.549877	5.850725E+16	0	0	14.097518	0.996398	0	0
29.929839	7.703698	0.466463	35.313704	6.154074	32.555844	6.154074	5.268459E+13	1.546494E-5	64662.368258	5.849061E+16	0	0	14.110722	0.98677	0	0
30.597091	7.419451	0.460641	35.210714	6.29149	32.385035	6.29149	4.929319E+13	1.535176E-5	65139.111313	5.847471E+16	0	0	14.119785	0.977381	0	0
31.25603	7.065669	0.456134	35.109815	6.421311	32.219593	6.421311	4.618166E+13	1.526192E-5	65522.536683	5.846011E+16	0	0	14.115352	0.96812	0	0
31.914447	6.638373	0.451839	35.008671	6.54246	32.057549	6.54246	4.325901E+13	1.516093E-5	65959.00454	5.844641E+16	0	0	14.117855	0.95854	0	0
32.551648	6.1476	0.447463	34.909357	6.656259	31.900539	6.656259	4.056868E+13	1.507471E-5	66336.258871	5.843379E+16	0	0	14.123596	0.949071	0	0
33.184936	5.579873	0.443525	34.810108	6.762637	31.746742	6.762637	3.804677E+13	1.498139E-5	66749.471775	5.842196E+16	0	0	14.129753	0.939698	0	0
33.812269	4.947178	0.439398	34.7129	6.862048	31.598081	6.862048	3.572835E+13	1.489949E-5	67116.395927	5.841109E+16	0	0	14.132969	0.930771	0	0
34.433354	4.255212	0.435365	34.615987	6.954959	31.452505	6.954959	3.35572E+13	1.481179E-5	67513.780291	5.840091E+16	0	0	14.137939	0.921812	0	0
35.048154	3.517425	0.430947	34.519792	7.041881	31.310252	7.041881	3.153232E+13	1.472287E-5	67921.530146	5.839141E+16	0	0	14.143975	0.912893	0	0
35.62874	2.742474	0.43625	34.424087	7.123031	31.170998	7.123031	2.963873E+13	1.462848E-5	68359.800579	5.838253E+16	0	0	14.147595	0.904101	0	0
36.159914	1.979202	0.446974	34.328628	7.19962	31.033944	7.19962	2.786302E+13	1.453493E-5	68799.784414	5.83742E+16	0	0	14.150055	0.895358	0	0
36.633068	1.283757	0.450826	34.232662	7.271844	30.898208	7.271844	2.618489E+13	1.44344E-5	69278.957175	5.836633E+16	0	0	14.154508	0.886526	0	0
37.026235	0.683259	0.446305	34.138052	7.340222	30.765558	7.340222	2.462924E+13	1.434741E-5	69698.983564	5.835904E+16	0	0	14.156889	0.877814	0	0
28.937846	8.01353	0.473616	34.0455	7.403667	30.637259	7.403667	2.319673E+13	1.426408E-5	70106.165269	5.835232E+16	0	0	14.153843	0.869285	0	0
37.456961	0	0	33.954924	7.466149	30.51141	7.466149	2.187537E+13	1.42306E-5	70271.086022	5.834612E+16	0	0	14.154577	0.860908	0	0
0	0	0	33.866799	7.521073	30.391572	7.521073	2.066192E+13	1.41622E-5	70610.486545	5.834043E+16	0	0	14.156747	0.852626	0	0
0	0	0	33.778494	7.573157	30.272762	7.573157	1.95134E+13	1.409179E-5	70963.329421	5.833504E+16	0	0	14.155287	0.844296	0	0
0	0	0	33.689927	7.623091	30.154581	7.623091	1.842552E+13	1.402686E-5	71291.788015	5.832994E+16	0	0	14.155671	0.835958	0	0
0	0	0	33.602112	7.66873	30.039117	7.66873	1.740667E+13	1.394139E-5	71728.853735	5.832516E+16	0	0	14.15777	0.827748	0	0
0	0	0	33.514934	7.712612	29.925077	7.712612	1.645087E+13	1.387048E-5	72095.57671	5.832068E+16	0	0	14.153552	0.819593	0	0
0	0	0	33.427969	7.753294	29.812685	7.753294	1.554962E+13	1.378427E-5	72546.456346	5.831645E+16	0	0	14.143955	0.811669	0	0
0	0	0	33.341052	7.792217	29.701098	7.792217	1.469816E+13	1.370318E-5	72975.760989	5.831246E+16	0	0	14.138081	0.80365	0	0
0	0	0	33.252894	7.829342	29.588953	7.829342	1.38821E+13	1.361374E-5	73455.175329	5.830863E+16	0	0	14.126659	0.795965	0	0
0	0	0	33.16766	7.86514	29.480513	7.86514	1.313617E+13	1.356052E-5	73743.478244	5.830514E+16	0	0	14.117951	0.788201	0	0
0	0	0	33.08156	7.897653	29.372625	7.897653	1.24233E+13	1.346874E-5	74245.997972	5.830179E+16	0	0	14.111639	0.780604	0	0
0	0	0	32.99644	7.929011	29.266281	7.929011	1.175655E+13	1.339474E-5	74656.170617	5.829866E+16	0	0	14.104283	0.773317	0	0
0	0	0	32.911059	7.958856	29.160318	7.958856	1.112367E+13	1.331896E-5	75080.944975	5.82957E+16	0	0	14.098803	0.765967	0	0
0	0	0	32.826674	7.986463	29.056434	7.986463	1.053163E+13	1.323336E-5	75566.580647	5.829292E+16	0	0	14.090735	0.758951	0	0
0	0	0	32.742061	8.012906	28.952811	8.012906	9.969593E+12	1.314967E-5	76047.511267	5.829028E+16	0	0	14.085002	0.75184	0	0
0	0	0	32.657921	8.038399	28.850104	8.038399	9.440428E+12	1.30783E-5	76462.537971	5.82878E+16	0	0	14.076137	0.744816	0	0
0	0	0	32.574141	8.062131	28.748579	8.062131	8.941412E+12	1.299578E-5	76948.071992	5.828546E+16	0	0	14.065464	0.738023	0	0
0	0	0	32.490949	8.0846	28.64825	8.0846	8.471985E+12	1.291443E-5	77432.792352	5.828326E+16	0	0	14.051744	0.731159	0	0
0	0	0	32.40774	8.105992	28.54838	8.105992	8.027102E+12	1.28325E-5	77927.133674	5.828117E+16	0	0	14.03449	0.724573	0	0
0	0	0	32.324025	8.125929	28.448624	8.125929	7.60307E+12	1.273285E-5	78537.027032	5.827919E+16	0	0	14.018197	0.717756	0	0
0	0	0	32.242777	8.144935	28.35194	8.144935	7.212949E+12	1.265339E-5	79030.218598	5.827736E+16	0	0	14.003984	0.711083	0	0
0	0	0	32.162247	8.16311	28.256399	8.16311	6.846025E+12	1.258125E-5	79483.373538	5.827564E+16	0	0	13.992988	0.704449	0	0
0	0	0	32.08139	8.180031	28.161079	8.180031	6.49638E+12	1.249219E-5	80050.042236	5.8274E+16	0	0	13.977081	0.697855	0	0
0	0	0	32.002968	8.195832	28.068896	8.195832	6.174319E+12	1.241017E-5	80579.091941	5.827248E+16	0	0	13.964792	0.691349	0	0
0	0	0	31.924153	8.211018	27.976562	8.211018	5.866725E+12	1.232808E-5	81115.620133	5.827104E+16	0	0	13.9538	0.684787	0	0
0	0	0	31.845469	8.225487	27.884691	8.225487	5.574921E+12	1.22454E-5	81663.328412	5.826967E+16	0	0	13.931739	0.67848	0	0
0	0	0	31.768321	8.239485	27.794682	8.239485	5.302902E+12	1.218156E-5	82091.283276	5.82684E+16	0	0	13.912996	0.672173	0	0
0	0	0	31.695109	8.252104	27.709568	8.252104	5.057042E+12	1.211726E-5	82526.937312	5.826724E+16	0	0	13.893651	0.666025	0	0
0	0	0	31.622452	8.264419	27.625183	8.264419	4.824314E+12	1.206696E-5	82870.922183	5.826615E+16	0	0	13.872895	0.659917	0	0
0	0	0	31.546594	8.275624	27.537862	8.275624	4.592747E+12	1.196558E-5	83573.025568	5.826507E+16	0	0	13.849362	0.653746	0	0
0	0	0	31.468433	8.287541	27.447692	8.287541	4.365767E+12	1.190069E-5	84028.727604	5.8264E+16	0	0	13.826814	0.647606	0	0
0	0	0	31.392036	8.297713	27.360257	8.297713	4.15475E+12	1.179134E-5	84808.002364	5.826301E+16	0	0	13.812756	0.641426	0	0
0	0	0	31.316309	8.30848	27.273241	8.30848	3.955648E+12	1.173732E-5	85198.294383	5.826208E+16	0	0	13.804362	0.634832	0	0
0	0	0	31.240385	8.318101	27.186555	8.318101	3.765605E+12	1.164719E-5	85857.610856	5.826119E+16	0	0	13.790796	0.628748	0	0
0	0	0	31.16407	8.327078	27.099747	8.327078	3.583778E+12	1.154138E-5	86644.71533	5.826034E+16	0	0	13.771722	0.622911	0	0
0	0	0	31.088522	8.33612	27.013723	8.33612	3.412428E+12	1.146527E-5	87219.931611	5.825953E+16	0	0	13.747453	0.616954	0	0
0	0	0	31.012141	8.344803	26.926962	8.344803	3.247513E+12	1.138438E-5	87839.682582	5.825876E+16	0	0	13.720734	0.611229	0	0
0	0	0	30.936169	8.353238	26.840751	8.353238	3.091384E+12	1.131377E-5	88387.882587	5.825803E+16	0	0	13.694264	0.605622	0	0
0	0	0	30.86005	8.360663	26.754864	8.360663	2.94248E+12	1.120254E-5	89265.508734	5.825733E+16	0	0	13.663675	0.600128	0	0
0	0	0	30.784061	8.368436	26.668937	8.368436	2.800983E+12	1.113329E-5	89820.738259	5.825666E+16	0	0	13.638635	0.594458	0	0
0	0	0	30.708562	8.375924	26.583668	8.375924	2.667137E+12	1.107076E-5	90328.023823	5.825604E+16	0	0	13.621792	0.588732	0	0
0	0	0	30.632606	8.3824	26.498393	8.3824	2.538932E+12	1.095828E-5	91255.158256	5.825544E+16	0	0	13.594166	0.58346	0	0
0	0	0	30.555409	8.389169	26.411623	8.389169	2.414943E+12	1.087587E-5	91946.662813	5.825485E+16	0	0	13.574865	0.57814	0	0
0	0	0	30.478081	8.395201	26.325065	8.395201	2.296814E+12	1.076037E-5	92933.573483	5.82543E+16	0	0	13.547345	0.57298	0	0
0	0	0	30.402255	8.400893	26.240291	8.400893	2.186592E+12	1.064863E-5	93908.78779	5.825378E+16	0	0	13.522424	0.567899	0	0
0	0	0	30.326168	8.40717	26.154936	8.40717	2.081306E+12	1.059747E-5	94362.175573	5.825329E+16	0	0	13.482689	0.562898	0	0
0	0	0	30.251421	8.4125	26.071491	8.4125	1.98281E+12	1.050207E-5	95219.350236	5.825283E+16	0	0	13.451818	0.55781	0	0
0	0	0	30.174942	8.417557	25.986302	8.417557	1.886855E+12	1.039032E-5	96243.428466	5.825238E+16	0	0	13.421127	0.552856	0	0
0	0	0	30.098807	8.42298	25.901294	8.42298	1.795942E+12	1.032925E-5	96812.435082	5.825195E+16	0	0	13.38657	0.547927	0	0
0	0	0	30.023945	8.427733	25.817989	8.427733	1.710822E+12	1.023846E-5	97670.91475	5.825155E+16	0	0	13.352043	0.543053	0	0
0	0	0	29.947189	8.432258	25.732744	8.432258	1.627735E+12	1.01322E-5	98695.223532	5.825116E+16	0	0	13.324105	0.53822	0	0
0	0	0	29.871314	8.436868	25.648403	8.436868	1.549568E+12	1.00568E-5	99435.237055	5.82508E+16	0	0	13.301598	0.533258	0	0
0	0	0	29.795113	8.441251	25.563815	8.441251	1.474842E+12	9.976191E-6	100238.661405	5.825044E+16	0	0	13.272771	0.528504	0	0
0	0	0	29.718455	8.44518	25.478954	8.44518	1.403303E+12	9.86589E-6	101359.33117	5.825011E+16	0	0	13.238773	0.52375	0	0
0	0	0	29.642597	8.448863	25.395078	8.448863	1.335927E+12	9.751907E-6	102544.043482	5.824979E+16	0	0	13.207144	0.518932	0	0
0	0	0	29.566526	8.452516	25.31098	8.452516	1.27161E+12	9.64912E-6	103636.391528	5.824949E+16	0	0	13.161971	0.514281	0	0
0	0	0	29.487614	8.456492	25.223642	8.456492	1.20816E+12	9.579403E-6	104390.636554	5.824919E+16	0	0	13.122539	0.509766	0	0
0	0	0	29.411053	8.459531	25.139313	8.459531	1.149629E+12	9.439449E-6	105938.39084	5.824892E+16	0	0	13.088862	0.505235	0	0
0	0	0	29.334966	8.462628	25.055464	8.462628	1.094269E+12	9.322633E-6	107265.830656	5.824866E+16	0	0	13.046221	0.500735	0	0
0	0	0	29.25741	8.46543	24.970169	8.46543	1.040582E+12	9.177445E-6	108962.793339	5.824841E+16	0	0	13.014414	0.496419	0	0
0	0	0	29.18147	8.468525	24.886471	8.468525	9.905669E+11	9.089853E-6	110012.784547	5.824817E+16	0	0	12.986385	0.491984	0	0
0	0	0	29.103521	8.471771	24.800518	8.471771	9.417278E+11	9.024736E-6	110806.570643	5.824794E+16	0	0	12.951663	0.487604	0	0
0	0	0	29.02549	8.474299	24.714838	8.474299	8.95249E+11	8.885996E-6	112536.628403	5.824773E+16	0	0	12.910716	0.483431	0	0
0	0	0	28.947901	8.477327	24.629375	8.477327	8.513076E+11	8.82795E-6	113276.587338	5.824752E+16	0	0	12.870176	0.479115	0	0
0	0	0	28.869642	8.47959	24.543575	8.47959	8.091711E+11	8.68124E-6	115190.915869	5.824732E+16	0	0	12.829877	0.474894	0	0
0	0	0	28.790778	8.482231	24.456924	8.482231	7.688187E+11	8.59524E-6	116343.468353	5.824713E+16	0	0	12.78293	0.470713	0	0
0	0	0	28.712208	8.484785	24.370631	8.484785	7.306178E+11	8.514681E-6	117444.20777	5.824695E+16	0	0	12.741867	0.466564	0	0
0	0	0	28.632299	8.486669	24.283229	8.486669	6.93712E+11	8.345674E-6	119822.550911	5.824678E+16	0	0	12.70873	0.462224	0	0
0	0	0	28.550218	8.489272	24.193106	8.489272	6.577427E+11	8.282419E-6	120737.675219	5.824661E+16	0	0	12.65755	0.458203	0	0
0	0	0	28.470652	8.491061	24.106117	8.491061	6.246568E+11	8.126719E-6	123050.892154	5.824646E+16	0	0	12.625019	0.454046	0	0
0	0	0	28.390073	8.493446	24.017724	8.493446	5.928455E+11	8.069614E-6	123921.670166	5.824631E+16	0	0	12.577251	0.450167	0	0
0	0	0	28.308531	8.495131	23.928645	8.495131	5.623025E+11	7.912443E-6	126383.212897	5.824617E+16	0	0	12.530518	0.446106	0	0
0	0	0	28.227511	8.497128	23.839968	8.497128	5.335139E+11	7.820414E-6	127870.47305	5.824603E+16	0	0	12.486597	0.442164	0	0
0	0	0	28.144939	8.498633	23.749863	8.498633	5.056898E+11	7.65316E-6	130664.985553	5.82459E+16	0	0	12.439626	0.43823	0	0
0	0	0	28.061224	8.500753	23.658201	8.500753	4.789614E+11	7.595852E-6	131650.804108	5.824577E+16	0	0	12.388662	0.434408	0	0
0	0	0	27.977999	8.50222	23.567404	8.50222	4.537899E+11	7.443515E-6	134345.13279	5.824566E+16	0	0	12.346028	0.430633	0	0
0	0	0	27.896408	8.503952	23.478234	8.503952	4.303971E+11	7.357575E-6	135914.343605	5.824555E+16	0	0	12.311427	0.426811	0	0
0	0	0	27.813624	8.505797	23.387713	8.505797	4.078945E+11	7.300928E-6	136968.898522	5.824544E+16	0	0	12.262767	0.423203	0	0
0	0	0	27.726462	8.507074	23.292748	8.507074	3.854721E+11	7.131961E-6	140213.89984	5.824534E+16	0	0	12.224646	0.419412	0	0
0	0	0	27.638941	8.50873	23.197195	8.50873	3.641974E+11	7.045898E-6	141926.541463	5.824524E+16	0	0	12.17039	0.415765	0	0
0	0	0	27.551927	8.50998	23.102399	8.50998	3.442099E+11	6.896776E-6	144995.291962	5.824514E+16	0	0	12.116468	0.412166	0	0
0	0	0	27.464063	8.511598	23.006489	8.511598	3.251401E+11	6.830189E-6	146408.842764	5.824505E+16	0	0	12.0618	0.408495	0	0
0	0	0	27.375104	8.512601	22.909715	8.512601	3.069088E+11	6.646855E-6	150447.088538	5.824497E+16	0	0	12.007068	0.404951	0	0
0	0	0	27.285688	8.513954	22.81226	8.513954	2.896139E+11	6.545591E-6	152774.599967	5.824489E+16	0	0	11.955198	0.401224	0	0
0	0	0	27.195031	8.515005	22.713619	8.515005	2.730735E+11	6.387875E-6	156546.58527	5.824481E+16	0	0	11.900687	0.397736	0	0
0	0	0	27.102544	8.516235	22.612902	8.516235	2.571723E+11	6.273107E-6	159410.652036	5.824473E+16	0	0	11.859638	0.3942	0	0
0	0	0	27.009666	8.517172	22.511914	8.517172	2.421355E+11	6.105147E-6	163796.229846	5.824466E+16	0	0	11.802278	0.390776	0	0
0	0	0	26.915562	8.518033	22.409638	8.518033	2.277968E+11	5.927022E-6	168718.796708	5.82446E+16	0	0	11.75279	0.387232	0	0
0	0	0	26.819351	8.519159	22.304941	8.519159	2.140144E+11	5.810998E-6	172087.474396	5.824453E+16	0	0	11.697252	0.383895	0	0
0	0	0	26.721474	8.520285	22.198438	8.520285	2.008487E+11	5.701914E-6	175379.695103	5.824447E+16	0	0	11.637378	0.380519	0	0
0	0	0	26.624462	8.521175	22.092996	8.521175	1.885988E+11	5.554034E-6	180049.313006	5.824441E+16	0	0	11.585547	0.377126	0	0
0	0	0	26.525621	8.521828	21.985699	8.521828	1.76886E+11	5.355937E-6	186708.706713	5.824436E+16	0	0	11.542058	0.373837	0	0
0	0	0	26.425621	8.52268	21.87704	8.52268	1.657758E+11	5.211016E-6	191901.15236	5.824431E+16	0	0	11.487229	0.370549	0	0
0	0	0	26.324199	8.523929	21.766629	8.523929	1.552203E+11	5.168249E-6	193489.142768	5.824426E+16	0	0	11.438329	0.367315	0	0
0	0	0	26.222189	8.524913	21.655721	8.524913	1.452814E+11	5.074202E-6	197075.304298	5.824421E+16	0	0	11.385736	0.363987	0	0
0	0	0	26.11817	8.525509	21.542845	8.525509	1.358019E+11	4.888206E-6	204574.011095	5.824416E+16	0	0	11.317891	0.360793	0	0
0	0	0	26.014331	8.526314	21.43005	8.526314	1.269556E+11	4.766398E-6	209802.014506	5.824412E+16	0	0	11.251934	0.357688	0	0
0	0	0	25.907976	8.527269	21.31445	8.527269	1.184921E+11	4.688276E-6	213298.021966	5.824408E+16	0	0	11.193998	0.354606	0	0
0	0	0	25.800315	8.527676	21.197731	8.527676	1.104991E+11	4.474772E-6	223475.097046	5.824405E+16	0	0	11.131887	0.351436	0	0
0	0	0	25.691232	8.528329	21.079339	8.528329	1.029503E+11	4.332319E-6	230823.257721	5.824401E+16	0	0	11.072843	0.34841	0	0
0	0	0	25.582296	8.528907	20.961147	8.528907	9.592637E+10	4.181497E-6	239148.812803	5.824398E+16	0	0	11.020107	0.345519	0	0
0	0	0	25.471727	8.529512	20.84117	8.529512	8.928698E+10	4.044216E-6	247266.707761	5.824395E+16	0	0	10.948537	0.342509	0	0
0	0	0	25.359606	8.53008	20.719533	8.53008	8.302351E+10	3.903557E-6	256176.585937	5.824392E+16	0	0	10.888289	0.339555	0	0
0	0	0	25.246342	8.530601	20.596684	8.530601	7.714218E+10	3.758078E-6	266093.455057	5.824389E+16	0	0	10.824757	0.336576	0	0
0	0	0	25.131428	8.531348	20.471924	8.531348	7.160081E+10	3.678962E-6	271815.813707	5.824386E+16	0	0	10.760934	0.33363	0	0
0	0	0	25.015272	8.531509	20.34614	8.531509	6.640399E+10	3.452704E-6	289628.06629	5.824384E+16	0	0	10.716623	0.330683	0	0
0	0	0	24.897434	8.532086	20.218307	8.532086	6.151718E+10	3.341481E-6	299268.484469	5.824382E+16	0	0	10.662261	0.32788	0	0
0	0	0	24.775708	8.532408	20.086406	8.532408	5.684646E+10	3.166673E-6	315788.807278	5.824379E+16	0	0	10.58692	0.325189	0	0
0	0	0	24.655567	8.533108	19.95601	8.533108	5.258438E+10	3.101557E-6	322418.681622	5.824377E+16	0	0	10.53007	0.322441	0	0
0	0	0	24.531718	8.533288	19.821887	8.533288	4.852499E+10	2.906114E-6	344102.161258	5.824376E+16	0	0	10.455061	0.319646	0	0
0	0	0	24.406938	8.533837	19.686553	8.533837	4.475194E+10	2.811786E-6	355645.830189	5.824374E+16	0	0	10.372956	0.317018	0	0
0	0	0	24.280344	8.534697	19.549082	8.534697	4.122375E+10	2.806294E-6	356341.87347	5.824372E+16	0	0	10.325786	0.314326	0	0
0	0	0	24.150484	8.534688	19.408556	8.534688	3.789332E+10	2.577316E-6	388000.576723	5.824371E+16	0	0	10.266329	0.311651	0	0
0	0	0	24.019219	8.535303	19.266163	8.535303	3.480023E+10	2.516881E-6	397317.198143	5.824369E+16	0	0	10.198942	0.309086	0	0
0	0	0	23.883151	8.535417	19.118852	8.535417	3.186021E+10	2.331595E-6	428890.912371	5.824368E+16	0	0	10.13051	0.306498	0	0
0	0	0	23.748276	8.535956	18.972592	8.535956	2.919114E+10	2.263505E-6	441792.786407	5.824366E+16	0	0	10.049939	0.303862	0	0
0	0	0	23.609301	8.536051	18.822143	8.536051	2.667463E+10	2.090284E-6	478403.847626	5.824365E+16	0	0	9.981995	0.301234	0	0
0	0	0	23.468627	8.536845	18.669462	8.536845	2.434821E+10	2.093642E-6	477636.660258	5.824364E+16	0	0	9.913056	0.298718	0	0
0	0	0	23.325323	8.536997	18.514296	8.536997	2.218681E+10	1.943878E-6	514435.635795	5.824363E+16	0	0	9.848237	0.296186	0	0
0	0	0	23.17952	8.537167	18.356413	8.537167	2.018453E+10	1.806887E-6	553437.938181	5.824362E+16	0	0	9.780979	0.293709	0	0
0	0	0	23.030157	8.537734	18.194452	8.537734	1.832058E+10	1.767968E-6	565621.160474	5.824361E+16	0	0	9.694152	0.29128	0	0
0	0	0	22.876742	8.538056	18.028244	8.538056	1.658511E+10	1.674543E-6	597177.853046	5.824361E+16	0	0	9.614336	0.288867	0	0
0	0	0	22.722004	8.53834	17.860626	8.53834	1.500116E+10	1.579086E-6	633277.662475	5.82436E+16	0	0	9.547126	0.286327	0	0
0	0	0	22.564848	8.538699	17.690347	8.538699	1.354723E+10	1.507285E-6	663444.471165	5.824359E+16	0	0	9.483624	0.28385	0	0
0	0	0	22.404556	8.538662	17.5169	8.538662	1.220934E+10	1.350385E-6	740529.600483	5.824359E+16	0	0	9.408186	0.281525	0	0
0	0	0	22.241292	8.539257	17.339872	8.539257	1.098238E+10	1.340507E-6	745986.216573	5.824358E+16	0	0	9.323685	0.279207	0	0
0	0	0	22.075136	8.539484	17.159926	8.539484	9.860213E+9	1.253008E-6	798079.424676	5.824357E+16	0	0	9.24673	0.276826	0	0
0	0	0	21.904292	8.54026	16.974589	8.54026	8.825825E+9	1.304684E-6	766469.387254	5.824357E+16	0	0	9.164065	0.274652	0	0
0	0	0	21.732451	8.54008	16.788724	8.54008	7.894845E+9	1.124567E-6	889231.077289	5.824357E+16	0	0	9.096903	0.272311	0	0
0	0	0	21.557083	8.540345	16.598784	8.540345	7.045923E+9	1.060645E-6	942822.1275	5.824356E+16	0	0	9.030043	0.270105	0	0
0	0	0	21.378055	8.540572	16.404904	8.540572	6.273377E+9	9.926777E-7	1007376.319481	5.824356E+16	0	0	8.950543	0.26786	0	0
0	0	0	21.19679	8.540572	16.208735	8.540572	5.577434E+9	8.825812E-7	1133040.171547	5.824355E+16	0	0	8.869888	0.265582	0	0
0	0	0	21.010967	8.540997	16.007384	8.540997	4.944057E+9	8.653616E-7	1155586.297847	5.824355E+16	0	0	8.797802	0.263448	0	0
0	0	0	20.823576	8.541272	15.804424	8.541272	4.378152E+9	8.2256E-7	1215716.806598	5.824355E+16	0	0	8.719175	0.261266	0	0
0	0	0	20.633784	8.541461	15.598914	8.541461	3.870986E+9	7.660601E-7	1305380.598992	5.824355E+16	0	0	8.642831	0.259124	0	0
0	0	0	20.440349	8.541678	15.389444	8.541678	3.414493E+9	7.198642E-7	1389150.950621	5.824354E+16	0	0	8.557733	0.256973	0	0
0	0	0	20.244644	8.541707	15.177629	8.541707	3.0074E+9	6.395021E-7	1563716.632793	5.824354E+16	0	0	8.477626	0.254871	0	0
0	0	0	20.043858	8.541981	14.960169	8.541981	2.640128E+9	6.122633E-7	1633284.165569	5.824354E+16	0	0	8.402434	0.252793	0	0
0	0	0	19.841995	8.542	14.741694	8.542	2.316088E+9	5.405055E-7	1850120.091754	5.824354E+16	0	0	8.32123	0.250722	0	0
0	0	0	19.637534	8.542368	14.520198	8.542368	2.028399E+9	5.395028E-7	1853558.468703	5.824354E+16	0	0	8.240242	0.248683	0	0
0	0	0	19.430036	8.542406	14.295612	8.542406	1.772947E+9	4.784243E-7	2090194.744889	5.824354E+16	0	0	8.148337	0.246669	0	0
0	0	0	19.219335	8.542217	14.067698	8.542217	1.546451E+9	3.890391E-7	2570435.975096	5.824354E+16	0	0	8.07129	0.24459	0	0
0	0	0	19.006593	8.542662	13.837191	8.542662	1.347105E+9	4.030758E-7	2480922.756672	5.824353E+16	0	0	7.984717	0.242727	0	0
0	0	0	18.792625	8.543002	13.60542	8.543002	1.172523E+9	4.103734E-7	2436805.026862	5.824353E+16	0	0	7.899072	0.240831	0	0
0	0	0	18.577025	8.543068	13.372047	8.543068	1.019486E+9	3.689925E-7	2710081.8769	5.824353E+16	0	0	7.810078	0.238737	0	0
0	0	0	18.358696	8.543078	13.135756	8.543078	8.848561E+8	3.21839E-7	3107143.852039	5.824353E+16	0	0	7.719729	0.236921	0	0
0	0	0	18.136561	8.543219	12.895264	8.543219	7.661111E+8	3.0075E-7	3325020.67441	5.824353E+16	0	0	7.642329	0.235002	0	0
0	0	0	17.914786	8.543437	12.655114	8.543437	6.634559E+8	2.965075E-7	3372596.366522	5.824353E+16	0	0	7.535376	0.233155	0	0
0	0	0	17.691377	8.543191	12.413482	8.543191	5.739476E+8	2.218018E-7	4508530.268379	5.824353E+16	0	0	7.442202	0.231307	0	0
0	0	0	17.467641	8.543475	12.171169	8.543475	4.964098E+8	2.273314E-7	4398863.637633	5.824353E+16	0	0	7.362817	0.22946	0	0
0	0	0	17.240002	8.543503	11.924789	8.543503	4.282611E+8	1.99822E-7	5004454.92662	5.824353E+16	0	0	7.282041	0.227564	0	0
0	0	0	17.012461	8.543664	11.678432	8.543664	3.694916E+8	1.930204E-7	5180798.484914	5.824353E+16	0	0	7.18649	0.225796	0	0
0	0	0	16.783612	8.543513	11.430855	8.543513	3.185167E+8	1.495592E-7	6686313.942	5.824353E+16	0	0	7.10034	0.223981	0	0
0	0	0	16.558684	8.543739	11.187284	8.543739	2.752735E+8	1.523801E-7	6562537.887671	5.824353E+16	0	0	7.018046	0.222245	0	0
0	0	0	16.324985	8.54356	10.934475	8.54356	2.365513E+8	1.147005E-7	8718354.829039	5.824353E+16	0	0	6.92942	0.220397	0	0
0	0	0	16.092608	8.543768	10.682854	8.543768	2.034507E+8	1.152E-7	8680556.731668	5.824353E+16	0	0	6.827135	0.218645	0	0
0	0	0	15.860166	8.543919	10.431197	8.543919	1.749744E+8	1.128436E-7	8861820.067455	5.824353E+16	0	0	6.737906	0.217021	0	0
0	0	0	15.626777	8.544127	10.178478	8.544127	1.503914E+8	1.198986E-7	8340381.18102	5.824353E+16	0	0	6.634671	0.215229	0	0
0	0	0	15.390578	8.544174	9.92282	8.544174	1.290268E+8	1.087017E-7	9199491.95184	5.824353E+16	0	0	6.519779	0.21362	0	0
0	0	0	15.155376	8.544221	9.668241	8.544221	1.107688E+8	9.89324E-8	1.010791E+7	5.824353E+16	0	0	6.429355	0.211757	0	0
0	0	0	14.919471	8.544127	9.412992	8.544127	9.505109E+7	7.57803E-8	1.319604E+7	5.824353E+16	0	0	6.336234	0.210156	0	0
0	0	0	14.683305	8.544297	9.157289	8.544297	8.154986E+7	8.0591E-8	1.240833E+7	5.824353E+16	0	0	6.249303	0.208356	0	0
0	0	0	14.445767	8.544231	8.900255	8.544231	6.990412E+7	6.319544E-8	1.582393E+7	5.824353E+16	0	0	6.160511	0.206867	0	0
0	0	0	14.208637	8.544099	8.643705	8.544099	5.993732E+7	4.6295E-8	2.160061E+7	5.824353E+16	0	0	6.067429	0.205115	0	0
0	0	0	13.971572	8.54459	8.38682	8.54459	5.139375E+7	8.645923E-8	1.156614E+7	5.824353E+16	0	0	5.979698	0.203379	0	0
0	0	0	13.734867	8.544335	8.13081	8.544335	4.407827E+7	4.600993E-8	2.173444E+7	5.824353E+16	0	0	5.882095	0.201858	0	0
0	0	0	13.497492	8.54459	7.873741	8.54459	3.778767E+7	6.357047E-8	1.573057E+7	5.824353E+16	0	0	5.801767	0.200289	0	0
0	0	0	13.260983	8.544458	7.617864	8.544458	3.241302E+7	4.139867E-8	2.415537E+7	5.824353E+16	0	0	5.717726	0.198601	0	0
0	0	0	13.026058	8.544496	7.36359	8.544496	2.783142E+7	3.817329E-8	2.619633E+7	5.824353E+16	0	0	5.626017	0.19712	0	0
0	0	0	12.795086	8.544306	7.113744	8.544306	2.395879E+7	2.399702E-8	4.167184E+7	5.824353E+16	0	0	5.547452	0.195511	0	0
0	0	0	12.557662	8.544562	6.85662	8.544562	2.053887E+7	3.235419E-8	3.09079E+7	5.824353E+16	0	0	5.471245	0.194022	0	0
0	0	0	12.322999	8.54476	6.60252	8.54476	1.763868E+7	5.010727E-8	1.995718E+7	5.824353E+16	0	0	5.386863	0.192533	0	0
0	0	0	12.089218	8.544788	6.349488	8.544788	1.515668E+7	4.863862E-8	2.055979E+7	5.824353E+16	0	0	5.311033	0.191044	0	0
0	0	0	11.85609	8.544618	6.097297	8.544618	1.302945E+7	2.351836E-8	4.251998E+7	5.824353E+16	0	0	5.220875	0.189539	0	0
0	0	0	11.621769	8.544609	5.843708	8.544609	1.119212E+7	1.972257E-8	5.070333E+7	5.824353E+16	0	0	5.150616	0.188034	0	0
0	0	0	11.389295	8.544685	5.592059	8.544685	9625390	2.093633E-8	4.776387E+7	5.824353E+16	0	0	5.065586	0.186568	0	0
0	0	0	11.157784	8.544807	5.34142	8.544807	8283158	2.909612E-8	3.436884E+7	5.824353E+16	0	0	4.979226	0.185151	0	0
0	0	0	10.928691	8.544779	5.0935	8.544779	7139284	2.196154E-8	4.553414E+7	5.824353E+16	0	0	4.906144	0.183709	0	0
0	0	0	10.696755	8.544798	4.842472	8.544798	6142040	2.060064E-8	4.854218E+7	5.824353E+16	0	0	4.827152	0.182236	0	0
0	0	0	10.466633	8.544713	4.593478	8.544713	5290314	1.261566E-8	7.926656E+7	5.824353E+16	0	0	4.753663	0.180851	0	0
0	0	0	10.238602	8.544968	4.346512	8.544968	4562882	8.184153E-8	1.221874E+7	5.824353E+16	0	0	4.673613	0.179433	0	0
0	0	0	10.011011	8.544921	4.100232	8.544921	3936601	3.198298E-8	3.126663E+7	5.824353E+16	0	0	4.590542	0.177976	0	0
0	0	0	9.783862	8.544836	3.854455	8.544836	3397251	1.390712E-8	7.190559E+7	5.824353E+16	0	0	4.506731	0.176781	0	0
0	0	0	9.556729	8.544703	3.608729	8.544703	2931829	6.773935E-9	1.476247E+8	5.824353E+16	0	0	4.428109	0.175348	0	0
0	0	0	9.331801	8.544874	3.36518	8.544874	2533791	1.330664E-8	7.515044E+7	5.824353E+16	0	0	4.340041	0.174177	0	0
0	0	0	9.107216	8.544807	3.122166	8.544807	2190280	7.693833E-9	1.299742E+8	5.824353E+16	0	0	4.272525	0.17268	0	0
0	0	0	8.882957	8.545063	2.87928	8.545063	1893740	-2.399807E-8	-4.167001E+7	5.824353E+16	0	0	4.193097	0.17147	0	0
0	0	0	8.660088	8.544996	2.638123	8.544996	1638825	1.067477E-7	9367881.232386	5.824353E+16	0	0	4.122698	0.170068	0	0
0	0	0	8.438966	8.545129	2.398717	8.545129	1419832	-8.198735E-9	-1.2197E+8	5.824353E+16	0	0	4.048005	0.168762	0	0
0	0	0	8.219314	8.545034	2.161062	8.545034	1231276	-3.197012E-8	-3.12792E+7	5.824353E+16	0	0	3.965058	0.167472	0	0
0	0	0	8.000038	8.545091	1.923707	8.545091	1068021	-8.951525E-9	-1.117128E+8	5.824353E+16	0	0	3.892818	0.166222	0	0
0	0	0	7.781578	8.544987	1.68735	8.544987	926904	3.216362E-8	3.109103E+7	5.824353E+16	0	0	3.814544	0.164876	0	0
0	0	0	7.565079	8.545063	1.452987	8.545063	805455	-1.020692E-8	-9.797272E+7	5.824353E+16	0	0	3.737314	0.163657	0	0
0	0	0	7.349184	8.545006	1.219372	8.545006	700194	3.713447E-7	2692915.766227	5.824353E+16	0	0	3.662576	0.162447	0	0
0	0	0	7.135217	8.545015	0.987796	8.545015	609450	-5.26257E-8	-1.900212E+7	5.824353E+16	0	0	3.582629	0.161276	0	0
0	0	0	6.920253	8.545148	0.755052	8.545148	530124	-2.649162E-9	-3.774778E+8	5.824353E+16	0	0	3.519955	0.160034	0	0
0	0	0	6.707168	8.545308	0.524321	8.545308	461685	-1.076093E-9	-9.292881E+8	5.824353E+16	0	0	3.442597	0.15884	0	0
0	0	0	6.49552	8.545006	0.295481	8.545006	402457	2.134547E-7	4684835.463301	5.824353E+16	0	0	3.3687	0.157661	0	0
0	0	0	6.285081	8.545015	0.067723	8.545015	351102	-3.031721E-8	-3.298456E+7	5.824353E+16	0	0	3.292924	0.156466	0	0
0	0	0	6.076781	8.544996	-0.157698	8.544996	306726	1.997984E-8	5.005046E+7	5.824353E+16	0	0	3.212427	0.155304	0	0
0	0	0	5.868025	8.545157	-0.383745	8.545157	267879	-1.254253E-9	-7.972873E+8	5.824353E+16	0	0	3.14664	0.154069	0	0
0	0	0	5.6618	8.545431	-0.607136	8.545431	234337	-3.879101E-10	-2.577917E+9	5.824353E+16	0	0	3.08053	0.152851	0	0
0	0	0	5.456882	8.545252	-0.828781	8.545252	205168	-5.891565E-10	-1.697342E+9	5.824353E+16	0	0	2.999039	0.151824	0	0
0	0	0	5.255656	8.54494	-1.046331	8.54494	180061	1.87271E-9	5.339854E+8	5.824353E+16	0	0	2.92982	0.150685	0	0
0	0	0	5.050885	8.545148	-1.268101	8.545148	157663	-7.878808E-10	-1.269227E+9	5.824353E+16	0	0	2.863176	0.149602	0	0
0	0	0	4.850524	8.545053	-1.484875	8.545053	138447	-2.115422E-9	-4.727189E+8	5.824353E+16	0	0	2.791958	0.148399	0	0
0	0	0	4.653381	8.545214	-1.698355	8.545214	121827	-4.138499E-10	-2.416335E+9	5.824353E+16	0	0	2.728411	0.147364	0	0
0	0	0	4.457382	8.545252	-1.910507	8.545252	107282	-3.080689E-10	-3.246027E+9	5.824353E+16	0	0	2.659897	0.146194	0	0
0	0	0	4.265042	8.544874	-2.118388	8.544874	94697	4.973203E-10	2.010777E+9	5.824353E+16	0	0	2.595011	0.145063	0	0
0	0	0	4.073665	8.545167	-2.325727	8.545167	83642	-3.683972E-10	-2.714461E+9	5.824353E+16	0	0	2.52665	0.144043	0	0
0	0	0	3.886552	8.544987	-2.528099	8.544987	74081	2.570645E-9	3.890074E+8	5.824353E+16	0	0	2.462912	0.142889	0	0
0	0	0	3.703032	8.54494	-2.72668	8.54494	65767	6.840048E-10	1.461978E+9	5.824353E+16	0	0	2.403826	0.14175	0	0
0	0	0	3.523172	8.545223	-2.92155	8.545223	58524	-1.90111E-10	-5.260085E+9	5.824353E+16	0	0	2.335309	0.140858	0	0
0	0	0	3.347215	8.545204	-3.111968	8.545204	52211	-1.858648E-10	-5.380255E+9	5.824353E+16	0	0	2.268507	0.139783	0	0
0	0	0	3.174182	8.544845	-3.298964	8.544845	46668	2.021891E-10	4.945865E+9	5.824353E+16	0	0	2.210541	0.138716	0	0
0	0	0	3.005135	8.545214	-3.482197	8.545214	41821	-1.420672E-10	-7.038924E+9	5.824353E+16	0	0	2.145454	0.137704	0	0
0	0	0	2.841511	8.545526	-3.659519	8.545526	37609	-5.090793E-11	-1.964331E+10	5.824353E+16	0	0	2.087885	0.136677	0	0
0	0	0	2.683212	8.545242	-3.830625	8.545242	33939	-1.013789E-10	-9.86399E+9	5.824353E+16	0	0	2.032325	0.13561	0	0
0	0	0	2.53014	8.545403	-3.996412	8.545403	30731	-5.451637E-11	-1.834311E+10	5.824353E+16	0	0	1.954466	0.134623	0	0
0	0	0	2.384794	8.545478	-4.153773	8.545478	27966	-4.16512E-11	-2.400891E+10	5.824353E+16	0	0	1.91166	0.133627	0	0
0	0	0	2.245885	8.545138	-4.30385	8.545138	25556	-1.369239E-10	-7.30333E+9	5.824353E+16	0	0	1.844531	0.132687	0	0
0	0	0	2.114473	8.545091	-4.446037	8.545091	23468	-1.966943E-10	-5.084031E+9	5.824353E+16	0	0	1.790745	0.131588	0	0
0	0	0	1.991113	8.545167	-4.579602	8.545167	21663	-9.541364E-11	-1.048068E+10	5.824353E+16	0	0	1.737699	0.13045	0	0
0	0	0	1.875595	8.545242	-4.704682	8.545242	20099	-6.003752E-11	-1.665625E+10	5.824353E+16	0	0	1.674672	0.129311	0	0
0	0	0	1.766953	8.54545	-4.822422	8.54545	18731	-2.968302E-11	-3.368929E+10	5.824353E+16	0	0	1.623937	0.12818	0	0
0	0	0	1.664813	8.545403	-4.932929	8.545403	17530	-3.109798E-11	-3.215643E+10	5.824353E+16	0	0	1.574685	0.127073	0	0
0	0	0	1.572032	8.545119	-5.033123	8.545119	16506	-1.033491E-10	-9.675945E+9	5.824353E+16	0	0	1.52076	0.126229	0	0
0	0	0	1.480787	8.545072	-5.131838	8.545072	15558	-1.684144E-10	-5.937736E+9	5.824353E+16	0	0	1.476423	0.125162	0	0
0	0	0	1.394638	8.545271	-5.225228	8.545271	14712	-3.92139E-11	-2.550116E+10	5.824353E+16	0	0	1.418589	0.124302	0	0
0	0	0	1.312948	8.545044	-5.313462	8.545044	13953	-2.684292E-10	-3.725377E+9	5.824353E+16	0	0	1.362963	0.123529	0	0
0	0	0	1.237433	8.54494	-5.395109	8.54494	13286	1.381801E-10	7.236933E+9	5.824353E+16	0	0	1.319694	0.122446	0	0
0	0	0	1.166214	8.545025	-5.472252	8.545025	12686	-5.064788E-10	-1.974416E+9	5.824353E+16	0	0	1.27149	0.121642	0	0
0	0	0	1.099046	8.545412	-5.545247	8.545412	12145	-2.104238E-11	-4.752315E+10	5.824353E+16	0	0	1.227	0.120679	0	0
0	0	0	1.035243	8.544996	-5.613976	8.544996	11653	7.590708E-10	1.3174E+9	5.824353E+16	0	0	1.17499	0.119787	0	0
0	0	0	0.976014	8.545299	-5.678313	8.545299	11214	-2.698448E-11	-3.705834E+10	5.824353E+16	0	0	1.127339	0.118927	0	0
0	0	0	0.919235	8.545356	-5.739808	8.545356	10808	-2.177406E-11	-4.59262E+10	5.824353E+16	0	0	1.080565	0.118043	0	0
0	0	0	0.86716	8.54528	-5.796108	8.54528	10449	-2.68861E-11	-3.719394E+10	5.824353E+16	0	0	1.046323	0.117214	0	0
0	0	0	0.816032	8.544959	-5.85119	8.544959	10108	1.460332E-10	6.847759E+9	5.824353E+16	0	0	1.006574	0.116251	0	0
0	0	0	0.768727	8.545044	-5.902453	8.545044	9802	-1.885718E-10	-5.303019E+9	5.824353E+16	0	0	0.960555	0.115462	0	0
0	0	0	0.723856	8.545563	-5.951422	8.545563	9521	-1.20119E-11	-8.325077E+10	5.824353E+16	0	0	0.919533	0.114658	0	0
0	0	0	0.680341	8.545374	-5.99837	8.545374	9256	-1.768764E-11	-5.653664E+10	5.824353E+16	0	0	0.890503	0.113703	0	0
0	0	0	0.640876	8.545063	-6.040837	8.545063	9022	-1.143285E-10	-8.746723E+9	5.824353E+16	0	0	0.855618	0.11289	0	0
0	0	0	0.602212	8.545365	-6.082918	8.545365	8799	-1.725846E-11	-5.794258E+10	5.824353E+16	0	0	0.806008	0.11207	0	0
0	0	0	0.565622	8.545185	-6.122378	8.545185	8592	-3.383E-11	-2.955956E+10	5.824353E+16	0	0	0.779821	0.111083	0	0
0	0	0	0.531287	8.545053	-6.159434	8.545053	8403	-1.283948E-10	-7.788476E+9	5.824353E+16	0	0	0.739043	0.110366	0	0
0	0	0	0.49883	8.544987	-6.194509	8.544987	8228	2.855157E-10	3.502435E+9	5.824353E+16	0	0	0.712959	0.109442	0	0
0	0	0	0.467484	8.545129	-6.228545	8.545129	8063	-4.655916E-11	-2.147805E+10	5.824353E+16	0	0	0.678995	0.108654	0	0
0	0	0	0.436465	8.545308	-6.262257	8.545308	7902	-1.841792E-11	-5.429493E+10	5.824353E+16	0	0	0.656317	0.107873	0	0
0	0	0	0.408402	8.54511	-6.292473	8.54511	7759	-5.305488E-11	-1.884841E+10	5.824353E+16	0	0	0.628924	0.107085	0	0
0	0	0	0.381498	8.545157	-6.321627	8.545157	7625	-3.570147E-11	-2.801005E+10	5.824353E+16	0	0	0.603947	0.106328	0	0
0	0	0	0.356049	8.545204	-6.349207	8.545204	7500	-2.669909E-11	-3.745447E+10	5.824353E+16	0	0	0.577865	0.105572	0	0
0	0	0	0.330583	8.545195	-6.37676	8.545195	7378	-2.758728E-11	-3.624859E+10	5.824353E+16	0	0	0.546341	0.104768	0	0
0	0	0	0.307797	8.545185	-6.401414	8.545185	7269	-2.862084E-11	-3.493957E+10	5.824353E+16	0	0	0.526037	0.104083	0	0
0	0	0	0.286219	8.545308	-6.424864	8.545308	7168	-1.670712E-11	-5.985471E+10	5.824353E+16	0	0	0.495597	0.103366	0	0
0	0	0	0.264886	8.545261	-6.447915	8.545261	7070	-1.954622E-11	-5.116078E+10	5.824353E+16	0	0	0.47371	0.102554	0	0
0	0	0	0.244827	8.545063	-6.469468	8.545063	6978	-8.842657E-11	-1.130882E+10	5.824353E+16	0	0	0.45276	0.101813	0	0
0	0	0	0.22498	8.545081	-6.490962	8.545081	6889	-6.508533E-11	-1.536445E+10	5.824353E+16	0	0	0.432539	0.101192	0	0
0	0	0	0.205983	8.545063	-6.511507	8.545063	6805	-8.623428E-11	-1.159632E+10	5.824353E+16	0	0	0.40399	0.100427	0	0
0	0	0	0.188684	8.544959	-6.530147	8.544959	6729	9.72158E-11	1.028639E+10	5.824353E+16	0	0	0.382256	0.099647	0	0
0	0	0	0.171745	8.545431	-6.548851	8.545431	6655	-1.101636E-11	-9.077406E+10	5.824353E+16	0	0	0.363264	0.098906	0	0
0	0	0	0.155803	8.545271	-6.565979	8.545271	6587	-1.755723E-11	-5.695659E+10	5.824353E+16	0	0	0.340356	0.098277	0	0
0	0	0	0.140138	8.545025	-6.582739	8.545025	6520	-2.603059E-10	-3.841633E+9	5.824353E+16	0	0	0.32414	0.097521	0	0
0	0	0	0.124849	8.545129	-6.599368	8.545129	6456	-3.727966E-11	-2.682428E+10	5.824353E+16	0	0	0.316129	0.096939	0	0
0	0	0	0.110344	8.5451	-6.615044	8.5451	6395	-4.816295E-11	-2.076285E+10	5.824353E+16	0	0	0.299502	0.096183	0	0
0	0	0	0.095561	8.545119	-6.631058	8.545119	6334	-3.96591E-11	-2.52149E+10	5.824353E+16	0	0	0.280834	0.095466	0	0
0	0	0	0.082362	8.54528	-6.645468	8.54528	6280	-1.615894E-11	-6.188526E+10	5.824353E+16	0	0	0.287009	0.094773	0	0
0	0	0	0.069523	8.545167	-6.659274	8.545167	6228	-2.743093E-11	-3.64552E+10	5.824353E+16	0	0	0.262548	0.094184	0	0
0	0	0	0.056962	8.545195	-6.672891	8.545195	6178	-2.310033E-11	-4.328943E+10	5.824353E+16	0	0	0.244001	0.093499	0	0
0	0	0	0.045936	8.545053	-6.684713	8.545053	6134	-9.372532E-11	-1.066948E+10	5.824353E+16	0	0	0.237553	0.092663	0	0
0	0	0	0.034077	8.544996	-6.697502	8.544996	6087	3.965043E-10	2.522041E+9	5.824353E+16	0	0	0.227703	0.092114	0	0
0	0	0	0.023688	8.544883	-6.708657	8.544883	6046	3.416821E-11	2.926697E+10	5.824353E+16	0	0	0.210298	0.091397	0	0
0	0	0	0.012613	8.545346	-6.721007	8.545346	6002	-1.242897E-11	-8.045719E+10	5.824353E+16	0	0	0.200211	0.090823	0	0
0	0	0	0.002094	8.545138	-6.732228	8.545138	5961	-3.193782E-11	-3.131084E+10	5.824353E+16	0	0	0.191865	0.090194	0	0
0	0	0	-0.007413	8.545176	-6.742547	8.545176	5925	-2.463521E-11	-4.05923E+10	5.824353E+16	0	0	0.178095	0.089565	0	0
0	0	0	-0.017785	8.545185	-6.75378	8.545185	5885	-2.31715E-11	-4.315646E+10	5.824353E+16	0	0	0.17131	0.08892	0	0
0	0	0	-0.02659	8.545289	-6.763391	8.545289	5852	-1.455338E-11	-6.871255E+10	5.824353E+16	0	0	0.150962	0.088283	0	0
0	0	0	-0.034757	8.545214	-6.772171	8.545214	5821	-1.977411E-11	-5.057118E+10	5.824353E+16	0	0	0.14921	0.087694	0	0
0	0	0	-0.043333	8.545271	-6.781496	8.545271	5788	-1.542755E-11	-6.481912E+10	5.824353E+16	0	0	0.153006	0.087041	0	0
0	0	0	-0.051761	8.545223	-6.790581	8.545223	5757	-1.87012E-11	-5.347251E+10	5.824353E+16	0	0	0.141237	0.086412	0	0
0	0	0	-0.059161	8.545403	-6.798731	8.545403	5729	-1.016317E-11	-9.839453E+10	5.824353E+16	0	0	0.130024	0.085926	0	0
0	0	0	-0.065956	8.545129	-6.805869	8.545129	5704	-3.29373E-11	-3.036072E+10	5.824353E+16	0	0	0.128169	0.085289	0	0
0	0	0	-0.073241	8.54528	-6.813873	8.54528	5677	-1.460737E-11	-6.84586E+10	5.824353E+16	0	0	0.116861	0.084715	0	0
0	0	0	-0.08002	8.545233	-6.821172	8.545233	5652	-1.759062E-11	-5.684848E+10	5.824353E+16	0	0	0.110217	0.084054	0	0
0	0	0	-0.086718	8.545015	-6.828249	8.545015	5628	-4.859651E-10	-2.057761E+9	5.824353E+16	0	0	0.119499	0.083449	0	0
0	0	0	-0.092614	8.54511	-6.834706	8.54511	5606	-3.833299E-11	-2.608719E+10	5.824353E+16	0	0	0.089834	0.082836	0	0
0	0	0	-0.097972	8.54511	-6.840504	8.54511	5587	-3.820307E-11	-2.617591E+10	5.824353E+16	0	0	0.087669	0.082151	0	0
0	0	0	-0.104751	8.545044	-6.847788	8.545044	5563	-1.070215E-10	-9.343913E+9	5.824353E+16	0	0	0.093138	0.081538	0	0
0	0	0	-0.110337	8.545252	-6.853999	8.545252	5542	-1.59143E-11	-6.283658E+10	5.824353E+16	0	0	0.085895	0.081036	0	0
0	0	0	-0.115352	8.545412	-6.859553	8.545412	5524	-9.57086E-12	-1.044838E+11	5.824353E+16	0	0	0.078625	0.080471	0	0
0	0	0	-0.120694	8.545204	-6.865169	8.545204	5505	-1.959713E-11	-5.102788E+10	5.824353E+16	0	0	0.069244	0.079961	0	0
0	0	0	-0.125757	8.545233	-6.870672	8.545233	5487	-1.707709E-11	-5.855797E+10	5.824353E+16	0	0	0.078626	0.079412	0	0
0	0	0	-0.130445	8.545138	-6.875671	8.545138	5470	-2.930715E-11	-3.412137E+10	5.824353E+16	0	0	0.070134	0.078886	0	0
0	0	0	-0.135525	8.545374	-6.881356	8.545374	5452	-1.041844E-11	-9.598371E+10	5.824353E+16	0	0	0.068683	0.078233	0	0
0	0	0	-0.140426	8.5451	-6.886443	8.5451	5435	-4.093286E-11	-2.443025E+10	5.824353E+16	0	0	0.058979	0.077724	0	0
0	0	0	-0.144068	8.545271	-6.890519	8.545271	5422	-1.4452E-11	-6.919459E+10	5.824353E+16	0	0	0.067543	0.077166	0	0
0	0	0	-0.147531	8.545185	-6.8942	8.545185	5410	-2.130125E-11	-4.694561E+10	5.824353E+16	0	0	0.054612	0.07668	0	0
0	0	0	-0.151141	8.544949	-6.89792	8.544949	5398	6.528508E-11	1.531744E+10	5.824353E+16	0	0	0.048803	0.076107	0	0
0	0	0	-0.154931	8.54511	-6.902149	8.54511	5384	-3.681499E-11	-2.716285E+10	5.824353E+16	0	0	0.065713	0.075645	0	0
0	0	0	-0.158639	8.545318	-6.906326	8.545318	5371	-1.213772E-11	-8.238781E+10	5.824353E+16	0	0	0.061985	0.075096	0	0
0	0	0	-0.163131	8.544826	-6.910799	8.544826	5356	2.078012E-11	4.812291E+10	5.824353E+16	0	0	0.058185	0.07457	0	0
0	0	0	-0.1663	8.544959	-6.914333	8.544959	5345	7.722075E-11	1.294989E+10	5.824353E+16	0	0	0.024647	0.074005	0	0
0	0	0	-0.169763	8.545034	-6.918141	8.545034	5333	-1.384698E-10	-7.221793E+9	5.824353E+16	0	0	0.046104	0.073606	0	0
0	0	0	-0.172638	8.545167	-6.921357	8.545167	5323	-2.34449E-11	-4.26532E+10	5.824353E+16	0	0	0.044248	0.073121	0	0
0	0	0	-0.17566	8.544703	-6.924262	8.544703	5312	1.227331E-11	8.147763E+10	5.824353E+16	0	0	0.047759	0.072651	0	0
0	0	0	-0.178714	8.545563	-6.928247	8.545563	5302	-6.689119E-12	-1.494965E+11	5.824353E+16	0	0	0.032876	0.072101	0	0
0	0	0	-0.181556	8.545119	-6.930972	8.545119	5292	-3.313482E-11	-3.017973E+10	5.824353E+16	0	0	0.038575	0.071592	0	0
0	0	0	-0.185362	8.545242	-6.935188	8.545242	5279	-1.576885E-11	-6.341617E+10	5.824353E+16	0	0	0.025579	0.071162	0	0
0	0	0	-0.187829	8.545308	-6.93791	8.545308	5271	-1.228561E-11	-8.139605E+10	5.824353E+16	0	0	0.03903	0.070708	0	0
0	0	0	-0.191325	8.545356	-6.94173	8.545356	5259	-1.059491E-11	-9.438494E+10	5.824353E+16	0	0	0.033733	0.070174	0	0
0	0	0	-0.194575	8.545214	-6.945136	8.545214	5247	-1.782421E-11	-5.610346E+10	5.824353E+16	0	0	0.017091	0.069744	0	0
0	0	0	-0.197401	8.545346	-6.948299	8.545346	5238	-1.084688E-11	-9.219245E+10	5.824353E+16	0	0	0.025112	0.069266	0	0
0	0	0	-0.200717	8.544987	-6.951604	8.544987	5227	1.813795E-10	5.513303E+9	5.824353E+16	0	0	0.033295	0.068669	0	0
0	0	0	-0.203559	8.545176	-6.95483	8.545176	5217	-2.169146E-11	-4.610109E+10	5.824353E+16	0	0	0.036902	0.068295	0	0
0	0	0	-0.206107	8.545441	-6.957797	8.545441	5209	-8.434702E-12	-1.185578E+11	5.824353E+16	0	0	0.042993	0.06769	0	0
0	0	0	-0.208688	8.54528	-6.960463	8.54528	5200	-1.338001E-11	-7.473836E+10	5.824353E+16	0	0	0.037461	0.067228	0	0
0	0	0	-0.211416	8.545299	-6.96343	8.545299	5190	-1.24888E-11	-8.007171E+10	5.824353E+16	0	0	0.020119	0.066885	0	0
0	0	0	-0.213719	8.545393	-6.965997	8.545393	5183	-9.419596E-12	-1.061617E+11	5.824353E+16	0	0	0.01321	0.06636	0	0
0	0	0	-0.216447	8.545233	-6.968823	8.545233	5174	-1.610295E-11	-6.210043E+10	5.824353E+16	0	0	0.034635	0.065874	0	0
0	0	0	-0.219877	8.545006	-6.972356	8.545006	5162	2.738038E-9	3.652251E+8	5.824353E+16	0	0	0.031239	0.065516	0	0
0	0	0	-0.222458	8.545185	-6.975291	8.545185	5153	-2.028934E-11	-4.928697E+10	5.824353E+16	0	0	0.015823	0.065205	0	0
0	0	0	-0.225203	8.545271	-6.978328	8.545271	5144	-1.3711E-11	-7.293411E+10	5.824353E+16	0	0	0.034	0.064735	0	0
0	0	0	-0.227489	8.544987	-6.980579	8.544987	5137	1.782564E-10	5.609895E+9	5.824353E+16	0	0	0.020931	0.064154	0	0
0	0	0	-0.230495	8.545337	-6.984108	8.545337	5127	-1.092158E-11	-9.156186E+10	5.824353E+16	0	0	0.022281	0.06374	0	0
0	0	0	-0.232635	8.545356	-6.986439	8.545356	5119	-1.031286E-11	-9.696629E+10	5.824353E+16	0	0	0.002738	0.063294	0	0
0	0	0	-0.234285	8.545271	-6.988157	8.545271	5114	-1.363104E-11	-7.336196E+10	5.824353E+16	0	0	0.00894	0.062935	0	0
0	0	0	-0.236914	8.545025	-6.990809	8.545025	5105	-2.038132E-10	-4.906454E+9	5.824353E+16	0	0	0.007748	0.062545	0	0
0	0	0	-0.239185	8.545526	-6.993663	8.545526	5098	-6.900705E-12	-1.449127E+11	5.824353E+16	0	0	0.019101	0.062028	0	0
0	0	0	-0.241145	8.54511	-6.995455	8.54511	5091	-3.48115E-11	-2.872614E+10	5.824353E+16	0	0	0.017953	0.061637	0	0
0	0	0	-0.242877	8.545677	-6.997778	8.545677	5086	-5.329969E-12	-1.876184E+11	5.824353E+16	0	0	0.018065	0.061231	0	0
0	0	0	-0.244543	8.545157	-6.99917	8.545157	5080	-2.378537E-11	-4.204265E+10	5.824353E+16	0	0	0.020724	0.060857	0	0
0	0	0	-0.246813	8.545053	-7.001545	8.545053	5073	-7.751362E-11	-1.290096E+10	5.824353E+16	0	0	0.006735	0.060284	0	0
0	0	0	-0.248071	8.545006	-7.002869	8.545006	5069	2.688708E-9	3.719258E+8	5.824353E+16	0	0	0.014562	0.059877	0	0
0	0	0	-0.249819	8.545299	-7.004992	8.545299	5063	-1.21832E-11	-8.208023E+10	5.824353E+16	0	0	0.01855	0.059543	0	0
0	0	0	-0.251926	8.545129	-7.007138	8.545129	5056	-2.919547E-11	-3.425188E+10	5.824353E+16	0	0	0.027856	0.059145	0	0
0	0	0	-0.25271	8.54528	-7.008106	8.54528	5053	-1.300177E-11	-7.691262E+10	5.824353E+16	0	0	0.026731	0.058707	0	0
0	0	0	-0.254491	8.545242	-7.010003	8.545242	5048	-1.507883E-11	-6.631814E+10	5.824353E+16	0	0	0.018926	0.058301	0	0
0	0	0	-0.255765	8.545081	-7.011255	8.545081	5043	-4.764484E-11	-2.098863E+10	5.824353E+16	0	0	-0.001036	0.058022	0	0
0	0	0	-0.256761	8.545015	-7.012281	8.545015	5040	-4.351926E-10	-2.297833E+9	5.824353E+16	0	0	0.009721	0.057608	0	0
0	0	0	-0.258444	8.545261	-7.014296	8.545261	5035	-1.392012E-11	-7.183847E+10	5.824353E+16	0	0	0.019231	0.057313	0	0
0	0	0	-0.259407	8.544798	-7.014973	8.544798	5031	1.687431E-11	5.926167E+10	5.824353E+16	0	0	0.027532	0.056899	0	0
0	0	0	-0.259946	8.545195	-7.01587	8.545195	5030	-1.880781E-11	-5.316941E+10	5.824353E+16	0	0	0.015385	0.056493	0	0
0	0	0	-0.261318	8.545185	-7.017348	8.545185	5025	-1.978535E-11	-5.054244E+10	5.824353E+16	0	0	-0.005203	0.056158	0	0
0	0	0	-0.26225	8.545223	-7.018386	8.545223	5022	-1.63136E-11	-6.129853E+10	5.824353E+16	0	0	0.00309	0.05572	0	0
0	0	0	-0.263164	8.545072	-7.019256	8.545072	5019	-5.433035E-11	-1.840592E+10	5.824353E+16	0	0	0.015678	0.055378	0	0
0	0	0	-0.264128	8.545138	-7.020351	8.545138	5016	-2.687471E-11	-3.720971E+10	5.824353E+16	0	0	0.010165	0.054956	0	0
0	0	0	-0.26532	8.544968	-7.021507	8.544968	5012	8.99001E-11	1.112346E+10	5.824353E+16	0	0	0.025812	0.054574	0	0
0	0	0	-0.266104	8.545176	-7.02252	8.545176	5010	-2.083079E-11	-4.800586E+10	5.824353E+16	0	0	0.00032	0.054319	0	0
0	0	0	-0.266807	8.544996	-7.023138	8.544996	5007	3.261536E-10	3.06604E+9	5.824353E+16	0	0	0.008905	0.053992	0	0
0	0	0	-0.267591	8.545091	-7.024062	8.545091	5005	-4.194882E-11	-2.383857E+10	5.824353E+16	0	0	0.011853	0.053578	0	0
0	0	0	-0.268783	8.544987	-7.02527	8.544987	5001	1.735372E-10	5.762454E+9	5.824353E+16	0	0	0.027927	0.053132	0	0
0	0	0	-0.269469	8.544892	-7.025938	8.544892	4999	3.057834E-11	3.270289E+10	5.824353E+16	0	0	0.017864	0.052798	0	0
0	0	0	-0.270237	8.545138	-7.026963	8.545138	4996	-2.676755E-11	-3.735867E+10	5.824353E+16	0	0	0.019436	0.052479	0	0
0	0	0	-0.27107	8.545223	-7.027932	8.545223	4994	-1.622265E-11	-6.164222E+10	5.824353E+16	0	0	0.00773	0.052113	0	0
0	0	0	-0.272034	8.545157	-7.028923	8.545157	4990	-2.336398E-11	-4.280093E+10	5.824353E+16	0	0	0.016717	0.051755	0	0
0	0	0	-0.273177	8.544978	-7.030018	8.544978	4987	1.179395E-10	8.478926E+9	5.824353E+16	0	0	0.022834	0.051372	0	0
0	0	0	-0.274484	8.545034	-7.031477	8.545034	4982	-1.293562E-10	-7.730594E+9	5.824353E+16	0	0	0.00487	0.051006	0	0
0	0	0	-0.275709	8.545167	-7.032908	8.545167	4978	-2.192536E-11	-4.560928E+10	5.824353E+16	0	0	-0.010262	0.050831	0	0
0	0	0	-0.276575	8.545119	-7.033807	8.545119	4976	-3.115625E-11	-3.209629E+10	5.824353E+16	0	0	0.00339	0.05052	0	0
0	0	0	-0.277588	8.545138	-7.034918	8.545138	4973	-2.664432E-11	-3.753145E+10	5.824353E+16	0	0	0.017241	0.05009	0	0
0	0	0	-0.278846	8.545469	-7.036541	8.545469	4969	-7.552052E-12	-1.324143E+11	5.824353E+16	0	0	0.009623	0.049748	0	0
0	0	0	-0.280299	8.545176	-7.037883	8.545176	4964	-2.063953E-11	-4.845072E+10	5.824353E+16	0	0	0.006564	0.049485	0	0
0	0	0	-0.281328	8.545261	-7.039064	8.545261	4961	-1.371553E-11	-7.291004E+10	5.824353E+16	0	0	-0.002769	0.04927	0	0
0	0	0	-0.282488	8.545053	-7.040155	8.545053	4957	-7.574118E-11	-1.320286E+10	5.824353E+16	0	0	0.019213	0.04888	0	0
0	0	0	-0.283419	8.545214	-7.041289	8.545214	4954	-1.682888E-11	-5.942165E+10	5.824353E+16	0	0	0.020915	0.048561	0	0
0	0	0	-0.284971	8.545337	-7.043066	8.545337	4949	-1.05424E-11	-9.485506E+10	5.824353E+16	0	0	0.0179	0.048139	0	0
0	0	0	-0.285918	8.545365	-7.044114	8.545365	4946	-9.701144E-12	-1.030806E+11	5.824353E+16	0	0	-0.001241	0.047908	0	0
0	0	0	-0.287111	8.545649	-7.045628	8.545649	4942	-5.40802E-12	-1.849105E+11	5.824353E+16	0	0	0.021308	0.047614	0	0
0	0	0	-0.287683	8.545185	-7.045881	8.545185	4940	-1.945068E-11	-5.141209E+10	5.824353E+16	0	0	0.014946	0.047335	0	0
0	0	0	-0.288859	8.545601	-7.047483	8.545601	4936	-5.831096E-12	-1.714943E+11	5.824353E+16	0	0	0.011757	0.047112	0	0
0	0	0	-0.289479	8.545157	-7.047803	8.545157	4934	-2.310178E-11	-4.328671E+10	5.824353E+16	0	0	0.013477	0.046769	0	0
0	0	0	-0.290198	8.545223	-7.048633	8.545223	4932	-1.602125E-11	-6.241712E+10	5.824353E+16	0	0	0.013576	0.046411	0	0
0	0	0	-0.290786	8.545318	-7.049345	8.545318	4930	-1.114112E-11	-8.975759E+10	5.824353E+16	0	0	-0.004608	0.046116	0	0
0	0	0	-0.291636	8.545204	-7.050174	8.545204	4927	-1.753952E-11	-5.70141E+10	5.824353E+16	0	0	0.000376	0.04579	0	0
0	0	0	-0.292403	8.545327	-7.051102	8.545327	4925	-1.080112E-11	-9.258301E+10	5.824353E+16	0	0	0.015528	0.045463	0	0
0	0	0	-0.292812	8.545053	-7.051327	8.545053	4924	-7.523696E-11	-1.329134E+10	5.824353E+16	0	0	0.012243	0.045145	0	0
0	0	0	-0.293285	8.544996	-7.051795	8.544996	4922	3.206167E-10	3.118989E+9	5.824353E+16	0	0	0.029265	0.04501	0	0
0	0	0	-0.29402	8.545063	-7.052643	8.545063	4920	-6.23472E-11	-1.603921E+10	5.824353E+16	0	0	-0.013328	0.044595	0	0
0	0	0	-0.294298	8.545138	-7.053003	8.545138	4919	-2.6355E-11	-3.794346E+10	5.824353E+16	0	0	0.009015	0.044293	0	0
0	0	0	-0.295294	8.545148	-7.054089	8.545148	4916	-2.456646E-11	-4.070591E+10	5.824353E+16	0	0	0.028151	0.04403	0	0
0	0	0	-0.295066	8.545223	-7.053902	8.545223	4916	-1.596927E-11	-6.262027E+10	5.824353E+16	0	0	0.019665	0.043592	0	0
0	0	0	-0.295474	8.545053	-7.054209	8.545053	4915	-7.509944E-11	-1.331568E+10	5.824353E+16	0	0	0.037298	0.043441	0	0
0	0	0	-0.295703	8.545044	-7.054449	8.545044	4914	-9.453601E-11	-1.057798E+10	5.824353E+16	0	0	0.012772	0.04317	0	0
0	0	0	-0.296275	8.54545	-7.055389	8.54545	4913	-7.785633E-12	-1.284417E+11	5.824353E+16	0	0	0.028836	0.042923	0	0
0	0	0	-0.295801	8.545233	-7.054705	8.545233	4914	-1.529376E-11	-6.538616E+10	5.824353E+16	0	0	0.032602	0.042628	0	0
0	0	0	-0.29585	8.545308	-7.054817	8.545308	4914	-1.145352E-11	-8.730944E+10	5.824353E+16	0	0	0.030977	0.04239	0	0
0	0	0	-0.296079	8.545393	-7.055132	8.545393	4913	-8.928898E-12	-1.119959E+11	5.824353E+16	0	0	0.023964	0.042055	0	0
0	0	0	-0.296324	8.545289	-7.055315	8.545289	4912	-1.221569E-11	-8.186194E+10	5.824353E+16	0	0	-0.017767	0.041912	0	0
0	0	0	-0.296667	8.545252	-7.055656	8.545252	4911	-1.410233E-11	-7.091027E+10	5.824353E+16	0	0	-0.003249	0.041609	0	0
0	0	0	-0.296634	8.545006	-7.055427	8.545006	4911	2.604902E-9	3.838916E+8	5.824353E+16	0	0	-0.010641	0.041315	0	0
0	0	0	-0.296601	8.545119	-7.055481	8.545119	4912	-3.075552E-11	-3.251449E+10	5.824353E+16	0	0	0.011529	0.041092	0	0
0	0	0	-0.297255	8.545167	-7.056226	8.545167	4909	-2.162145E-11	-4.625036E+10	5.824353E+16	0	0	0.020952	0.040757	0	0
0	0	0	-0.297369	8.54494	-7.05617	8.54494	4909	5.10557E-11	1.958645E+10	5.824353E+16	0	0	0.006051	0.040534	0	0
0	0	0	-0.297091	8.545129	-7.056019	8.545129	4910	-2.835241E-11	-3.527037E+10	5.824353E+16	0	0	0.011728	0.040351	0	0
0	0	0	-0.297467	8.5451	-7.056403	8.5451	4909	-3.697137E-11	-2.704796E+10	5.824353E+16	0	0	0.004217	0.040096	0	0
0	0	0	-0.297516	8.54528	-7.056598	8.54528	4909	-1.263124E-11	-7.916876E+10	5.824353E+16	0	0	0.006135	0.039937	0	0
0	0	0	-0.297434	8.545384	-7.056592	8.545384	4909	-9.145452E-12	-1.09344E+11	5.824353E+16	0	0	0.015792	0.039555	0	0
0	0	0	-0.2975	8.545091	-7.056431	8.545091	4909	-4.114421E-11	-2.430476E+10	5.824353E+16	0	0	0.010065	0.039411	0	0
0	0	0	-0.298333	8.545223	-7.057437	8.545223	4906	-1.593679E-11	-6.274791E+10	5.824353E+16	0	0	0.033494	0.039029	0	0
0	0	0	-0.298578	8.545214	-7.057695	8.545214	4905	-1.666243E-11	-6.001526E+10	5.824353E+16	0	0	0.010196	0.038878	0	0
0	0	0	-0.298447	8.545081	-7.057449	8.545081	4905	-4.634105E-11	-2.157914E+10	5.824353E+16	0	0	0.027947	0.038599	0	0
0	0	0	-0.298904	8.545185	-7.058026	8.545185	4904	-1.930893E-11	-5.178951E+10	5.824353E+16	0	0	0.022203	0.038328	0	0
0	0	0	-0.299509	8.544949	-7.058493	8.544949	4902	5.92863E-11	1.68673E+10	5.824353E+16	0	0	0.016334	0.038161	0	0
0	0	0	-0.299852	8.545308	-7.059149	8.545308	4901	-1.142322E-11	-8.754103E+10	5.824353E+16	0	0	0.010438	0.037922	0	0
0	0	0	-0.300636	8.545365	-7.060042	8.545365	4899	-9.608957E-12	-1.040696E+11	5.824353E+16	0	0	0.014569	0.037556	0	0
0	0	0	-0.301273	8.545308	-7.060687	8.545308	4897	-1.141389E-11	-8.761253E+10	5.824353E+16	0	0	0.018651	0.037444	0	0
0	0	0	-0.301763	8.545289	-7.061202	8.545289	4895	-1.217341E-11	-8.214624E+10	5.824353E+16	0	0	0.024899	0.037158	0	0
0	0	0	-0.302351	8.545195	-7.061764	8.545195	4893	-1.829555E-11	-5.465811E+10	5.824353E+16	0	0	0.043467	0.036943	0	0
0	0	0	-0.302188	8.54545	-7.061789	8.54545	4894	-7.755524E-12	-1.289404E+11	5.824353E+16	0	0	0.012829	0.036696	0	0
0	0	0	-0.302792	8.545252	-7.062286	8.545252	4892	-1.404777E-11	-7.118568E+10	5.824353E+16	0	0	0.002539	0.036481	0	0
0	0	0	-0.303903	8.545327	-7.063548	8.545327	4888	-1.071997E-11	-9.328382E+10	5.824353E+16	0	0	0.012984	0.036234	0	0
0	0	0	-0.304573	8.545261	-7.06422	8.545261	4886	-1.350818E-11	-7.402921E+10	5.824353E+16	0	0	0.031928	0.036027	0	0
0	0	0	-0.30423	8.545318	-7.063894	8.545318	4887	-1.104394E-11	-9.054736E+10	5.824353E+16	0	0	0.013131	0.035804	0	0
0	0	0	-0.304785	8.545431	-7.064585	8.545431	4885	-8.086391E-12	-1.236646E+11	5.824353E+16	0	0	0.032269	0.035621	0	0
0	0	0	-0.305863	8.545176	-7.06555	8.545176	4882	-2.029858E-11	-4.926452E+10	5.824353E+16	0	0	0.015405	0.035398	0	0
0	0	0	-0.306075	8.545252	-7.065839	8.545252	4881	-1.401618E-11	-7.134611E+10	5.824353E+16	0	0	0.019809	0.035135	0	0
0	0	0	-0.306451	8.54545	-7.066403	8.54545	4880	-7.733338E-12	-1.293103E+11	5.824353E+16	0	0	0.009113	0.034968	0	0
0	0	0	-0.307398	8.545185	-7.067219	8.545185	4877	-1.920262E-11	-5.207622E+10	5.824353E+16	0	0	-0.012529	0.034753	0	0
0	0	0	-0.307235	8.545478	-7.067274	8.545478	4878	-7.265056E-12	-1.376452E+11	5.824353E+16	0	0	0.033258	0.034506	0	0
0	0	0	-0.307627	8.545261	-7.067526	8.545261	4876	-1.348053E-11	-7.418103E+10	5.824353E+16	0	0	0.013713	0.034203	0	0
0	0	0	-0.308542	8.545119	-7.068404	8.545119	4874	-3.051759E-11	-3.276798E+10	5.824353E+16	0	0	0.004929	0.034004	0	0
0	0	0	-0.309146	8.545176	-7.069103	8.545176	4872	-2.025701E-11	-4.936564E+10	5.824353E+16	0	0	0.024953	0.033877	0	0
0	0	0	-0.308999	8.545412	-7.069131	8.545412	4872	-8.441207E-12	-1.184665E+11	5.824353E+16	0	0	0.004968	0.033717	0	0
0	0	0	-0.308934	8.545384	-7.069038	8.545384	4872	-9.076521E-12	-1.101744E+11	5.824353E+16	0	0	0.020738	0.033478	0	0
0	0	0	-0.309669	8.545261	-7.069736	8.545261	4870	-1.346395E-11	-7.427243E+10	5.824353E+16	0	0	0.000508	0.033319	0	0
0	0	0	-0.309179	8.545053	-7.069041	8.545053	4872	-7.444241E-11	-1.34332E+10	5.824353E+16	0	0	0.009587	0.033144	0	0
0	0	0	-0.309375	8.545025	-7.069231	8.545025	4871	-1.944709E-10	-5.142158E+9	5.824353E+16	0	0	0.005086	0.032889	0	0
0	0	0	-0.309636	8.545129	-7.069596	8.545129	4870	-2.812143E-11	-3.556007E+10	5.824353E+16	0	0	0.018873	0.032754	0	0
0	0	0	-0.309555	8.545478	-7.069784	8.545478	4870	-7.253141E-12	-1.378713E+11	5.824353E+16	0	0	0.028247	0.032515	0	0
0	0	0	-0.309359	8.545393	-7.069505	8.545393	4871	-8.852567E-12	-1.129616E+11	5.824353E+16	0	0	0.026106	0.032292	0	0
0	0	0	-0.309522	8.545091	-7.069442	8.545091	4871	-4.082572E-11	-2.449436E+10	5.824353E+16	0	0	0.042646	0.032085	0	0
0	0	0	-0.309408	8.545299	-7.069483	8.545299	4871	-1.172119E-11	-8.531558E+10	5.824353E+16	0	0	0.035864	0.031862	0	0
0	0	0	-0.309195	8.545318	-7.069268	8.545318	4871	-1.100779E-11	-9.084478E+10	5.824353E+16	0	0	0.024102	0.03183	0	0
0	0	0	-0.308477	8.545063	-7.068288	8.545063	4874	-6.176427E-11	-1.619059E+10	5.824353E+16	0	0	-0.006602	0.031527	0	0
0	0	0	-0.308297	8.545138	-7.068154	8.545138	4874	-2.61139E-11	-3.829378E+10	5.824353E+16	0	0	0.041216	0.031336	0	0
0	0	0	-0.308738	8.545271	-7.068736	8.545271	4873	-1.298867E-11	-7.699017E+10	5.824353E+16	0	0	0.012581	0.031129	0	0
0	0	0	-0.308607	8.544968	-7.068355	8.544968	4874	8.742479E-11	1.14384E+10	5.824353E+16	0	0	0.063268	0.031058	0	0
0	0	0	-0.308395	8.545119	-7.068245	8.545119	4874	-3.051759E-11	-3.276798E+10	5.824353E+16	0	0	0.022409	0.030835	0	0
0	0	0	-0.308705	8.545356	-7.068768	8.545356	4873	-9.817265E-12	-1.018614E+11	5.824353E+16	0	0	0.00055	0.030604	0	0
0	0	0	-0.308264	8.545063	-7.068059	8.545063	4875	-6.177695E-11	-1.618727E+10	5.824353E+16	0	0	0.034944	0.030468	0	0
0	0	0	-0.308656	8.545138	-7.068543	8.545138	4873	-2.610854E-11	-3.830164E+10	5.824353E+16	0	0	0.027781	0.030229	0	0
0	0	0	-0.308411	8.544902	-7.068091	8.544902	4874	3.249E-11	3.07787E+10	5.824353E+16	0	0	0.027964	0.030022	0	0
0	0	0	-0.308183	8.545119	-7.068015	8.545119	4875	-3.052385E-11	-3.276126E+10	5.824353E+16	0	0	0.018055	0.029919	0	0
0	0	0	-0.308362	8.545526	-7.068531	8.545526	4874	-6.597496E-12	-1.515726E+11	5.824353E+16	0	0	0.005606	0.029664	0	0
0	0	0	-0.30833	8.545157	-7.068204	8.545157	4874	-2.282085E-11	-4.381958E+10	5.824353E+16	0	0	0.01069	0.029529	0	0
0	0	0	-0.308166	8.545119	-7.067997	8.545119	4875	-3.052385E-11	-3.276126E+10	5.824353E+16	0	0	0.043937	0.029282	0	0
0	0	0	-0.309048	8.54511	-7.068945	8.54511	4872	-3.331401E-11	-3.00174E+10	5.824353E+16	0	0	0.041552	0.029154	0	0
0	0	0	-0.308869	8.545072	-7.06872	8.545072	4872	-5.273909E-11	-1.896127E+10	5.824353E+16	0	0	0.026271	0.029051	0	0
0	0	0	-0.309342	8.545346	-7.06945	8.545346	4871	-1.008689E-11	-9.913859E+10	5.824353E+16	0	0	0.031597	0.028868	0	0
0	0	0	-0.310175	8.545299	-7.070314	8.545299	4868	-1.171397E-11	-8.536816E+10	5.824353E+16	0	0	0.018845	0.028597	0	0
0	0	0	-0.309898	8.545356	-7.070058	8.545356	4869	-9.809207E-12	-1.01945E+11	5.824353E+16	0	0	-0.02553	0.028549	0	0
0	0	0	-0.310616	8.545308	-7.070799	8.545308	4867	-1.134397E-11	-8.815257E+10	5.824353E+16	0	0	0	0	0	0
0	0	0	-0.311074	8.54528	-7.071271	8.54528	4866	-1.25206E-11	-7.986836E+10	5.824353E+16	0	0	0	0	0	0
0	0	0	-0.311041	8.545327	-7.071273	8.545327	4866	-1.067172E-11	-9.370557E+10	5.824353E+16	0	0	0	0	0	0
0	0	0	-0.31158	8.545214	-7.071767	8.545214	4864	-1.652315E-11	-6.052115E+10	5.824353E+16	0	0	0	0	0	0
0	0	0	-0.312135	8.545233	-7.072383	8.545233	4862	-1.513192E-11	-6.608548E+10	5.824353E+16	0	0	0	0	0	0
0	0	0	-0.312283	8.545327	-7.072617	8.545327	4862	-1.066295E-11	-9.378266E+10	5.824353E+16	0	0	0	0	0	0
0	0	0	-0.313295	8.545063	-7.073504	8.545063	4859	-6.157419E-11	-1.624057E+10	5.824353E+16	0	0	0	0	0	0
0	0	0	-0.313099	8.545129	-7.073344	8.545129	4859	-2.805791E-11	-3.564057E+10	5.824353E+16	0	0	0	0	0	0
0	0	0	-0.313459	8.545242	-7.073822	8.545242	4858	-1.451128E-11	-6.891189E+10	5.824353E+16	0	0	0	0	0	0
0	0	0	-0.314161	8.54546	-7.074755	8.54546	4856	-7.534517E-12	-1.327225E+11	5.824353E+16	0	0	0	0	0	0
