Vload_(V)	ILoad_(A)	RsLoad_(ohm)	SunsVoc_Voltage_(V)	SunsVoc_Current_(A)	Model_Voltage_(V)	Model_Current_(A)	Carrier_Density_(cm-3)	Lifetime_(s)	Inverse_Lifetime_(s-1)	(Carrier_Density+Doping)/qWni^2_(cm^2/C)	Carrier_Density_at_Vmp_(cm-3)	Lifetime_at_Vmp_(s)	Efficiency_(%)	Intensity_(suns)	Dark_IV_Voltage_(V)	Dark_IV_Current_(A)
4.631968	8.535238	0	37.570592	-0.505091	37.785239	-0.505091	2.246762E+14	1.744234E-5	57331.661319	5.929723E+16	1.268427E+13	1.333456E-5	13.494717	1.147565	0	0
4.713363	8.540353	-0.558129	37.446302	0.132904	37.389324	0.132904	2.075534E+14	1.733652E-5	57681.618496	5.921693E+16	0	0	13.471614	1.144921	0	0
4.727687	8.541084	-0.555535	37.3234	0.728358	37.008447	0.728358	1.918866E+14	1.72504E-5	57969.608404	5.914345E+16	0	0	13.499441	1.14125	0	0
5.113979	8.536527	-0.617447	37.203014	1.263	36.652291	1.263	1.776718E+14	1.714678E-5	58319.940824	5.907679E+16	0	0	13.508125	1.140119	0	0
6.772746	8.523112	2.089036	37.086548	1.748652	36.317923	1.748652	1.649101E+14	1.705407E-5	58636.970182	5.901694E+16	0	0	13.480902	1.138144	0	0
9.590848	8.517989	1.884832	36.971993	2.192448	36.000728	2.192448	1.532418E+14	1.695622E-5	58975.364384	5.896221E+16	0	0	13.494168	1.133358	0	0
12.372443	8.506778	1.710405	36.85863	2.603736	35.696269	2.603736	1.424989E+14	1.686083E-5	59309.02443	5.891183E+16	0	0	13.505112	1.126199	0	0
15.080938	8.481779	1.562902	36.744043	2.991816	35.398103	2.991816	1.323972E+14	1.676227E-5	59657.745572	5.886445E+16	0	0	13.520767	1.119446	0	0
17.789081	8.468108	1.301976	36.630011	3.360164	35.106815	3.360164	1.230486E+14	1.668754E-5	59924.932862	5.882061E+16	0	0	13.532228	1.113457	0	0
20.497017	8.431718	1.090842	36.514296	3.70078	34.823791	3.70078	1.142306E+14	1.658314E-5	60302.182151	5.877925E+16	0	0	13.527973	1.105287	0	0
23.189302	8.345959	0.91718	36.400362	4.017058	34.55159	4.017058	1.061608E+14	1.649046E-5	60641.113808	5.874141E+16	0	0	13.55083	1.095699	0	0
23.904535	8.319226	0.863684	36.283145	4.314005	34.282471	4.314005	9.844838E+13	1.636821E-5	61094.00224	5.870524E+16	0	0	13.569426	1.085975	0	0
24.623927	8.289231	0.808806	36.170077	4.584435	34.028367	4.584435	9.153649E+13	1.626077E-5	61497.703383	5.867282E+16	0	0	13.583535	1.076777	0	0
25.353729	8.256622	0.751298	36.059736	4.831152	33.786704	4.831152	8.525634E+13	1.615391E-5	61904.501603	5.864337E+16	0	0	13.602171	1.067229	0	0
26.004855	8.215232	0.706118	35.951176	5.058954	33.554414	5.058954	7.949553E+13	1.604943E-5	62307.500362	5.861635E+16	0	0	13.617793	1.056757	0	0
26.660432	8.167099	0.660636	35.841995	5.274341	33.325837	5.274341	7.409205E+13	1.594655E-5	62709.487642	5.859101E+16	0	0	13.642587	1.046285	0	0
27.344687	8.09959	0.618401	35.734938	5.474443	33.105659	5.474443	6.91485E+13	1.585553E-5	63069.47583	5.856783E+16	0	0	13.669683	1.036403	0	0
28.027117	8.006594	0.582934	35.628877	5.659684	32.892542	5.659684	6.457463E+13	1.576059E-5	63449.394105	5.854637E+16	0	0	13.687747	1.026369	0	0
28.698102	7.868772	0.559633	35.523094	5.832203	32.684758	5.832203	6.031266E+13	1.56599E-5	63857.364109	5.852639E+16	0	0	13.708487	1.016223	0	0
29.353751	7.679846	0.543956	35.414714	5.995121	32.477511	5.995121	5.623632E+13	1.553801E-5	64358.309001	5.850727E+16	0	0	13.731071	1.005855	0	0
30.024144	7.422217	0.533131	35.306023	6.149612	32.272988	6.149612	5.242383E+13	1.542263E-5	64839.758692	5.848939E+16	0	0	13.74858	0.996044	0	0
30.692332	7.1089	0.522771	35.199881	6.293253	32.075872	6.293253	4.894934E+13	1.532309E-5	65261.002476	5.847309E+16	0	0	13.764185	0.986687	0	0
31.341015	6.729974	0.516146	35.095568	6.42493	31.885998	6.42493	4.575835E+13	1.521797E-5	65711.794857	5.845813E+16	0	0	13.776665	0.976844	0	0
31.982137	6.294287	0.508665	34.992888	6.546814	31.702174	6.546814	4.281988E+13	1.511363E-5	66165.457686	5.844435E+16	0	0	13.784527	0.96708	0	0
32.628716	5.787982	0.501894	34.892822	6.65954	31.525366	6.65954	4.013727E+13	1.501817E-5	66585.993364	5.843177E+16	0	0	13.801359	0.957421	0	0
33.263114	5.228135	0.494835	34.79305	6.765415	31.351716	6.765415	3.762937E+13	1.492208E-5	67014.774036	5.842E+16	0	0	13.81339	0.948008	0	0
33.894068	4.611706	0.48656	34.693458	6.864711	31.181014	6.864711	3.528184E+13	1.482279E-5	67463.69525	5.8409E+16	0	0	13.828407	0.938547	0	0
34.496866	3.953056	0.482026	34.594242	6.957847	31.01334	6.957847	3.308841E+13	1.472207E-5	67925.250441	5.839871E+16	0	0	13.837679	0.928927	0	0
35.107877	3.25316	0.477823	34.495058	7.044853	30.848322	7.044853	3.103167E+13	1.461298E-5	68432.300851	5.838906E+16	0	0	13.850284	0.919395	0	0
35.67312	2.529469	0.484431	34.39705	7.126388	30.687061	7.126388	2.912463E+13	1.450868E-5	68924.253271	5.838012E+16	0	0	13.860226	0.909966	0	0
36.224441	1.806477	0.485377	34.299646	7.20302	30.528621	7.20302	2.734522E+13	1.440583E-5	69416.33799	5.837177E+16	0	0	13.86601	0.900577	0	0
36.656562	1.202949	0.489309	34.203256	7.274899	30.373468	7.274899	2.569115E+13	1.430633E-5	69899.132321	5.836402E+16	0	0	13.87821	0.890958	0	0
37.028428	0.672317	0.482226	34.107747	7.3426	30.221186	7.3426	2.415072E+13	1.421195E-5	70363.316295	5.835679E+16	0	0	13.89137	0.881608	0	0
28.466654	7.909159	0.572131	34.01268	7.407569	30.070508	7.407569	2.270897E+13	1.413344E-5	70754.157394	5.835003E+16	0	0	13.905586	0.872442	0	0
37.473404	0	0	33.917383	7.471944	29.919496	7.471944	2.134999E+13	1.409212E-5	70961.621573	5.834366E+16	0	0	13.902124	0.863619	0	0
0	0	0	33.822022	7.528967	29.771988	7.528967	2.007135E+13	1.399889E-5	71434.223898	5.833766E+16	0	0	13.912178	0.855002	0	0
0	0	0	33.728228	7.582945	29.627726	7.582945	1.888834E+13	1.392052E-5	71836.375321	5.833211E+16	0	0	13.922604	0.84645	0	0
0	0	0	33.634533	7.633694	29.485035	7.633694	1.777609E+13	1.383826E-5	72263.4203	5.83269E+16	0	0	13.929733	0.837977	0	0
0	0	0	33.542242	7.680698	29.345832	7.680698	1.674448E+13	1.375219E-5	72715.704286	5.832206E+16	0	0	13.92196	0.82991	0	0
0	0	0	33.447795	7.724748	29.205333	7.724748	1.575065E+13	1.363901E-5	73319.092282	5.83174E+16	0	0	13.920604	0.821787	0	0
0	0	0	33.354982	7.767182	29.067491	7.767182	1.483142E+13	1.355258E-5	73786.703238	5.831309E+16	0	0	13.920967	0.813784	0	0
0	0	0	33.263247	7.806776	28.932319	7.806776	1.397554E+13	1.346461E-5	74268.757743	5.830907E+16	0	0	13.919135	0.805828	0	0
0	0	0	33.170989	7.844728	28.797197	7.844728	1.316453E+13	1.338035E-5	74736.436189	5.830527E+16	0	0	13.917793	0.798008	0	0
0	0	0	33.080478	7.880565	28.665212	7.880565	1.24146E+13	1.330885E-5	75137.955855	5.830175E+16	0	0	13.913721	0.790259	0	0
0	0	0	32.990556	7.913018	28.535665	7.913018	1.171181E+13	1.321029E-5	75698.558205	5.829845E+16	0	0	13.914028	0.782614	0	0
0	0	0	32.900879	7.943933	28.407116	7.943933	1.105052E+13	1.311606E-5	76242.404665	5.829535E+16	0	0	13.921091	0.775001	0	0
0	0	0	32.812068	7.973061	28.28049	7.973061	1.043239E+13	1.302396E-5	76781.573768	5.829245E+16	0	0	13.933089	0.767548	0	0
0	0	0	32.723779	8.000731	28.155188	8.000731	9.85215E+12	1.293629E-5	77301.911264	5.828973E+16	0	0	13.955145	0.760237	0	0
0	0	0	32.637124	8.026645	28.032775	8.026645	9.314014E+12	1.285284E-5	77803.838779	5.828721E+16	0	0	13.935458	0.753054	0	0
0	0	0	32.55086	8.050232	27.912056	8.050232	8.807488E+12	1.274493E-5	78462.575439	5.828483E+16	0	0	13.922782	0.745871	0	0
0	0	0	32.464173	8.073589	27.790819	8.073589	8.326198E+12	1.265805E-5	79001.126273	5.828258E+16	0	0	13.911201	0.738672	0	0
0	0	0	32.378677	8.095318	27.671889	8.095318	7.877279E+12	1.25671E-5	79572.870645	5.828047E+16	0	0	13.901021	0.731728	0	0
0	0	0	32.294113	8.115552	27.554879	8.115552	7.457049E+12	1.247024E-5	80190.931576	5.82785E+16	0	0	13.891123	0.724816	0	0
0	0	0	32.20981	8.135023	27.438539	8.135023	7.060421E+12	1.238139E-5	80766.381923	5.827664E+16	0	0	13.880265	0.717919	0	0
0	0	0	32.125261	8.153812	27.322197	8.153812	6.683815E+12	1.229833E-5	81311.866551	5.827487E+16	0	0	13.867709	0.711214	0	0
0	0	0	32.039962	8.171111	27.205704	8.171111	6.324206E+12	1.21895E-5	82037.835488	5.827319E+16	0	0	13.855951	0.704596	0	0
0	0	0	31.955953	8.187893	27.091038	8.187893	5.988945E+12	1.210101E-5	82637.722822	5.827162E+16	0	0	13.844182	0.697979	0	0
0	0	0	31.874084	8.203741	26.979513	8.203741	5.679322E+12	1.202402E-5	83166.87822	5.827016E+16	0	0	13.828147	0.691369	0	0
0	0	0	31.79344	8.219022	26.869779	8.219022	5.38998E+12	1.196286E-5	83592.028725	5.826881E+16	0	0	13.810111	0.684887	0	0
0	0	0	31.708712	8.233912	26.755108	8.233912	5.101846E+12	1.188292E-5	84154.364974	5.826746E+16	0	0	13.797492	0.678325	0	0
0	0	0	31.622204	8.247267	26.639066	8.247267	4.823536E+12	1.175574E-5	85064.830967	5.826615E+16	0	0	13.780126	0.671994	0	0
0	0	0	31.536904	8.260306	26.524656	8.260306	4.563979E+12	1.165065E-5	85832.144676	5.826493E+16	0	0	13.760942	0.665591	0	0
0	0	0	31.453189	8.272664	26.412573	8.272664	4.322823E+12	1.155441E-5	86547.05523	5.82638E+16	0	0	13.742464	0.659316	0	0
0	0	0	31.368233	8.284641	26.299109	8.284641	4.09111E+12	1.14577E-5	87277.545338	5.826271E+16	0	0	13.726658	0.653049	0	0
0	0	0	31.284518	8.296503	26.187206	8.296503	3.874932E+12	1.139149E-5	87784.838494	5.82617E+16	0	0	13.71172	0.646941	0	0
0	0	0	31.200149	8.306929	26.075313	8.306929	3.668619E+12	1.127751E-5	88672.084434	5.826073E+16	0	0	13.702787	0.640379	0	0
0	0	0	31.117169	8.316853	25.965414	8.316853	3.476417E+12	1.117228E-5	89507.282844	5.825983E+16	0	0	13.690789	0.63396	0	0
0	0	0	31.033356	8.326304	25.854717	8.326304	3.292502E+12	1.105986E-5	90417.04724	5.825897E+16	0	0	13.674595	0.627852	0	0
0	0	0	30.949723	8.335252	25.744512	8.335252	3.118678E+12	1.094469E-5	91368.49276	5.825815E+16	0	0	13.657547	0.62188	0	0
0	0	0	30.866596	8.344057	25.634985	8.344057	2.954999E+12	1.084787E-5	92183.990532	5.825739E+16	0	0	13.639168	0.61605	0	0
0	0	0	30.782081	8.352729	25.523759	8.352729	2.797388E+12	1.075724E-5	92960.635476	5.825665E+16	0	0	13.61645	0.61042	0	0
0	0	0	30.696634	8.361224	25.411436	8.361224	2.646583E+12	1.067415E-5	93684.237078	5.825594E+16	0	0	13.597802	0.604679	0	0
0	0	0	30.612364	8.36853	25.301296	8.36853	2.505818E+12	1.054936E-5	94792.452548	5.825528E+16	0	0	13.574771	0.599096	0	0
0	0	0	30.531115	8.375948	25.194832	8.375948	2.377192E+12	1.04739E-5	95475.464285	5.825468E+16	0	0	13.548631	0.593426	0	0
0	0	0	30.450145	8.382297	25.089364	8.382297	2.255573E+12	1.03506E-5	96612.767419	5.825411E+16	0	0	13.524526	0.587788	0	0
0	0	0	30.368096	8.388719	24.982467	8.388719	2.13868E+12	1.024434E-5	97614.878086	5.825356E+16	0	0	13.495979	0.582166	0	0
0	0	0	30.287599	8.394658	24.877794	8.394658	2.029886E+12	1.013399E-5	98677.821599	5.825305E+16	0	0	13.469017	0.576759	0	0
0	0	0	30.205942	8.400767	24.771528	8.400767	1.925176E+12	1.00479E-5	99523.321717	5.825256E+16	0	0	13.431077	0.571423	0	0
0	0	0	30.123615	8.406346	24.664738	8.406346	1.825074E+12	9.937761E-6	100626.289143	5.825209E+16	0	0	13.407223	0.566143	0	0
0	0	0	30.042579	8.412227	24.55934	8.412227	1.731625E+12	9.879712E-6	101217.527937	5.825165E+16	0	0	13.381537	0.560895	0	0
0	0	0	29.959812	8.417013	24.45246	8.417013	1.641116E+12	9.742336E-6	102644.786745	5.825122E+16	0	0	13.354364	0.555671	0	0
0	0	0	29.877305	8.421873	24.345835	8.421873	1.555601E+12	9.630568E-6	103836.035238	5.825082E+16	0	0	13.320957	0.550567	0	0
0	0	0	29.794374	8.426686	24.238684	8.426686	1.474136E+12	9.530858E-6	104922.352222	5.825044E+16	0	0	13.29332	0.545542	0	0
0	0	0	29.70999	8.431395	24.129755	8.431395	1.395619E+12	9.432387E-6	106017.698473	5.825007E+16	0	0	13.263055	0.540525	0	0
0	0	0	29.626209	8.435462	24.021986	8.435462	1.321802E+12	9.297626E-6	107554.342061	5.824973E+16	0	0	13.228548	0.535611	0	0
0	0	0	29.542266	8.439595	23.913948	8.439595	1.251757E+12	9.18539E-6	108868.535858	5.82494E+16	0	0	13.196631	0.530602	0	0
0	0	0	29.458469	8.4435	23.806226	8.4435	1.185536E+12	9.069839E-6	110255.538562	5.824909E+16	0	0	13.169251	0.525713	0	0
0	0	0	29.374068	8.447377	23.697745	8.447377	1.122377E+12	8.96552E-6	111538.431363	5.824879E+16	0	0	13.139415	0.520728	0	0
0	0	0	29.289993	8.451329	23.589603	8.451329	1.062809E+12	8.889527E-6	112491.918378	5.824851E+16	0	0	13.104379	0.515934	0	0
0	0	0	29.204171	8.454308	23.479907	8.454308	1.005261E+12	8.717752E-6	114708.474233	5.824824E+16	0	0	13.059579	0.511283	0	0
0	0	0	29.119101	8.457438	23.371036	8.457438	9.512928E+11	8.581647E-6	116527.74202	5.824799E+16	0	0	13.023177	0.506688	0	0
0	0	0	29.034013	8.460663	23.262063	8.460663	9.002121E+11	8.47198E-6	118036.155331	5.824775E+16	0	0	12.982857	0.50199	0	0
0	0	0	28.947881	8.463934	23.151731	8.463934	8.512965E+11	8.379147E-6	119343.88426	5.824752E+16	0	0	12.943062	0.497434	0	0
0	0	0	28.861928	8.46695	23.041782	8.46695	8.051326E+11	8.27473E-6	120849.864677	5.82473E+16	0	0	12.904259	0.492871	0	0
0	0	0	28.773901	8.469569	22.929488	8.469569	7.604479E+11	8.127213E-6	123043.409218	5.824709E+16	0	0	12.872417	0.488316	0	0
0	0	0	28.685743	8.472179	22.817022	8.472179	7.181822E+11	7.993175E-6	125106.725709	5.82469E+16	0	0	12.828728	0.483944	0	0
0	0	0	28.597552	8.475015	22.704343	8.475015	6.782511E+11	7.904308E-6	126513.286622	5.824671E+16	0	0	12.785331	0.479509	0	0
0	0	0	28.509884	8.477342	22.592662	8.477342	6.407573E+11	7.767423E-6	128742.826286	5.824653E+16	0	0	12.750349	0.475065	0	0
0	0	0	28.421693	8.4798	22.48022	8.4798	6.051308E+11	7.660817E-6	130534.373385	5.824637E+16	0	0	12.713089	0.470789	0	0
0	0	0	28.33347	8.481975	22.367923	8.481975	5.71473E+11	7.530099E-6	132800.374925	5.824621E+16	0	0	12.668828	0.466528	0	0
0	0	0	28.243842	8.483904	22.254024	8.483904	5.391956E+11	7.37183E-6	135651.524769	5.824606E+16	0	0	12.623936	0.462164	0	0
0	0	0	28.154263	8.486126	22.139969	8.486126	5.087574E+11	7.270393E-6	137544.15106	5.824591E+16	0	0	12.589137	0.457856	0	0
0	0	0	28.066497	8.488451	22.028105	8.488451	4.806023E+11	7.209385E-6	138708.079893	5.824578E+16	0	0	12.541162	0.453675	0	0
0	0	0	27.978682	8.490181	21.916592	8.490181	4.539908E+11	7.071701E-6	141408.702157	5.824566E+16	0	0	12.492854	0.449622	0	0
0	0	0	27.886685	8.492081	21.799696	8.492081	4.276911E+11	6.955331E-6	143774.61627	5.824553E+16	0	0	12.447434	0.445409	0	0
0	0	0	27.795374	8.493887	21.68372	8.493887	4.030943E+11	6.841576E-6	146165.16075	5.824542E+16	0	0	12.397413	0.441379	0	0
0	0	0	27.704341	8.495504	21.568218	8.495504	3.799804E+11	6.711733E-6	148992.816046	5.824531E+16	0	0	12.346421	0.43735	0	0
0	0	0	27.613505	8.497281	21.452838	8.497281	3.582374E+11	6.623954E-6	150967.227956	5.824521E+16	0	0	12.287748	0.433376	0	0
0	0	0	27.521802	8.49902	21.336388	8.49902	3.375489E+11	6.541124E-6	152878.914951	5.824511E+16	0	0	12.249638	0.429235	0	0
0	0	0	27.429952	8.50042	21.219993	8.50042	3.180249E+11	6.410415E-6	155996.132831	5.824502E+16	0	0	12.199112	0.425524	0	0
0	0	0	27.336224	8.501526	21.101445	8.501526	2.992652E+11	6.23023E-6	160507.725644	5.824493E+16	0	0	12.149422	0.421742	0	0
0	0	0	27.241908	8.50266	20.982131	8.50266	2.815046E+11	6.064554E-6	164892.573745	5.824485E+16	0	0	12.10008	0.417895	0	0
0	0	0	27.145632	8.504153	20.860083	8.504153	2.644617E+11	5.97104E-6	167475.001259	5.824477E+16	0	0	12.058118	0.4142	0	0
0	0	0	27.047362	8.505032	20.735978	8.505032	2.481295E+11	5.765378E-6	173449.176755	5.824469E+16	0	0	12.012675	0.410441	0	0
0	0	0	26.946382	8.50645	20.60806	8.50645	2.323968E+11	5.665717E-6	176500.16349	5.824462E+16	0	0	11.949301	0.406914	0	0
0	0	0	26.8438	8.507556	20.478356	8.507556	2.174357E+11	5.512787E-6	181396.447269	5.824455E+16	0	0	11.891133	0.403258	0	0
0	0	0	26.741496	8.508776	20.348908	8.508776	2.034744E+11	5.396534E-6	185304.118951	5.824448E+16	0	0	11.84442	0.399579	0	0
0	0	0	26.63769	8.509966	20.217587	8.509966	1.90224E+11	5.282867E-6	189291.140643	5.824442E+16	0	0	11.782558	0.396139	0	0
0	0	0	26.532756	8.511148	20.084849	8.511148	1.777065E+11	5.177241E-6	193153.066117	5.824436E+16	0	0	11.728302	0.392547	0	0
0	0	0	26.426173	8.512187	19.950138	8.512187	1.658351E+11	5.049295E-6	198047.454932	5.824431E+16	0	0	11.674668	0.389012	0	0
0	0	0	26.316469	8.512991	19.811681	8.512991	1.544439E+11	4.872321E-6	205241.005325	5.824425E+16	0	0	11.625189	0.385428	0	0
0	0	0	26.205933	8.514304	19.67178	8.514304	1.437574E+11	4.819703E-6	207481.664174	5.82442E+16	0	0	11.561156	0.381948	0	0
0	0	0	26.093207	8.515278	19.529382	8.515278	1.336205E+11	4.698307E-6	212842.627453	5.824415E+16	0	0	11.509884	0.378587	0	0
0	0	0	25.976398	8.515675	19.382292	8.515675	1.238698E+11	4.443971E-6	225023.974685	5.824411E+16	0	0	11.460766	0.375211	0	0
0	0	0	25.857156	8.516856	19.231531	8.516856	1.146495E+11	4.377478E-6	228442.040249	5.824407E+16	0	0	11.393507	0.371898	0	0
0	0	0	25.738811	8.51748	19.082326	8.51748	1.061773E+11	4.196484E-6	238294.712548	5.824403E+16	0	0	11.334594	0.368569	0	0
0	0	0	25.617134	8.518208	18.928847	8.518208	9.81189E+10	4.043747E-6	247295.415952	5.824399E+16	0	0	11.286374	0.365177	0	0
0	0	0	25.493285	8.518955	18.772618	8.518955	9.054439E+10	3.902696E-6	256233.119636	5.824395E+16	0	0	11.231179	0.36192	0	0
0	0	0	25.367263	8.519862	18.613526	8.519862	8.343693E+10	3.808524E-6	262568.93577	5.824392E+16	0	0	11.160257	0.358806	0	0
0	0	0	25.238367	8.519938	18.451475	8.519938	7.674413E+10	3.520504E-6	284050.270716	5.824389E+16	0	0	11.09959	0.355661	0	0
0	0	0	25.106889	8.520713	18.285622	8.520713	7.04701E+10	3.405157E-6	293672.194486	5.824386E+16	0	0	11.036336	0.352634	0	0
0	0	0	24.971655	8.521413	18.115101	8.521413	6.455148E+10	3.276946E-6	305162.166452	5.824383E+16	0	0	10.970343	0.349584	0	0
0	0	0	24.83415	8.522102	17.941729	8.522102	5.904291E+10	3.154717E-6	316985.611722	5.82438E+16	0	0	10.90887	0.346574	0	0
0	0	0	24.6931	8.522764	17.763919	8.522764	5.38804E+10	3.03155E-6	329864.242955	5.824378E+16	0	0	10.851724	0.34354	0	0
0	0	0	24.547591	8.523265	17.58063	8.523265	4.902724E+10	2.873911E-6	347957.912058	5.824376E+16	0	0	10.790195	0.34061	0	0
0	0	0	24.399387	8.523955	17.393793	8.523955	4.453329E+10	2.770059E-6	361003.123558	5.824374E+16	0	0	10.727148	0.337623	0	0
0	0	0	24.245466	8.524087	17.200226	8.524087	4.030152E+10	2.536681E-6	394215.854014	5.824372E+16	0	0	10.669572	0.334725	0	0
0	0	0	24.086595	8.524928	16.999847	8.524928	3.635497E+10	2.474888E-6	404058.742253	5.82437E+16	0	0	10.604846	0.331937	0	0
0	0	0	23.924964	8.52542	16.796283	8.52542	3.273621E+10	2.340092E-6	427333.679329	5.824368E+16	0	0	10.528375	0.329158	0	0
0	0	0	23.758645	8.526062	16.586695	8.526062	2.938815E+10	2.247861E-6	444867.450554	5.824367E+16	0	0	10.46516	0.326275	0	0
0	0	0	23.588454	8.526299	16.372578	8.526299	2.631633E+10	2.066158E-6	483990.088142	5.824365E+16	0	0	10.406081	0.3236	0	0
0	0	0	23.414735	8.527045	16.153589	8.527045	2.351173E+10	2.0141E-6	496499.753088	5.824364E+16	0	0	10.32962	0.320797	0	0
0	0	0	23.233731	8.527121	15.92601	8.527121	2.090698E+10	1.807728E-6	553180.46101	5.824363E+16	0	0	10.264158	0.318017	0	0
0	0	0	23.046634	8.527452	15.690551	8.527452	1.851746E+10	1.66915E-6	599107.227652	5.824361E+16	0	0	10.201864	0.315389	0	0
0	0	0	22.855617	8.528368	15.449653	8.528368	1.635939E+10	1.671267E-6	598348.538224	5.82436E+16	0	0	10.126618	0.312722	0	0
0	0	0	22.658801	8.528812	15.201868	8.528812	1.439857E+10	1.572605E-6	635887.528208	5.82436E+16	0	0	10.05263	0.310133	0	0
0	0	0	22.456578	8.529228	14.947306	8.529228	1.262839E+10	1.474678E-6	678114.315367	5.824359E+16	0	0	9.984723	0.307585	0	0
0	0	0	22.249619	8.52937	14.687027	8.52937	1.104186E+10	1.320608E-6	757226.74532	5.824358E+16	0	0	9.901821	0.304854	0	0
0	0	0	22.04078	8.529587	14.424317	8.529587	9.642896E+9	1.197681E-6	834947.022322	5.824357E+16	0	0	9.818988	0.302433	0	0
0	0	0	21.835193	8.529927	14.165581	8.529927	8.438949E+9	1.115289E-6	896628.933588	5.824357E+16	0	0	9.759139	0.299869	0	0
0	0	0	21.630895	8.530079	13.908633	8.530079	7.391503E+9	1.005512E-6	994518.282936	5.824356E+16	0	0	9.694506	0.297288	0	0
0	0	0	21.427856	8.530523	13.652998	8.530523	6.47935E+9	9.644119E-7	1036901.347737	5.824356E+16	0	0	9.619917	0.294828	0	0
0	0	0	21.224473	8.53108	13.396823	8.53108	5.678499E+9	9.5847E-7	1043329.441449	5.824355E+16	0	0	9.555955	0.292375	0	0
0	0	0	21.021123	8.530797	13.141457	8.530797	4.976739E+9	7.864853E-7	1271479.577848	5.824355E+16	0	0	9.481636	0.289922	0	0
0	0	0	20.817414	8.531505	12.884722	8.531505	4.360687E+9	8.198662E-7	1219711.157302	5.824355E+16	0	0	9.394713	0.287565	0	0
0	0	0	20.61212	8.531703	12.626464	8.531703	3.816968E+9	7.579184E-7	1319403.180356	5.824355E+16	0	0	9.313545	0.2852	0	0
0	0	0	20.405928	8.531628	12.367331	8.531628	3.339097E+9	6.491799E-7	1540404.995183	5.824354E+16	0	0	9.232421	0.282763	0	0
0	0	0	20.194591	8.531911	12.101391	8.531911	2.911321E+9	6.14218E-7	1628086.560129	5.824354E+16	0	0	9.151957	0.280342	0	0
0	0	0	19.983629	8.53211	11.836001	8.53211	2.538966E+9	5.696224E-7	1755548.870175	5.824354E+16	0	0	9.081802	0.278009	0	0
0	0	0	19.771442	8.532402	11.568978	8.532402	2.212476E+9	5.47618E-7	1826090.493602	5.824354E+16	0	0	9.004247	0.27566	0	0
0	0	0	19.556903	8.532327	11.29935	8.532327	1.92503E+9	4.641215E-7	2154608.426298	5.824354E+16	0	0	8.914817	0.273406	0	0
0	0	0	19.338182	8.532384	11.024337	8.532384	1.670392E+9	4.107298E-7	2434690.636737	5.824354E+16	0	0	8.840282	0.271136	0	0
0	0	0	19.119004	8.532657	10.748536	8.532657	1.449007E+9	3.941022E-7	2537412.694758	5.824353E+16	0	0	8.743352	0.268922	0	0
0	0	0	18.897457	8.532884	10.4698	8.532884	1.255033E+9	3.742085E-7	2672307.049786	5.824353E+16	0	0	8.661239	0.266645	0	0
0	0	0	18.672431	8.532931	10.186866	8.532931	1.084575E+9	3.300075E-7	3030234.135289	5.824353E+16	0	0	8.596375	0.264312	0	0
0	0	0	18.442619	8.533045	9.897848	8.533045	9.343638E+8	2.989916E-7	3344575.812192	5.824353E+16	0	0	8.509257	0.262217	0	0
0	0	0	18.209002	8.533177	9.604025	8.533177	8.029713E+8	2.734276E-7	3657275.665026	5.824353E+16	0	0	8.420016	0.260147	0	0
0	0	0	17.973244	8.533073	9.307749	8.533073	6.890983E+8	2.233993E-7	4476290.745425	5.824353E+16	0	0	8.338078	0.257997	0	0
0	0	0	17.73386	8.533347	9.00653	8.533347	5.899846E+8	2.189599E-7	4567047.191659	5.824353E+16	0	0	8.242081	0.255918	0	0
0	0	0	17.489657	8.533309	8.699571	8.533309	5.035501E+8	1.832252E-7	5457763.7915	5.824353E+16	0	0	8.162113	0.253768	0	0
0	0	0	17.240668	8.533441	8.386418	8.533441	4.284462E+8	1.673675E-7	5974875.22064	5.824353E+16	0	0	8.088837	0.25161	0	0
0	0	0	16.990095	8.533668	8.071173	8.533668	3.641695E+8	1.627891E-7	6142916.138819	5.824353E+16	0	0	7.994076	0.249563	0	0
0	0	0	16.740207	8.533649	7.757046	8.533649	3.096735E+8	1.367851E-7	7310737.181552	5.824353E+16	0	0	7.902766	0.247644	0	0
0	0	0	16.480013	8.533621	7.429971	8.533621	2.615777E+8	1.135185E-7	8809137.348124	5.824353E+16	0	0	7.807392	0.24555	0	0
0	0	0	16.218692	8.534027	7.101016	8.534027	2.207903E+8	1.279302E-7	7816760.201396	5.824353E+16	0	0	7.719498	0.243646	0	0
0	0	0	15.954152	8.533951	6.768527	8.533951	1.859742E+8	1.014336E-7	9858664.696433	5.824353E+16	0	0	7.636642	0.241496	0	0
0	0	0	15.686574	8.534159	6.431913	8.534159	1.563397E+8	1.016829E-7	9834494.314135	5.824353E+16	0	0	7.534957	0.239609	0	0
0	0	0	15.416547	8.534338	6.092245	8.534338	1.312187E+8	1.023593E-7	9769505.651744	5.824353E+16	0	0	7.450451	0.237666	0	0
0	0	0	15.145473	8.534225	5.751583	8.534225	1.100595E+8	7.625317E-8	1.311421E+7	5.824353E+16	0	0	7.340902	0.235778	0	0
0	0	0	14.873159	8.534225	5.409237	8.534225	9.223797E+7	6.390614E-8	1.564795E+7	5.824353E+16	0	0	7.244446	0.233732	0	0
0	0	0	14.597838	8.534517	5.062784	8.534517	7.715164E+7	7.517106E-8	1.330299E+7	5.824353E+16	0	0	7.166714	0.231701	0	0
0	0	0	14.32291	8.534442	4.717235	8.534442	6.454922E+7	5.692426E-8	1.75672E+7	5.824353E+16	0	0	7.060378	0.229941	0	0
0	0	0	14.046985	8.534432	4.370359	8.534432	5.397046E+7	4.703739E-8	2.125968E+7	5.824353E+16	0	0	6.956121	0.227966	0	0
0	0	0	13.770554	8.534621	4.02262	8.534621	4.51106E+7	5.135711E-8	1.94715E+7	5.824353E+16	0	0	6.849918	0.226079	0	0
0	0	0	13.492996	8.534631	3.673667	8.534631	3.767763E+7	4.356216E-8	2.29557E+7	5.824353E+16	0	0	6.759371	0.224215	0	0
0	0	0	13.218836	8.534725	3.328887	8.534725	3.153884E+7	4.318002E-8	2.315886E+7	5.824353E+16	0	0	6.655432	0.222424	0	0
0	0	0	12.947615	8.534782	2.987846	8.534782	2.645064E+7	4.071238E-8	2.456255E+7	5.824353E+16	0	0	6.542674	0.22072	0	0
0	0	0	12.670515	8.534838	2.639411	8.534838	2.209886E+7	3.883895E-8	2.574735E+7	5.824353E+16	0	0	6.429227	0.21888	0	0
0	0	0	12.398118	8.534933	2.296845	8.534933	1.851949E+7	4.262493E-8	2.346045E+7	5.824353E+16	0	0	6.327228	0.21704	0	0
0	0	0	12.126081	8.535037	1.954718	8.535037	1.552349E+7	5.418069E-8	1.845676E+7	5.824353E+16	0	0	6.225244	0.215312	0	0
0	0	0	11.852917	8.535141	1.611172	8.535141	1.300266E+7	9.384722E-8	1.065562E+7	5.824353E+16	0	0	6.11424	0.213624	0	0
0	0	0	11.58271	8.534876	1.271787	8.534876	1.091209E+7	2.118123E-8	4.721162E+7	5.824353E+16	0	0	6.022633	0.211753	0	0
0	0	0	11.313678	8.534801	0.933654	8.534801	9164636	1.471558E-8	6.795519E+7	5.824353E+16	0	0	5.940682	0.21012	0	0
0	0	0	11.046133	8.534942	0.597126	8.534942	7704440	1.82995E-8	5.464631E+7	5.824353E+16	0	0	5.833826	0.208456	0	0
0	0	0	10.778441	8.53481	0.260748	8.53481	6476279	1.062849E-8	9.408678E+7	5.824353E+16	0	0	5.72111	0.206847	0	0
0	0	0	10.512742	8.535141	-0.073697	8.535141	5450941	3.934344E-8	2.54172E+7	5.824353E+16	0	0	5.61239	0.205047	0	0
0	0	0	10.248497	8.534895	-0.4056	8.534895	4592265	9.405126E-9	1.06325E+8	5.824353E+16	0	0	5.495793	0.203487	0	0
0	0	0	9.984741	8.535348	-0.73776	8.535348	3870085	-2.459155E-8	-4.066437E+7	5.824353E+16	0	0	5.379353	0.201735	0	0
0	0	0	9.721705	8.534895	-1.067879	8.534895	3262996	6.682744E-9	1.496391E+8	5.824353E+16	0	0	5.265532	0.200245	0	0
0	0	0	9.462392	8.534971	-1.393981	8.534971	2757793	7.244693E-9	1.380321E+8	5.824353E+16	0	0	5.141773	0.198645	0	0
0	0	0	9.204566	8.535008	-1.718166	8.535008	2333059	7.137798E-9	1.400992E+8	5.824353E+16	0	0	5.027455	0.197172	0	0
0	0	0	8.948668	8.535207	-2.040136	8.535207	1976209	4.452013E-8	2.246175E+7	5.824353E+16	0	0	4.923021	0.195396	0	0
0	0	0	8.699189	8.535207	-2.353782	8.535207	1680925	3.786808E-8	2.640746E+7	5.824353E+16	0	0	4.812127	0.193922	0	0
0	0	0	8.454611	8.535159	-2.661205	8.535159	1434315	1.284725E-8	7.783765E+7	5.824353E+16	0	0	4.6988	0.192449	0	0
0	0	0	8.214344	8.535207	-2.96333	8.535207	1227313	2.76492E-8	3.616742E+7	5.824353E+16	0	0	4.601745	0.190849	0	0
0	0	0	7.979371	8.534989	-3.258453	8.534989	1053798	2.978841E-9	3.35701E+8	5.824353E+16	0	0	4.502746	0.189431	0	0
0	0	0	7.750653	8.534989	-3.545996	8.534989	908494	2.568101E-9	3.893928E+8	5.824353E+16	0	0	4.413912	0.187894	0	0
0	0	0	7.527081	8.535197	-3.827346	8.535197	785844	1.358663E-8	7.360176E+7	5.824353E+16	0	0	4.327538	0.186277	0	0
0	0	0	7.307609	8.535292	-4.103393	8.535292	681562	-8.889519E-9	-1.12492E+8	5.824353E+16	0	0	4.233998	0.18486	0	0
0	0	0	7.090358	8.535405	-4.376674	8.535405	591971	-2.486416E-9	-4.021853E+8	5.824353E+16	0	0	4.138902	0.183554	0	0
0	0	0	6.87822	8.535301	-4.643235	8.535301	515865	-5.724116E-9	-1.746995E+8	5.824353E+16	0	0	4.067246	0.181977	0	0
0	0	0	6.670346	8.535329	-4.904615	8.535329	450788	-3.454995E-9	-2.89436E+8	5.824353E+16	0	0	3.976219	0.180592	0	0
0	0	0	6.464219	8.535462	-5.163939	8.535462	394368	-1.237086E-9	-8.083515E+8	5.824353E+16	0	0	3.899116	0.179063	0	0
0	0	0	6.261294	8.535216	-5.418722	8.535216	345726	1.117503E-8	8.948522E+7	5.824353E+16	0	0	3.820401	0.177613	0	0
0	0	0	6.059675	8.535093	-5.672029	8.535093	303341	1.47396E-9	6.784445E+8	5.824353E+16	0	0	3.735012	0.176275	0	0
0	0	0	5.861945	8.535093	-5.920616	8.535093	266825	1.296526E-9	7.712921E+8	5.824353E+16	0	0	3.646214	0.174993	0	0
0	0	0	5.667546	8.535462	-6.165524	8.535462	235212	-7.37832E-10	-1.355322E+9	5.824353E+16	0	0	3.567016	0.173616	0	0
0	0	0	5.476023	8.535546	-6.406428	8.535546	207731	-4.722804E-10	-2.117386E+9	5.824353E+16	0	0	3.490793	0.172182	0	0
0	0	0	5.283143	8.535395	-6.648707	8.535395	183300	-8.160041E-10	-1.225484E+9	5.824353E+16	0	0	3.404551	0.170956	0	0
0	0	0	5.094086	8.535443	-6.886457	8.535443	162144	-5.555044E-10	-1.800166E+9	5.824353E+16	0	0	3.323272	0.169674	0	0
0	0	0	4.906515	8.535018	-7.121674	8.535018	143568	4.580869E-10	2.182992E+9	5.824353E+16	0	0	3.244128	0.168344	0	0
0	0	0	4.72213	8.535292	-7.35387	8.535292	127383	-1.661434E-9	-6.018897E+8	5.824353E+16	0	0	3.16646	0.167038	0	0
0	0	0	4.539068	8.535122	-7.583776	8.535122	113120	6.837234E-10	1.46258E+9	5.824353E+16	0	0	3.0932	0.165692	0	0
0	0	0	4.356349	8.535178	-7.813571	8.535178	100476	1.185681E-9	8.433972E+8	5.824353E+16	0	0	3.011116	0.164338	0	0
0	0	0	4.174952	8.535122	-8.041541	8.535122	89322	5.398828E-10	1.852254E+9	5.824353E+16	0	0	2.929301	0.163064	0	0
0	0	0	3.996611	8.535292	-8.265996	8.535292	79563	-1.037726E-9	-9.636455E+8	5.824353E+16	0	0	2.858788	0.16175	0	0
0	0	0	3.818939	8.535377	-8.489489	8.535377	70902	-3.585811E-10	-2.788769E+9	5.824353E+16	0	0	2.786067	0.160571	0	0
0	0	0	3.641627	8.535669	-8.712831	8.535669	63198	-1.028095E-10	-9.726724E+9	5.824353E+16	0	0	2.705504	0.159353	0	0
0	0	0	3.465833	8.535386	-8.93343	8.535386	56387	-2.670088E-10	-3.745195E+9	5.824353E+16	0	0	2.626966	0.158214	0	0
0	0	0	3.288063	8.535546	-9.157158	8.535546	50246	-1.142352E-10	-8.753868E+9	5.824353E+16	0	0	2.555815	0.156988	0	0
0	0	0	3.112776	8.535414	-9.377337	8.535414	44845	-1.782866E-10	-5.608947E+9	5.824353E+16	0	0	2.489042	0.155682	0	0
0	0	0	2.93749	8.535622	-9.598014	8.535622	40025	-7.311108E-11	-1.367782E+10	5.824353E+16	0	0	2.410518	0.154551	0	0
0	0	0	2.763428	8.535556	-9.81675	8.535556	35752	-7.887088E-11	-1.267895E+10	5.824353E+16	0	0	2.341594	0.153372	0	0
0	0	0	2.590607	8.535782	-10.034357	8.535782	31960	-4.117913E-11	-2.428414E+10	5.824353E+16	0	0	2.271682	0.152218	0	0
0	0	0	2.418734	8.535301	-10.249725	8.535301	28588	-3.172161E-10	-3.152425E+9	5.824353E+16	0	0	2.205585	0.151095	0	0
0	0	0	2.248201	8.53549	-10.464402	8.53549	25594	-7.126449E-11	-1.403223E+10	5.824353E+16	0	0	2.134793	0.149932	0	0
0	0	0	2.082714	8.535575	-10.67258	8.535575	22989	-4.787382E-11	-2.088824E+10	5.824353E+16	0	0	2.075999	0.14869	0	0
0	0	0	1.929577	8.53582	-10.865474	8.53582	20815	-2.508058E-11	-3.987149E+10	5.824353E+16	0	0	1.998699	0.147647	0	0
0	0	0	1.791108	8.535452	-11.039006	8.535452	19027	-6.231473E-11	-1.604757E+10	5.824353E+16	0	0	1.932187	0.146452	0	0
0	0	0	1.664776	8.535584	-11.198031	8.535584	17530	-3.551093E-11	-2.816034E+10	5.824353E+16	0	0	1.872521	0.145377	0	0
0	0	0	1.545501	8.535679	-11.348129	8.535679	16225	-2.582939E-11	-3.871559E+10	5.824353E+16	0	0	1.818999	0.14423	0	0
0	0	0	1.436516	8.535395	-11.484718	8.535395	15117	-6.729695E-11	-1.485951E+10	5.824353E+16	0	0	1.745878	0.143187	0	0
0	0	0	1.33663	8.535509	-11.610467	8.535509	14169	-3.670317E-11	-2.72456E+10	5.824353E+16	0	0	1.695812	0.142168	0	0
0	0	0	1.245548	8.535811	-11.725436	8.535811	13356	-1.635814E-11	-6.113164E+10	5.824353E+16	0	0	1.631727	0.141013	0	0
0	0	0	1.161163	8.535452	-11.83098	8.535452	12644	-4.140997E-11	-2.414878E+10	5.824353E+16	0	0	1.579636	0.139874	0	0
0	0	0	1.083443	8.535462	-11.928705	8.535462	12023	-3.771471E-11	-2.651485E+10	5.824353E+16	0	0	1.520248	0.138855	0	0
0	0	0	1.011603	8.53515	-12.018547	8.53515	11475	9.173097E-11	1.090144E+10	5.824353E+16	0	0	1.462649	0.137804	0	0
0	0	0	0.944615	8.535613	-12.103472	8.535613	10987	-2.057476E-11	-4.860323E+10	5.824353E+16	0	0	1.413849	0.136784	0	0
0	0	0	0.882266	8.535565	-12.181786	8.535565	10552	-2.260745E-11	-4.423321E+10	5.824353E+16	0	0	1.356246	0.135797	0	0
0	0	0	0.824898	8.535631	-12.25401	8.535631	10166	-1.812426E-11	-5.517466E+10	5.824353E+16	0	0	1.298113	0.134786	0	0
0	0	0	0.771386	8.535546	-12.321156	8.535546	9820	-2.232595E-11	-4.479092E+10	5.824353E+16	0	0	1.258949	0.133782	0	0
0	0	0	0.720749	8.535613	-12.38492	8.535613	9502	-1.779388E-11	-5.619908E+10	5.824353E+16	0	0	1.193614	0.132715	0	0
0	0	0	0.674179	8.535556	-12.443381	8.535556	9219	-2.033762E-11	-4.916996E+10	5.824353E+16	0	0	1.136843	0.131736	0	0
0	0	0	0.629732	8.535801	-12.499637	8.535801	8958	-1.115534E-11	-8.964313E+10	5.824353E+16	0	0	1.098804	0.130565	0	0
0	0	0	0.587785	8.535631	-12.552113	8.535631	8717	-1.554094E-11	-6.434618E+10	5.824353E+16	0	0	1.057044	0.12945	0	0
0	0	0	0.549464	8.535443	-12.6	8.535443	8503	-2.913122E-11	-3.432743E+10	5.824353E+16	0	0	1.006794	0.128295	0	0
0	0	0	0.512303	8.535575	-12.646923	8.535575	8300	-1.728447E-11	-5.78554E+10	5.824353E+16	0	0	0.967424	0.12734	0	0
0	0	0	0.478947	8.535698	-12.689047	8.535698	8123	-1.240034E-11	-8.064292E+10	5.824353E+16	0	0	0.921312	0.126265	0	0
0	0	0	0.44765	8.535254	-12.72771	8.535254	7960	-3.481051E-10	-2.872696E+9	5.824353E+16	0	0	0.884815	0.125357	0	0
0	0	0	0.417741	8.535424	-12.765573	8.535424	7807	-2.946213E-11	-3.394187E+10	5.824353E+16	0	0	0.847437	0.124401	0	0
0	0	0	0.388911	8.535443	-12.801849	8.535443	7662	-2.624996E-11	-3.809529E+10	5.824353E+16	0	0	0.802459	0.123533	0	0
0	0	0	0.3624	8.535594	-12.835412	8.535594	7531	-1.485106E-11	-6.733525E+10	5.824353E+16	0	0	0.759381	0.12257	0	0
0	0	0	0.337963	8.535462	-12.86593	8.535462	7413	-2.325369E-11	-4.300393E+10	5.824353E+16	0	0	0.727763	0.121582	0	0
0	0	0	0.313771	8.535622	-12.896592	8.535622	7297	-1.332896E-11	-7.502462E+10	5.824353E+16	0	0	0.699692	0.12069	0	0
0	0	0	0.290952	8.535698	-12.925398	8.535698	7190	-1.097605E-11	-9.110744E+10	5.824353E+16	0	0	0.662119	0.119751	0	0
0	0	0	0.269014	8.535282	-12.952335	8.535282	7089	-1.12133E-10	-8.917983E+9	5.824353E+16	0	0	0.629632	0.11901	0	0
0	0	0	0.249282	8.535282	-12.977142	8.535282	6999	-1.107094E-10	-9.032659E+9	5.824353E+16	0	0	0.596607	0.11803	0	0
0	0	0	0.230399	8.535764	-13.001628	8.535764	6913	-9.226938E-12	-1.083783E+11	5.824353E+16	0	0	0.576101	0.117051	0	0
0	0	0	0.212562	8.535528	-13.023688	8.535528	6834	-1.654942E-11	-6.042507E+10	5.824353E+16	0	0	0.542159	0.116358	0	0
0	0	0	0.194806	8.535433	-13.045864	8.535433	6756	-2.426418E-11	-4.121302E+10	5.824353E+16	0	0	0.514537	0.115403	0	0
0	0	0	0.17759	8.535622	-13.067802	8.535622	6681	-1.220375E-11	-8.194202E+10	5.824353E+16	0	0	0.485433	0.114694	0	0
0	0	0	0.162202	8.535546	-13.08703	8.535546	6614	-1.503705E-11	-6.65024E+10	5.824353E+16	0	0	0.455092	0.113674	0	0
0	0	0	0.146766	8.535565	-13.106466	8.535565	6548	-1.402896E-11	-7.128113E+10	5.824353E+16	0	0	0.439265	0.112814	0	0
0	0	0	0.132588	8.53532	-13.12391	8.53532	6488	-5.544187E-11	-1.803691E+10	5.824353E+16	0	0	0.423246	0.111938	0	0
0	0	0	0.118981	8.535509	-13.14131	8.535509	6431	-1.665877E-11	-6.002845E+10	5.824353E+16	0	0	0.393359	0.111047	0	0
0	0	0	0.106174	8.535395	-13.157234	8.535395	6378	-2.83932E-11	-3.52197E+10	5.824353E+16	0	0	0.368262	0.110314	0	0
0	0	0	0.093319	8.535622	-13.173748	8.535622	6325	-1.155347E-11	-8.65541E+10	5.824353E+16	0	0	0.352132	0.10943	0	0
0	0	0	0.08182	8.535367	-13.187809	8.535367	6278	-3.406803E-11	-2.935303E+10	5.824353E+16	0	0	0.329697	0.108594	0	0
0	0	0	0.07032	8.535726	-13.202824	8.535726	6231	-8.960112E-12	-1.116057E+11	5.824353E+16	0	0	0.306626	0.107861	0	0
0	0	0	0.05931	8.535641	-13.216534	8.535641	6187	-1.077205E-11	-9.283281E+10	5.824353E+16	0	0	0.295675	0.106953	0	0
0	0	0	0.04884	8.53566	-13.229727	8.53566	6145	-1.022023E-11	-9.784517E+10	5.824353E+16	0	0	0.290696	0.106276	0	0
0	0	0	0.038092	8.535603	-13.243151	8.535603	6102	-1.172216E-11	-8.530854E+10	5.824353E+16	0	0	0.264577	0.10556	0	0
0	0	0	0.029728	8.535348	-13.253269	8.535348	6069	-3.85636E-11	-2.593119E+10	5.824353E+16	0	0	0.256739	0.1047	0	0
0	0	0	0.020924	8.535414	-13.264441	8.535414	6035	-2.399285E-11	-4.167908E+10	5.824353E+16	0	0	0.231706	0.103919	0	0
0	0	0	0.011777	8.535754	-13.27647	8.535754	5999	-8.153382E-12	-1.226485E+11	5.824353E+16	0	0	0.229054	0.103346	0	0
0	0	0	0.004377	8.535273	-13.285023	8.535273	5970	-1.199551E-10	-8.33645E+9	5.824353E+16	0	0	0.207297	0.102605	0	0
0	0	0	-0.002778	8.535339	-13.294121	8.535339	5943	-4.129222E-11	-2.421764E+10	5.824353E+16	0	0	0.208995	0.101737	0	0
0	0	0	-0.010063	8.535499	-13.30353	8.535499	5915	-1.587527E-11	-6.299104E+10	5.824353E+16	0	0	0.194603	0.101036	0	0
0	0	0	-0.016711	8.535688	-13.312182	8.535688	5889	-9.178452E-12	-1.089508E+11	5.824353E+16	0	0	0.184145	0.10024	0	0
0	0	0	-0.023474	8.535698	-13.320699	8.535698	5864	-8.951818E-12	-1.117092E+11	5.824353E+16	0	0	0.168553	0.099547	0	0
0	0	0	-0.028913	8.535565	-13.327332	8.535565	5843	-1.251851E-11	-7.988171E+10	5.824353E+16	0	0	0.161619	0.098854	0	0
0	0	0	-0.034646	8.535754	-13.334834	8.535754	5821	-7.911458E-12	-1.26399E+11	5.824353E+16	0	0	0.150669	0.098074	0	0
0	0	0	-0.039759	8.535707	-13.341188	8.535707	5802	-8.678958E-12	-1.152212E+11	5.824353E+16	0	0	0.145139	0.097389	0	0
0	0	0	-0.045084	8.535565	-13.347662	8.535565	5782	-1.238782E-11	-8.072446E+10	5.824353E+16	0	0	0.132871	0.09676	0	0
0	0	0	-0.050164	8.535528	-13.35399	8.535528	5763	-1.395586E-11	-7.165451E+10	5.824353E+16	0	0	0.120637	0.095988	0	0
0	0	0	-0.054999	8.535688	-13.360319	8.535688	5745	-8.954017E-12	-1.116817E+11	5.824353E+16	0	0	0.117953	0.095438	0	0
0	0	0	-0.05923	8.535499	-13.365344	8.535499	5729	-1.537607E-11	-6.503613E+10	5.824353E+16	0	0	0.105445	0.094658	0	0
0	0	0	-0.062791	8.53566	-13.370071	8.53566	5716	-9.506725E-12	-1.051887E+11	5.824353E+16	0	0	0.100979	0.094092	0	0
0	0	0	-0.066924	8.535377	-13.374825	8.535377	5701	-2.883234E-11	-3.468327E+10	5.824353E+16	0	0	0.086446	0.093336	0	0
0	0	0	-0.069717	8.535292	-13.378204	8.535292	5690	-7.421363E-11	-1.347461E+10	5.824353E+16	0	0	0.101586	0.092683	0	0
0	0	0	-0.073507	8.535811	-13.383778	8.535811	5676	-6.951843E-12	-1.438468E+11	5.824353E+16	0	0	0.083254	0.092078	0	0
0	0	0	-0.076463	8.535225	-13.386582	8.535225	5666	3.240257E-10	3.086175E+9	5.824353E+16	0	0	0.083004	0.091369	0	0
0	0	0	-0.079959	8.535386	-13.391227	8.535386	5652	-2.676386E-11	-3.736382E+10	5.824353E+16	0	0	0.075588	0.090851	0	0
0	0	0	-0.082654	8.53515	-13.394248	8.53515	5643	4.511005E-11	2.216801E+10	5.824353E+16	0	0	0.071785	0.090111	0	0
0	0	0	-0.084941	8.535443	-13.397579	8.535443	5634	-1.930205E-11	-5.180798E+10	5.824353E+16	0	0	0.074061	0.08945	0	0
0	0	0	-0.087881	8.535509	-13.401379	8.535509	5623	-1.456574E-11	-6.865427E+10	5.824353E+16	0	0	0.065613	0.088852	0	0
0	0	0	-0.089531	8.535301	-13.403129	8.535301	5618	-6.233805E-11	-1.604157E+10	5.824353E+16	0	0	0.062473	0.088215	0	0
0	0	0	-0.091703	8.53548	-13.40614	8.53548	5610	-1.622841E-11	-6.162033E+10	5.824353E+16	0	0	0.065629	0.087562	0	0
0	0	0	-0.093435	8.535679	-13.408626	8.535679	5604	-8.921287E-12	-1.120915E+11	5.824353E+16	0	0	0.040528	0.087061	0	0
0	0	0	-0.095624	8.535669	-13.411363	8.535669	5596	-9.103487E-12	-1.09848E+11	5.824353E+16	0	0	0.051806	0.086408	0	0
0	0	0	-0.097094	8.535735	-13.413315	8.535735	5590	-7.885831E-12	-1.268097E+11	5.824353E+16	0	0	0.043871	0.085778	0	0
0	0	0	-0.099707	8.535348	-13.415997	8.535348	5581	-3.546275E-11	-2.81986E+10	5.824353E+16	0	0	0.053445	0.085181	0	0
0	0	0	-0.101161	8.535471	-13.418016	8.535471	5575	-1.678009E-11	-5.959445E+10	5.824353E+16	0	0	0.046325	0.084584	0	0
0	0	0	-0.103203	8.535669	-13.420892	8.535669	5568	-9.057937E-12	-1.104004E+11	5.824353E+16	0	0	0.049528	0.083875	0	0
0	0	0	-0.105261	8.535518	-13.423244	8.535518	5561	-1.392011E-11	-7.183851E+10	5.824353E+16	0	0	0.041233	0.083469	0	0
0	0	0	-0.106747	8.535122	-13.424494	8.535122	5555	3.357571E-11	2.978344E+10	5.824353E+16	0	0	0.031089	0.082728	0	0
0	0	0	-0.108838	8.535462	-13.427653	8.535462	5548	-1.740341E-11	-5.746E+10	5.824353E+16	0	0	0.036134	0.082075	0	0
0	0	0	-0.11039	8.535433	-13.42956	8.535433	5542	-1.990409E-11	-5.024092E+10	5.824353E+16	0	0	0.032525	0.081446	0	0
0	0	0	-0.11235	8.535358	-13.431906	8.535358	5535	-3.240113E-11	-3.086312E+10	5.824353E+16	0	0	0.021952	0.081112	0	0
0	0	0	-0.113265	8.53531	-13.432982	8.53531	5532	-5.341186E-11	-1.872243E+10	5.824353E+16	0	0	0.037808	0.080443	0	0
0	0	0	-0.114882	8.535518	-13.43534	8.535518	5526	-1.38325E-11	-7.229351E+10	5.824353E+16	0	0	0.030198	0.079798	0	0
0	0	0	-0.116303	8.535631	-13.437303	8.535631	5521	-9.84301E-12	-1.015949E+11	5.824353E+16	0	0	0.035349	0.079288	0	0
0	0	0	-0.118002	8.535358	-13.439012	8.535358	5515	-3.228405E-11	-3.097505E+10	5.824353E+16	0	0	0.020577	0.078747	0	0
0	0	0	-0.119194	8.535443	-13.440643	8.535443	5511	-1.888065E-11	-5.296428E+10	5.824353E+16	0	0	0.018716	0.078133	0	0
0	0	0	-0.12055	8.535424	-13.442318	8.535424	5506	-2.07786E-11	-4.812644E+10	5.824353E+16	0	0	0.021879	0.077608	0	0
0	0	0	-0.121775	8.535584	-13.444109	8.535584	5501	-1.114351E-11	-8.973837E+10	5.824353E+16	0	0	0.031231	0.077019	0	0
0	0	0	-0.123605	8.535528	-13.446321	8.535528	5495	-1.330686E-11	-7.514921E+10	5.824353E+16	0	0	0.012919	0.076549	0	0
0	0	0	-0.123866	8.535669	-13.44687	8.535669	5494	-8.937554E-12	-1.118874E+11	5.824353E+16	0	0	0.009898	0.076047	0	0
0	0	0	-0.12483	8.535622	-13.448008	8.535622	5490	-1.002823E-11	-9.971852E+10	5.824353E+16	0	0	0.018279	0.075561	0	0
0	0	0	-0.126692	8.535565	-13.450261	8.535565	5484	-1.174936E-11	-8.511102E+10	5.824353E+16	0	0	0.026796	0.07498	0	0
0	0	0	-0.127264	8.535518	-13.450906	8.535518	5482	-1.372236E-11	-7.287376E+10	5.824353E+16	0	0	0.016424	0.07447	0	0
0	0	0	-0.128211	8.535584	-13.4522	8.535584	5478	-1.109691E-11	-9.011515E+10	5.824353E+16	0	0	0.016541	0.073921	0	0
0	0	0	-0.129502	8.535528	-13.453734	8.535528	5474	-1.325601E-11	-7.543751E+10	5.824353E+16	0	0	0.015577	0.073427	0	0
0	0	0	-0.130906	8.535367	-13.45525	8.535367	5469	-2.967793E-11	-3.369507E+10	5.824353E+16	0	0	0.022106	0.073013	0	0
0	0	0	-0.131037	8.535613	-13.455797	8.535613	5468	-1.023963E-11	-9.765978E+10	5.824353E+16	0	0	0.016883	0.072336	0	0
0	0	0	-0.132213	8.535528	-13.457143	8.535528	5464	-1.323179E-11	-7.557557E+10	5.824353E+16	0	0	0.012612	0.071938	0	0
0	0	0	-0.133046	8.535764	-13.458559	8.535764	5461	-7.288921E-12	-1.371945E+11	5.824353E+16	0	0	0.017072	0.071484	0	0
0	0	0	-0.133373	8.535537	-13.458616	8.535537	5460	-1.2805E-11	-7.809449E+10	5.824353E+16	0	0	0.021589	0.071022	0	0
0	0	0	-0.133847	8.535631	-13.459359	8.535631	5458	-9.730692E-12	-1.027676E+11	5.824353E+16	0	0	0.016177	0.070544	0	0
0	0	0	-0.134859	8.535688	-13.460721	8.535688	5455	-8.50203E-12	-1.17619E+11	5.824353E+16	0	0	0.009597	0.069939	0	0
0	0	0	-0.135088	8.536085	-13.461627	8.536085	5454	-4.520317E-12	-2.212234E+11	5.824353E+16	0	0	0.005145	0.069573	0	0
0	0	0	-0.135709	8.53548	-13.461464	8.53548	5452	-1.577135E-11	-6.34061E+10	5.824353E+16	0	0	0.000651	0.069063	0	0
0	0	0	-0.13646	8.535745	-13.462822	8.535745	5449	-7.543776E-12	-1.325596E+11	5.824353E+16	0	0	0.010923	0.068537	0	0
0	0	0	-0.136689	8.53549	-13.462711	8.53549	5448	-1.516953E-11	-6.592163E+10	5.824353E+16	0	0	0.008699	0.06806	0	0
0	0	0	-0.137228	8.53548	-13.463374	8.53548	5446	-1.5754E-11	-6.347595E+10	5.824353E+16	0	0	0.019143	0.067646	0	0
0	0	0	-0.137293	8.535395	-13.463324	8.535395	5446	-2.424418E-11	-4.124702E+10	5.824353E+16	0	0	0.014627	0.067144	0	0
0	0	0	-0.1378	8.535613	-13.464299	8.535613	5444	-1.019469E-11	-9.809032E+10	5.824353E+16	0	0	-0.001664	0.066849	0	0
0	0	0	-0.137783	8.535594	-13.464249	8.535594	5444	-1.073552E-11	-9.314874E+10	5.824353E+16	0	0	-0.001675	0.066379	0	0
0	0	0	-0.138143	8.535235	-13.464141	8.535235	5443	1.348849E-9	7.413728E+8	5.824353E+16	0	0	0.005432	0.06571	0	0
0	0	0	-0.138061	8.535584	-13.464584	8.535584	5444	-1.102804E-11	-9.067795E+10	5.824353E+16	0	0	0.011396	0.065527	0	0
0	0	0	-0.138649	8.535254	-13.464807	8.535254	5441	-2.379447E-10	-4.202657E+9	5.824353E+16	0	0	0.009096	0.064922	0	0
0	0	0	-0.138943	8.535707	-13.465884	8.535707	5440	-8.137458E-12	-1.228885E+11	5.824353E+16	0	0	0.006732	0.06454	0	0
0	0	0	-0.139417	8.535613	-13.466332	8.535613	5439	-1.018532E-11	-9.818049E+10	5.824353E+16	0	0	0.003131	0.06407	0	0
0	0	0	-0.139923	8.535462	-13.466733	8.535462	5437	-1.705522E-11	-5.863309E+10	5.824353E+16	0	0	-0.000521	0.063552	0	0
0	0	0	-0.139694	8.53549	-13.46649	8.53549	5438	-1.514168E-11	-6.604285E+10	5.824353E+16	0	0	0.013028	0.063186	0	0
0	0	0	-0.140495	8.535613	-13.467688	8.535613	5435	-1.017783E-11	-9.825275E+10	5.824353E+16	0	0	0.003191	0.062804	0	0
0	0	0	-0.139809	8.535301	-13.466339	8.535301	5437	-6.032965E-11	-1.65756E+10	5.824353E+16	0	0	0.000718	0.062334	0	0
0	0	0	-0.140642	8.535613	-13.467872	8.535613	5435	-1.017783E-11	-9.825275E+10	5.824353E+16	0	0	0.0183	0.061928	0	0
0	0	0	-0.141083	8.53549	-13.468235	8.53549	5433	-1.512776E-11	-6.610363E+10	5.824353E+16	0	0	0.02096	0.061466	0	0
0	0	0	-0.14172	8.535537	-13.46911	8.535537	5431	-1.273699E-11	-7.851149E+10	5.824353E+16	0	0	0.009639	0.061068	0	0
0	0	0	-0.14221	8.535537	-13.469726	8.535537	5429	-1.27323E-11	-7.854041E+10	5.824353E+16	0	0	-0.003101	0.060741	0	0
0	0	0	-0.142488	8.535707	-13.47034	8.535707	5428	-8.119508E-12	-1.231602E+11	5.824353E+16	0	0	0.008475	0.06024	0	0
0	0	0	-0.142602	8.535348	-13.469924	8.535348	5428	-3.449056E-11	-2.899344E+10	5.824353E+16	0	0	0.013709	0.059873	0	0
0	0	0	-0.14399	8.53531	-13.471611	8.53531	5423	-5.235946E-11	-1.909875E+10	5.824353E+16	0	0	0.015123	0.059387	0	0
0	0	0	-0.143582	8.535141	-13.470832	8.535141	5424	3.914972E-11	2.554296E+10	5.824353E+16	0	0	0.013873	0.059125	0	0
0	0	0	-0.14448	8.535622	-13.472713	8.535622	5421	-9.90219E-12	-1.009878E+11	5.824353E+16	0	0	0.01528	0.058734	0	0
0	0	0	-0.144954	8.535207	-13.47266	8.535207	5419	1.22082E-10	8.191219E+9	5.824353E+16	0	0	-0.000565	0.058336	0	0
0	0	0	-0.145787	8.53599	-13.474931	8.53599	5416	-5.052038E-12	-1.979399E+11	5.824353E+16	0	0	0.022174	0.057914	0	0
0	0	0	-0.145869	8.535726	-13.474621	8.535726	5416	-7.788151E-12	-1.284002E+11	5.824353E+16	0	0	0.003461	0.05762	0	0
0	0	0	-0.146196	8.535377	-13.474486	8.535377	5415	-2.738592E-11	-3.651511E+10	5.824353E+16	0	0	0.010265	0.057134	0	0
0	0	0	-0.147159	8.535716	-13.476229	8.535716	5411	-7.934432E-12	-1.26033E+11	5.824353E+16	0	0	0.004872	0.056791	0	0
0	0	0	-0.147094	8.535433	-13.475704	8.535433	5412	-1.94372E-11	-5.144774E+10	5.824353E+16	0	0	0.011767	0.056377	0	0
0	0	0	-0.148025	8.535433	-13.476875	8.535433	5408	-1.942283E-11	-5.148579E+10	5.824353E+16	0	0	-0.004739	0.055891	0	0
0	0	0	-0.148384	8.535886	-13.478034	8.535886	5407	-5.851213E-12	-1.709047E+11	5.824353E+16	0	0	0.010519	0.055668	0	0
0	0	0	-0.148695	8.535688	-13.478115	8.535688	5406	-8.42566E-12	-1.186851E+11	5.824353E+16	0	0	-0.003381	0.05543	0	0
0	0	0	-0.148891	8.535801	-13.478538	8.535801	5406	-6.73206E-12	-1.485429E+11	5.824353E+16	0	0	-0.006216	0.054992	0	0
0	0	0	-0.149038	8.535594	-13.478399	8.535594	5405	-1.065861E-11	-9.382086E+10	5.824353E+16	0	0	0.00364	0.054633	0	0
0	0	0	-0.149691	8.535603	-13.479235	8.535603	5403	-1.037935E-11	-9.634513E+10	5.824353E+16	0	0	0.005087	0.054251	0	0
0	0	0	-0.150149	8.535811	-13.480134	8.535811	5401	-6.615029E-12	-1.511709E+11	5.824353E+16	0	0	0.002255	0.053901	0	0
0	0	0	-0.150214	8.535782	-13.480172	8.535782	5401	-6.958964E-12	-1.436995E+11	5.824353E+16	0	0	0.008037	0.05351	0	0
0	0	0	-0.15059	8.535613	-13.480379	8.535613	5399	-1.011042E-11	-9.890789E+10	5.824353E+16	0	0	-0.002067	0.053168	0	0
0	0	0	-0.150753	8.535575	-13.480525	8.535575	5399	-1.124324E-11	-8.894236E+10	5.824353E+16	0	0	0.009622	0.052674	0	0
0	0	0	-0.151031	8.535556	-13.480845	8.535556	5398	-1.190829E-11	-8.397515E+10	5.824353E+16	0	0	0.01263	0.052316	0	0
0	0	0	-0.151635	8.535934	-13.482195	8.535934	5396	-5.443155E-12	-1.83717E+11	5.824353E+16	0	0	0.005296	0.051997	0	0
0	0	0	-0.15108	8.535726	-13.481172	8.535726	5398	-7.762267E-12	-1.288283E+11	5.824353E+16	0	0	0.00235	0.051607	0	0
0	0	0	-0.151929	8.535546	-13.48196	8.535546	5395	-1.226563E-11	-8.152861E+10	5.824353E+16	0	0	-0.011119	0.0514	0	0
0	0	0	-0.151733	8.535452	-13.481566	8.535452	5395	-1.766899E-11	-5.659632E+10	5.824353E+16	0	0	0.012938	0.050994	0	0
0	0	0	-0.151325	8.535575	-13.481244	8.535575	5397	-1.123907E-11	-8.897532E+10	5.824353E+16	0	0	-0.000646	0.050644	0	0
0	0	0	-0.1517	8.535622	-13.48179	8.535622	5395	-9.854697E-12	-1.014745E+11	5.824353E+16	0	0	0.002405	0.050349	0	0
0	0	0	-0.151749	8.535622	-13.481852	8.535622	5395	-9.854697E-12	-1.014745E+11	5.824353E+16	0	0	-0.002191	0.049983	0	0
0	0	0	-0.152043	8.53565	-13.482266	8.53565	5394	-9.176472E-12	-1.089743E+11	5.824353E+16	0	0	-0.006844	0.04968	0	0
0	0	0	-0.151521	8.535537	-13.481432	8.535537	5396	-1.265491E-11	-7.902074E+10	5.824353E+16	0	0	0.019513	0.049497	0	0
0	0	0	-0.1517	8.535452	-13.481525	8.535452	5395	-1.766899E-11	-5.659632E+10	5.824353E+16	0	0	0.014969	0.049115	0	0
0	0	0	-0.151406	8.535452	-13.481155	8.535452	5396	-1.767227E-11	-5.658583E+10	5.824353E+16	0	0	0.00405	0.048796	0	0
0	0	0	-0.151325	8.535509	-13.481141	8.535509	5397	-1.398031E-11	-7.152918E+10	5.824353E+16	0	0	-0.005425	0.048438	0	0
0	0	0	-0.151472	8.535782	-13.481753	8.535782	5396	-6.952522E-12	-1.438327E+11	5.824353E+16	0	0	0.016842	0.048159	0	0
0	0	0	-0.151178	8.535462	-13.480882	8.535462	5398	-1.693288E-11	-5.905671E+10	5.824353E+16	0	0	0.007345	0.047753	0	0
0	0	0	-0.151096	8.535405	-13.480691	8.535405	5398	-2.267284E-11	-4.410564E+10	5.824353E+16	0	0	0.000925	0.047617	0	0
0	0	0	-0.15121	8.535452	-13.480909	8.535452	5397	-1.767554E-11	-5.657534E+10	5.824353E+16	0	0	0.007409	0.047307	0	0
0	0	0	-0.150982	8.535556	-13.480783	8.535556	5398	-1.190829E-11	-8.397515E+10	5.824353E+16	0	0	0.004202	0.046933	0	0
0	0	0	-0.151194	8.535603	-13.481124	8.535603	5397	-1.036783E-11	-9.645224E+10	5.824353E+16	0	0	-0.000698	0.046638	0	0
0	0	0	-0.151472	8.535716	-13.48165	8.535716	5396	-7.912436E-12	-1.263833E+11	5.824353E+16	0	0	0.00756	0.046311	0	0
0	0	0	-0.151619	8.535528	-13.48154	8.535528	5396	-1.306712E-11	-7.652797E+10	5.824353E+16	0	0	0.005939	0.046057	0	0
0	0	0	-0.151766	8.535584	-13.481813	8.535584	5395	-1.092878E-11	-9.150153E+10	5.824353E+16	0	0	0.007649	0.045738	0	0
0	0	0	-0.152239	8.535452	-13.482203	8.535452	5394	-1.766572E-11	-5.660681E+10	5.824353E+16	0	0	0.02623	0.045396	0	0
0	0	0	-0.151374	8.535471	-13.481144	8.535471	5397	-1.624433E-11	-6.155995E+10	5.824353E+16	0	0	0.006052	0.045141	0	0
0	0	0	-0.15206	8.535698	-13.48236	8.535698	5394	-8.234329E-12	-1.214428E+11	5.824353E+16	0	0	0.01804	0.044782	0	0
0	0	0	-0.151847	8.535235	-13.481371	8.535235	5395	1.336954E-9	7.479689E+8	5.824353E+16	0	0	-0.010998	0.044615	0	0
0	0	0	-0.152403	8.535462	-13.482423	8.535462	5393	-1.691719E-11	-5.911146E+10	5.824353E+16	0	0	0.00617	0.044233	0	0
0	0	0	-0.153024	8.53532	-13.482982	8.53532	5391	-4.606768E-11	-2.170719E+10	5.824353E+16	0	0	0.014918	0.043867	0	0
0	0	0	-0.152697	8.535377	-13.48266	8.535377	5392	-2.72696E-11	-3.667087E+10	5.824353E+16	0	0	0.006237	0.043723	0	0
0	0	0	-0.153579	8.535584	-13.484093	8.535584	5389	-1.091662E-11	-9.160341E+10	5.824353E+16	0	0	0.001008	0.043492	0	0
0	0	0	-0.153922	8.535301	-13.484082	8.535301	5388	-5.978594E-11	-1.672634E+10	5.824353E+16	0	0	-0.018397	0.043198	0	0
0	0	0	-0.153693	8.535546	-13.484178	8.535546	5388	-1.224972E-11	-8.163453E+10	5.824353E+16	0	0	0.008123	0.042919	0	0
0	0	0	-0.154265	8.535528	-13.484867	8.535528	5387	-1.304532E-11	-7.665582E+10	5.824353E+16	0	0	0.029666	0.042561	0	0
0	0	0	-0.154837	8.535424	-13.485424	8.535424	5384	-2.031819E-11	-4.921698E+10	5.824353E+16	0	0	0.017214	0.042354	0	0
0	0	0	-0.155082	8.535537	-13.485908	8.535537	5384	-1.262676E-11	-7.919686E+10	5.824353E+16	0	0	-0.009831	0.042003	0	0
0	0	0	-0.15531	8.535575	-13.486255	8.535575	5383	-1.120992E-11	-8.920672E+10	5.824353E+16	0	0	0.004685	0.04182	0	0
0	0	0	-0.1558	8.535471	-13.486709	8.535471	5381	-1.619617E-11	-6.1743E+10	5.824353E+16	0	0	0.024857	0.041541	0	0
0	0	0	-0.156062	8.535443	-13.486993	8.535443	5380	-1.843184E-11	-5.425393E+10	5.824353E+16	0	0	0.030508	0.04131	0	0
0	0	0	-0.156699	8.535716	-13.488222	8.535716	5378	-7.886042E-12	-1.268063E+11	5.824353E+16	0	0	-0.002635	0.041111	0	0
0	0	0	-0.156405	8.535622	-13.487705	8.535622	5379	-9.825471E-12	-1.017763E+11	5.824353E+16	0	0	0.004797	0.040785	0	0
0	0	0	-0.156503	8.53549	-13.487621	8.53549	5379	-1.49774E-11	-6.676725E+10	5.824353E+16	0	0	0.016092	0.040474	0	0
0	0	0	-0.157271	8.535405	-13.488454	8.535405	5376	-2.258043E-11	-4.428613E+10	5.824353E+16	0	0	0.006741	0.040267	0	0
0	0	0	-0.157254	8.535782	-13.489023	8.535782	5376	-6.926753E-12	-1.443678E+11	5.824353E+16	0	0	0.02765	0.040012	0	0
0	0	0	-0.157303	8.53583	-13.489158	8.53583	5376	-6.37438E-12	-1.56878E+11	5.824353E+16	0	0	0.004922	0.039694	0	0
0	0	0	-0.157744	8.535631	-13.489403	8.535631	5374	-9.580934E-12	-1.04374E+11	5.824353E+16	0	0	-0.021928	0.039519	0	0
0	0	0	-0.157875	8.535839	-13.489892	8.535839	5374	-6.271977E-12	-1.594394E+11	5.824353E+16	0	0	0.016596	0.039176	0	0
0	0	0	-0.15812	8.535726	-13.490023	8.535726	5373	-7.726317E-12	-1.294278E+11	5.824353E+16	0	0	0.003058	0.039033	0	0
0	0	0	-0.158087	8.535735	-13.489997	8.535735	5373	-7.579708E-12	-1.319312E+11	5.824353E+16	0	0	0.001126	0.038682	0	0
0	0	0	-0.15794	8.535622	-13.489635	8.535622	5374	-9.816338E-12	-1.01871E+11	5.824353E+16	0	0	0.022775	0.038499	0	0
0	0	0	-0.157744	8.535518	-13.489226	8.535518	5374	-1.345202E-11	-7.433829E+10	5.824353E+16	0	0	-0.020664	0.038205	0	0
0	0	0	-0.157891	8.535556	-13.48947	8.535556	5374	-1.185534E-11	-8.435018E+10	5.824353E+16	0	0	0.023036	0.038037	0	0
0	0	0	-0.158332	8.535886	-13.490541	8.535886	5373	-5.814419E-12	-1.719862E+11	5.824353E+16	0	0	0.005155	0.037798	0	0
0	0	0	-0.157957	8.535358	-13.489243	8.535358	5374	-3.145866E-11	-3.178775E+10	5.824353E+16	0	0	0.017268	0.037568	0	0
0	0	0	-0.157973	8.535726	-13.489838	8.535726	5374	-7.727755E-12	-1.294037E+11	5.824353E+16	0	0	-0.002892	0.037265	0	0
0	0	0	-0.157303	8.535414	-13.48851	8.535414	5376	-2.137292E-11	-4.678817E+10	5.824353E+16	0	0	-0.004949	0.037042	0	0
0	0	0	-0.157581	8.535801	-13.489463	8.535801	5375	-6.693456E-12	-1.493997E+11	5.824353E+16	0	0	0.011469	0.036731	0	0
0	0	0	-0.157369	8.535471	-13.48868	8.535471	5376	-1.618112E-11	-6.180042E+10	5.824353E+16	0	0	0.030137	0.036532	0	0
0	0	0	-0.15794	8.535244	-13.489045	8.535244	5374	-5.707499E-10	-1.752081E+9	5.824353E+16	0	0	-0.009207	0.036293	0	0
0	0	0	-0.156927	8.535518	-13.4882	8.535518	5377	-1.345953E-11	-7.429681E+10	5.824353E+16	0	0	0.003298	0.036046	0	0
0	0	0	-0.157156	8.535471	-13.488413	8.535471	5376	-1.618112E-11	-6.180042E+10	5.824353E+16	0	0	0.013813	0.035919	0	0
0	0	0	-0.157124	8.535613	-13.488593	8.535613	5376	-1.006735E-11	-9.933104E+10	5.824353E+16	0	0	-0.003006	0.03576	0	0
0	0	0	-0.157091	8.535688	-13.48867	8.535688	5377	-8.380461E-12	-1.193252E+11	5.824353E+16	0	0	0.003355	0.035393	0	0
0	0	0	-0.157058	8.535414	-13.488202	8.535414	5377	-2.13769E-11	-4.677947E+10	5.824353E+16	0	0	0.016246	0.035147	0	0
0	0	0	-0.156878	8.535443	-13.48802	8.535443	5378	-1.842499E-11	-5.427411E+10	5.824353E+16	0	0	-0.013837	0.034987	0	0
0	0	0	-0.156862	8.535716	-13.488427	8.535716	5378	-7.886042E-12	-1.268063E+11	5.824353E+16	0	0	0.038053	0.034788	0	0
0	0	0	-0.157189	8.535339	-13.488248	8.535339	5376	-3.735268E-11	-2.677184E+10	5.824353E+16	0	0	0.00562	0.034502	0	0
0	0	0	-0.157336	8.535613	-13.48886	8.535613	5376	-1.006735E-11	-9.933104E+10	5.824353E+16	0	0	-0.000932	0.03431	0	0
0	0	0	-0.156503	8.535292	-13.487312	8.535292	5379	-7.015731E-11	-1.425368E+10	5.824353E+16	0	0	-0.011951	0.034151	0	0
0	0	0	-0.156862	8.535537	-13.488147	8.535537	5378	-1.261269E-11	-7.928522E+10	5.824353E+16	0	0	-0.005396	0.033801	0	0
0	0	0	-0.157058	8.535575	-13.488452	8.535575	5377	-1.119742E-11	-8.930627E+10	5.824353E+16	0	0	-0.009867	0.033713	0	0
0	0	0	-0.156552	8.535565	-13.487801	8.535565	5379	-1.15244E-11	-8.677241E+10	5.824353E+16	0	0	0.01026	0.033514	0	0
0	0	0	-0.157336	8.535405	-13.488536	8.535405	5376	-2.258043E-11	-4.428613E+10	5.824353E+16	0	0	-0.0077	0.033419	0	0
0	0	0	-0.156862	8.535518	-13.488117	8.535518	5378	-1.346203E-11	-7.428299E+10	5.824353E+16	0	0	0.005836	0.03314	0	0
0	0	0	-0.157058	8.535386	-13.488157	8.535386	5377	-2.546166E-11	-3.927474E+10	5.824353E+16	0	0	0.005868	0.032941	0	0
0	0	0	-0.157238	8.535509	-13.488575	8.535509	5376	-1.392591E-11	-7.180859E+10	5.824353E+16	0	0	0.017361	0.032742	0	0
0	0	0	-0.157679	8.53565	-13.489351	8.53565	5375	-9.144149E-12	-1.093596E+11	5.824353E+16	0	0	0.024407	0.032503	0	0
0	0	0	-0.158463	8.535131	-13.489525	8.535131	5372	3.534303E-11	2.829412E+10	5.824353E+16	0	0	0.010639	0.032248	0	0
0	0	0	-0.158071	8.535622	-13.489799	8.535622	5373	-9.814511E-12	-1.018899E+11	5.824353E+16	0	0	-0.003327	0.032105	0	0
0	0	0	-0.158561	8.535896	-13.490843	8.535896	5371	-5.728865E-12	-1.745546E+11	5.824353E+16	0	0	0.027208	0.031882	0	0
0	0	0	-0.158969	8.535546	-13.490811	8.535546	5370	-1.220879E-11	-8.190817E+10	5.824353E+16	0	0	0.010822	0.031667	0	0
0	0	0	-0.159443	8.535764	-13.491746	8.535764	5369	-7.166126E-12	-1.395454E+11	5.824353E+16	0	0	0.003753	0.031428	0	0
0	0	0	-0.16039	8.535631	-13.49273	8.535631	5365	-9.564889E-12	-1.04549E+11	5.824353E+16	0	0	-0.017752	0.031308	0	0
0	0	0	-0.159623	8.535707	-13.491883	8.535707	5368	-8.029756E-12	-1.245368E+11	5.824353E+16	0	0	0.03262	0.031141	0	0
0	0	0	-0.160194	8.535877	-13.492867	8.535877	5366	-5.892617E-12	-1.697039E+11	5.824353E+16	0	0	0.018346	0.030886	0	0
0	0	0	-0.160668	8.535735	-13.493241	8.535735	5364	-7.567012E-12	-1.321526E+11	5.824353E+16	0	0	0.0184	0.030783	0	0
0	0	0	-0.16057	8.535395	-13.492587	8.535395	5365	-2.388358E-11	-4.186976E+10	5.824353E+16	0	0	-0.001039	0.030584	0	0
0	0	0	-0.160799	8.535594	-13.493185	8.535594	5364	-1.057776E-11	-9.453798E+10	5.824353E+16	0	0	0.033393	0.030376	0	0
0	0	0	-0.161093	8.535603	-13.493569	8.535603	5363	-1.030251E-11	-9.706372E+10	5.824353E+16	0	0	0.013807	0.030161	0	0
0	0	0	-0.161942	8.535839	-13.495006	8.535839	5360	-6.255638E-12	-1.598558E+11	5.824353E+16	0	0	0.03874	0.030018	0	0
0	0	0	-0.161828	8.535811	-13.494818	8.535811	5360	-6.564813E-12	-1.523273E+11	5.824353E+16	0	0	0.039122	0.029716	0	0
0	0	0	-0.161452	8.535386	-13.493682	8.535386	5362	-2.539063E-11	-3.938461E+10	5.824353E+16	0	0	0.006504	0.02954	0	0
0	0	0	-0.162008	8.535462	-13.494498	8.535462	5359	-1.681054E-11	-5.948649E+10	5.824353E+16	0	0	-0.008681	0.029429	0	0
0	0	0	-0.161599	8.535584	-13.494176	8.535584	5361	-1.08599E-11	-9.208184E+10	5.824353E+16	0	0	0.032069	0.029238	0	0
0	0	0	-0.162269	8.53565	-13.495121	8.53565	5359	-9.116929E-12	-1.096861E+11	5.824353E+16	0	0	0.037431	0.029023	0	0
0	0	0	-0.161697	8.535707	-13.494491	8.535707	5361	-8.019285E-12	-1.246994E+11	5.824353E+16	0	0	-0.003678	0.028871	0	0
0	0	0	-0.16191	8.535641	-13.494655	8.535641	5360	-9.332181E-12	-1.071561E+11	5.824353E+16	0	0	0.037861	0.028672	0	0
0	0	0	-0.16173	8.535518	-13.494237	8.535518	5361	-1.341948E-11	-7.451855E+10	5.824353E+16	0	0	-0.006346	0.028449	0	0
0	0	0	-0.161567	8.535546	-13.494076	8.535546	5361	-1.218833E-11	-8.204568E+10	5.824353E+16	0	0	0.001508	0.028386	0	0
0	0	0	-0.161681	8.535877	-13.494736	8.535877	5361	-5.887127E-12	-1.698621E+11	5.824353E+16	0	0	-0.001125	0.028115	0	0
0	0	0	-0.161354	8.535546	-13.493809	8.535546	5362	-1.219061E-11	-8.203037E+10	5.824353E+16	0	0	0.006851	0.027956	0	0
0	0	0	-0.160913	8.535584	-13.493314	8.535584	5363	-1.086396E-11	-9.20475E+10	5.824353E+16	0	0	0.014924	0.027772	0	0
0	0	0	-0.16075	8.535641	-13.493197	8.535641	5364	-9.339146E-12	-1.070762E+11	5.824353E+16	0	0	0.006932	0.027605	0	0
0	0	0	-0.160913	8.535641	-13.493402	8.535641	5363	-9.337404E-12	-1.070961E+11	5.824353E+16	0	0	0	0	0	0
0	0	0	-0.160978	8.535443	-13.493175	8.535443	5363	-1.83736E-11	-5.442591E+10	5.824353E+16	0	0	0	0	0	0
0	0	0	-0.160145	8.535594	-13.492363	8.535594	5366	-1.05817E-11	-9.450275E+10	5.824353E+16	0	0	0	0	0	0
0	0	0	-0.160978	8.535745	-13.493646	8.535745	5363	-7.424715E-12	-1.346853E+11	5.824353E+16	0	0	0	0	0	0
0	0	0	-0.160717	8.535613	-13.493111	8.535613	5364	-1.004487E-11	-9.955326E+10	5.824353E+16	0	0	0	0	0	0
0	0	0	-0.160015	8.535858	-13.492612	8.535858	5366	-6.071997E-12	-1.646905E+11	5.824353E+16	0	0	0	0	0	0
0	0	0	-0.159819	8.535301	-13.491495	8.535301	5367	-5.955292E-11	-1.679179E+10	5.824353E+16	0	0	0	0	0	0
0	0	0	-0.160096	8.535471	-13.49211	8.535471	5366	-1.615102E-11	-6.191559E+10	5.824353E+16	0	0	0	0	0	0
0	0	0	-0.159492	8.535603	-13.491556	8.535603	5368	-1.031212E-11	-9.697331E+10	5.824353E+16	0	0	0	0	0	0
0	0	0	-0.159835	8.535471	-13.491781	8.535471	5367	-1.615403E-11	-6.190406E+10	5.824353E+16	0	0	0	0	0	0
