Vload_(V)	ILoad_(A)	RsLoad_(ohm)	SunsVoc_Voltage_(V)	SunsVoc_Current_(A)	Model_Voltage_(V)	Model_Current_(A)	Carrier_Density_(cm-3)	Lifetime_(s)	Inverse_Lifetime_(s-1)	(Carrier_Density+Doping)/qWni^2_(cm^2/C)	Carrier_Density_at_Vmp_(cm-3)	Lifetime_at_Vmp_(s)	Efficiency_(%)	Intensity_(suns)	Dark_IV_Voltage_(V)	Dark_IV_Current_(A)
4.580631	8.542397	0	37.611735	-0.525977	37.886734	-0.525977	2.306445E+14	1.785031E-5	56021.354096	5.932522E+16	1.18723E+13	1.309271E-5	13.43039	1.158294	0	0
4.620729	8.55036	-0.616684	37.493031	0.100972	37.440108	0.100972	2.13835E+14	1.77785E-5	56247.648932	5.924639E+16	0	0	13.414617	1.15569	0	0
4.664946	8.550884	-0.627759	37.373494	0.697282	37.007106	0.697282	1.981265E+14	1.772455E-5	56418.841524	5.917272E+16	0	0	13.447004	1.150896	0	0
5.00921	8.545664	-0.626814	37.256685	1.23623	36.605519	1.23623	1.838761E+14	1.766314E-5	56615.028974	5.910588E+16	0	0	13.435587	1.147615	0	0
6.667212	8.546494	-0.82475	37.141069	1.728469	36.228428	1.728469	1.707675E+14	1.758894E-5	56853.845206	5.904441E+16	0	0	13.437456	1.143881	0	0
9.449878	8.537507	1.387918	37.025403	2.182856	35.870071	2.182856	1.58577E+14	1.750034E-5	57141.717271	5.898723E+16	0	0	13.44867	1.137677	0	0
12.246022	8.535644	1.185664	36.912465	2.604284	35.53085	2.604284	1.475045E+14	1.743367E-5	57360.22877	5.893531E+16	0	0	13.447258	1.128368	0	0
14.945503	8.524803	1.201192	36.79907	2.99638	35.20571	2.99638	1.371566E+14	1.735672E-5	57614.54851	5.888677E+16	0	0	13.468257	1.119473	0	0
17.653101	8.511489	1.048499	36.685773	3.369038	34.890055	3.369038	1.275355E+14	1.730177E-5	57797.529403	5.884165E+16	0	0	13.482242	1.111214	0	0
20.358965	8.496505	0.837876	36.571496	3.713847	34.58733	3.713847	1.185083E+14	1.72252E-5	58054.455076	5.879932E+16	0	0	13.48827	1.101499	0	0
23.063491	8.482789	0.590096	36.45637	4.038105	34.293859	4.038105	1.100545E+14	1.7148E-5	58315.829201	5.875967E+16	0	0	13.522685	1.090796	0	0
23.787312	8.472654	0.548674	36.341831	4.333941	34.015439	4.333941	1.022376E+14	1.704982E-5	58651.622205	5.872301E+16	0	0	13.536998	1.080157	0	0
24.478004	8.450934	0.541967	36.235297	4.593011	33.764465	4.593011	9.546236E+13	1.696425E-5	58947.470533	5.869123E+16	0	0	13.550843	1.070545	0	0
25.186827	8.405567	0.561966	36.127766	4.833226	33.522001	4.833226	8.90758E+13	1.685446E-5	59331.452354	5.866128E+16	0	0	13.567188	1.060861	0	0
25.914602	8.345205	0.566246	36.02177	5.059119	33.288328	5.059119	8.319598E+13	1.676279E-5	59655.926445	5.863371E+16	0	0	13.580428	1.05015	0	0
26.627076	8.262953	0.568807	35.915007	5.272341	33.060177	5.272341	7.766346E+13	1.666839E-5	59993.790469	5.860776E+16	0	0	13.611616	1.039328	0	0
27.332975	8.15051	0.572652	35.808865	5.473724	32.838609	5.473724	7.252577E+13	1.658723E-5	60287.337386	5.858366E+16	0	0	13.63553	1.029007	0	0
28.050969	8.008772	0.572545	35.702134	5.662578	32.622761	5.662578	6.770044E+13	1.649903E-5	60609.614595	5.856103E+16	0	0	13.642564	1.018902	0	0
28.75054	7.82777	0.572769	35.596172	5.838305	32.41444	5.838305	6.322586E+13	1.640988E-5	60938.884961	5.854005E+16	0	0	13.65809	1.008573	0	0
29.377136	7.6174	0.569958	35.490633	6.001738	32.212878	6.001738	5.906184E+13	1.631521E-5	61292.508969	5.852052E+16	0	0	13.67125	0.998157	0	0
30.036015	7.355123	0.560747	35.383919	6.155899	32.014754	6.155899	5.512896E+13	1.621253E-5	61680.672184	5.850208E+16	0	0	13.689559	0.98782	0	0
30.660832	7.049394	0.553031	35.275702	6.29939	31.820516	6.29939	5.140697E+13	1.608509E-5	62169.371642	5.848462E+16	0	0	13.704506	0.978256	0	0
31.302726	6.680357	0.544582	35.171716	6.430805	31.637104	6.430805	4.806654E+13	1.597588E-5	62594.351998	5.846895E+16	0	0	13.720874	0.968206	0	0
31.968512	6.238501	0.535398	35.071046	6.550818	31.463225	6.550818	4.503881E+13	1.587163E-5	63005.510034	5.845475E+16	0	0	13.73178	0.958332	0	0
32.61787	5.734763	0.526738	34.971698	6.662231	31.295248	6.662231	4.223728E+13	1.576637E-5	63426.132596	5.844162E+16	0	0	13.749452	0.949102	0	0
33.244396	5.189621	0.520072	34.874311	6.76631	31.133188	6.76631	3.96597E+13	1.567174E-5	63809.125563	5.842953E+16	0	0	13.760438	0.940183	0	0
33.872742	4.582406	0.511958	34.776304	6.863836	30.973868	6.863836	3.722401E+13	1.556388E-5	64251.324965	5.84181E+16	0	0	13.770227	0.93128	0	0
34.468742	3.951276	0.505512	34.677691	6.957006	30.816105	6.957006	3.492382E+13	1.546029E-5	64681.85804	5.840732E+16	0	0	13.77717	0.922122	0	0
35.065759	3.256539	0.507877	34.578262	7.045294	30.659976	7.045294	3.27481E+13	1.535205E-5	65137.882435	5.839711E+16	0	0	13.786803	0.913346	0	0
35.634429	2.569817	0.508235	34.478458	7.12833	30.506176	7.12833	3.070012E+13	1.523709E-5	65629.323653	5.838751E+16	0	0	13.798298	0.904498	0	0
36.193957	1.845497	0.513344	34.378408	7.205995	30.354928	7.205995	2.877536E+13	1.511178E-5	66173.549777	5.837848E+16	0	0	13.809743	0.895635	0	0
36.663277	1.217679	0.513671	34.279388	7.279052	30.207198	7.279052	2.698898E+13	1.499328E-5	66696.566651	5.83701E+16	0	0	13.820243	0.886597	0	0
37.030793	0.703275	0.512357	34.181527	7.347162	30.063336	7.347162	2.533229E+13	1.487487E-5	67227.462508	5.836233E+16	0	0	13.82464	0.8781	0	0
28.46542	7.906336	0.573497	34.084434	7.411841	29.922085	7.411841	2.378892E+13	1.476776E-5	67715.079564	5.83551E+16	0	0	13.832866	0.869722	0	0
37.513424	0	0	33.987929	7.475614	29.781841	7.475614	2.234792E+13	1.470256E-5	68015.3537	5.834834E+16	0	0	13.840507	0.861727	0	0
0	0	0	33.892142	7.531664	29.646594	7.531664	2.100384E+13	1.458459E-5	68565.525275	5.834203E+16	0	0	13.8456	0.853811	0	0
0	0	0	33.795539	7.585511	29.511588	7.585511	1.973003E+13	1.447103E-5	69103.562953	5.833606E+16	0	0	13.853005	0.845808	0	0
0	0	0	33.698577	7.635956	29.378004	7.635956	1.852904E+13	1.434648E-5	69703.504193	5.833043E+16	0	0	13.857549	0.838218	0	0
0	0	0	33.602317	7.682339	29.247376	7.682339	1.740897E+13	1.420619E-5	70391.86613	5.832517E+16	0	0	13.85753	0.830653	0	0
0	0	0	33.505616	7.725757	29.117856	7.725757	1.635185E+13	1.405297E-5	71159.323325	5.832022E+16	0	0	13.858212	0.823072	0	0
0	0	0	33.408343	7.766277	28.989273	7.766277	1.535316E+13	1.388355E-5	72027.681435	5.831553E+16	0	0	13.86053	0.815642	0	0
0	0	0	33.308833	7.804457	28.859506	7.804457	1.43945E+13	1.369013E-5	73045.328398	5.831104E+16	0	0	13.864119	0.808284	0	0
0	0	0	33.208228	7.841712	28.728996	7.841712	1.348607E+13	1.35081E-5	74029.632705	5.830678E+16	0	0	13.867468	0.80091	0	0
0	0	0	33.106495	7.876683	28.598486	7.876683	1.262568E+13	1.331065E-5	75127.832124	5.830274E+16	0	0	13.866072	0.793551	0	0
0	0	0	33.001823	7.908944	28.466257	7.908944	1.179764E+13	1.307111E-5	76504.592872	5.829886E+16	0	0	13.867745	0.786185	0	0
0	0	0	32.897445	7.939652	28.335165	7.939652	1.102595E+13	1.283851E-5	77890.673379	5.829524E+16	0	0	13.868845	0.778843	0	0
0	0	0	32.792184	7.968988	28.203833	7.968988	1.029881E+13	1.260533E-5	79331.536787	5.829183E+16	0	0	13.865756	0.771843	0	0
0	0	0	32.688868	7.996638	28.075521	7.996638	9.63171E+12	1.238609E-5	80735.697568	5.82887E+16	0	0	13.866847	0.764716	0	0
0	0	0	32.586237	8.023022	27.948625	8.023022	9.011799E+12	1.217762E-5	82117.876573	5.828579E+16	0	0	13.866046	0.757708	0	0
0	0	0	32.485355	8.04749	27.82468	8.04749	8.441318E+12	1.197068E-5	83537.466193	5.828312E+16	0	0	13.865477	0.750819	0	0
0	0	0	32.382789	8.070756	27.699548	8.070756	7.898308E+12	1.175316E-5	85083.482628	5.828057E+16	0	0	13.859913	0.744042	0	0
0	0	0	32.28354	8.093231	27.578434	8.093231	7.406112E+12	1.157219E-5	86414.072618	5.827826E+16	0	0	13.858511	0.73717	0	0
0	0	0	32.185467	8.114193	27.459433	8.114193	6.949868E+12	1.139088E-5	87789.518995	5.827612E+16	0	0	13.851963	0.730409	0	0
0	0	0	32.088096	8.133877	27.341898	8.133877	6.524686E+12	1.120928E-5	89211.768386	5.827413E+16	0	0	13.849476	0.723513	0	0
0	0	0	31.992669	8.153094	27.226711	8.153094	6.133229E+12	1.105689E-5	90441.378458	5.827229E+16	0	0	13.836865	0.716847	0	0
0	0	0	31.896769	8.170936	27.111773	8.170936	5.763476E+12	1.088937E-5	91832.694121	5.827056E+16	0	0	13.828403	0.710229	0	0
0	0	0	31.803204	8.187701	26.999975	8.187701	5.424214E+12	1.073279E-5	93172.409299	5.826897E+16	0	0	13.825711	0.703524	0	0
0	0	0	31.715765	8.203718	26.89526	8.203718	5.125231E+12	1.062079E-5	94154.955384	5.826756E+16	0	0	13.822896	0.696907	0	0
0	0	0	31.624634	8.219046	26.786895	8.219046	4.831142E+12	1.048595E-5	95365.674187	5.826619E+16	0	0	13.811234	0.69048	0	0
0	0	0	31.531396	8.234022	26.676409	8.234022	4.547704E+12	1.035012E-5	96617.21386	5.826486E+16	0	0	13.800344	0.684006	0	0
0	0	0	31.439105	8.247814	26.567625	8.247814	4.283521E+12	1.020527E-5	97988.558359	5.826362E+16	0	0	13.796265	0.677563	0	0
0	0	0	31.349036	8.260461	26.461913	8.260461	4.040496E+12	1.00581E-5	99422.359502	5.826248E+16	0	0	13.784824	0.671264	0	0
0	0	0	31.260045	8.273048	26.357388	8.273048	3.81392E+12	9.937739E-6	100626.510142	5.826141E+16	0	0	13.775831	0.664822	0	0
0	0	0	31.170939	8.285112	26.253024	8.285112	3.599779E+12	9.819574E-6	101837.408733	5.826041E+16	0	0	13.767074	0.658403	0	0
0	0	0	31.082618	8.296455	26.149921	8.296455	3.399386E+12	9.700622E-6	103086.175914	5.825947E+16	0	0	13.761086	0.652056	0	0
0	0	0	30.995309	8.307296	26.048199	8.307296	3.212255E+12	9.589314E-6	104282.744454	5.825859E+16	0	0	13.748152	0.645797	0	0
0	0	0	30.907641	8.317691	25.946331	8.317691	3.034715E+12	9.478411E-6	105502.913706	5.825776E+16	0	0	13.739901	0.639203	0	0
0	0	0	30.82079	8.32679	25.846108	8.32679	2.868505E+12	9.33738E-6	107096.419025	5.825698E+16	0	0	13.735383	0.632641	0	0
0	0	0	30.733988	8.336152	25.745765	8.336152	2.711482E+12	9.226884E-6	108378.949965	5.825624E+16	0	0	13.723765	0.626509	0	0
0	0	0	30.647577	8.344946	25.646171	8.344946	2.563704E+12	9.112545E-6	109738.828063	5.825555E+16	0	0	13.710881	0.620314	0	0
0	0	0	30.559975	8.353427	25.545447	8.353427	2.422105E+12	8.995654E-6	111164.788127	5.825489E+16	0	0	13.691386	0.614357	0	0
0	0	0	30.473614	8.361323	25.446414	8.361323	2.290169E+12	8.876511E-6	112656.874836	5.825427E+16	0	0	13.677872	0.608623	0	0
0	0	0	30.387644	8.369605	25.347562	8.369605	2.165969E+12	8.797506E-6	113668.573904	5.825369E+16	0	0	13.668845	0.603121	0	0
0	0	0	30.302149	8.376496	25.25005	8.376496	2.049133E+12	8.66867E-6	115357.943862	5.825314E+16	0	0	13.655448	0.59761	0	0
0	0	0	30.216555	8.383745	25.152202	8.383745	1.938475E+12	8.575246E-6	116614.724525	5.825262E+16	0	0	13.641167	0.592131	0	0
0	0	0	30.130374	8.390191	25.054184	8.390191	1.833092E+12	8.452457E-6	118308.797033	5.825213E+16	0	0	13.626638	0.586796	0	0
0	0	0	30.044552	8.396408	24.956685	8.396408	1.733842E+12	8.335304E-6	119971.633947	5.825166E+16	0	0	13.614465	0.58154	0	0
0	0	0	29.958664	8.402928	24.858919	8.402928	1.639896E+12	8.252192E-6	121179.930243	5.825122E+16	0	0	13.59314	0.576276	0	0
0	0	0	29.871339	8.408634	24.760065	8.408634	1.549593E+12	8.130436E-6	122994.6342	5.82508E+16	0	0	13.579463	0.570988	0	0
0	0	0	29.784831	8.414198	24.662179	8.414198	1.465039E+12	8.020394E-6	124682.156597	5.82504E+16	0	0	13.565985	0.565645	0	0
0	0	0	29.697473	8.419903	24.563269	8.419903	1.384335E+12	7.93152E-6	126079.241929	5.825002E+16	0	0	13.541634	0.560428	0	0
0	0	0	29.608613	8.425069	24.463035	8.425069	1.306802E+12	7.816951E-6	127927.118095	5.824966E+16	0	0	13.518121	0.555157	0	0
0	0	0	29.518201	8.4298	24.361361	8.4298	1.232369E+12	7.681485E-6	130183.164921	5.824931E+16	0	0	13.495851	0.549765	0	0
0	0	0	29.428556	8.434654	24.260441	8.434654	1.162755E+12	7.574077E-6	132029.283244	5.824898E+16	0	0	13.474882	0.544621	0	0
0	0	0	29.338291	8.438893	24.159211	8.438893	1.096631E+12	7.435943E-6	134481.92971	5.824867E+16	0	0	13.446045	0.539532	0	0
0	0	0	29.246066	8.443066	24.055872	8.443066	1.032953E+12	7.29837E-6	137016.897785	5.824837E+16	0	0	13.417901	0.534603	0	0
0	0	0	29.153824	8.447238	23.952506	8.447238	9.729621E+11	7.175941E-6	139354.554008	5.824809E+16	0	0	13.396971	0.529721	0	0
0	0	0	29.059067	8.450996	23.846639	8.450996	9.149608E+11	7.025554E-6	142337.536361	5.824782E+16	0	0	13.380373	0.524752	0	0
0	0	0	28.96578	8.455102	23.742155	8.455102	8.612377E+11	6.924129E-6	144422.502903	5.824757E+16	0	0	13.35343	0.52007	0	0
0	0	0	28.871594	8.45816	23.63733	8.45816	8.101966E+11	6.750191E-6	148143.949593	5.824733E+16	0	0	13.333142	0.515236	0	0
0	0	0	28.777343	8.46149	23.532257	8.46149	7.621479E+11	6.61128E-6	151256.630592	5.82471E+16	0	0	13.304741	0.510705	0	0
0	0	0	28.6811	8.465095	23.42483	8.465095	7.160225E+11	6.500815E-6	153826.857255	5.824689E+16	0	0	13.284204	0.506173	0	0
0	0	0	28.584856	8.468199	23.317706	8.468199	6.726884E+11	6.362892E-6	157161.234944	5.824668E+16	0	0	13.255376	0.501706	0	0
0	0	0	28.48938	8.470973	23.211621	8.470973	6.322915E+11	6.213025E-6	160952.190469	5.824649E+16	0	0	13.231684	0.497238	0	0
0	0	0	28.394165	8.474322	23.105456	8.474322	5.944213E+11	6.128295E-6	163177.523204	5.824632E+16	0	0	13.202846	0.492834	0	0
0	0	0	28.299212	8.476377	23.00038	8.476377	5.589139E+11	5.94155E-6	168306.245037	5.824615E+16	0	0	13.176592	0.488534	0	0
0	0	0	28.20439	8.47914	22.894998	8.47914	5.25572E+11	5.831122E-6	171493.569303	5.824599E+16	0	0	13.149494	0.484154	0	0
0	0	0	28.109224	8.481874	22.789254	8.481874	4.94109E+11	5.729749E-6	174527.703801	5.824585E+16	0	0	13.119934	0.479942	0	0
0	0	0	28.013062	8.484344	22.68258	8.484344	4.642293E+11	5.612306E-6	178179.87329	5.824571E+16	0	0	13.091193	0.475856	0	0
0	0	0	27.921653	8.486587	22.581242	8.486587	4.375034E+11	5.501712E-6	181761.609702	5.824558E+16	0	0	13.055535	0.471628	0	0
0	0	0	27.828791	8.489075	22.478154	8.489075	4.119274E+11	5.421761E-6	184441.903287	5.824546E+16	0	0	13.021804	0.467622	0	0
0	0	0	27.731518	8.491127	22.370515	8.491127	3.867385E+11	5.29405E-6	188891.29787	5.824534E+16	0	0	12.999748	0.463449	0	0
0	0	0	27.636581	8.493086	22.265484	8.493086	3.636404E+11	5.175581E-6	193215.021011	5.824523E+16	0	0	12.97426	0.459523	0	0
0	0	0	27.542968	8.494723	22.1621	8.494723	3.422154E+11	5.037931E-6	198494.195638	5.824513E+16	0	0	12.944207	0.455406	0	0
0	0	0	27.449125	8.497164	22.057953	8.497164	3.220049E+11	4.996119E-6	200155.376085	5.824504E+16	0	0	12.915596	0.451647	0	0
0	0	0	27.354466	8.498876	21.95337	8.498876	3.028274E+11	4.88343E-6	204774.117923	5.824495E+16	0	0	12.889621	0.447769	0	0
0	0	0	27.260623	8.501013	21.849406	8.501013	2.849431E+11	4.832338E-6	206939.153486	5.824486E+16	0	0	12.85578	0.443859	0	0
0	0	0	27.165752	8.502735	21.744578	8.502735	2.67936E+11	4.741136E-6	210919.893719	5.824478E+16	0	0	12.820144	0.440068	0	0
0	0	0	27.070439	8.504418	21.639288	8.504418	2.518718E+11	4.654448E-6	214848.240248	5.824471E+16	0	0	12.781799	0.436278	0	0
0	0	0	26.974686	8.505932	21.533621	8.505932	2.367031E+11	4.555668E-6	219506.762215	5.824464E+16	0	0	12.750472	0.432662	0	0
0	0	0	26.878752	8.507747	21.427561	8.507747	2.224219E+11	4.505123E-6	221969.499042	5.824457E+16	0	0	12.710835	0.428967	0	0
0	0	0	26.780892	8.509034	21.319729	8.509034	2.087413E+11	4.391058E-6	227735.56507	5.824451E+16	0	0	12.679509	0.425201	0	0
0	0	0	26.684338	8.510103	21.213463	8.510103	1.960681E+11	4.26101E-6	234686.142104	5.824445E+16	0	0	12.644477	0.421705	0	0
0	0	0	26.586673	8.511427	21.105816	8.511427	1.840318E+11	4.170427E-6	239783.610369	5.824439E+16	0	0	12.607174	0.418049	0	0
0	0	0	26.488926	8.512354	20.998333	8.512354	1.727252E+11	4.034998E-6	247831.588107	5.824434E+16	0	0	12.567523	0.414474	0	0
0	0	0	26.389269	8.513669	20.888507	8.513669	1.619124E+11	3.955474E-6	252814.232808	5.824429E+16	0	0	12.533962	0.41089	0	0
0	0	0	26.28984	8.514766	20.77907	8.514766	1.517989E+11	3.855653E-6	259359.409471	5.824424E+16	0	0	12.501682	0.407235	0	0
0	0	0	26.190133	8.516061	20.669198	8.516061	1.422916E+11	3.791953E-6	263716.343847	5.82442E+16	0	0	12.459662	0.403699	0	0
0	0	0	26.089397	8.517177	20.558314	8.517177	1.332907E+11	3.709245E-6	269596.655287	5.824415E+16	0	0	12.421671	0.400164	0	0
0	0	0	25.987012	8.518236	20.44566	8.518236	1.247256E+11	3.623031E-6	276011.981449	5.824411E+16	0	0	12.383506	0.396715	0	0
0	0	0	25.883091	8.51938	20.33127	8.51938	1.165947E+11	3.555185E-6	281279.277789	5.824407E+16	0	0	12.344896	0.393219	0	0
0	0	0	25.776638	8.520373	20.214207	8.520373	1.088149E+11	3.46755E-6	288388.024821	5.824404E+16	0	0	12.305752	0.3897	0	0
0	0	0	25.66945	8.521394	20.096319	8.521394	1.015059E+11	3.391913E-6	294818.898804	5.8244E+16	0	0	12.261635	0.386299	0	0
0	0	0	25.561756	8.522227	19.977999	8.522227	9.46567E+10	3.293547E-6	303624.028148	5.824397E+16	0	0	12.22105	0.382883	0	0
0	0	0	25.451432	8.523087	19.856782	8.523087	8.811919E+10	3.202709E-6	312235.684429	5.824394E+16	0	0	12.175419	0.379435	0	0
0	0	0	25.340667	8.524023	19.735031	8.524023	8.200974E+10	3.132508E-6	319233.044958	5.824391E+16	0	0	12.127282	0.37613	0	0
0	0	0	25.22688	8.524808	19.610073	8.524808	7.617439E+10	3.03945E-6	329006.857042	5.824389E+16	0	0	12.096315	0.372801	0	0
0	0	0	25.112717	8.5253	19.484895	8.5253	7.0737E+10	2.903702E-6	344388.013106	5.824386E+16	0	0	12.048242	0.369528	0	0
0	0	0	24.995892	8.526038	19.356642	8.526038	6.557438E+10	2.813137E-6	355475.090512	5.824384E+16	0	0	12.008506	0.366231	0	0
0	0	0	24.877482	8.526709	19.226697	8.526709	6.07261E+10	2.716639E-6	368101.926106	5.824381E+16	0	0	11.97483	0.36295	0	0
0	0	0	24.756622	8.527106	19.094253	8.527106	5.614696E+10	2.577069E-6	388037.694303	5.824379E+16	0	0	11.931456	0.359821	0	0
0	0	0	24.636154	8.527683	18.962118	8.527683	5.192633E+10	2.476791E-6	403748.310713	5.824377E+16	0	0	11.878513	0.356747	0	0
0	0	0	24.513301	8.528468	18.827234	8.528468	4.794872E+10	2.415913E-6	413922.189895	5.824375E+16	0	0	11.828386	0.353601	0	0
0	0	0	24.388227	8.528998	18.690088	8.528998	4.421205E+10	2.315683E-6	431838.032442	5.824374E+16	0	0	11.787681	0.350551	0	0
0	0	0	24.262924	8.529886	18.552451	8.529886	4.076052E+10	2.286536E-6	437342.83082	5.824372E+16	0	0	11.731288	0.347549	0	0
0	0	0	24.136085	8.530038	18.413626	8.530038	3.754104E+10	2.131763E-6	469095.203464	5.82437E+16	0	0	11.681508	0.344523	0	0
0	0	0	24.00665	8.530558	18.271713	8.530558	3.451765E+10	2.046179E-6	488715.804618	5.824369E+16	0	0	11.640875	0.341544	0	0
0	0	0	23.874062	8.531276	18.126217	8.531276	3.16729E+10	1.998843E-6	500289.349157	5.824368E+16	0	0	11.600565	0.338478	0	0
0	0	0	23.741947	8.531721	17.981421	8.531721	2.907154E+10	1.91105E-6	523272.474639	5.824366E+16	0	0	11.548172	0.335612	0	0
0	0	0	23.608019	8.532156	17.834648	8.532156	2.665246E+10	1.826443E-6	547512.288885	5.824365E+16	0	0	11.511991	0.332633	0	0
0	0	0	23.473095	8.532685	17.686719	8.532685	2.441889E+10	1.7646E-6	566700.52449	5.824364E+16	0	0	11.456219	0.329942	0	0
0	0	0	23.335721	8.533177	17.536135	8.533177	2.233697E+10	1.700214E-6	588161.189529	5.824363E+16	0	0	11.400276	0.327099	0	0
0	0	0	23.196746	8.533583	17.383857	8.533583	2.041134E+10	1.625303E-6	615269.892574	5.824362E+16	0	0	11.345564	0.324327	0	0
0	0	0	23.053834	8.53416	17.227155	8.53416	1.860415E+10	1.585097E-6	630876.270177	5.824362E+16	0	0	11.296649	0.321588	0	0
0	0	0	22.907606	8.534368	17.067077	8.534368	1.692052E+10	1.479016E-6	676125.101806	5.824361E+16	0	0	11.240654	0.318785	0	0
0	0	0	22.760415	8.534803	16.905788	8.534803	1.537965E+10	1.421305E-6	703578.756185	5.82436E+16	0	0	11.191739	0.316037	0	0
0	0	0	22.609908	8.535096	16.740969	8.535096	1.394905E+10	1.340849E-6	745796.032699	5.824359E+16	0	0	11.14673	0.313465	0	0
0	0	0	22.455954	8.53538	16.572386	8.53538	1.262328E+10	1.262455E-6	792107.286577	5.824359E+16	0	0	11.095632	0.310726	0	0
0	0	0	22.299011	8.535843	16.400408	8.535843	1.140138E+10	1.220826E-6	819117.837799	5.824358E+16	0	0	11.038485	0.308217	0	0
0	0	0	22.13916	8.53606	16.225418	8.53606	1.027835E+10	1.138349E-6	878465.555393	5.824358E+16	0	0	10.988522	0.305685	0	0
0	0	0	21.973363	8.536665	16.043656	8.536665	9.230271E+9	1.130144E-6	884842.761533	5.824357E+16	0	0	10.929918	0.303081	0	0
0	0	0	21.807991	8.536618	15.862809	8.536618	8.291348E+9	1.006913E-6	993134.067875	5.824357E+16	0	0	10.871881	0.300517	0	0
0	0	0	21.638226	8.53711	15.676781	8.53711	7.426734E+9	9.85741E-7	1014465.276502	5.824356E+16	0	0	10.816344	0.297976	0	0
0	0	0	21.46387	8.537176	15.486028	8.537176	6.632503E+9	8.914975E-7	1121708.145732	5.824356E+16	0	0	10.760912	0.295476	0	0
0	0	0	21.286133	8.537601	15.291325	8.537601	5.910232E+9	8.648597E-7	1156256.899586	5.824356E+16	0	0	10.712127	0.292888	0	0
0	0	0	21.103348	8.537686	15.091338	8.537686	5.249399E+9	7.82044E-7	1278700.358812	5.824355E+16	0	0	10.662313	0.290435	0	0
0	0	0	20.917182	8.537856	14.887593	8.537856	4.652239E+9	7.190566E-7	1390711.081205	5.824355E+16	0	0	10.595408	0.288141	0	0
0	0	0	20.727668	8.538423	14.679903	8.538423	4.114064E+9	7.266066E-7	1376260.559009	5.824355E+16	0	0	10.520605	0.285776	0	0
0	0	0	20.534788	8.538509	14.468873	8.538509	3.630213E+9	6.551877E-7	1526280.217371	5.824355E+16	0	0	10.464796	0.283411	0	0
0	0	0	20.340619	8.538783	14.256297	8.538783	3.200587E+9	6.214507E-7	1609138.215939	5.824354E+16	0	0	10.399935	0.280974	0	0
0	0	0	20.137595	8.539019	14.034062	8.539019	2.805647E+9	5.828695E-7	1715649.94792	5.824354E+16	0	0	10.336265	0.278641	0	0
0	0	0	19.935242	8.539312	13.812518	8.539312	2.460509E+9	5.597069E-7	1786649.5173	5.824354E+16	0	0	10.291315	0.276268	0	0
0	0	0	19.728805	8.539312	13.586717	8.539312	2.15212E+9	4.895672E-7	2042620.435694	5.824354E+16	0	0	10.234848	0.273998	0	0
0	0	0	19.519264	8.539378	13.357473	8.539378	1.878597E+9	4.367167E-7	2289814.021102	5.824354E+16	0	0	10.170096	0.27184	0	0
0	0	0	19.305672	8.539652	13.123648	8.539652	1.635534E+9	4.181723E-7	2391358.946901	5.824354E+16	0	0	10.115549	0.269491	0	0
0	0	0	19.089255	8.540134	12.886579	8.540134	1.421312E+9	4.407854E-7	2268677.5709	5.824353E+16	0	0	10.050069	0.267221	0	0
0	0	0	18.871563	8.53987	12.648659	8.53987	1.234128E+9	3.426826E-7	2918152.507254	5.824353E+16	0	0	9.967486	0.265095	0	0
0	0	0	18.650065	8.540248	12.406107	8.540248	1.068953E+9	3.490091E-7	2865254.621168	5.824353E+16	0	0	9.911347	0.262889	0	0
0	0	0	18.427	8.540418	12.16199	8.540418	9.249442E+8	3.279421E-7	3049318.998426	5.824353E+16	0	0	9.855162	0.260723	0	0
0	0	0	18.198135	8.540257	11.911773	8.540257	7.97331E+8	2.614835E-7	3824333.173023	5.824353E+16	0	0	9.794256	0.258589	0	0
0	0	0	17.969205	8.540645	11.661081	8.540645	6.872953E+8	2.752193E-7	3633465.544873	5.824353E+16	0	0	9.742977	0.256455	0	0
0	0	0	17.739802	8.540531	11.41024	8.540531	5.922631E+8	2.22758E-7	4489175.731219	5.824353E+16	0	0	9.663802	0.254464	0	0
0	0	0	17.50834	8.540701	11.156937	8.540701	5.0969E+8	2.109278E-7	4740959.181486	5.824353E+16	0	0	9.586744	0.252377	0	0
0	0	0	17.274215	8.540522	10.900982	8.540522	4.378722E+8	1.638637E-7	6102631.565751	5.824353E+16	0	0	9.524409	0.250307	0	0
0	0	0	17.040336	8.541212	10.644645	8.541212	3.762338E+8	2.227023E-7	4490299.167772	5.824353E+16	0	0	9.449958	0.248204	0	0
0	0	0	16.806996	8.54106	10.389526	8.54106	3.233851E+8	1.697759E-7	5890118.530839	5.824353E+16	0	0	9.402533	0.24619	0	0
0	0	0	16.575746	8.541164	10.136502	8.541164	2.783372E+8	1.584456E-7	6311312.693396	5.824353E+16	0	0	9.335128	0.244302	0	0
0	0	0	16.33664	8.540975	9.875105	8.540975	2.383466E+8	1.176496E-7	8499813.053152	5.824353E+16	0	0	9.256927	0.242391	0	0
0	0	0	16.101601	8.54107	9.617943	8.54107	2.04641E+8	1.082032E-7	9241868.874115	5.824353E+16	0	0	9.190751	0.2404	0	0
0	0	0	15.864945	8.54107	9.359084	8.54107	1.755176E+8	9.280494E-8	1.077529E+7	5.824353E+16	0	0	9.11438	0.238465	0	0
0	0	0	15.627831	8.541146	9.099667	8.541146	1.504942E+8	8.437931E-8	1.185125E+7	5.824353E+16	0	0	9.05542	0.236562	0	0
0	0	0	15.389313	8.541363	8.838603	8.541363	1.289209E+8	8.746904E-8	1.143262E+7	5.824353E+16	0	0	8.990174	0.234746	0	0
0	0	0	15.152575	8.541467	8.579574	8.541467	1.105677E+8	8.339632E-8	1.199094E+7	5.824353E+16	0	0	8.903654	0.232931	0	0
0	0	0	14.915886	8.541448	8.320692	8.541448	9.483031E+7	7.0103E-8	1.426472E+7	5.824353E+16	0	0	8.829105	0.231075	0	0
0	0	0	14.678903	8.541646	8.061321	8.541646	8.131734E+7	7.599645E-8	1.315851E+7	5.824353E+16	0	0	8.754661	0.229235	0	0
0	0	0	14.44014	8.541684	7.800126	8.541684	6.964943E+7	6.854173E-8	1.458965E+7	5.824353E+16	0	0	8.676664	0.227444	0	0
0	0	0	14.203418	8.541495	7.541341	8.541495	5.973477E+7	4.647167E-8	2.151849E+7	5.824353E+16	0	0	8.61612	0.225636	0	0
0	0	0	13.967808	8.541533	7.283594	8.541533	5.12684E+7	4.162919E-8	2.40216E+7	5.824353E+16	0	0	8.538752	0.223773	0	0
0	0	0	13.73218	8.542005	7.025489	8.542005	4.400152E+7	7.879461E-8	1.269122E+7	5.824353E+16	0	0	8.459411	0.222036	0	0
0	0	0	13.494528	8.54175	6.765738	8.54175	3.771508E+7	4.090966E-8	2.444411E+7	5.824353E+16	0	0	8.381197	0.220229	0	0
0	0	0	13.259472	8.541741	6.508635	8.541741	3.238128E+7	3.461864E-8	2.888617E+7	5.824353E+16	0	0	8.310481	0.218517	0	0
0	0	0	13.026687	8.541835	6.253934	8.541835	2.784279E+7	3.477103E-8	2.875958E+7	5.824353E+16	0	0	8.240465	0.216844	0	0
0	0	0	12.794964	8.541816	6.000483	8.541816	2.395689E+7	2.894499E-8	3.454829E+7	5.824353E+16	0	0	8.154726	0.215076	0	0
0	0	0	12.558962	8.541939	5.742239	8.541939	2.055619E+7	3.149607E-8	3.174999E+7	5.824353E+16	0	0	8.074788	0.213468	0	0
0	0	0	12.326079	8.541883	5.48755	8.541883	1.767395E+7	2.409763E-8	4.149786E+7	5.824353E+16	0	0	8.009443	0.211668	0	0
0	0	0	12.094437	8.54175	5.23428	8.54175	1.520808E+7	1.649643E-8	6.061919E+7	5.824353E+16	0	0	7.939535	0.210004	0	0
0	0	0	11.86211	8.541694	4.980199	8.541694	1.308043E+7	1.304554E-8	7.665454E+7	5.824353E+16	0	0	7.84883	0.208315	0	0
0	0	0	11.629929	8.541788	4.726157	8.541788	1.125152E+7	1.296181E-8	7.71497E+7	5.824353E+16	0	0	7.764896	0.206723	0	0
0	0	0	11.399954	8.542043	4.474397	8.542043	9692174	1.92088E-8	5.205947E+7	5.824353E+16	0	0	7.69003	0.205082	0	0
0	0	0	11.171073	8.542071	4.224017	8.542071	8354871	1.799912E-8	5.555826E+7	5.824353E+16	0	0	7.612697	0.203497	0	0
0	0	0	10.943041	8.54192	3.974712	8.54192	7206055	1.060372E-8	9.430649E+7	5.824353E+16	0	0	7.516546	0.202	0	0
0	0	0	10.713556	8.5421	3.723548	8.5421	6209346	1.465179E-8	6.825105E+7	5.824353E+16	0	0	7.425202	0.200264	0	0
0	0	0	10.487599	8.542374	3.476164	8.542374	5362757	1.606165E-7	6226011.309991	5.824353E+16	0	0	7.349431	0.198711	0	0
0	0	0	10.26223	8.542232	3.229764	8.542232	4633360	1.968943E-8	5.078866E+7	5.824353E+16	0	0	7.252182	0.197111	0	0
0	0	0	10.037008	8.54209	2.983526	8.54209	4003551	9.156086E-9	1.09217E+8	5.824353E+16	0	0	7.155297	0.195606	0	0
0	0	0	9.812015	8.542223	2.737312	8.542223	3459865	1.390711E-8	7.190567E+7	5.824353E+16	0	0	7.048943	0.194101	0	0
0	0	0	9.588312	8.542279	2.492571	8.542279	2992516	1.781152E-8	5.614345E+7	5.824353E+16	0	0	6.9683	0.192611	0	0
0	0	0	9.366259	8.542081	2.249847	8.542081	2591067	5.748762E-9	1.739505E+8	5.824353E+16	0	0	6.872071	0.191027	0	0
0	0	0	9.14481	8.542223	2.007501	8.542223	2244352	9.021309E-9	1.108487E+8	5.824353E+16	0	0	6.779939	0.18949	0	0
0	0	0	8.921745	8.542232	1.763497	8.542232	1941993	8.252526E-9	1.21175E+8	5.824353E+16	0	0	6.710074	0.187945	0	0
0	0	0	8.700557	8.54227	1.521523	8.54227	1682418	9.270956E-9	1.078637E+8	5.824353E+16	0	0	6.634078	0.186384	0	0
0	0	0	8.481935	8.542619	1.282091	8.542619	1459964	-4.610921E-9	-2.168764E+8	5.824353E+16	0	0	6.522862	0.18507	0	0
0	0	0	8.263867	8.542308	1.043825	8.542308	1267381	9.930686E-9	1.00698E+8	5.824353E+16	0	0	6.440447	0.183549	0	0
0	0	0	8.045865	8.542638	0.805086	8.542638	1100248	-3.202525E-9	-3.122536E+8	5.824353E+16	0	0	6.332556	0.182092	0	0
0	0	0	7.828631	8.542289	0.567765	8.542289	955631	6.183429E-9	1.617226E+8	5.824353E+16	0	0	6.237842	0.180547	0	0
0	0	0	7.61321	8.542506	0.331944	8.542506	831000	-5.358356E-9	-1.866244E+8	5.824353E+16	0	0	6.141566	0.179097	0	0
0	0	0	7.399683	8.542251	0.0986	8.542251	723511	3.471808E-9	2.880344E+8	5.824353E+16	0	0	6.040773	0.17776	0	0
0	0	0	7.186582	8.542402	-0.134628	8.542402	630099	-9.001244E-8	-1.110958E+7	5.824353E+16	0	0	5.949051	0.176406	0	0
0	0	0	6.973856	8.542534	-0.367428	8.542534	548882	-2.807986E-9	-3.561271E+8	5.824353E+16	0	0	5.859328	0.175004	0	0
0	0	0	6.761734	8.542298	-0.599251	8.542298	478320	3.390305E-9	2.949587E+8	5.824353E+16	0	0	5.756258	0.173714	0	0
0	0	0	6.551671	8.542553	-0.829246	8.542553	417387	-1.876771E-9	-5.3283E+8	5.824353E+16	0	0	5.67551	0.172313	0	0
0	0	0	6.341885	8.542723	-1.058865	8.542723	364281	-7.838771E-10	-1.27571E+9	5.824353E+16	0	0	5.596413	0.170967	0	0
0	0	0	6.133128	8.542468	-1.286989	8.542468	318145	-3.142606E-9	-3.182073E+8	5.824353E+16	0	0	5.522618	0.169621	0	0
0	0	0	5.923751	8.542355	-1.515915	8.542355	277740	4.605129E-9	2.171492E+8	5.824353E+16	0	0	5.438435	0.168442	0	0
0	0	0	5.716497	8.542572	-1.742806	8.542572	242800	-9.738453E-10	-1.026857E+9	5.824353E+16	0	0	5.370299	0.167017	0	0
0	0	0	5.510174	8.542601	-1.968514	8.542601	212385	-7.33101E-10	-1.364069E+9	5.824353E+16	0	0	5.293231	0.165775	0	0
0	0	0	5.305501	8.542553	-2.192352	8.542553	185978	-8.362455E-10	-1.195821E+9	5.824353E+16	0	0	5.224823	0.164405	0	0
0	0	0	5.097627	8.54244	-2.419633	8.54244	162517	-2.670809E-9	-3.744183E+8	5.824353E+16	0	0	5.140209	0.163051	0	0
0	0	0	4.892856	8.542771	-2.64391	8.542771	142301	-2.674688E-10	-3.738754E+9	5.824353E+16	0	0	5.054982	0.161952	0	0
0	0	0	4.688657	8.542449	-2.866987	8.542449	124647	-1.677356E-9	-5.961765E+8	5.824353E+16	0	0	4.984551	0.160686	0	0
0	0	0	4.48529	8.542345	-3.089344	8.542345	109241	1.480768E-9	6.753253E+8	5.824353E+16	0	0	4.90381	0.159372	0	0
0	0	0	4.281385	8.542497	-3.312517	8.542497	95707	-6.757875E-10	-1.479755E+9	5.824353E+16	0	0	4.820686	0.158257	0	0
0	0	0	4.076369	8.542431	-3.536712	8.542431	83789	-1.768181E-9	-5.655529E+8	5.824353E+16	0	0	4.749818	0.156991	0	0
0	0	0	3.873281	8.542468	-3.758891	8.542468	73446	-7.254918E-10	-1.378375E+9	5.824353E+16	0	0	4.674597	0.155756	0	0
0	0	0	3.67047	8.542431	-3.980699	8.542431	64392	-1.35885E-9	-7.359163E+8	5.824353E+16	0	0	4.600881	0.154514	0	0
0	0	0	3.466679	8.542478	-4.203655	8.542478	56418	-4.918813E-10	-2.033011E+9	5.824353E+16	0	0	4.529579	0.153256	0	0
0	0	0	3.260405	8.542534	-4.429336	8.542534	49352	-2.524761E-10	-3.960771E+9	5.824353E+16	0	0	4.440375	0.152237	0	0
0	0	0	3.053233	8.542487	-4.655906	8.542487	43146	-3.366555E-10	-2.970395E+9	5.824353E+16	0	0	4.37217	0.151106	0	0
0	0	0	2.846665	8.542799	-4.882139	8.542799	37735	-6.592243E-11	-1.516934E+10	5.824353E+16	0	0	4.30177	0.149943	0	0
0	0	0	2.641943	8.542582	-5.105875	8.542582	33042	-1.257386E-10	-7.953007E+9	5.824353E+16	0	0	4.225146	0.148828	0	0
0	0	0	2.445944	8.542657	-5.320335	8.542657	29097	-7.853837E-11	-1.273263E+10	5.824353E+16	0	0	4.155767	0.147626	0	0
0	0	0	2.262506	8.542638	-5.520969	8.542638	25833	-7.519281E-11	-1.329914E+10	5.824353E+16	0	0	4.080935	0.146471	0	0
0	0	0	2.092087	8.542865	-5.707587	8.542865	23129	-3.469432E-11	-2.882317E+10	5.824353E+16	0	0	4.004749	0.145428	0	0
0	0	0	1.934686	8.542638	-5.879551	8.542638	20884	-6.078762E-11	-1.645072E+10	5.824353E+16	0	0	3.925745	0.144281	0	0
0	0	0	1.790255	8.542563	-6.037465	8.542563	19016	-8.062453E-11	-1.240317E+10	5.824353E+16	0	0	3.859076	0.143206	0	0
0	0	0	1.658026	8.542468	-6.182015	8.542468	17453	-1.723989E-10	-5.800503E+9	5.824353E+16	0	0	3.775886	0.142195	0	0
0	0	0	1.535222	8.542336	-6.316221	8.542336	16117	1.847529E-10	5.412635E+9	5.824353E+16	0	0	3.714929	0.14108	0	0
0	0	0	1.418806	8.542865	-6.444049	8.542865	14945	-2.241803E-11	-4.460696E+10	5.824353E+16	0	0	3.640144	0.139997	0	0
0	0	0	1.311144	8.542648	-6.561613	8.542648	13937	-3.903713E-11	-2.561664E+10	5.824353E+16	0	0	3.552614	0.138946	0	0
0	0	0	1.212303	8.542714	-6.66979	8.542714	13071	-2.896589E-11	-3.452336E+10	5.824353E+16	0	0	3.496979	0.137815	0	0
0	0	0	1.121368	8.542648	-6.769197	8.542648	12322	-3.451356E-11	-2.897412E+10	5.824353E+16	0	0	3.427729	0.136955	0	0
0	0	0	1.036983	8.542714	-6.861561	8.542714	11666	-2.585235E-11	-3.86812E+10	5.824353E+16	0	0	3.355139	0.135888	0	0
0	0	0	0.957646	8.54261	-6.948247	8.54261	11080	-3.654715E-11	-2.736192E+10	5.824353E+16	0	0	3.278143	0.134852	0	0
0	0	0	0.884696	8.54279	-7.02821	8.54279	10568	-1.890678E-11	-5.289108E+10	5.824353E+16	0	0	3.202963	0.133897	0	0
0	0	0	0.81609	8.54261	-7.103086	8.54261	10109	-3.334432E-11	-2.999011E+10	5.824353E+16	0	0	3.138219	0.132861	0	0
0	0	0	0.752516	8.54279	-7.172793	8.54279	9700	-1.735388E-11	-5.762401E+10	5.824353E+16	0	0	3.076347	0.131834	0	0
0	0	0	0.69345	8.542837	-7.237446	8.542837	9335	-1.490585E-11	-6.708776E+10	5.824353E+16	0	0	3.009271	0.130624	0	0
0	0	0	0.637814	8.542667	-7.298144	8.542667	9004	-2.345136E-11	-4.264145E+10	5.824353E+16	0	0	2.946211	0.129525	0	0
0	0	0	0.586017	8.542733	-7.354863	8.542733	8707	-1.820865E-11	-5.491896E+10	5.824353E+16	0	0	2.878111	0.128394	0	0
0	0	0	0.537356	8.542686	-7.408047	8.542686	8436	-2.053214E-11	-4.870414E+10	5.824353E+16	0	0	2.813847	0.127399	0	0
0	0	0	0.491162	8.542648	-7.458541	8.542648	8187	-2.293155E-11	-4.360805E+10	5.824353E+16	0	0	2.742001	0.126451	0	0
0	0	0	0.447646	8.542629	-7.506122	8.542629	7960	-2.41143E-11	-4.146916E+10	5.824353E+16	0	0	2.681282	0.125543	0	0
0	0	0	0.408002	8.542619	-7.549477	8.542619	7757	-2.449845E-11	-4.081891E+10	5.824353E+16	0	0	2.623127	0.124627	0	0
0	0	0	0.36942	8.542544	-7.59161	8.542544	7566	-3.621235E-11	-2.761489E+10	5.824353E+16	0	0	2.556514	0.123552	0	0
0	0	0	0.334921	8.542629	-7.629425	8.542629	7398	-2.241176E-11	-4.461943E+10	5.824353E+16	0	0	2.487837	0.122684	0	0
0	0	0	0.30235	8.542733	-7.66515	8.542733	7243	-1.514704E-11	-6.601952E+10	5.824353E+16	0	0	2.420131	0.121848	0	0
0	0	0	0.270562	8.542497	-7.699699	8.542497	7096	-5.010487E-11	-1.995814E+10	5.824353E+16	0	0	2.360908	0.120964	0	0
0	0	0	0.241846	8.542714	-7.731313	8.542714	6965	-1.543474E-11	-6.478893E+10	5.824353E+16	0	0	2.299286	0.120168	0	0
0	0	0	0.21429	8.542449	-7.761208	8.542449	6841	-9.205823E-11	-1.086269E+10	5.824353E+16	0	0	2.238345	0.11922	0	0
0	0	0	0.18866	8.542563	-7.789348	8.542563	6728	-2.852555E-11	-3.505629E+10	5.824353E+16	0	0	2.181017	0.118352	0	0
0	0	0	0.164142	8.542714	-7.816309	8.542714	6623	-1.467685E-11	-6.813451E+10	5.824353E+16	0	0	2.117128	0.117603	0	0
0	0	0	0.1408	8.542563	-7.8417	8.542563	6523	-2.765638E-11	-3.615802E+10	5.824353E+16	0	0	2.067943	0.11664	0	0
0	0	0	0.119712	8.542497	-7.864705	8.542497	6434	-4.543049E-11	-2.201165E+10	5.824353E+16	0	0	2.004782	0.115764	0	0
0	0	0	0.100584	8.54279	-7.885901	8.54279	6355	-1.136947E-11	-8.795483E+10	5.824353E+16	0	0	1.951329	0.114872	0	0
0	0	0	0.081293	8.54244	-7.906676	8.54244	6276	-1.031399E-10	-9.695571E+9	5.824353E+16	0	0	1.894475	0.113964	0	0
0	0	0	0.063831	8.542497	-7.925829	8.542497	6205	-4.381352E-11	-2.2824E+10	5.824353E+16	0	0	1.841372	0.113208	0	0
0	0	0	0.046239	8.542468	-7.945046	8.542468	6135	-6.060087E-11	-1.650141E+10	5.824353E+16	0	0	1.775461	0.112499	0	0
0	0	0	0.031015	8.542468	-7.961698	8.542468	6075	-6.000819E-11	-1.666439E+10	5.824353E+16	0	0	1.733693	0.111503	0	0
0	0	0	0.016183	8.542468	-7.977922	8.542468	6016	-5.94254E-11	-1.682782E+10	5.824353E+16	0	0	1.686984	0.110604	0	0
0	0	0	0.002299	8.542676	-7.993304	8.542676	5963	-1.500481E-11	-6.664529E+10	5.824353E+16	0	0	1.636874	0.109927	0	0
0	0	0	-0.010655	8.542648	-8.007446	8.542648	5912	-1.655934E-11	-6.038888E+10	5.824353E+16	0	0	1.573065	0.109154	0	0
0	0	0	-0.022938	8.542516	-8.020759	8.542516	5866	-3.480325E-11	-2.873295E+10	5.824353E+16	0	0	1.514734	0.108342	0	0
0	0	0	-0.034389	8.542412	-8.033186	8.542412	5822	-2.845186E-10	-3.514708E+9	5.824353E+16	0	0	1.474101	0.107522	0	0
0	0	0	-0.045578	8.542468	-8.045479	8.542468	5780	-5.709421E-11	-1.751491E+10	5.824353E+16	0	0	1.410034	0.106964	0	0
0	0	0	-0.056424	8.542478	-8.057351	8.542478	5739	-5.003556E-11	-1.998579E+10	5.824353E+16	0	0	1.366638	0.106088	0	0
0	0	0	-0.066977	8.542431	-8.06885	8.542431	5700	-1.202858E-10	-8.313534E+9	5.824353E+16	0	0	1.335512	0.105316	0	0
0	0	0	-0.076516	8.54244	-8.079293	8.54244	5665	-9.309869E-11	-1.074129E+10	5.824353E+16	0	0	1.27683	0.104591	0	0
0	0	0	-0.085974	8.542534	-8.089727	8.542534	5631	-2.88072E-11	-3.471355E+10	5.824353E+16	0	0	1.231183	0.103851	0	0
0	0	0	-0.094664	8.542648	-8.099338	8.542648	5599	-1.568264E-11	-6.376479E+10	5.824353E+16	0	0	1.18752	0.103158	0	0
0	0	0	-0.101949	8.54279	-8.10744	8.54279	5572	-9.968639E-12	-1.003146E+11	5.824353E+16	0	0	1.139717	0.102433	0	0
0	0	0	-0.110231	8.542487	-8.116216	8.542487	5543	-4.325039E-11	-2.312118E+10	5.824353E+16	0	0	1.101652	0.101621	0	0
0	0	0	-0.118349	8.542402	-8.125016	8.542402	5514	-7.876722E-10	-1.269564E+9	5.824353E+16	0	0	1.064448	0.10096	0	0
0	0	0	-0.125014	8.542648	-8.132536	8.542648	5490	-1.537733E-11	-6.50308E+10	5.824353E+16	0	0	1.022081	0.100299	0	0
0	0	0	-0.131988	8.542761	-8.140272	8.542761	5465	-1.053867E-11	-9.488859E+10	5.824353E+16	0	0	0.977329	0.099582	0	0
0	0	0	-0.138914	8.542572	-8.14767	8.542572	5440	-2.181926E-11	-4.583107E+10	5.824353E+16	0	0	0.948894	0.098857	0	0
0	0	0	-0.145203	8.542553	-8.154532	8.542553	5418	-2.436189E-11	-4.104771E+10	5.824353E+16	0	0	0.905738	0.098188	0	0
0	0	0	-0.15159	8.542742	-8.161695	8.542742	5396	-1.097547E-11	-9.111224E+10	5.824353E+16	0	0	0.86327	0.097567	0	0
0	0	0	-0.157421	8.542686	-8.168021	8.542686	5375	-1.308206E-11	-7.644058E+10	5.824353E+16	0	0	0.835308	0.096811	0	0
0	0	0	-0.163433	8.542544	-8.174463	8.542544	5355	-2.563007E-11	-3.901666E+10	5.824353E+16	0	0	0.799528	0.096253	0	0
0	0	0	-0.169395	8.542676	-8.181109	8.542676	5334	-1.342205E-11	-7.450428E+10	5.824353E+16	0	0	0.77002	0.095481	0	0
0	0	0	-0.174344	8.542591	-8.186443	8.542591	5317	-1.924737E-11	-5.195515E+10	5.824353E+16	0	0	0.733175	0.094844	0	0
0	0	0	-0.179767	8.542525	-8.192313	8.542525	5298	-2.910834E-11	-3.435442E+10	5.824353E+16	0	0	0.708115	0.094135	0	0
0	0	0	-0.184521	8.542714	-8.197689	8.542714	5282	-1.170514E-11	-8.543258E+10	5.824353E+16	0	0	0.67624	0.093625	0	0
0	0	0	-0.188964	8.542676	-8.202514	8.542676	5267	-1.325345E-11	-7.545203E+10	5.824353E+16	0	0	0.640213	0.092917	0	0
0	0	0	-0.194191	8.542657	-8.208214	8.542657	5249	-1.416806E-11	-7.058132E+10	5.824353E+16	0	0	0.6212	0.09216	0	0
0	0	0	-0.198781	8.542582	-8.213163	8.542582	5233	-1.991375E-11	-5.021656E+10	5.824353E+16	0	0	0.598376	0.091539	0	0
0	0	0	-0.203501	8.542619	-8.218363	8.542619	5217	-1.647653E-11	-6.069241E+10	5.824353E+16	0	0	0.574139	0.090958	0	0
0	0	0	-0.207503	8.542516	-8.222643	8.542516	5204	-3.087558E-11	-3.238806E+10	5.824353E+16	0	0	0.536811	0.090321	0	0
0	0	0	-0.211032	8.542582	-8.226564	8.542582	5192	-1.975773E-11	-5.061311E+10	5.824353E+16	0	0	0.501432	0.089715	0	0
0	0	0	-0.214299	8.542705	-8.230253	8.542705	5181	-1.183437E-11	-8.449964E+10	5.824353E+16	0	0	0.488726	0.089102	0	0
0	0	0	-0.218137	8.542846	-8.234585	8.542846	5168	-8.078453E-12	-1.237861E+11	5.824353E+16	0	0	0.465789	0.088537	0	0
0	0	0	-0.221192	8.542723	-8.237811	8.542723	5158	-1.109923E-11	-9.009638E+10	5.824353E+16	0	0	0.44145	0.087828	0	0
0	0	0	-0.223773	8.542648	-8.240563	8.542648	5149	-1.44222E-11	-6.933755E+10	5.824353E+16	0	0	0.417828	0.087279	0	0
0	0	0	-0.227824	8.54261	-8.244958	8.54261	5136	-1.694099E-11	-5.902843E+10	5.824353E+16	0	0	0.401731	0.086809	0	0
0	0	0	-0.230878	8.542487	-8.248184	8.542487	5126	-3.999666E-11	-2.500209E+10	5.824353E+16	0	0	0.36907	0.086108	0	0
0	0	0	-0.233378	8.542591	-8.251016	8.542591	5117	-1.852338E-11	-5.398584E+10	5.824353E+16	0	0	0.367449	0.085383	0	0
0	0	0	-0.23622	8.542865	-8.254382	8.542865	5108	-7.66218E-12	-1.305112E+11	5.824353E+16	0	0	0.347204	0.084874	0	0
0	0	0	-0.237853	8.542723	-8.256035	8.542723	5102	-1.097872E-11	-9.108529E+10	5.824353E+16	0	0	0.334266	0.084348	0	0
0	0	0	-0.24032	8.542705	-8.258716	8.542705	5094	-1.163565E-11	-8.59428E+10	5.824353E+16	0	0	0.304807	0.083663	0	0
0	0	0	-0.242362	8.542733	-8.260976	8.542733	5087	-1.063827E-11	-9.400027E+10	5.824353E+16	0	0	0.301869	0.083138	0	0
0	0	0	-0.244109	8.542865	-8.263012	8.542865	5082	-7.623179E-12	-1.311789E+11	5.824353E+16	0	0	0.284934	0.082516	0	0
0	0	0	-0.245923	8.542619	-8.264764	8.542619	5076	-1.603121E-11	-6.237831E+10	5.824353E+16	0	0	0.266072	0.081808	0	0
0	0	0	-0.247344	8.542572	-8.266274	8.542572	5071	-2.033924E-11	-4.916604E+10	5.824353E+16	0	0	0.238406	0.081354	0	0
0	0	0	-0.249679	8.542497	-8.268759	8.542497	5063	-3.574986E-11	-2.797214E+10	5.824353E+16	0	0	0.229307	0.080772	0	0
0	0	0	-0.251068	8.542582	-8.270357	8.542582	5059	-1.925161E-11	-5.194372E+10	5.824353E+16	0	0	0.217067	0.080215	0	0
0	0	0	-0.252636	8.542733	-8.272214	8.542733	5053	-1.056716E-11	-9.463277E+10	5.824353E+16	0	0	0.217342	0.079721	0	0
0	0	0	-0.253877	8.542676	-8.273519	8.542676	5049	-1.27049E-11	-7.870981E+10	5.824353E+16	0	0	0.201974	0.079132	0	0
0	0	0	-0.255691	8.542752	-8.275573	8.542752	5044	-9.986064E-12	-1.001396E+11	5.824353E+16	0	0	0.184351	0.078551	0	0
0	0	0	-0.25654	8.542431	-8.276201	8.542431	5041	-1.063791E-10	-9.400346E+9	5.824353E+16	0	0	0.177351	0.078073	0	0
0	0	0	-0.258141	8.542827	-8.278324	8.542827	5036	-8.217989E-12	-1.216843E+11	5.824353E+16	0	0	0.160399	0.077468	0	0
0	0	0	-0.259807	8.542846	-8.280165	8.542846	5030	-7.862735E-12	-1.271822E+11	5.824353E+16	0	0	0.149425	0.076815	0	0
0	0	0	-0.260836	8.542412	-8.280882	8.542412	5027	-2.456673E-10	-4.070545E+9	5.824353E+16	0	0	0.153001	0.076528	0	0
0	0	0	-0.262355	8.542449	-8.282579	8.542449	5022	-6.758024E-11	-1.479722E+10	5.824353E+16	0	0	0.148883	0.075978	0	0
0	0	0	-0.263368	8.542648	-8.283873	8.542648	5019	-1.405807E-11	-7.113351E+10	5.824353E+16	0	0	0.131133	0.075453	0	0
0	0	0	-0.264479	8.542572	-8.285017	8.542572	5015	-2.011463E-11	-4.971506E+10	5.824353E+16	0	0	0.124596	0.074975	0	0
0	0	0	-0.266243	8.54296	-8.287311	8.54296	5009	-6.251298E-12	-1.599668E+11	5.824353E+16	0	0	0.11917	0.07441	0	0
0	0	0	-0.2667	8.542582	-8.287456	8.542582	5008	-1.905753E-11	-5.24727E+10	5.824353E+16	0	0	0.10408	0.07386	0	0
0	0	0	-0.267484	8.542563	-8.288296	8.542563	5005	-2.122033E-11	-4.712463E+10	5.824353E+16	0	0	0.100458	0.073374	0	0
0	0	0	-0.268628	8.542686	-8.289662	8.542686	5002	-1.217422E-11	-8.214076E+10	5.824353E+16	0	0	0.11069	0.072936	0	0
0	0	0	-0.270032	8.542761	-8.29127	8.542761	4997	-9.636186E-12	-1.037755E+11	5.824353E+16	0	0	0.084333	0.072474	0	0
0	0	0	-0.270669	8.542733	-8.29194	8.542733	4995	-1.044587E-11	-9.573161E+10	5.824353E+16	0	0	0.067401	0.07206	0	0
0	0	0	-0.272172	8.542742	-8.293593	8.542742	4990	-1.014967E-11	-9.852538E+10	5.824353E+16	0	0	0.077863	0.071399	0	0
0	0	0	-0.272793	8.542827	-8.294351	8.542827	4988	-8.139661E-12	-1.228552E+11	5.824353E+16	0	0	0.086056	0.070937	0	0
0	0	0	-0.273463	8.542752	-8.295013	8.542752	4986	-9.871236E-12	-1.013044E+11	5.824353E+16	0	0	0.078716	0.070563	0	0
0	0	0	-0.274541	8.542837	-8.296272	8.542837	4982	-7.955109E-12	-1.257054E+11	5.824353E+16	0	0	0.056986	0.070006	0	0
0	0	0	-0.275782	8.54261	-8.297417	8.54261	4978	-1.641983E-11	-6.090198E+10	5.824353E+16	0	0	0.046114	0.069536	0	0
0	0	0	-0.275978	8.542903	-8.297907	8.542903	4978	-6.909091E-12	-1.447368E+11	5.824353E+16	0	0	0.04985	0.068994	0	0
0	0	0	-0.276403	8.542865	-8.298336	8.542865	4976	-7.464176E-12	-1.339733E+11	5.824353E+16	0	0	0.067216	0.068564	0	0
0	0	0	-0.277791	8.542714	-8.299712	8.542714	4972	-1.101816E-11	-9.075923E+10	5.824353E+16	0	0	0.056158	0.068142	0	0
0	0	0	-0.278526	8.542619	-8.300428	8.542619	4969	-1.569328E-11	-6.372153E+10	5.824353E+16	0	0	0.055407	0.067625	0	0
0	0	0	-0.278526	8.542705	-8.300508	8.542705	4969	-1.135012E-11	-8.810477E+10	5.824353E+16	0	0	0.049943	0.067195	0	0
0	0	0	-0.279637	8.542808	-8.30182	8.542808	4966	-8.476175E-12	-1.179777E+11	5.824353E+16	0	0	0.050235	0.066773	0	0
0	0	0	-0.279801	8.542884	-8.30207	8.542884	4965	-7.158557E-12	-1.39693E+11	5.824353E+16	0	0	0.038873	0.066215	0	0
0	0	0	-0.281156	8.542997	-8.303659	8.542997	4961	-5.801507E-12	-1.72369E+11	5.824353E+16	0	0	0.063978	0.065769	0	0
0	0	0	-0.281254	8.542827	-8.303607	8.542827	4961	-8.095601E-12	-1.235239E+11	5.824353E+16	0	0	0.028619	0.065395	0	0
0	0	0	-0.281418	8.542563	-8.303537	8.542563	4960	-2.102954E-11	-4.755217E+10	5.824353E+16	0	0	0.026363	0.06506	0	0
0	0	0	-0.282087	8.542941	-8.304624	8.542941	4958	-6.402797E-12	-1.561817E+11	5.824353E+16	0	0	0.031402	0.064503	0	0
0	0	0	-0.282577	8.542516	-8.304761	8.542516	4956	-2.940418E-11	-3.400877E+10	5.824353E+16	0	0	0.034014	0.064089	0	0
0	0	0	-0.282724	8.542657	-8.305055	8.542657	4956	-1.337719E-11	-7.47541E+10	5.824353E+16	0	0	0.020808	0.063659	0	0
0	0	0	-0.282773	8.542695	-8.305144	8.542695	4956	-1.167958E-11	-8.561952E+10	5.824353E+16	0	0	0.02829	0.063269	0	0
0	0	0	-0.282937	8.542572	-8.305208	8.542572	4955	-1.987398E-11	-5.031706E+10	5.824353E+16	0	0	0.013632	0.062918	0	0
0	0	0	-0.283312	8.54296	-8.305982	8.54296	4954	-6.182657E-12	-1.617427E+11	5.824353E+16	0	0	0.019961	0.062385	0	0
0	0	0	-0.283623	8.542733	-8.306109	8.542733	4953	-1.035804E-11	-9.654338E+10	5.824353E+16	0	0	0.027554	0.062066	0	0
0	0	0	-0.283721	8.542591	-8.306083	8.542591	4953	-1.79297E-11	-5.577337E+10	5.824353E+16	0	0	0.021464	0.06158	0	0
0	0	0	-0.283378	8.542393	-8.305521	8.542393	4954	7.666495E-10	1.304377E+9	5.824353E+16	0	0	0.035553	0.061134	0	0
0	0	0	-0.283509	8.542534	-8.305797	8.542534	4953	-2.533867E-11	-3.946537E+10	5.824353E+16	0	0	0.0358	0.060688	0	0
0	0	0	-0.283819	8.542553	-8.306155	8.542553	4952	-2.226654E-11	-4.491044E+10	5.824353E+16	0	0	0.018041	0.060298	0	0
0	0	0	-0.283427	8.542733	-8.305894	8.542733	4954	-1.036013E-11	-9.65239E+10	5.824353E+16	0	0	0.001357	0.059868	0	0
0	0	0	-0.283509	8.542544	-8.305806	8.542544	4953	-2.370602E-11	-4.218337E+10	5.824353E+16	0	0	0.023476	0.059478	0	0
0	0	0	-0.283165	8.542516	-8.305404	8.542516	4954	-2.939231E-11	-3.40225E+10	5.824353E+16	0	0	0.014437	0.059183	0	0
0	0	0	-0.283296	8.542818	-8.305831	8.542818	4954	-8.265763E-12	-1.20981E+11	5.824353E+16	0	0	0.022455	0.05869	0	0
0	0	0	-0.283639	8.542638	-8.306038	8.542638	4953	-1.441683E-11	-6.936338E+10	5.824353E+16	0	0	0.037162	0.058315	0	0
0	0	0	-0.28341	8.542544	-8.305699	8.542544	4954	-2.371081E-11	-4.217486E+10	5.824353E+16	0	0	0.016068	0.057917	0	0
0	0	0	-0.283525	8.542695	-8.305966	8.542695	4953	-1.167251E-11	-8.567138E+10	5.824353E+16	0	0	0.020181	0.057567	0	0
0	0	0	-0.283558	8.542629	-8.30594	8.542629	4953	-1.500479E-11	-6.664538E+10	5.824353E+16	0	0	0.002764	0.057232	0	0
0	0	0	-0.283476	8.542355	-8.305593	8.542355	4953	8.212444E-11	1.217664E+10	5.824353E+16	0	0	0.023151	0.056802	0	0
0	0	0	-0.283999	8.542922	-8.306697	8.542922	4952	-6.625418E-12	-1.509339E+11	5.824353E+16	0	0	0.03008	0.056516	0	0
0	0	0	-0.284178	8.542629	-8.306619	8.542629	4951	-1.499873E-11	-6.66723E+10	5.824353E+16	0	0	0.020682	0.056078	0	0
0	0	0	-0.283901	8.542705	-8.306386	8.542705	4952	-1.131129E-11	-8.840723E+10	5.824353E+16	0	0	0.029108	0.055703	0	0
0	0	0	-0.284031	8.542676	-8.306502	8.542676	4952	-1.246081E-11	-8.025158E+10	5.824353E+16	0	0	0.013977	0.055361	0	0
0	0	0	-0.284195	8.542468	-8.306486	8.542468	4951	-4.890544E-11	-2.044762E+10	5.824353E+16	0	0	0.004266	0.055018	0	0
0	0	0	-0.284636	8.542516	-8.307013	8.542516	4950	-2.936858E-11	-3.404999E+10	5.824353E+16	0	0	0.008528	0.054573	0	0
0	0	0	-0.284913	8.542497	-8.307299	8.542497	4949	-3.49449E-11	-2.861648E+10	5.824353E+16	0	0	0.019905	0.054278	0	0
0	0	0	-0.285322	8.542497	-8.307745	8.542497	4947	-3.493078E-11	-2.862805E+10	5.824353E+16	0	0	0.01862	0.053872	0	0
0	0	0	-0.285697	8.542818	-8.308458	8.542818	4946	-8.252415E-12	-1.211766E+11	5.824353E+16	0	0	0.020158	0.053553	0	0
0	0	0	-0.286253	8.54295	-8.30919	8.54295	4945	-6.276884E-12	-1.593147E+11	5.824353E+16	0	0	0.008732	0.053211	0	0
0	0	0	-0.286318	8.542601	-8.308933	8.542601	4944	-1.706547E-11	-5.859785E+10	5.824353E+16	0	0	0.008808	0.052733	0	0
0	0	0	-0.286302	8.542572	-8.308888	8.542572	4944	-1.982986E-11	-5.042901E+10	5.824353E+16	0	0	0.008847	0.052478	0	0
0	0	0	-0.287004	8.542657	-8.309736	8.542657	4942	-1.33394E-11	-7.496587E+10	5.824353E+16	0	0	0.019235	0.05204	0	0
0	0	0	-0.287886	8.542705	-8.310746	8.542705	4939	-1.12816E-11	-8.863993E+10	5.824353E+16	0	0	0.001556	0.051753	0	0
0	0	0	-0.288033	8.54295	-8.311137	8.54295	4939	-6.269268E-12	-1.595083E+11	5.824353E+16	0	0	0.017975	0.051379	0	0
0	0	0	-0.288442	8.542893	-8.311531	8.542893	4938	-6.984068E-12	-1.43183E+11	5.824353E+16	0	0	0.027076	0.051069	0	0
0	0	0	-0.28818	8.542884	-8.311236	8.542884	4938	-7.119629E-12	-1.404568E+11	5.824353E+16	0	0	0.02421	0.050766	0	0
0	0	0	-0.288719	8.542591	-8.31155	8.542591	4937	-1.787178E-11	-5.595413E+10	5.824353E+16	0	0	0.001596	0.050344	0	0
0	0	0	-0.289699	8.542771	-8.312791	8.542771	4933	-9.272061E-12	-1.078509E+11	5.824353E+16	0	0	0.009269	0.049938	0	0
0	0	0	-0.289944	8.54278	-8.313068	8.54278	4933	-9.043234E-12	-1.105799E+11	5.824353E+16	0	0	0.013903	0.049786	0	0
0	0	0	-0.289732	8.542846	-8.312898	8.542846	4933	-7.711108E-12	-1.29683E+11	5.824353E+16	0	0	0.01708	0.04946	0	0
0	0	0	-0.289977	8.542582	-8.312917	8.542582	4933	-1.877212E-11	-5.327048E+10	5.824353E+16	0	0	0.003189	0.049125	0	0
0	0	0	-0.290385	8.542969	-8.313728	8.542969	4931	-6.052269E-12	-1.652273E+11	5.824353E+16	0	0	-0.006185	0.048783	0	0
0	0	0	-0.290091	8.542837	-8.313282	8.542837	4932	-7.87527E-12	-1.269798E+11	5.824353E+16	0	0	-0.010924	0.048576	0	0
0	0	0	-0.290581	8.542808	-8.313791	8.542808	4931	-8.416436E-12	-1.188151E+11	5.824353E+16	0	0	0.014356	0.048114	0	0
0	0	0	-0.29081	8.542733	-8.31397	8.542733	4930	-1.030994E-11	-9.699379E+10	5.824353E+16	0	0	0.028791	0.047827	0	0
0	0	0	-0.290794	8.542969	-8.314174	8.542969	4930	-6.051041E-12	-1.652608E+11	5.824353E+16	0	0	0.019322	0.047557	0	0
0	0	0	-0.291104	8.542714	-8.314274	8.542714	4929	-1.092287E-11	-9.1551E+10	5.824353E+16	0	0	0.012995	0.047222	0	0
0	0	0	-0.291349	8.542808	-8.314631	8.542808	4928	-8.411315E-12	-1.188875E+11	5.824353E+16	0	0	0.009818	0.046951	0	0
0	0	0	-0.291529	8.542856	-8.314872	8.542856	4928	-7.544527E-12	-1.325464E+11	5.824353E+16	0	0	0.003354	0.046553	0	0
0	0	0	-0.290826	8.542638	-8.3139	8.542638	4930	-1.434988E-11	-6.968698E+10	5.824353E+16	0	0	0.014889	0.046275	0	0
0	0	0	-0.291071	8.542988	-8.314496	8.542988	4929	-5.856282E-12	-1.707568E+11	5.824353E+16	0	0	0.00339	0.04602	0	0
0	0	0	-0.290794	8.542629	-8.313855	8.542629	4930	-1.493511E-11	-6.69563E+10	5.824353E+16	0	0	0.015076	0.045661	0	0
0	0	0	-0.29099	8.542638	-8.314078	8.542638	4929	-1.434697E-11	-6.970112E+10	5.824353E+16	0	0	-0.008299	0.045351	0	0
0	0	0	-0.290532	8.542572	-8.313516	8.542572	4931	-1.977772E-11	-5.056196E+10	5.824353E+16	0	0	0.005143	0.045072	0	0
0	0	0	-0.290336	8.542705	-8.313426	8.542705	4932	-1.126561E-11	-8.876574E+10	5.824353E+16	0	0	0.02043	0.044809	0	0
0	0	0	-0.290516	8.542799	-8.313711	8.542799	4931	-8.614377E-12	-1.16085E+11	5.824353E+16	0	0	0.02397	0.044515	0	0
0	0	0	-0.290222	8.542667	-8.313265	8.542667	4932	-1.284564E-11	-7.784744E+10	5.824353E+16	0	0	0.001805	0.044156	0	0
0	0	0	-0.290287	8.542619	-8.313292	8.542619	4932	-1.557643E-11	-6.419957E+10	5.824353E+16	0	0	0.032916	0.043917	0	0
0	0	0	-0.290189	8.542979	-8.313522	8.542979	4932	-5.955097E-12	-1.679234E+11	5.824353E+16	0	0	0.029631	0.043647	0	0
0	0	0	-0.289242	8.542506	-8.312042	8.542506	4935	-3.182122E-11	-3.142557E+10	5.824353E+16	0	0	0.015819	0.043376	0	0
0	0	0	-0.289046	8.542893	-8.312192	8.542893	4936	-6.98124E-12	-1.43241E+11	5.824353E+16	0	0	0.005364	0.043097	0	0
0	0	0	-0.289961	8.542865	-8.313166	8.542865	4933	-7.399674E-12	-1.351411E+11	5.824353E+16	0	0	0.007163	0.042834	0	0
0	0	0	-0.289275	8.542846	-8.312397	8.542846	4935	-7.714234E-12	-1.296305E+11	5.824353E+16	0	0	0.008978	0.042595	0	0
0	0	0	-0.288752	8.542638	-8.31163	8.542638	4937	-1.437026E-11	-6.958817E+10	5.824353E+16	0	0	0.003672	0.042261	0	0
0	0	0	-0.289324	8.542808	-8.312416	8.542808	4935	-8.423263E-12	-1.187188E+11	5.824353E+16	0	0	-0.003518	0.041942	0	0
0	0	0	-0.289062	8.542582	-8.311917	8.542582	4936	-1.878354E-11	-5.32381E+10	5.824353E+16	0	0	0.01458	0.041759	0	0
0	0	0	-0.289683	8.54278	-8.312782	8.54278	4934	-9.045068E-12	-1.105575E+11	5.824353E+16	0	0	-0.005382	0.041441	0	0
0	0	0	-0.289454	8.542629	-8.31239	8.542629	4934	-1.494723E-11	-6.690202E+10	5.824353E+16	0	0	0.016581	0.04125	0	0
0	0	0	-0.289242	8.542695	-8.31222	8.542695	4935	-1.163009E-11	-8.598386E+10	5.824353E+16	0	0	0.00563	0.040923	0	0
0	0	0	-0.288948	8.542808	-8.312005	8.542808	4936	-8.42497E-12	-1.186948E+11	5.824353E+16	0	0	0.007514	0.0407	0	0
0	0	0	-0.289536	8.542393	-8.312257	8.542393	4934	7.635545E-10	1.309664E+9	5.824353E+16	0	0	0.015056	0.040358	0	0
0	0	0	-0.289814	8.542714	-8.312863	8.542714	4933	-1.093174E-11	-9.147676E+10	5.824353E+16	0	0	0.005731	0.040159	0	0
0	0	0	-0.289324	8.542771	-8.31238	8.542771	4935	-9.27582E-12	-1.078072E+11	5.824353E+16	0	0	0.013349	0.03984	0	0
0	0	0	-0.29001	8.542582	-8.312953	8.542582	4933	-1.877212E-11	-5.327048E+10	5.824353E+16	0	0	0.020949	0.039776	0	0
0	0	0	-0.290271	8.542733	-8.313381	8.542733	4932	-1.031412E-11	-9.695446E+10	5.824353E+16	0	0	0.015403	0.039394	0	0
0	0	0	-0.290434	8.542884	-8.313702	8.542884	4931	-7.109536E-12	-1.406562E+11	5.824353E+16	0	0	0.002021	0.039147	0	0
0	0	0	-0.29063	8.542629	-8.313676	8.542629	4930	-1.493511E-11	-6.69563E+10	5.824353E+16	0	0	0.005898	0.038948	0	0
0	0	0	-0.290875	8.54295	-8.314246	8.54295	4930	-6.257844E-12	-1.597995E+11	5.824353E+16	0	0	0.027423	0.038574	0	0
0	0	0	-0.291431	8.542723	-8.314641	8.542723	4928	-1.06043E-11	-9.430137E+10	5.824353E+16	0	0	0.023582	0.038454	0	0
0	0	0	-0.291725	8.542563	-8.314811	8.542563	4927	-2.088962E-11	-4.787066E+10	5.824353E+16	0	0	-0.007781	0.038192	0	0
0	0	0	-0.292329	8.542771	-8.315668	8.542771	4925	-9.257024E-12	-1.080261E+11	5.824353E+16	0	0	-0.005841	0.037977	0	0
0	0	0	-0.292199	8.54279	-8.315542	8.54279	4925	-8.811118E-12	-1.13493E+11	5.824353E+16	0	0	0.019997	0.037778	0	0
0	0	0	-0.292329	8.542875	-8.315765	8.542875	4925	-7.241441E-12	-1.380941E+11	5.824353E+16	0	0	0.018188	0.037387	0	0
0	0	0	-0.292672	8.542818	-8.316087	8.542818	4924	-8.215708E-12	-1.217181E+11	5.824353E+16	0	0	0.010193	0.037212	0	0
0	0	0	-0.292885	8.543035	-8.316524	8.543035	4923	-5.416011E-12	-1.846377E+11	5.824353E+16	0	0	0.008225	0.036973	0	0
0	0	0	-0.293358	8.542705	-8.316731	8.542705	4922	-1.124277E-11	-8.894608E+10	5.824353E+16	0	0	0.010291	0.03683	0	0
0	0	0	-0.293277	8.542941	-8.316864	8.542941	4922	-6.356307E-12	-1.573241E+11	5.824353E+16	0	0	0.035102	0.03644	0	0
0	0	0	-0.293554	8.542903	-8.317132	8.542903	4921	-6.829979E-12	-1.464133E+11	5.824353E+16	0	0	0.012507	0.036272	0	0
0	0	0	-0.293718	8.542884	-8.317293	8.542884	4921	-7.095118E-12	-1.40942E+11	5.824353E+16	0	0	0.027165	0.03601	0	0
0	0	0	-0.293293	8.542619	-8.31658	8.542619	4922	-1.554485E-11	-6.433001E+10	5.824353E+16	0	0	0.010559	0.035834	0	0
0	0	0	-0.293767	8.542648	-8.317125	8.542648	4921	-1.378358E-11	-7.255011E+10	5.824353E+16	0	0	0.019021	0.035635	0	0
0	0	0	-0.293799	8.542799	-8.317302	8.542799	4920	-8.59516E-12	-1.163446E+11	5.824353E+16	0	0	0.006459	0.035357	0	0
0	0	0	-0.294289	8.542799	-8.317838	8.542799	4919	-8.593413E-12	-1.163682E+11	5.824353E+16	0	0	0.025669	0.035134	0	0
0	0	0	-0.293734	8.54295	-8.317373	8.54295	4921	-6.24642E-12	-1.600917E+11	5.824353E+16	0	0	0.025893	0.034815	0	0
0	0	0	-0.293865	8.542742	-8.317321	8.542742	4920	-1.000729E-11	-9.992716E+10	5.824353E+16	0	0	0.012995	0.034815	0	0
0	0	0	-0.293636	8.542771	-8.317097	8.542771	4921	-9.249506E-12	-1.081139E+11	5.824353E+16	0	0	0.008756	0.034576	0	0
0	0	0	-0.293505	8.542544	-8.316741	8.542544	4921	-2.355287E-11	-4.245768E+10	5.824353E+16	0	0	0.035064	0.034202	0	0
0	0	0	-0.293554	8.54279	-8.317025	8.54279	4921	-8.803961E-12	-1.135852E+11	5.824353E+16	0	0	0.013271	0.034051	0	0
0	0	0	-0.293554	8.542875	-8.317105	8.542875	4921	-7.23556E-12	-1.382063E+11	5.824353E+16	0	0	0.008941	0.03382	0	0
0	0	0	-0.293522	8.543149	-8.317327	8.543149	4921	-4.596837E-12	-2.175409E+11	5.824353E+16	0	0	-0.022026	0.033716	0	0
0	0	0	-0.293081	8.542468	-8.316206	8.542468	4923	-4.862886E-11	-2.056392E+10	5.824353E+16	0	0	-0.002114	0.033525	0	0
0	0	0	-0.293162	8.542808	-8.316614	8.542808	4922	-8.401074E-12	-1.190324E+11	5.824353E+16	0	0	0.013561	0.03327	0	0
0	0	0	-0.292591	8.542516	-8.315714	8.542516	4924	-2.921432E-11	-3.422979E+10	5.824353E+16	0	0	0.011371	0.033111	0	0
0	0	0	-0.292378	8.542544	-8.315508	8.542544	4925	-2.357201E-11	-4.24232E+10	5.824353E+16	0	0	0.00692	0.032848	0	0
0	0	0	-0.292068	8.542506	-8.315133	8.542506	4926	-3.176318E-11	-3.148299E+10	5.824353E+16	0	0	0.02293	0.032649	0	0
0	0	0	-0.292444	8.542591	-8.315624	8.542591	4925	-1.782834E-11	-5.609046E+10	5.824353E+16	0	0	-0.022772	0.032538	0	0
0	0	0	-0.292019	8.542752	-8.31531	8.542752	4926	-9.752449E-12	-1.025383E+11	5.824353E+16	0	0	-0.006793	0.032323	0	0
0	0	0	-0.291382	8.542374	-8.314259	8.542374	4928	1.47605E-10	6.774837E+9	5.824353E+16	0	0	0.011712	0.032084	0	0
0	0	0	-0.291578	8.542657	-8.314739	8.542657	4928	-1.330162E-11	-7.517884E+10	5.824353E+16	0	0	0.037497	0.031837	0	0
0	0	0	-0.291365	8.542808	-8.314649	8.542808	4928	-8.411315E-12	-1.188875E+11	5.824353E+16	0	0	0.035226	0.031765	0	0
0	0	0	-0.291251	8.542516	-8.314249	8.542516	4929	-2.924399E-11	-3.419506E+10	5.824353E+16	0	0	0.009531	0.031582	0	0
0	0	0	-0.291235	8.542601	-8.314311	8.542601	4929	-1.70137E-11	-5.877618E+10	5.824353E+16	0	0	0.035684	0.031335	0	0
0	0	0	-0.290859	8.542478	-8.313785	8.542478	4930	-4.298228E-11	-2.32654E+10	5.824353E+16	0	0	0.038282	0.031136	0	0
0	0	0	-0.290908	8.542648	-8.313998	8.542648	4930	-1.380879E-11	-7.241766E+10	5.824353E+16	0	0	0.026502	0.030953	0	0
0	0	0	-0.290973	8.542846	-8.314256	8.542846	4929	-7.704855E-12	-1.297883E+11	5.824353E+16	0	0	-0.004709	0.03073	0	0
0	0	0	-0.290924	8.54261	-8.31398	8.54261	4930	-1.62615E-11	-6.149494E+10	5.824353E+16	0	0	0.014665	0.030602	0	0
0	0	0	-0.291006	8.542516	-8.313981	8.542516	4929	-2.924399E-11	-3.419506E+10	5.824353E+16	0	0	0.012309	0.030419	0	0
0	0	0	-0.291267	8.542667	-8.314409	8.542667	4929	-1.283782E-11	-7.789482E+10	5.824353E+16	0	0	-0.007228	0.030252	0	0
0	0	0	-0.291137	8.542601	-8.314204	8.542601	4929	-1.70137E-11	-5.877618E+10	5.824353E+16	0	0	0.022376	0.029965	0	0
0	0	0	-0.29161	8.542667	-8.314784	8.542667	4928	-1.283522E-11	-7.791063E+10	5.824353E+16	0	0	0.027466	0.029798	0	0
0	0	0	-0.29148	8.542695	-8.314668	8.542695	4928	-1.161359E-11	-8.6106E+10	5.824353E+16	0	0	0.005114	0.029679	0	0
0	0	0	-0.291774	8.543007	-8.315282	8.543007	4927	-5.672445E-12	-1.762908E+11	5.824353E+16	0	0	-0.00489	0.029511	0	0
0	0	0	-0.292215	8.542516	-8.315303	8.542516	4925	-2.922026E-11	-3.422284E+10	5.824353E+16	0	0	0.017794	0.029312	0	0
0	0	0	-0.292378	8.542733	-8.315686	8.542733	4925	-1.029948E-11	-9.709226E+10	5.824353E+16	0	0	0.020443	0.029121	0	0
0	0	0	-0.29264	8.542827	-8.31606	8.542827	4924	-8.035222E-12	-1.244521E+11	5.824353E+16	0	0	0.00524	0.028922	0	0
0	0	0	-0.293456	8.542591	-8.316732	8.542591	4921	-1.781386E-11	-5.613605E+10	5.824353E+16	0	0	-0.007584	0.028747	0	0
0	0	0	-0.293244	8.542648	-8.316553	8.542648	4922	-1.378638E-11	-7.253537E+10	5.824353E+16	0	0	-0.002447	0.028683	0	0
0	0	0	-0.293995	8.542686	-8.31741	8.542686	4920	-1.197465E-11	-8.350978E+10	5.824353E+16	0	0	0	0	0	0
0	0	0	-0.293505	8.542619	-8.316812	8.542619	4921	-1.554169E-11	-6.434308E+10	5.824353E+16	0	0	0	0	0	0
0	0	0	-0.29411	8.542761	-8.317606	8.542761	4920	-9.4877E-12	-1.053996E+11	5.824353E+16	0	0	0	0	0	0
0	0	0	-0.294355	8.542421	-8.317555	8.542421	4918	-1.449673E-10	-6.898107E+9	5.824353E+16	0	0	0	0	0	0
0	0	0	-0.294355	8.542931	-8.318034	8.542931	4918	-6.463511E-12	-1.547147E+11	5.824353E+16	0	0	0	0	0	0
0	0	0	-0.294828	8.542525	-8.318171	8.542525	4917	-2.701504E-11	-3.701642E+10	5.824353E+16	0	0	0	0	0	0
0	0	0	-0.294257	8.542799	-8.317803	8.542799	4919	-8.593413E-12	-1.163682E+11	5.824353E+16	0	0	0	0	0	0
0	0	0	-0.294698	8.542601	-8.318099	8.542601	4917	-1.697227E-11	-5.891962E+10	5.824353E+16	0	0	0	0	0	0
0	0	0	-0.295122	8.542544	-8.31851	8.542544	4916	-2.352893E-11	-4.250086E+10	5.824353E+16	0	0	0	0	0	0
0	0	0	-0.294861	8.542771	-8.318437	8.542771	4917	-9.241988E-12	-1.082018E+11	5.824353E+16	0	0	0	0	0	0
