Vload_(V)	ILoad_(A)	RsLoad_(ohm)	SunsVoc_Voltage_(V)	SunsVoc_Current_(A)	Model_Voltage_(V)	Model_Current_(A)	Carrier_Density_(cm-3)	Lifetime_(s)	Inverse_Lifetime_(s-1)	(Carrier_Density+Doping)/qWni^2_(cm^2/C)	Carrier_Density_at_Vmp_(cm-3)	Lifetime_at_Vmp_(s)	Efficiency_(%)	Intensity_(suns)	Dark_IV_Voltage_(V)	Dark_IV_Current_(A)
4.428456	8.451304	0	37.580479	-0.52951	37.757729	-0.52951	2.260964E+14	1.766893E-5	56596.451477	5.930389E+16	1.152355E+13	1.321109E-5	13.966386	1.150292	0	0
4.593934	8.45795	-0.5999	37.456793	0.100477	37.422893	0.100477	2.089478E+14	1.756064E-5	56945.462799	5.922347E+16	0	0	13.953849	1.147592	0	0
4.721542	8.457	-0.606938	37.329432	0.704438	37.089832	0.704438	1.926276E+14	1.745117E-5	57302.679868	5.914693E+16	0	0	13.956054	1.143985	0	0
4.992398	8.454432	-0.623708	37.20952	1.234674	36.786392	1.234674	1.784128E+14	1.735097E-5	57633.62873	5.908026E+16	0	0	13.964195	1.142679	0	0
6.716622	8.434239	2.259275	37.092351	1.704891	36.503792	1.704891	1.655241E+14	1.72195E-5	58073.663953	5.901981E+16	0	0	13.942547	1.14064	0	0
9.495633	8.332645	2.458301	36.977895	2.142975	36.232837	2.142975	1.538225E+14	1.711346E-5	58433.513589	5.896494E+16	0	0	13.949429	1.135416	0	0
12.281268	8.328761	2.132241	36.862262	2.555607	35.9674	2.555607	1.428312E+14	1.700278E-5	58813.861882	5.891339E+16	0	0	13.965803	1.128042	0	0
14.988473	8.322981	1.819007	36.745747	2.945906	35.706853	2.945906	1.325421E+14	1.689652E-5	59183.763564	5.886513E+16	0	0	13.968703	1.121337	0	0
17.696791	8.316609	1.505844	36.631192	3.30789	35.45651	3.30789	1.23142E+14	1.6803E-5	59513.152722	5.882105E+16	0	0	13.974886	1.115508	0	0
20.398096	8.31057	1.191865	36.515004	3.647728	35.210545	3.647728	1.142826E+14	1.669735E-5	59889.737641	5.87795E+16	0	0	13.975156	1.107552	0	0
23.103764	8.303098	0.878838	36.396659	3.96995	34.966888	3.96995	1.059082E+14	1.658642E-5	60290.283639	5.874022E+16	0	0	13.976861	1.097805	0	0
23.826362	8.303122	0.791769	36.2807	4.263472	34.734607	4.263472	9.829356E+13	1.647282E-5	60706.04831	5.870451E+16	0	0	13.990917	1.088345	0	0
24.543655	8.29685	0.71527	36.16719	4.527767	34.514225	4.527767	9.136651E+13	1.634336E-5	61186.899981	5.867203E+16	0	0	14.001615	1.079378	0	0
25.259471	8.29179	0.636594	36.056066	4.773113	34.302148	4.773113	8.505496E+13	1.622921E-5	61617.266476	5.864242E+16	0	0	14.01114	1.070108	0	0
25.980857	8.281841	0.564061	35.948731	4.995689	34.101519	4.995689	7.937033E+13	1.612E-5	62034.740907	5.861576E+16	0	0	14.022478	1.059804	0	0
26.695332	8.255404	0.511652	35.842033	5.203624	33.906019	5.203624	7.409385E+13	1.601183E-5	62453.802604	5.859102E+16	0	0	14.042719	1.049268	0	0
27.410388	8.200982	0.483012	35.735417	5.400842	33.71367	5.400842	6.916986E+13	1.591415E-5	62837.149523	5.856793E+16	0	0	14.053556	1.039226	0	0
28.134191	8.116825	0.46266	35.629127	5.585608	33.525474	5.585608	6.458505E+13	1.581736E-5	63221.676739	5.854642E+16	0	0	14.05943	1.029392	0	0
28.841951	7.999157	0.447985	35.521335	5.759825	33.338744	5.759825	6.02442E+13	1.570928E-5	63656.626364	5.852607E+16	0	0	14.066954	1.019095	0	0
29.550569	7.840613	0.434038	35.413527	5.922828	33.155465	5.922828	5.619322E+13	1.559758E-5	64112.518693	5.850707E+16	0	0	14.0797	1.008703	0	0
30.168038	7.658848	0.422786	35.304477	6.07453	32.974362	6.07453	5.237148E+13	1.546461E-5	64663.752672	5.848914E+16	0	0	14.084872	0.998765	0	0
30.803547	7.408204	0.414311	35.198742	6.216874	32.79992	6.216874	4.891334E+13	1.536359E-5	65088.941744	5.847293E+16	0	0	14.090293	0.989232	0	0
31.440337	7.083197	0.409686	35.095001	6.347379	32.631691	6.347379	4.57416E+13	1.525855E-5	65537.036444	5.845805E+16	0	0	14.100936	0.979517	0	0
32.069005	6.683887	0.405711	34.993449	6.467181	32.469551	6.467181	4.283539E+13	1.515187E-5	65998.459085	5.844442E+16	0	0	14.108875	0.96969	0	0
32.706241	6.194787	0.402851	34.892811	6.579848	32.310732	6.579848	4.013697E+13	1.50521E-5	66435.890255	5.843177E+16	0	0	14.115416	0.960094	0	0
33.331485	5.632713	0.399334	34.793725	6.684577	32.156334	6.684577	3.76458E+13	1.495475E-5	66868.387334	5.842008E+16	0	0	14.121165	0.950618	0	0
33.957387	4.990122	0.396184	34.695881	6.782635	32.005558	6.782635	3.533717E+13	1.486256E-5	67283.146237	5.840925E+16	0	0	14.120886	0.941229	0	0
34.55589	4.289051	0.394351	34.597497	6.874059	31.856398	6.874059	3.315818E+13	1.475448E-5	67776.040722	5.839904E+16	0	0	14.126078	0.931609	0	0
35.168787	3.518425	0.392305	34.500453	6.960271	31.71048	6.960271	3.114019E+13	1.465772E-5	68223.449122	5.838957E+16	0	0	14.131743	0.921997	0	0
35.718394	2.748877	0.400042	34.402119	7.041124	31.564877	7.041124	2.922032E+13	1.454262E-5	68763.402586	5.838057E+16	0	0	14.13003	0.912625	0	0
36.242373	1.979067	0.407647	34.304895	7.117438	31.422052	7.117438	2.743828E+13	1.443699E-5	69266.495182	5.837221E+16	0	0	14.134683	0.903291	0	0
36.703339	1.273202	0.411777	34.208537	7.189923	31.281466	7.189923	2.577913E+13	1.434346E-5	69718.169746	5.836443E+16	0	0	14.132361	0.893911	0	0
37.050529	0.714222	0.414092	34.113012	7.257837	31.143414	7.257837	2.423318E+13	1.425056E-5	70172.655993	5.835718E+16	0	0	14.140786	0.884275	0	0
29.072013	7.957492	0.440893	34.01801	7.32198	31.007239	7.32198	2.278749E+13	1.416152E-5	70613.880338	5.83504E+16	0	0	14.144179	0.874974	0	0
37.477402	0	0	33.924053	7.385791	30.872151	7.385791	2.14424E+13	1.412364E-5	70803.275583	5.834409E+16	0	0	14.141958	0.866126	0	0
0	0	0	33.831141	7.44156	30.741356	7.44156	2.019025E+13	1.403339E-5	71258.606929	5.833822E+16	0	0	14.138662	0.857335	0	0
0	0	0	33.7389	7.494488	30.612303	7.494488	1.901935E+13	1.395082E-5	71680.379833	5.833273E+16	0	0	14.132501	0.848814	0	0
0	0	0	33.647753	7.545272	30.48521	7.545272	1.792897E+13	1.388814E-5	72003.872968	5.832761E+16	0	0	14.129184	0.840269	0	0
0	0	0	33.556311	7.591216	30.359614	7.591216	1.68978E+13	1.378857E-5	72523.834403	5.832278E+16	0	0	14.121477	0.831955	0	0
0	0	0	33.465981	7.634558	30.236232	7.634558	1.593732E+13	1.369495E-5	73019.614291	5.831827E+16	0	0	14.112199	0.823713	0	0
0	0	0	33.374262	7.675981	30.11188	7.675981	1.501785E+13	1.359432E-5	73560.109623	5.831396E+16	0	0	14.10499	0.815559	0	0
0	0	0	33.285679	7.7146	29.992218	7.7146	1.418016E+13	1.350892E-5	74025.184739	5.831003E+16	0	0	14.094324	0.807468	0	0
0	0	0	33.196606	7.751835	29.872431	7.751835	1.338489E+13	1.343008E-5	74459.742607	5.83063E+16	0	0	14.08596	0.799473	0	0
0	0	0	33.108481	7.786941	29.754524	7.786941	1.264194E+13	1.33549E-5	74878.906117	5.830282E+16	0	0	14.078399	0.79174	0	0
0	0	0	33.021597	7.819558	29.639011	7.819558	1.19498E+13	1.327548E-5	75326.86186	5.829957E+16	0	0	14.064402	0.784159	0	0
0	0	0	32.934517	7.849735	29.524208	7.849735	1.129408E+13	1.317643E-5	75893.069841	5.82965E+16	0	0	14.059499	0.776586	0	0
0	0	0	32.848678	7.878548	29.411338	7.878548	1.06829E+13	1.309037E-5	76392.018319	5.829363E+16	0	0	14.054232	0.769069	0	0
0	0	0	32.762497	7.905966	29.298572	7.905966	1.010253E+13	1.300159E-5	76913.690838	5.829091E+16	0	0	14.040122	0.76171	0	0
0	0	0	32.676234	7.932087	29.186179	7.932087	9.553155E+12	1.291309E-5	77440.772475	5.828833E+16	0	0	14.028617	0.754273	0	0
0	0	0	32.590918	7.956922	29.075367	7.956922	9.039183E+12	1.283214E-5	77929.304798	5.828592E+16	0	0	14.026377	0.747161	0	0
0	0	0	32.505243	7.980319	28.964682	7.980319	8.550852E+12	1.274191E-5	78481.190406	5.828363E+16	0	0	14.015894	0.74001	0	0
0	0	0	32.418637	8.002433	28.853391	8.002433	8.084005E+12	1.263971E-5	79115.727073	5.828144E+16	0	0	13.999196	0.732732	0	0
0	0	0	32.334415	8.023383	28.745334	8.023383	7.654456E+12	1.255404E-5	79655.629143	5.827943E+16	0	0	13.979791	0.725509	0	0
0	0	0	32.250243	8.04293	28.637888	8.04293	7.247948E+12	1.245632E-5	80280.525349	5.827752E+16	0	0	13.967584	0.718629	0	0
0	0	0	32.16527	8.061892	28.529698	8.061892	6.859456E+12	1.23627E-5	80888.50711	5.82757E+16	0	0	13.958639	0.711708	0	0
0	0	0	32.081669	8.080198	28.423345	8.080198	6.497555E+12	1.228809E-5	81379.604309	5.8274E+16	0	0	13.934415	0.704955	0	0
0	0	0	31.998052	8.096728	28.317714	8.096728	6.154672E+12	1.218228E-5	82086.447598	5.827239E+16	0	0	13.911881	0.698226	0	0
0	0	0	31.914697	8.112805	28.212538	8.112805	5.830864E+12	1.208948E-5	82716.537839	5.827087E+16	0	0	13.890939	0.691442	0	0
0	0	0	31.833024	8.128547	28.109434	8.128547	5.530113E+12	1.202516E-5	83158.994949	5.826946E+16	0	0	13.875168	0.685063	0	0
0	0	0	31.756332	8.143109	28.01267	8.143109	5.26184E+12	1.198242E-5	83455.590481	5.826821E+16	0	0	13.857506	0.678525	0	0
0	0	0	31.674839	8.156599	27.910709	8.156599	4.991009E+12	1.188595E-5	84132.968644	5.826694E+16	0	0	13.833115	0.671971	0	0
0	0	0	31.59114	8.169529	27.806369	8.169529	4.727347E+12	1.177465E-5	84928.217081	5.82657E+16	0	0	13.799154	0.66572	0	0
0	0	0	31.507556	8.181999	27.702331	8.181999	4.477942E+12	1.166987E-5	85690.776076	5.826453E+16	0	0	13.776443	0.659285	0	0
0	0	0	31.426928	8.193786	27.602043	8.193786	4.24983E+12	1.158233E-5	86338.406777	5.826346E+16	0	0	13.760686	0.653082	0	0
0	0	0	31.345631	8.204963	27.501213	8.204963	4.031584E+12	1.148606E-5	87062.055991	5.826244E+16	0	0	13.74113	0.647006	0	0
0	0	0	31.264856	8.215948	27.401049	8.215948	3.825838E+12	1.140863E-5	87652.920141	5.826147E+16	0	0	13.71244	0.640834	0	0
0	0	0	31.184489	8.226035	27.301751	8.226035	3.631551E+12	1.131419E-5	88384.582817	5.826056E+16	0	0	13.697808	0.634272	0	0
0	0	0	31.103012	8.23543	27.201439	8.23543	3.444646E+12	1.119891E-5	89294.381435	5.825968E+16	0	0	13.667534	0.628435	0	0
0	0	0	31.022352	8.244767	27.102083	8.244767	3.269088E+12	1.110864E-5	90020.03854	5.825886E+16	0	0	13.650906	0.622399	0	0
0	0	0	30.941659	8.253468	27.00296	8.253468	3.10241E+12	1.100591E-5	90860.284562	5.825808E+16	0	0	13.631932	0.61661	0	0
0	0	0	30.860819	8.262251	26.903594	8.262251	2.943947E+12	1.092897E-5	91499.946933	5.825733E+16	0	0	13.595139	0.611139	0	0
0	0	0	30.779766	8.270023	26.804434	8.270023	2.793192E+12	1.081389E-5	92473.628958	5.825663E+16	0	0	13.566031	0.605628	0	0
0	0	0	30.698305	8.278216	26.704563	8.278216	2.649453E+12	1.074292E-5	93084.519869	5.825595E+16	0	0	13.536425	0.600181	0	0
0	0	0	30.615963	8.285409	26.604108	8.285409	2.511673E+12	1.062585E-5	94110.156191	5.825531E+16	0	0	13.515993	0.594877	0	0
0	0	0	30.53442	8.292425	26.504657	8.292425	2.382292E+12	1.05235E-5	95025.384211	5.82547E+16	0	0	13.489173	0.589423	0	0
0	0	0	30.453711	8.299514	26.406127	8.299514	2.260796E+12	1.045321E-5	95664.354666	5.825413E+16	0	0	13.449306	0.584294	0	0
0	0	0	30.372691	8.305396	26.307798	8.305396	2.145063E+12	1.031794E-5	96918.564429	5.825359E+16	0	0	13.409753	0.57907	0	0
0	0	0	30.29092	8.311688	26.208361	8.311688	2.034263E+12	1.022596E-5	97790.367294	5.825307E+16	0	0	13.383685	0.573735	0	0
0	0	0	30.210112	8.317596	26.110227	8.317596	1.930391E+12	1.013258E-5	98691.507058	5.825258E+16	0	0	13.361157	0.568543	0	0
0	0	0	30.127818	8.323167	26.010487	8.323167	1.830056E+12	1.002359E-5	99764.681662	5.825211E+16	0	0	13.323463	0.563494	0	0
0	0	0	30.045475	8.328757	25.910661	8.328757	1.734881E+12	9.93575E-6	100646.655518	5.825166E+16	0	0	13.281228	0.558461	0	0
0	0	0	29.96274	8.334245	25.810404	8.334245	1.644237E+12	9.858067E-6	101439.760596	5.825124E+16	0	0	13.244808	0.553563	0	0
0	0	0	29.881753	8.338563	25.712772	8.338563	1.560096E+12	9.711844E-6	102967.056227	5.825084E+16	0	0	13.212579	0.548594	0	0
0	0	0	29.800292	8.343609	25.614202	8.343609	1.479805E+12	9.643657E-6	103695.098509	5.825047E+16	0	0	13.185017	0.543649	0	0
0	0	0	29.717803	8.348206	25.514627	8.348206	1.40271E+12	9.548801E-6	104725.193625	5.825011E+16	0	0	13.149022	0.53868	0	0
0	0	0	29.634708	8.352531	25.41446	8.352531	1.329109E+12	9.443998E-6	105887.361477	5.824976E+16	0	0	13.105399	0.533862	0	0
0	0	0	29.55199	8.356343	25.314982	8.356343	1.259677E+12	9.309914E-6	107412.378713	5.824944E+16	0	0	13.054776	0.529036	0	0
0	0	0	29.468716	8.360332	25.214744	8.360332	1.193441E+12	9.207137E-6	108611.390513	5.824913E+16	0	0	13.017696	0.52421	0	0
0	0	0	29.386193	8.364404	25.115336	8.364404	1.13124E+12	9.13628E-6	109453.737527	5.824883E+16	0	0	12.991305	0.519416	0	0
0	0	0	29.302903	8.367598	25.015458	8.367598	1.071746E+12	8.985989E-6	111284.355262	5.824855E+16	0	0	12.942901	0.51479	0	0
0	0	0	29.220348	8.3708	24.916432	8.3708	1.015864E+12	8.856239E-6	112914.742368	5.824829E+16	0	0	12.896704	0.510115	0	0
0	0	0	29.135456	8.374198	24.814537	8.374198	9.61439E+11	8.751186E-6	114270.227627	5.824804E+16	0	0	12.854508	0.50552	0	0
0	0	0	29.051317	8.377465	24.713584	8.377465	9.103728E+11	8.65302E-6	115566.582146	5.82478E+16	0	0	12.81322	0.500981	0	0
0	0	0	28.96703	8.380517	24.612558	8.380517	8.619365E+11	8.545896E-6	117015.228476	5.824757E+16	0	0	12.77766	0.496434	0	0
0	0	0	28.881959	8.383335	24.510717	8.383335	8.156622E+11	8.42236E-6	118731.571916	5.824735E+16	0	0	12.726125	0.492014	0	0
0	0	0	28.796725	8.386115	24.408694	8.386115	7.717902E+11	8.309226E-6	120348.153648	5.824715E+16	0	0	12.678359	0.487627	0	0
0	0	0	28.709319	8.388578	24.304263	8.388578	7.292495E+11	8.159436E-6	122557.487863	5.824695E+16	0	0	12.632815	0.483199	0	0
0	0	0	28.622467	8.391105	24.200444	8.391105	6.893017E+11	8.036316E-6	124435.121942	5.824676E+16	0	0	12.596498	0.478795	0	0
0	0	0	28.535012	8.393839	24.095794	8.393839	6.512868E+11	7.954272E-6	125718.609738	5.824658E+16	0	0	12.556455	0.474407	0	0
0	0	0	28.447327	8.396506	23.990898	8.396506	6.15277E+11	7.880279E-6	126899.064172	5.824641E+16	0	0	12.497811	0.470179	0	0
0	0	0	28.358124	8.398519	23.884549	8.398519	5.806856E+11	7.720864E-6	129519.183617	5.824625E+16	0	0	12.446176	0.465918	0	0
0	0	0	28.269067	8.400822	23.77821	8.400822	5.480911E+11	7.619858E-6	131236.044102	5.82461E+16	0	0	12.39278	0.461746	0	0
0	0	0	28.178263	8.402863	23.66994	8.402863	5.167399E+11	7.486684E-6	133570.485763	5.824595E+16	0	0	12.356259	0.457549	0	0
0	0	0	28.086381	8.404773	23.560459	8.404773	4.868414E+11	7.343049E-6	136183.218846	5.824581E+16	0	0	12.312335	0.453312	0	0
0	0	0	27.996263	8.407084	23.452837	8.407084	4.591979E+11	7.288118E-6	137209.638313	5.824568E+16	0	0	12.247303	0.449355	0	0
0	0	0	27.905181	8.408806	23.344388	8.408806	4.328534E+11	7.148401E-6	139891.419545	5.824556E+16	0	0	12.194783	0.445214	0	0
0	0	0	27.808137	8.410332	23.229	8.410332	4.064452E+11	6.962273E-6	143631.252696	5.824543E+16	0	0	12.148869	0.44112	0	0
0	0	0	27.712824	8.41255	23.115272	8.41255	3.82077E+11	6.91943E-6	144520.576057	5.824532E+16	0	0	12.094288	0.437163	0	0
0	0	0	27.617087	8.414423	23.001223	8.414423	3.590708E+11	6.832924E-6	146350.23113	5.824521E+16	0	0	12.042455	0.433284	0	0
0	0	0	27.522248	8.416154	22.888305	8.416154	3.376466E+11	6.741795E-6	148328.452256	5.824511E+16	0	0	11.980577	0.429446	0	0
0	0	0	27.426625	8.417194	22.774836	8.417194	3.173392E+11	6.52947E-6	153151.793255	5.824502E+16	0	0	11.925713	0.425608	0	0
0	0	0	27.330332	8.418841	22.660235	8.418841	2.981236E+11	6.445348E-6	155150.648679	5.824493E+16	0	0	11.875907	0.421817	0	0
0	0	0	27.232488	8.420002	22.544066	8.420002	2.797897E+11	6.27337E-6	159403.953139	5.824484E+16	0	0	11.827999	0.418122	0	0
0	0	0	27.135101	8.421248	22.428385	8.421248	2.626612E+11	6.133302E-6	163044.307381	5.824476E+16	0	0	11.76562	0.414507	0	0
0	0	0	27.037861	8.422483	22.312878	8.422483	2.466048E+11	6.005248E-6	166521.010945	5.824468E+16	0	0	11.700612	0.410772	0	0
0	0	0	26.93915	8.423579	22.195709	8.423579	2.313092E+11	5.855296E-6	170785.550163	5.824461E+16	0	0	11.646227	0.407244	0	0
0	0	0	26.838121	8.42487	22.075685	8.42487	2.166361E+11	5.7518E-6	173858.61664	5.824454E+16	0	0	11.593552	0.403549	0	0
0	0	0	26.738136	8.425909	21.957034	8.425909	2.030314E+11	5.611169E-6	178215.971843	5.824448E+16	0	0	11.533967	0.400165	0	0
0	0	0	26.636796	8.42707	21.836707	8.42707	1.901138E+11	5.5058E-6	181626.632616	5.824442E+16	0	0	11.467355	0.396725	0	0
0	0	0	26.53544	8.428118	21.716421	8.428118	1.780162E+11	5.388517E-6	185579.818933	5.824436E+16	0	0	11.404172	0.393213	0	0
0	0	0	26.433087	8.429166	21.594954	8.429166	1.665807E+11	5.281092E-6	189354.783069	5.824431E+16	0	0	11.34938	0.389693	0	0
0	0	0	26.327957	8.43028	21.470165	8.43028	1.555992E+11	5.194203E-6	192522.324766	5.824426E+16	0	0	11.290374	0.386221	0	0
0	0	0	26.221537	8.431047	21.344047	8.431047	1.4522E+11	5.031422E-6	198750.951736	5.824421E+16	0	0	11.223286	0.382884	0	0
0	0	0	26.114513	8.431796	21.217222	8.431796	1.3548E+11	4.874153E-6	205163.832598	5.824416E+16	0	0	11.155307	0.379404	0	0
0	0	0	26.005659	8.432535	21.08824	8.432535	1.262434E+11	4.720796E-6	211828.680319	5.824412E+16	0	0	11.096752	0.376044	0	0
0	0	0	25.894616	8.433397	20.956597	8.433397	1.174696E+11	4.603916E-6	217206.410214	5.824408E+16	0	0	11.033358	0.372787	0	0
0	0	0	25.78274	8.434547	20.823796	8.434547	1.092465E+11	4.575701E-6	218545.769887	5.824404E+16	0	0	10.969505	0.369617	0	0
0	0	0	25.672122	8.434838	20.692983	8.434838	1.01682E+11	4.334108E-6	230727.991152	5.8244E+16	0	0	10.894855	0.36632	0	0
0	0	0	25.562206	8.435905	20.562539	8.435905	9.468433E+10	4.315389E-6	231728.798971	5.824397E+16	0	0	10.837175	0.362912	0	0
0	0	0	25.452895	8.436037	20.433359	8.436037	8.820284E+10	4.054677E-6	246628.783423	5.824394E+16	0	0	10.766316	0.359934	0	0
0	0	0	25.342717	8.436832	20.30276	8.436832	8.211891E+10	3.982454E-6	251101.436656	5.824391E+16	0	0	10.695512	0.356908	0	0
0	0	0	25.231675	8.437375	20.171286	8.437375	7.641169E+10	3.850088E-6	259734.310302	5.824389E+16	0	0	10.634834	0.353643	0	0
0	0	0	25.119309	8.437843	20.038291	8.437843	7.104012E+10	3.70387E-6	269987.855526	5.824386E+16	0	0	10.558619	0.350609	0	0
0	0	0	25.004672	8.438142	19.902715	8.438142	6.594896E+10	3.516719E-6	284355.967622	5.824384E+16	0	0	10.500027	0.347575	0	0
0	0	0	24.886769	8.438863	19.763023	8.438863	6.109304E+10	3.446396E-6	290158.199055	5.824381E+16	0	0	10.424916	0.344564	0	0
0	0	0	24.768098	8.439714	19.622341	8.439714	5.65665E+10	3.42539E-6	291937.560138	5.824379E+16	0	0	10.34939	0.341666	0	0
0	0	0	24.648152	8.439752	19.480648	8.439752	5.233207E+10	3.179371E-6	314527.663735	5.824377E+16	0	0	10.288909	0.338568	0	0
0	0	0	24.525332	8.440593	19.335064	8.440593	4.832441E+10	3.16662E-6	315794.130589	5.824375E+16	0	0	10.229898	0.33555	0	0
0	0	0	24.399719	8.440977	19.18646	8.440977	4.454287E+10	3.02727E-6	330330.671169	5.824374E+16	0	0	10.158477	0.332747	0	0
0	0	0	24.270708	8.441295	19.033881	8.441295	4.096687E+10	2.872758E-6	348097.553879	5.824372E+16	0	0	10.071235	0.32984	0	0
0	0	0	24.140064	8.441586	18.879389	8.441586	3.763805E+10	2.718134E-6	367899.451352	5.82437E+16	0	0	10.003182	0.326854	0	0
0	0	0	24.00362	8.442119	18.717893	8.442119	3.444988E+10	2.632318E-6	379893.322366	5.824369E+16	0	0	9.932742	0.32413	0	0
0	0	0	23.866458	8.442418	18.555692	8.442418	3.151707E+10	2.489394E-6	401704.222223	5.824368E+16	0	0	9.858142	0.321351	0	0
0	0	0	23.725687	8.443045	18.389019	8.443045	2.87665E+10	2.444537E-6	409075.376701	5.824366E+16	0	0	9.774091	0.318628	0	0
0	0	0	23.581713	8.443204	18.218857	8.443204	2.62015E+10	2.270346E-6	440461.504746	5.824365E+16	0	0	9.697764	0.315785	0	0
0	0	0	23.433313	8.443812	18.043179	8.443812	2.379678E+10	2.229296E-6	448572.024309	5.824364E+16	0	0	9.61686	0.313189	0	0
0	0	0	23.282985	8.444018	17.865478	8.444018	2.158576E+10	2.07933E-6	480924.090296	5.824363E+16	0	0	9.53936	0.310561	0	0
0	0	0	23.127218	8.444299	17.681303	8.444299	1.951119E+10	1.954813E-6	511557.972603	5.824362E+16	0	0	9.447742	0.307901	0	0
0	0	0	22.968527	8.44472	17.49358	8.44472	1.76026E+10	1.876338E-6	532952.944205	5.824361E+16	0	0	9.373057	0.305249	0	0
0	0	0	22.806341	8.445019	17.301805	8.445019	1.584473E+10	1.76942E-6	565156.938902	5.82436E+16	0	0	9.294019	0.302637	0	0
0	0	0	22.639972	8.445477	17.104985	8.445477	1.422377E+10	1.713341E-6	583654.805632	5.824359E+16	0	0	9.205428	0.300184	0	0
0	0	0	22.4697	8.445917	16.903561	8.445917	1.273635E+10	1.659361E-6	602641.596145	5.824359E+16	0	0	9.137369	0.29758	0	0
0	0	0	22.294903	8.446085	16.69697	8.446085	1.137104E+10	1.529314E-6	653887.753805	5.824358E+16	0	0	9.062895	0.295088	0	0
0	0	0	22.114503	8.446123	16.483845	8.446123	1.011526E+10	1.370299E-6	729767.483605	5.824358E+16	0	0	8.969713	0.292603	0	0
0	0	0	21.930772	8.446703	16.266421	8.446703	8.978738E+9	1.3696E-6	730140.196313	5.824357E+16	0	0	8.885225	0.290095	0	0
0	0	0	21.742793	8.446722	16.044354	8.446722	7.947984E+9	1.217371E-6	821442.49721	5.824357E+16	0	0	8.801923	0.287634	0	0
0	0	0	21.550044	8.44704	15.816449	8.44704	7.013824E+9	1.154403E-6	866248.898425	5.824356E+16	0	0	8.713188	0.285309	0	0
0	0	0	21.354339	8.447339	15.585062	8.447339	6.177601E+9	1.09352E-6	914478.197185	5.824356E+16	0	0	8.6197	0.282761	0	0
0	0	0	21.152083	8.447825	15.345806	8.447825	5.418006E+9	1.093114E-6	914817.308403	5.824355E+16	0	0	8.529839	0.280435	0	0
0	0	0	20.946152	8.44762	15.102682	8.44762	4.740494E+9	9.030755E-7	1107327.137179	5.824355E+16	0	0	8.438348	0.278086	0	0
0	0	0	20.737428	8.447975	14.855871	8.447975	4.140196E+9	8.729112E-7	1145591.906597	5.824355E+16	0	0	8.353556	0.275657	0	0
0	0	0	20.525666	8.448256	14.605519	8.448256	3.608795E+9	8.308987E-7	1203516.208999	5.824355E+16	0	0	8.264207	0.273316	0	0
0	0	0	20.308955	8.448555	14.349305	8.448555	3.135517E+9	8.005119E-7	1249200.717694	5.824354E+16	0	0	8.184849	0.270943	0	0
0	0	0	20.086673	8.448536	14.086734	8.448536	2.714481E+9	6.88364E-7	1452719.794766	5.824354E+16	0	0	8.088975	0.268618	0	0
0	0	0	19.862447	8.448508	13.821873	8.448508	2.347021E+9	5.892295E-7	1697131.605723	5.824354E+16	0	0	8.000987	0.266444	0	0
0	0	0	19.634334	8.449013	13.552037	8.449013	2.024192E+9	6.201793E-7	1612437.012319	5.824354E+16	0	0	7.890804	0.264301	0	0
0	0	0	19.403575	8.448994	13.279449	8.448994	1.742774E+9	5.29652E-7	1888032.215419	5.824354E+16	0	0	7.790735	0.262048	0	0
0	0	0	19.16718	8.449303	12.999965	8.449303	1.495005E+9	5.244151E-7	1906886.191711	5.824354E+16	0	0	7.707322	0.259818	0	0
0	0	0	18.930458	8.449182	12.720408	8.449182	1.28219E+9	4.24024E-7	2358357.077481	5.824353E+16	0	0	7.615267	0.257612	0	0
0	0	0	18.690895	8.449443	12.437212	8.449443	1.097644E+9	4.140694E-7	2415054.203021	5.824353E+16	0	0	7.527969	0.255526	0	0
0	0	0	18.448374	8.449462	12.150701	8.449462	9.378584E+8	3.573929E-7	2798041.286112	5.824353E+16	0	0	7.437652	0.253352	0	0
0	0	0	18.201444	8.449612	11.858881	8.449612	7.990441E+8	3.314144E-7	3017370.256515	5.824353E+16	0	0	7.353103	0.251226	0	0
0	0	0	17.954774	8.449621	11.567474	8.449621	6.808914E+8	2.839836E-7	3521329.596066	5.824353E+16	0	0	7.262613	0.249195	0	0
0	0	0	17.706422	8.450032	11.273774	8.450032	5.795767E+8	3.199283E-7	3125700.111134	5.824353E+16	0	0	7.181281	0.2471	0	0
0	0	0	17.456176	8.449958	10.978204	8.449958	4.927314E+8	2.56886E-7	3892777.790846	5.824353E+16	0	0	7.092755	0.24507	0	0
0	0	0	17.204018	8.450051	10.680247	8.450051	4.183802E+8	2.344031E-7	4266155.417836	5.824353E+16	0	0	7.015489	0.242888	0	0
0	0	0	16.951664	8.450107	10.382086	8.450107	3.552031E+8	2.083382E-7	4799888.83249	5.824353E+16	0	0	6.932089	0.241016	0	0
0	0	0	16.703607	8.450201	10.088971	8.450201	3.024076E+8	1.924047E-7	5197377.689843	5.824353E+16	0	0	6.839466	0.239057	0	0
0	0	0	16.44846	8.450397	9.787399	8.450397	2.56278E+8	1.983551E-7	5041463.61536	5.824353E+16	0	0	6.754046	0.237043	0	0
0	0	0	16.193411	8.450304	9.48617	8.450304	2.171989E+8	1.524006E-7	6561654.925022	5.824353E+16	0	0	6.668189	0.235227	0	0
0	0	0	15.938999	8.450453	9.185501	8.450453	1.84155E+8	1.51934E-7	6581806.935219	5.824353E+16	0	0	6.578278	0.23326	0	0
0	0	0	15.684162	8.450434	8.884463	8.450434	1.560952E+8	1.260157E-7	7935520.115319	5.824353E+16	0	0	6.502576	0.231373	0	0
0	0	0	15.427594	8.450836	8.58104	8.450836	1.321624E+8	1.984456E-7	5039165.354162	5.824353E+16	0	0	6.413685	0.229525	0	0
0	0	0	15.172251	8.450481	8.279677	8.450481	1.11988E+8	9.554607E-8	1.046616E+7	5.824353E+16	0	0	6.327526	0.227566	0	0
0	0	0	14.917055	8.450734	7.977993	8.450734	9.490223E+7	1.168063E-7	8561180.427595	5.824353E+16	0	0	6.232252	0.225822	0	0
0	0	0	14.662496	8.450958	7.677081	8.450958	8.045643E+7	1.632562E-7	6125342.096329	5.824353E+16	0	0	6.149562	0.223975	0	0
0	0	0	14.407561	8.450752	7.376082	8.450752	6.819292E+7	8.677871E-8	1.152356E+7	5.824353E+16	0	0	6.064568	0.222223	0	0
0	0	0	14.155207	8.450724	7.077984	8.450724	5.789552E+7	7.011041E-8	1.426322E+7	5.824353E+16	0	0	5.981585	0.220439	0	0
0	0	0	13.903262	8.450752	6.780323	8.450752	4.916609E+7	6.256686E-8	1.59829E+7	5.824353E+16	0	0	5.903194	0.218655	0	0
0	0	0	13.650663	8.450967	6.48173	8.450967	4.173518E+7	8.704137E-8	1.148879E+7	5.824353E+16	0	0	5.827164	0.216919	0	0
0	0	0	13.399208	8.451098	6.184558	8.451098	3.545365E+7	1.209923E-7	8264988.237163	5.824353E+16	0	0	5.744166	0.215279	0	0
0	0	0	13.150333	8.450893	5.890722	8.450893	3.016802E+7	5.147866E-8	1.942553E+7	5.824353E+16	0	0	5.665683	0.213551	0	0
0	0	0	12.905363	8.451079	5.601161	8.451079	2.573549E+7	8.05098E-8	1.242085E+7	5.824353E+16	0	0	5.578354	0.211767	0	0
0	0	0	12.654593	8.450752	5.305195	8.450752	2.18718E+7	2.783365E-8	3.592773E+7	5.824353E+16	0	0	5.495361	0.21015	0	0
0	0	0	12.408414	8.451164	5.014008	8.451164	1.86436E+7	9.331758E-8	1.071609E+7	5.824353E+16	0	0	5.411475	0.208398	0	0
0	0	0	12.1623	8.451108	4.723306	8.451108	1.589254E+7	5.682063E-8	1.759924E+7	5.824353E+16	0	0	5.328527	0.206838	0	0
0	0	0	11.915827	8.450995	4.43223	8.450995	1.354427E+7	3.081618E-8	3.245049E+7	5.824353E+16	0	0	5.239976	0.205157	0	0
0	0	0	11.67017	8.451229	4.141811	8.451229	1.154909E+7	1.083878E-7	9226133.421402	5.824353E+16	0	0	5.161158	0.20335	0	0
0	0	0	11.426212	8.451379	3.853473	8.451379	9858684	-9.253152E-8	-1.080713E+7	5.824353E+16	0	0	5.074293	0.201908	0	0
0	0	0	11.183463	8.451136	3.566915	8.451136	8422295	3.513131E-8	2.846464E+7	5.824353E+16	0	0	4.986688	0.200252	0	0
0	0	0	10.941205	8.45093	3.280904	8.45093	7197473	1.351016E-8	7.401835E+7	5.824353E+16	0	0	4.903083	0.198643	0	0
0	0	0	10.698766	8.451444	2.994027	8.451444	6150055	-3.078482E-8	-3.248354E+7	5.824353E+16	0	0	4.817963	0.19709	0	0
0	0	0	10.4585	8.451453	2.710174	8.451453	5262475	-2.46955E-8	-4.049321E+7	5.824353E+16	0	0	4.736052	0.195418	0	0
0	0	0	10.218315	8.451266	2.426598	8.451266	4503230	8.452621E-8	1.183065E+7	5.824353E+16	0	0	4.650595	0.193977	0	0
0	0	0	9.980385	8.451294	2.145488	8.451294	3859164	2.897226E-7	3451577.789013	5.824353E+16	0	0	4.574437	0.192448	0	0
0	0	0	9.741344	8.451238	1.863144	8.451238	3304832	3.544769E-8	2.821059E+7	5.824353E+16	0	0	4.478078	0.190935	0	0
0	0	0	9.506223	8.45165	1.584993	8.45165	2837331	-5.757745E-9	-1.736791E+8	5.824353E+16	0	0	4.390626	0.189485	0	0
0	0	0	9.271625	8.451201	1.308267	8.451201	2436789	1.66328E-8	6.012218E+7	5.824353E+16	0	0	4.304999	0.187972	0	0
0	0	0	9.036308	8.451229	1.030244	8.451229	2091815	1.963237E-8	5.093628E+7	5.824353E+16	0	0	4.227904	0.186443	0	0
0	0	0	8.8022	8.451566	0.753355	8.451566	1797087	-4.818979E-9	-2.075128E+8	5.824353E+16	0	0	4.139612	0.184922	0	0
0	0	0	8.571441	8.45136	0.480938	8.45136	1547243	-1.936216E-8	-5.164712E+7	5.824353E+16	0	0	4.055836	0.183513	0	0
0	0	0	8.340992	8.451238	0.208808	8.451238	1332402	1.42915E-8	6.997167E+7	5.824353E+16	0	0	3.97711	0.182079	0	0
0	0	0	8.110331	8.451023	-0.06348	8.451023	1147234	2.871265E-9	3.482785E+8	5.824353E+16	0	0	3.908824	0.180614	0	0
0	0	0	7.880257	8.451182	-0.335436	8.451182	988177	5.707336E-9	1.752131E+8	5.824353E+16	0	0	3.813396	0.179213	0	0
0	0	0	7.652503	8.451509	-0.604817	8.451509	852454	-2.909323E-9	-3.437226E+8	5.824353E+16	0	0	3.73576	0.177819	0	0
0	0	0	7.425354	8.451388	-0.873047	8.451388	735660	-6.137321E-9	-1.629375E+8	5.824353E+16	0	0	3.651214	0.176473	0	0
0	0	0	7.199495	8.451472	-1.139954	8.451472	635400	-2.650442E-9	-3.772956E+8	5.824353E+16	0	0	3.575891	0.175048	0	0
0	0	0	6.971692	8.451547	-1.409149	8.451547	548112	-1.582848E-9	-6.317724E+8	5.824353E+16	0	0	3.495299	0.173718	0	0
0	0	0	6.748757	8.45136	-1.672333	8.45136	474311	-5.935483E-9	-1.684783E+8	5.824353E+16	0	0	3.413608	0.172348	0	0
0	0	0	6.524368	8.451388	-1.937448	8.451388	410060	-3.420965E-9	-2.923152E+8	5.824353E+16	0	0	3.339097	0.17109	0	0
0	0	0	6.301678	8.451341	-2.200481	8.451341	354903	-6.661836E-9	-1.501088E+8	5.824353E+16	0	0	3.254393	0.169784	0	0
0	0	0	6.077844	8.451584	-2.465158	8.451584	306938	-7.681971E-10	-1.301749E+9	5.824353E+16	0	0	3.183199	0.168422	0	0
0	0	0	5.855922	8.451304	-2.727047	8.451304	265784	0.002507	398.867916	5.824353E+16	0	0	3.111535	0.167156	0	0
0	0	0	5.63565	8.451481	-2.987452	8.451481	230395	-9.104638E-10	-1.098341E+9	5.824353E+16	0	0	3.025238	0.165786	0	0
0	0	0	5.415998	8.45164	-3.247107	8.45164	199798	-4.16708E-10	-2.399762E+9	5.824353E+16	0	0	2.947596	0.164536	0	0
0	0	0	5.193765	8.451659	-3.509667	8.451659	172975	-3.417771E-10	-2.925884E+9	5.824353E+16	0	0	2.877196	0.16331	0	0
0	0	0	4.973884	8.451379	-3.76914	8.451379	149981	-1.407634E-9	-7.104122E+8	5.824353E+16	0	0	2.795102	0.161972	0	0
0	0	0	4.75438	8.451594	-4.02868	8.451594	130076	-3.150494E-10	-3.174106E+9	5.824353E+16	0	0	2.725632	0.160849	0	0
0	0	0	4.533127	8.451687	-4.290161	8.451687	112685	-2.063599E-10	-4.845902E+9	5.824353E+16	0	0	2.658194	0.159455	0	0
0	0	0	4.310731	8.451668	-4.552876	8.451668	97546	-1.877967E-10	-5.324907E+9	5.824353E+16	0	0	2.58165	0.158197	0	0
0	0	0	4.086375	8.451771	-4.818034	8.451771	84334	-1.266414E-10	-7.89631E+9	5.824353E+16	0	0	2.509765	0.15713	0	0
0	0	0	3.860026	8.451509	-5.085162	8.451509	72817	-2.485154E-10	-4.023896E+9	5.824353E+16	0	0	2.442152	0.155784	0	0
0	0	0	3.626146	8.451612	-5.361571	8.451612	62567	-1.423556E-10	-7.024663E+9	5.824353E+16	0	0	2.374224	0.15455	0	0
0	0	0	3.389229	8.451762	-5.64162	8.451762	53654	-8.221464E-11	-1.216328E+10	5.824353E+16	0	0	2.303082	0.153356	0	0
0	0	0	3.160087	8.451809	-5.912375	8.451809	46243	-6.429769E-11	-1.555266E+10	5.824353E+16	0	0	2.233568	0.152288	0	0
0	0	0	2.947165	8.45179	-6.163897	8.45179	40277	-5.815631E-11	-1.719504E+10	5.824353E+16	0	0	2.161876	0.151062	0	0
0	0	0	2.747898	8.451594	-6.399094	8.451594	35393	-8.572328E-11	-1.166544E+10	5.824353E+16	0	0	2.102661	0.149852	0	0
0	0	0	2.563774	8.451556	-6.616574	8.451556	31409	-8.734408E-11	-1.144897E+10	5.824353E+16	0	0	2.032106	0.148729	0	0
0	0	0	2.390382	8.451463	-6.821314	8.451463	28067	-1.239625E-10	-8.066958E+9	5.824353E+16	0	0	1.9642	0.147534	0	0
0	0	0	2.228506	8.451986	-7.013123	8.451986	25269	-2.599012E-11	-3.847616E+10	5.824353E+16	0	0	1.899709	0.146451	0	0
0	0	0	2.079616	8.452229	-7.189286	8.452229	22943	-1.740036E-11	-5.747009E+10	5.824353E+16	0	0	1.838956	0.145312	0	0
0	0	0	1.939742	8.451827	-7.35409	8.451827	20953	-2.80932E-11	-3.55958E+10	5.824353E+16	0	0	1.78406	0.144158	0	0
0	0	0	1.810584	8.451537	-7.506355	8.451537	19269	-5.787117E-11	-1.727976E+10	5.824353E+16	0	0	1.717195	0.143043	0	0
0	0	0	1.692175	8.451528	-7.646232	8.451528	17844	-5.58244E-11	-1.791331E+10	5.824353E+16	0	0	1.654974	0.141976	0	0
0	0	0	1.580838	8.451771	-7.778032	8.451771	16601	-2.492914E-11	-4.011369E+10	5.824353E+16	0	0	1.601717	0.140885	0	0
0	0	0	1.47329	8.4515	-7.904785	8.4515	15482	-5.535424E-11	-1.806546E+10	5.824353E+16	0	0	1.546799	0.139666	0	0
0	0	0	1.373813	8.451752	-8.022587	8.451752	14515	-2.270486E-11	-4.404343E+10	5.824353E+16	0	0	1.49104	0.138711	0	0
0	0	0	1.282486	8.451678	-8.130395	8.451678	13680	-2.567847E-11	-3.894312E+10	5.824353E+16	0	0	1.433326	0.137755	0	0
0	0	0	1.196761	8.451612	-8.231595	8.451612	12940	-2.944174E-11	-3.396539E+10	5.824353E+16	0	0	1.376371	0.13676	0	0
0	0	0	1.115252	8.451715	-8.328004	8.451715	12274	-2.094482E-11	-4.774451E+10	5.824353E+16	0	0	1.328486	0.135661	0	0
0	0	0	1.040308	8.451734	-8.416562	8.451734	11691	-1.908257E-11	-5.240384E+10	5.824353E+16	0	0	1.280568	0.134673	0	0
0	0	0	0.970543	8.451416	-8.498625	8.451416	11174	-6.991503E-11	-1.430308E+10	5.824353E+16	0	0	1.229412	0.133574	0	0
0	0	0	0.903555	8.451874	-8.578277	8.451874	10699	-1.316911E-11	-7.593527E+10	5.824353E+16	0	0	1.169978	0.132563	0	0
0	0	0	0.841483	8.451463	-8.651146	8.451463	10276	-4.538562E-11	-2.203341E+10	5.824353E+16	0	0	1.121301	0.131615	0	0
0	0	0	0.783266	8.451472	-8.719932	8.451472	9895	-4.127493E-11	-2.422778E+10	5.824353E+16	0	0	1.076406	0.130349	0	0
0	0	0	0.728921	8.451612	-8.784292	8.451612	9553	-2.173547E-11	-4.600776E+10	5.824353E+16	0	0	1.036153	0.129179	0	0
0	0	0	0.676569	8.451622	-8.846151	8.451622	9234	-2.039173E-11	-4.903949E+10	5.824353E+16	0	0	0.985794	0.128167	0	0
0	0	0	0.628185	8.451584	-8.903267	8.451584	8948	-2.239483E-11	-4.465316E+10	5.824353E+16	0	0	0.947402	0.12714	0	0
0	0	0	0.582546	8.451612	-8.957216	8.451612	8687	-1.97651E-11	-5.059423E+10	5.824353E+16	0	0	0.902436	0.126137	0	0
0	0	0	0.538247	8.451883	-9.009857	8.451883	8441	-1.022222E-11	-9.782609E+10	5.824353E+16	0	0	0.867319	0.125197	0	0
0	0	0	0.497933	8.451771	-9.057356	8.451771	8224	-1.234969E-11	-8.097367E+10	5.824353E+16	0	0	0.82921	0.124233	0	0
0	0	0	0.458812	8.451528	-9.103299	8.451528	8017	-2.508094E-11	-3.987092E+10	5.824353E+16	0	0	0.789876	0.123166	0	0
0	0	0	0.422957	8.451594	-9.14573	8.451594	7833	-1.897184E-11	-5.270969E+10	5.824353E+16	0	0	0.75392	0.122306	0	0
0	0	0	0.38885	8.451818	-9.186277	8.451818	7661	-1.045842E-11	-9.561678E+10	5.824353E+16	0	0	0.712048	0.121462	0	0
0	0	0	0.35654	8.45165	-9.224257	8.45165	7503	-1.522567E-11	-6.567857E+10	5.824353E+16	0	0	0.688489	0.12057	0	0
0	0	0	0.325652	8.451706	-9.260812	8.451706	7354	-1.284098E-11	-7.787566E+10	5.824353E+16	0	0	0.657352	0.119654	0	0
0	0	0	0.297197	8.451463	-9.294152	8.451463	7219	-3.188388E-11	-3.136381E+10	5.824353E+16	0	0	0.61812	0.118778	0	0
0	0	0	0.269575	8.45164	-9.326986	8.45164	7091	-1.478932E-11	-6.761638E+10	5.824353E+16	0	0	0.590239	0.117839	0	0
0	0	0	0.24357	8.45165	-9.357718	8.45165	6972	-1.414812E-11	-7.068077E+10	5.824353E+16	0	0	0.563206	0.116907	0	0
0	0	0	0.218153	8.451584	-9.38767	8.451584	6859	-1.716654E-11	-5.825287E+10	5.824353E+16	0	0	0.539687	0.116031	0	0
0	0	0	0.194762	8.451622	-9.415347	8.451622	6755	-1.491728E-11	-6.703637E+10	5.824353E+16	0	0	0.512358	0.115147	0	0
0	0	0	0.172776	8.451706	-9.441417	8.451706	6660	-1.162917E-11	-8.599063E+10	5.824353E+16	0	0	0.478181	0.114295	0	0
0	0	0	0.151459	8.451706	-9.4666	8.451706	6568	-1.146853E-11	-8.719513E+10	5.824353E+16	0	0	0.454399	0.113547	0	0
0	0	0	0.132364	8.451556	-9.488988	8.451556	6487	-1.803945E-11	-5.543407E+10	5.824353E+16	0	0	0.435124	0.112655	0	0
0	0	0	0.112632	8.451837	-9.512619	8.451837	6405	-8.436987E-12	-1.185257E+11	5.824353E+16	0	0	0.405654	0.111731	0	0
0	0	0	0.09419	8.451846	-9.534416	8.451846	6328	-8.191842E-12	-1.220727E+11	5.824353E+16	0	0	0.387709	0.110879	0	0
0	0	0	0.0781	8.451556	-9.553094	8.451556	6263	-1.741653E-11	-5.74167E+10	5.824353E+16	0	0	0.377619	0.109995	0	0
0	0	0	0.061406	8.451818	-9.573114	8.451818	6195	-8.457105E-12	-1.182438E+11	5.824353E+16	0	0	0.355391	0.109191	0	0
0	0	0	0.046705	8.451855	-9.590525	8.451855	6137	-7.809931E-12	-1.280421E+11	5.824353E+16	0	0	0.322672	0.108331	0	0
0	0	0	0.032265	8.451491	-9.607168	8.451491	6079	-2.282156E-11	-4.381822E+10	5.824353E+16	0	0	0.3153	0.107534	0	0
0	0	0	0.018871	8.451743	-9.62328	8.451743	6027	-9.628229E-12	-1.038613E+11	5.824353E+16	0	0	0.292738	0.106778	0	0
0	0	0	0.006064	8.451706	-9.638366	8.451706	5977	-1.043657E-11	-9.58169E+10	5.824353E+16	0	0	0.276118	0.105942	0	0
0	0	0	-0.007493	8.451594	-9.654255	8.451594	5924	-1.434817E-11	-6.969531E+10	5.824353E+16	0	0	0.265747	0.105233	0	0
0	0	0	-0.019107	8.451706	-9.668104	8.451706	5880	-1.02672E-11	-9.739755E+10	5.824353E+16	0	0	0.244707	0.104452	0	0
0	0	0	-0.030313	8.451481	-9.681085	8.451481	5837	-2.306637E-11	-4.335317E+10	5.824353E+16	0	0	0.229485	0.103704	0	0
0	0	0	-0.04044	8.451509	-9.693082	8.451509	5799	-1.979126E-11	-5.052734E+10	5.824353E+16	0	0	0.228044	0.102923	0	0
0	0	0	-0.050323	8.451706	-9.704981	8.451706	5762	-1.006116E-11	-9.939215E+10	5.824353E+16	0	0	0.210897	0.102183	0	0
0	0	0	-0.059552	8.451865	-9.716066	8.451865	5728	-7.167948E-12	-1.395099E+11	5.824353E+16	0	0	0.199149	0.101371	0	0
0	0	0	-0.067931	8.451594	-9.725655	8.451594	5697	-1.379836E-11	-7.247236E+10	5.824353E+16	0	0	0.189361	0.100678	0	0
0	0	0	-0.076197	8.451631	-9.735463	8.451631	5666	-1.215491E-11	-8.22713E+10	5.824353E+16	0	0	0.180409	0.099905	0	0
0	0	0	-0.083351	8.451696	-9.74399	8.451696	5640	-1.008261E-11	-9.918068E+10	5.824353E+16	0	0	0.167958	0.099212	0	0
0	0	0	-0.090931	8.45179	-9.753051	8.45179	5613	-8.10466E-12	-1.233858E+11	5.824353E+16	0	0	0.146534	0.098464	0	0
0	0	0	-0.097824	8.451762	-9.761162	8.451762	5588	-8.562556E-12	-1.167876E+11	5.824353E+16	0	0	0.154975	0.097691	0	0
0	0	0	-0.10377	8.451416	-9.767791	8.451416	5566	-3.482612E-11	-2.871408E+10	5.824353E+16	0	0	0.133985	0.096927	0	0
0	0	0	-0.110222	8.451678	-9.775713	8.451678	5543	-1.040466E-11	-9.611076E+10	5.824353E+16	0	0	0.120738	0.09633	0	0
0	0	0	-0.116429	8.451818	-9.783206	8.451818	5520	-7.535629E-12	-1.327029E+11	5.824353E+16	0	0	0.117267	0.095756	0	0
0	0	0	-0.121934	8.451696	-9.78957	8.451696	5501	-9.834119E-12	-1.016868E+11	5.824353E+16	0	0	0.127502	0.094896	0	0
0	0	0	-0.126671	8.451519	-9.794963	8.451519	5484	-1.790246E-11	-5.585825E+10	5.824353E+16	0	0	0.110702	0.094188	0	0
0	0	0	-0.131163	8.451575	-9.800334	8.451575	5468	-1.415708E-11	-7.063605E+10	5.824353E+16	0	0	0.109683	0.093582	0	0
0	0	0	-0.136439	8.451481	-9.80646	8.451481	5449	-2.153309E-11	-4.644016E+10	5.824353E+16	0	0	0.10523	0.092977	0	0
0	0	0	-0.140457	8.451472	-9.811197	8.451472	5435	-2.267097E-11	-4.410927E+10	5.824353E+16	0	0	0.078519	0.092229	0	0
0	0	0	-0.144737	8.451865	-9.816702	8.451865	5420	-6.782521E-12	-1.474378E+11	5.824353E+16	0	0	0.088662	0.091488	0	0
0	0	0	-0.148526	8.451902	-9.821222	8.451902	5407	-6.343362E-12	-1.576451E+11	5.824353E+16	0	0	0.085774	0.090835	0	0
0	0	0	-0.152038	8.451706	-9.825146	8.451706	5394	-9.418583E-12	-1.061731E+11	5.824353E+16	0	0	0.07405	0.090198	0	0
0	0	0	-0.15506	8.451603	-9.828598	8.451603	5384	-1.263276E-11	-7.915928E+10	5.824353E+16	0	0	0.077286	0.089465	0	0
0	0	0	-0.158327	8.451855	-9.832747	8.451855	5373	-6.837667E-12	-1.462487E+11	5.824353E+16	0	0	0.083901	0.088987	0	0
0	0	0	-0.161611	8.451537	-9.836262	8.451537	5361	-1.610085E-11	-6.210851E+10	5.824353E+16	0	0	0.068397	0.088287	0	0
0	0	0	-0.164583	8.451519	-9.839752	8.451519	5351	-1.746828E-11	-5.724661E+10	5.824353E+16	0	0	0.057987	0.087721	0	0
0	0	0	-0.167458	8.451556	-9.843192	8.451556	5341	-1.485258E-11	-6.732837E+10	5.824353E+16	0	0	0.060252	0.087021	0	0
0	0	0	-0.170693	8.451453	-9.846895	8.451453	5329	-2.500742E-11	-3.998814E+10	5.824353E+16	0	0	0.055114	0.086487	0	0
0	0	0	-0.173175	8.451734	-9.850149	8.451734	5321	-8.685174E-12	-1.151387E+11	5.824353E+16	0	0	0.050057	0.085715	0	0
0	0	0	-0.174874	8.451622	-9.852028	8.451622	5315	-1.173728E-11	-8.519862E+10	5.824353E+16	0	0	0.04947	0.085101	0	0
0	0	0	-0.177684	8.451678	-9.855411	8.451678	5305	-9.957917E-12	-1.004226E+11	5.824353E+16	0	0	0.049775	0.084552	0	0
0	0	0	-0.180085	8.451566	-9.858119	8.451566	5297	-1.420414E-11	-7.040199E+10	5.824353E+16	0	0	0.054842	0.083907	0	0
0	0	0	-0.182029	8.451809	-9.860694	8.451809	5291	-7.356769E-12	-1.359292E+11	5.824353E+16	0	0	0.05058	0.083142	0	0
0	0	0	-0.184136	8.451668	-9.863023	8.451668	5283	-1.017089E-11	-9.831978E+10	5.824353E+16	0	0	0.034601	0.082728	0	0
0	0	0	-0.186063	8.451911	-9.865578	8.451911	5276	-6.09445E-12	-1.640837E+11	5.824353E+16	0	0	0.036759	0.082139	0	0
0	0	0	-0.187893	8.451481	-9.867247	8.451481	5270	-2.082572E-11	-4.801754E+10	5.824353E+16	0	0	0.036108	0.081398	0	0
0	0	0	-0.189967	8.451752	-9.870008	8.451752	5263	-8.232566E-12	-1.214688E+11	5.824353E+16	0	0	0.035388	0.080801	0	0
0	0	0	-0.191797	8.451556	-9.871945	8.451556	5257	-1.461899E-11	-6.840419E+10	5.824353E+16	0	0	0.014015	0.080252	0	0
0	0	0	-0.193398	8.451855	-9.874178	8.451855	5251	-6.68241E-12	-1.496466E+11	5.824353E+16	0	0	0.02002	0.079766	0	0
0	0	0	-0.195129	8.451584	-9.875913	8.451584	5246	-1.312956E-11	-7.616402E+10	5.824353E+16	0	0	0.02612	0.0792	0	0
0	0	0	-0.197057	8.451706	-9.87833	8.451706	5239	-9.147934E-12	-1.093143E+11	5.824353E+16	0	0	0.029311	0.078611	0	0
0	0	0	-0.198233	8.451874	-9.879912	8.451874	5235	-6.44362E-12	-1.551923E+11	5.824353E+16	0	0	0.041634	0.077998	0	0
0	0	0	-0.199899	8.451799	-9.881795	8.451799	5229	-7.407742E-12	-1.349939E+11	5.824353E+16	0	0	0.023603	0.07756	0	0
0	0	0	-0.201091	8.45179	-9.883193	8.45179	5225	-7.544423E-12	-1.325482E+11	5.824353E+16	0	0	0.001302	0.077018	0	0
0	0	0	-0.202692	8.452033	-9.885362	8.452033	5220	-5.024803E-12	-1.990128E+11	5.824353E+16	0	0	0.015706	0.076437	0	0
0	0	0	-0.204015	8.451771	-9.886625	8.451771	5215	-7.831184E-12	-1.276946E+11	5.824353E+16	0	0	0.026186	0.075832	0	0
0	0	0	-0.204783	8.451902	-9.887682	8.451902	5213	-6.115766E-12	-1.635118E+11	5.824353E+16	0	0	0.038831	0.075386	0	0
0	0	0	-0.205796	8.451678	-9.888622	8.451678	5209	-9.777717E-12	-1.022734E+11	5.824353E+16	0	0	0.035955	0.074837	0	0
0	0	0	-0.207299	8.451668	-9.890386	8.451668	5204	-1.00188E-11	-9.981234E+10	5.824353E+16	0	0	0.012952	0.074375	0	0
0	0	0	-0.207756	8.451752	-9.891023	8.451752	5203	-8.138712E-12	-1.228696E+11	5.824353E+16	0	0	0.005609	0.073777	0	0
0	0	0	-0.208573	8.451668	-9.891892	8.451668	5200	-1.00111E-11	-9.988911E+10	5.824353E+16	0	0	0.013123	0.073355	0	0
0	0	0	-0.208801	8.451818	-9.892333	8.451818	5199	-7.097415E-12	-1.408964E+11	5.824353E+16	0	0	0.021824	0.07283	0	0
0	0	0	-0.209749	8.451566	-9.893163	8.451566	5196	-1.393331E-11	-7.177047E+10	5.824353E+16	0	0	0.017628	0.072352	0	0
0	0	0	-0.210761	8.451996	-9.894852	8.451996	5193	-5.269018E-12	-1.897887E+11	5.824353E+16	0	0	0.01012	0.071802	0	0
0	0	0	-0.21081	8.451594	-9.89445	8.451594	5193	-1.257766E-11	-7.950607E+10	5.824353E+16	0	0	0.009075	0.071412	0	0
0	0	0	-0.211202	8.451481	-9.894784	8.451481	5191	-2.051354E-11	-4.87483E+10	5.824353E+16	0	0	0.016891	0.070791	0	0
0	0	0	-0.211333	8.451612	-9.895089	8.451612	5191	-1.181082E-11	-8.46681E+10	5.824353E+16	0	0	0.018112	0.070313	0	0
0	0	0	-0.211921	8.451594	-9.895762	8.451594	5189	-1.256797E-11	-7.956736E+10	5.824353E+16	0	0	0.013759	0.06978	0	0
0	0	0	-0.212346	8.451837	-9.896542	8.451837	5188	-6.833894E-12	-1.463295E+11	5.824353E+16	0	0	0.003689	0.069421	0	0
0	0	0	-0.212738	8.451818	-9.896984	8.451818	5186	-7.079668E-12	-1.412496E+11	5.824353E+16	0	0	0.000311	0.069015	0	0
0	0	0	-0.212869	8.451603	-9.896892	8.451603	5186	-1.216818E-11	-8.218156E+10	5.824353E+16	0	0	0.011726	0.068466	0	0
0	0	0	-0.213212	8.451837	-9.897565	8.451837	5184	-6.828625E-12	-1.464424E+11	5.824353E+16	0	0	0.016409	0.067948	0	0
0	0	0	-0.213538	8.451584	-9.897662	8.451584	5183	-1.297188E-11	-7.708981E+10	5.824353E+16	0	0	0.008414	0.06751	0	0
0	0	0	-0.213114	8.45165	-9.897235	8.45165	5185	-1.05218E-11	-9.504075E+10	5.824353E+16	0	0	0.008471	0.067032	0	0
0	0	0	-0.213424	8.451846	-9.897826	8.451846	5184	-6.71089E-12	-1.490115E+11	5.824353E+16	0	0	0.012015	0.06673	0	0
0	0	0	-0.214159	8.451369	-9.898149	8.451369	5181	-5.557234E-11	-1.799456E+10	5.824353E+16	0	0	0.001505	0.066093	0	0
0	0	0	-0.214126	8.451407	-9.898153	8.451407	5181	-3.536421E-11	-2.827717E+10	5.824353E+16	0	0	0.007447	0.065695	0	0
0	0	0	-0.21362	8.451659	-9.897844	8.451659	5183	-1.024096E-11	-9.764709E+10	5.824353E+16	0	0	0.01584	0.06532	0	0
0	0	0	-0.214371	8.451706	-9.898785	8.451706	5181	-9.046659E-12	-1.10538E+11	5.824353E+16	0	0	0.021923	0.064946	0	0
0	0	0	-0.214404	8.451584	-9.898684	8.451584	5180	-1.296438E-11	-7.713445E+10	5.824353E+16	0	0	0.008786	0.064492	0	0
0	0	0	-0.21429	8.451594	-9.89856	8.451594	5181	-1.254859E-11	-7.969022E+10	5.824353E+16	0	0	0.012501	0.06399	0	0
0	0	0	-0.214763	8.451724	-9.89927	8.451724	5179	-8.641249E-12	-1.15724E+11	5.824353E+16	0	0	0.002783	0.063624	0	0
0	0	0	-0.214927	8.451584	-9.899302	8.451584	5179	-1.296187E-11	-7.714935E+10	5.824353E+16	0	0	0.007727	0.063178	0	0
0	0	0	-0.215433	8.451612	-9.899932	8.451612	5177	-1.177897E-11	-8.489706E+10	5.824353E+16	0	0	-0.000898	0.062788	0	0
0	0	0	-0.215662	8.451696	-9.900299	8.451696	5176	-9.253117E-12	-1.080717E+11	5.824353E+16	0	0	-0.003398	0.06235	0	0
0	0	0	-0.215368	8.451668	-9.899919	8.451668	5177	-9.966821E-12	-1.003329E+11	5.824353E+16	0	0	0.004112	0.061904	0	0
0	0	0	-0.216119	8.451715	-9.900861	8.451715	5175	-8.830815E-12	-1.132398E+11	5.824353E+16	0	0	0.007925	0.061514	0	0
0	0	0	-0.216299	8.451809	-9.90118	8.451809	5174	-7.194088E-12	-1.39003E+11	5.824353E+16	0	0	0.013069	0.061052	0	0
0	0	0	-0.217475	8.451453	-9.902162	8.451453	5170	-2.426128E-11	-4.121795E+10	5.824353E+16	0	0	0.011857	0.060725	0	0
0	0	0	-0.217361	8.451809	-9.902434	8.451809	5171	-7.189917E-12	-1.390837E+11	5.824353E+16	0	0	0.000354	0.060287	0	0
0	0	0	-0.217867	8.451528	-9.902711	8.451528	5169	-1.617106E-11	-6.183888E+10	5.824353E+16	0	0	0.010745	0.059746	0	0
0	0	0	-0.218439	8.45165	-9.903526	8.45165	5167	-1.048528E-11	-9.537184E+10	5.824353E+16	0	0	0.017342	0.059364	0	0
0	0	0	-0.218798	8.451687	-9.903993	8.451687	5166	-9.46049E-12	-1.057028E+11	5.824353E+16	0	0	0.000361	0.059109	0	0
0	0	0	-0.2195	8.451743	-9.904887	8.451743	5163	-8.247976E-12	-1.212419E+11	5.824353E+16	0	0	0.000363	0.058735	0	0
0	0	0	-0.219484	8.451837	-9.904975	8.451837	5163	-6.800962E-12	-1.47038E+11	5.824353E+16	0	0	-0.002291	0.058336	0	0
0	0	0	-0.220366	8.45207	-9.906285	8.45207	5160	-4.724751E-12	-2.116514E+11	5.824353E+16	0	0	-0.006317	0.057922	0	0
0	0	0	-0.22133	8.451584	-9.906866	8.451584	5157	-1.290681E-11	-7.747847E+10	5.824353E+16	0	0	0.013827	0.057524	0	0
0	0	0	-0.221542	8.451584	-9.907117	8.451584	5156	-1.290431E-11	-7.749349E+10	5.824353E+16	0	0	0.001725	0.057182	0	0
0	0	0	-0.221461	8.451827	-9.907299	8.451827	5157	-6.914363E-12	-1.446265E+11	5.824353E+16	0	0	-0.002344	0.056919	0	0
0	0	0	-0.222081	8.451659	-9.90784	8.451659	5155	-1.018564E-11	-9.817747E+10	5.824353E+16	0	0	0.012725	0.056361	0	0
0	0	0	-0.222359	8.451724	-9.908243	8.451724	5154	-8.599536E-12	-1.162853E+11	5.824353E+16	0	0	-0.009273	0.056059	0	0
0	0	0	-0.223453	8.451762	-9.909579	8.451762	5150	-7.891403E-12	-1.267202E+11	5.824353E+16	0	0	0.004543	0.055708	0	0
0	0	0	-0.223225	8.451874	-9.909437	8.451874	5151	-6.340227E-12	-1.577231E+11	5.824353E+16	0	0	0.003175	0.05535	0	0
0	0	0	-0.223911	8.451752	-9.910108	8.451752	5149	-8.054243E-12	-1.241582E+11	5.824353E+16	0	0	-0.001017	0.055055	0	0
0	0	0	-0.224123	8.451594	-9.910177	8.451594	5148	-1.246866E-11	-8.020105E+10	5.824353E+16	0	0	0.023001	0.054617	0	0
0	0	0	-0.224711	8.451837	-9.91115	8.451837	5146	-6.778569E-12	-1.475238E+11	5.824353E+16	0	0	-0.008137	0.054291	0	0
0	0	0	-0.224711	8.451696	-9.91099	8.451696	5146	-9.199487E-12	-1.087017E+11	5.824353E+16	0	0	-0.003897	0.053941	0	0
0	0	0	-0.224907	8.451799	-9.911339	8.451799	5145	-7.288743E-12	-1.371979E+11	5.824353E+16	0	0	0.02055	0.053558	0	0
0	0	0	-0.225071	8.451724	-9.911446	8.451724	5145	-8.584519E-12	-1.164888E+11	5.824353E+16	0	0	0.009087	0.053224	0	0
0	0	0	-0.225054	8.451911	-9.911641	8.451911	5145	-5.943129E-12	-1.682615E+11	5.824353E+16	0	0	0.013498	0.052945	0	0
0	0	0	-0.224924	8.451472	-9.910983	8.451472	5145	-2.14613E-11	-4.659551E+10	5.824353E+16	0	0	-0.012803	0.052491	0	0
0	0	0	-0.22543	8.451696	-9.911839	8.451696	5144	-9.195911E-12	-1.08744E+11	5.824353E+16	0	0	0.001883	0.052149	0	0
0	0	0	-0.224826	8.451874	-9.911328	8.451874	5145	-6.332842E-12	-1.57907E+11	5.824353E+16	0	0	0.004867	0.05179	0	0
0	0	0	-0.225185	8.451612	-9.911453	8.451612	5144	-1.170389E-11	-8.54417E+10	5.824353E+16	0	0	0.012366	0.051488	0	0
0	0	0	-0.224744	8.451332	-9.91061	8.451332	5146	-1.287928E-10	-7.764408E+9	5.824353E+16	0	0	0.001915	0.051209	0	0
0	0	0	-0.224744	8.451799	-9.911146	8.451799	5146	-7.290159E-12	-1.371712E+11	5.824353E+16	0	0	-0.005635	0.050827	0	0
0	0	0	-0.225103	8.451762	-9.911528	8.451762	5145	-7.883742E-12	-1.268433E+11	5.824353E+16	0	0	0.017177	0.050453	0	0
0	0	0	-0.224858	8.451967	-9.911474	8.451967	5145	-5.440892E-12	-1.837934E+11	5.824353E+16	0	0	0.001952	0.050182	0	0
0	0	0	-0.224711	8.451967	-9.9113	8.451967	5146	-5.44195E-12	-1.837577E+11	5.824353E+16	0	0	0.005049	0.049816	0	0
0	0	0	-0.224662	8.451799	-9.91105	8.451799	5146	-7.290159E-12	-1.371712E+11	5.824353E+16	0	0	-0.002676	0.049497	0	0
0	0	0	-0.224434	8.45193	-9.910929	8.45193	5147	-5.767963E-12	-1.733714E+11	5.824353E+16	0	0	-0.013595	0.049258	0	0
0	0	0	-0.223796	8.451631	-9.909834	8.451631	5149	-1.104582E-11	-9.053199E+10	5.824353E+16	0	0	-0.00426	0.049083	0	0
0	0	0	-0.224287	8.451846	-9.910659	8.451846	5147	-6.662992E-12	-1.500827E+11	5.824353E+16	0	0	0.003595	0.048541	0	0
0	0	0	-0.224368	8.451762	-9.910659	8.451762	5147	-7.886807E-12	-1.26794E+11	5.824353E+16	0	0	0.021072	0.048303	0	0
0	0	0	-0.224319	8.451743	-9.91058	8.451743	5147	-8.222415E-12	-1.216188E+11	5.824353E+16	0	0	-0.002755	0.047984	0	0
0	0	0	-0.22463	8.451865	-9.911086	8.451865	5146	-6.439641E-12	-1.552882E+11	5.824353E+16	0	0	-0.013997	0.047761	0	0
0	0	0	-0.223796	8.451949	-9.910198	8.451949	5149	-5.602952E-12	-1.784773E+11	5.824353E+16	0	0	-0.020541	0.04745	0	0
0	0	0	-0.224156	8.451762	-9.910408	8.451762	5148	-7.888339E-12	-1.267694E+11	5.824353E+16	0	0	-0.004431	0.047092	0	0
0	0	0	-0.223878	8.451734	-9.910048	8.451734	5149	-8.404428E-12	-1.189849E+11	5.824353E+16	0	0	-0.007722	0.046829	0	0
0	0	0	-0.223976	8.451566	-9.909971	8.451566	5148	-1.380459E-11	-7.243966E+10	5.824353E+16	0	0	0.000452	0.046519	0	0
0	0	0	-0.22396	8.451388	-9.909748	8.451388	5148	-4.294762E-11	-2.328418E+10	5.824353E+16	0	0	-0.006171	0.046168	0	0
0	0	0	-0.224581	8.452005	-9.911189	8.452005	5146	-5.151712E-12	-1.941102E+11	5.824353E+16	0	0	0.008785	0.045906	0	0
0	0	0	-0.224679	8.451687	-9.91094	8.451687	5146	-9.423864E-12	-1.061136E+11	5.824353E+16	0	0	0.010506	0.045651	0	0
0	0	0	-0.224679	8.451575	-9.910812	8.451575	5146	-1.332339E-11	-7.505595E+10	5.824353E+16	0	0	-0.006269	0.045396	0	0
0	0	0	-0.224973	8.451584	-9.91117	8.451584	5145	-1.287678E-11	-7.765918E+10	5.824353E+16	0	0	0.025908	0.04503	0	0
0	0	0	-0.224744	8.451444	-9.910739	8.451444	5146	-2.575856E-11	-3.882204E+10	5.824353E+16	0	0	0.029467	0.044759	0	0
0	0	0	-0.225904	8.451612	-9.912302	8.451612	5142	-1.169934E-11	-8.547493E+10	5.824353E+16	0	0	-0.009827	0.044464	0	0
0	0	0	-0.226361	8.4515	-9.912714	8.4515	5140	-1.837752E-11	-5.44143E+10	5.824353E+16	0	0	0.000474	0.044241	0	0
0	0	0	-0.226181	8.451827	-9.912876	8.451827	5141	-6.892911E-12	-1.450766E+11	5.824353E+16	0	0	0.002213	0.043931	0	0
0	0	0	-0.226394	8.451706	-9.912988	8.451706	5140	-8.975068E-12	-1.114198E+11	5.824353E+16	0	0	0.030222	0.04358	0	0
0	0	0	-0.226377	8.451967	-9.913269	8.451967	5140	-5.435605E-12	-1.839722E+11	5.824353E+16	0	0	-0.001272	0.043429	0	0
0	0	0	-0.227194	8.45193	-9.914191	8.45193	5138	-5.757877E-12	-1.736751E+11	5.824353E+16	0	0	-0.001281	0.043126	0	0
0	0	0	-0.227521	8.451668	-9.914277	8.451668	5136	-9.887887E-12	-1.011338E+11	5.824353E+16	0	0	-0.010167	0.042887	0	0
0	0	0	-0.227488	8.451837	-9.914431	8.451837	5137	-6.766714E-12	-1.477822E+11	5.824353E+16	0	0	-0.013827	0.042537	0	0
0	0	0	-0.228174	8.45179	-9.915188	8.45179	5134	-7.413028E-12	-1.348976E+11	5.824353E+16	0	0	0.031148	0.042211	0	0
0	0	0	-0.228158	8.451734	-9.915104	8.451734	5135	-8.381577E-12	-1.193093E+11	5.824353E+16	0	0	-0.003124	0.042011	0	0
0	0	0	-0.228975	8.451949	-9.916315	8.451949	5132	-5.584453E-12	-1.790686E+11	5.824353E+16	0	0	-0.006778	0.041796	0	0
0	0	0	-0.228828	8.451734	-9.915895	8.451734	5132	-8.37668E-12	-1.19379E+11	5.824353E+16	0	0	-0.008653	0.041518	0	0
0	0	0	-0.22922	8.451996	-9.916659	8.451996	5131	-5.206111E-12	-1.92082E+11	5.824353E+16	0	0	-0.003174	0.041303	0	0
0	0	0	-0.229497	8.451631	-9.916569	8.451631	5130	-1.100506E-11	-9.086729E+10	5.824353E+16	0	0	0.02454	0.041096	0	0
0	0	0	-0.229971	8.451519	-9.917	8.451519	5128	-1.67403E-11	-5.973608E+10	5.824353E+16	0	0	0.004242	0.040729	0	0
0	0	0	-0.230004	8.451444	-9.916953	8.451444	5128	-2.566846E-11	-3.895831E+10	5.824353E+16	0	0	0.017384	0.040506	0	0
0	0	0	-0.229791	8.451659	-9.916948	8.451659	5129	-1.013426E-11	-9.867515E+10	5.824353E+16	0	0	0.000518	0.040275	0	0
0	0	0	-0.230069	8.451996	-9.917662	8.451996	5128	-5.203067E-12	-1.921943E+11	5.824353E+16	0	0	0.008124	0.039925	0	0
0	0	0	-0.22984	8.452108	-9.91752	8.452108	5129	-4.47793E-12	-2.233174E+11	5.824353E+16	0	0	0.000525	0.039718	0	0
0	0	0	-0.230249	8.451724	-9.917564	8.451724	5127	-8.554486E-12	-1.168977E+11	5.824353E+16	0	0	0.012021	0.039575	0	0
0	0	0	-0.23033	8.451715	-9.917649	8.451715	5127	-8.748906E-12	-1.143E+11	5.824353E+16	0	0	0.006308	0.039352	0	0
0	0	0	-0.230102	8.451696	-9.917358	8.451696	5128	-9.167308E-12	-1.090833E+11	5.824353E+16	0	0	0.004405	0.039129	0	0
0	0	0	-0.230004	8.451781	-9.917338	8.451781	5128	-7.549548E-12	-1.324583E+11	5.824353E+16	0	0	-0.024816	0.038834	0	0
0	0	0	-0.230265	8.451893	-9.917776	8.451893	5127	-6.110347E-12	-1.636568E+11	5.824353E+16	0	0	0.002505	0.038531	0	0
0	0	0	-0.22953	8.451743	-9.916736	8.451743	5130	-8.195258E-12	-1.220218E+11	5.824353E+16	0	0	0.010436	0.038253	0	0
0	0	0	-0.229497	8.452033	-9.917029	8.452033	5130	-4.938168E-12	-2.025042E+11	5.824353E+16	0	0	-0.001442	0.038038	0	0
0	0	0	-0.22935	8.451556	-9.916309	8.451556	5131	-1.42686E-11	-7.008396E+10	5.824353E+16	0	0	0.018555	0.037807	0	0
0	0	0	-0.229383	8.451706	-9.916519	8.451706	5130	-8.957607E-12	-1.11637E+11	5.824353E+16	0	0	-0.025566	0.037632	0	0
0	0	0	-0.22904	8.45179	-9.916211	8.45179	5131	-7.408696E-12	-1.349765E+11	5.824353E+16	0	0	0.006609	0.037456	0	0
0	0	0	-0.228893	8.451687	-9.915919	8.451687	5132	-9.398226E-12	-1.064031E+11	5.824353E+16	0	0	0.01074	0.037114	0	0
0	0	0	-0.229056	8.451977	-9.916444	8.451977	5131	-5.350725E-12	-1.868906E+11	5.824353E+16	0	0	0.002611	0.036883	0	0
0	0	0	-0.229171	8.451865	-9.916451	8.451865	5131	-6.42087E-12	-1.557421E+11	5.824353E+16	0	0	0.004686	0.03666	0	0
0	0	0	-0.228517	8.451622	-9.9154	8.451622	5133	-1.133536E-11	-8.821949E+10	5.824353E+16	0	0	-0.015979	0.036493	0	0
0	0	0	-0.228158	8.452042	-9.915458	8.452042	5135	-4.880412E-12	-2.049007E+11	5.824353E+16	0	0	-0.007779	0.036134	0	0
0	0	0	-0.227978	8.451893	-9.915074	8.451893	5135	-6.119881E-12	-1.634019E+11	5.824353E+16	0	0	0.006887	0.035872	0	0
0	0	0	-0.227586	8.451809	-9.914515	8.451809	5136	-7.141252E-12	-1.400315E+11	5.824353E+16	0	0	0.019597	0.035689	0	0
0	0	0	-0.227651	8.451809	-9.914592	8.451809	5136	-7.141252E-12	-1.400315E+11	5.824353E+16	0	0	-0.014258	0.035553	0	0
0	0	0	-0.22824	8.451566	-9.915008	8.451566	5134	-1.376705E-11	-7.26372E+10	5.824353E+16	0	0	-0.010075	0.035338	0	0
0	0	0	-0.227227	8.451584	-9.913833	8.451584	5138	-1.285926E-11	-7.776498E+10	5.824353E+16	0	0	-0.001559	0.035036	0	0
0	0	0	-0.228109	8.451874	-9.915207	8.451874	5135	-6.320533E-12	-1.582145E+11	5.824353E+16	0	0	0.013557	0.034852	0	0
0	0	0	-0.227896	8.451762	-9.914828	8.451762	5135	-7.868419E-12	-1.270903E+11	5.824353E+16	0	0	0.020194	0.034574	0	0
0	0	0	-0.2277	8.451696	-9.914521	8.451696	5136	-9.18161E-12	-1.089134E+11	5.824353E+16	0	0	0.018069	0.034462	0	0
0	0	0	-0.227129	8.45136	-9.91346	8.45136	5138	-6.42963E-11	-1.5553E+10	5.824353E+16	0	0	-0.023557	0.034247	0	0
0	0	0	-0.228125	8.451752	-9.915087	8.451752	5135	-8.032344E-12	-1.244967E+11	5.824353E+16	0	0	-0.008213	0.034104	0	0
0	0	0	-0.228044	8.451687	-9.914916	8.451687	5135	-9.40372E-12	-1.063409E+11	5.824353E+16	0	0	0.022839	0.033817	0	0
0	0	0	-0.228338	8.451874	-9.915477	8.451874	5134	-6.319302E-12	-1.582453E+11	5.824353E+16	0	0	-0.015024	0.033634	0	0
0	0	0	-0.228191	8.451472	-9.914843	8.451472	5134	-2.141541E-11	-4.669534E+10	5.824353E+16	0	0	0.011876	0.033363	0	0
0	0	0	-0.228926	8.451631	-9.915893	8.451631	5132	-1.100935E-11	-9.083188E+10	5.824353E+16	0	0	0.009669	0.033196	0	0
0	0	0	-0.228746	8.451827	-9.915906	8.451827	5132	-6.880844E-12	-1.45331E+11	5.824353E+16	0	0	-0.001645	0.033077	0	0
0	0	0	-0.22953	8.451781	-9.916779	8.451781	5130	-7.552492E-12	-1.324066E+11	5.824353E+16	0	0	-0.003941	0.032838	0	0
0	0	0	-0.230069	8.45221	-9.917908	8.45221	5128	-3.96935E-12	-2.519304E+11	5.824353E+16	0	0	0.002926	0.032686	0	0
0	0	0	-0.229726	8.451575	-9.916775	8.451575	5129	-1.327938E-11	-7.530472E+10	5.824353E+16	0	0	0.009871	0.032471	0	0
0	0	0	-0.230314	8.451865	-9.917801	8.451865	5127	-6.415864E-12	-1.558636E+11	5.824353E+16	0	0	0.026264	0.032177	0	0
0	0	0	-0.230379	8.451491	-9.91745	8.451491	5127	-1.924759E-11	-5.195455E+10	5.824353E+16	0	0	-0.032055	0.032081	0	0
0	0	0	-0.230755	8.451865	-9.918323	8.451865	5126	-6.414613E-12	-1.558941E+11	5.824353E+16	0	0	-0.008757	0.031858	0	0
0	0	0	-0.231082	8.45164	-9.918451	8.45164	5125	-1.068894E-11	-9.355468E+10	5.824353E+16	0	0	0.012484	0.031635	0	0
0	0	0	-0.231506	8.451827	-9.919167	8.451827	5123	-6.868777E-12	-1.455863E+11	5.824353E+16	0	0	0.014909	0.0315	0	0
0	0	0	-0.231327	8.451724	-9.918837	8.451724	5124	-8.54948E-12	-1.169662E+11	5.824353E+16	0	0	-0.001734	0.031277	0	0
0	0	0	-0.231294	8.451799	-9.918884	8.451799	5124	-7.258993E-12	-1.377602E+11	5.824353E+16	0	0	0.000663	0.031038	0	0
0	0	0	-0.231898	8.45164	-9.919416	8.45164	5122	-1.068268E-11	-9.360948E+10	5.824353E+16	0	0	-0.001757	0.030847	0	0
0	0	0	-0.23198	8.451678	-9.919556	8.451678	5122	-9.614411E-12	-1.040105E+11	5.824353E+16	0	0	-0.01391	0.030759	0	0
0	0	0	-0.2318	8.451696	-9.919365	8.451696	5122	-9.156582E-12	-1.092111E+11	5.824353E+16	0	0	0.000675	0.030441	0	0
0	0	0	-0.232389	8.451687	-9.920049	8.451687	5120	-9.376251E-12	-1.066524E+11	5.824353E+16	0	0	-0.021469	0.030353	0	0
0	0	0	-0.232568	8.451902	-9.920507	8.451902	5120	-6.00666E-12	-1.664819E+11	5.824353E+16	0	0	0.020537	0.030082	0	0
0	0	0	-0.232291	8.451893	-9.920169	8.451893	5121	-6.103196E-12	-1.638486E+11	5.824353E+16	0	0	-0.001811	0.029875	0	0
0	0	0	-0.232078	8.452089	-9.920143	8.452089	5122	-4.578291E-12	-2.184221E+11	5.824353E+16	0	0	0.01069	0.029835	0	0
0	0	0	-0.232715	8.451603	-9.920338	8.451603	5119	-1.201097E-11	-8.325719E+10	5.824353E+16	0	0	0.015833	0.029557	0	0
0	0	0	-0.232094	8.451556	-9.919551	8.451556	5121	-1.424079E-11	-7.022082E+10	5.824353E+16	0	0	0.031104	0.029421	0	0
0	0	0	-0.231996	8.451715	-9.919618	8.451715	5122	-8.740374E-12	-1.144116E+11	5.824353E+16	0	0	-0.00949	0.029254	0	0
0	0	0	-0.232192	8.451622	-9.919742	8.451622	5121	-1.130886E-11	-8.842622E+10	5.824353E+16	0	0	0.018669	0.029031	0	0
0	0	0	-0.231637	8.451921	-9.919429	8.451921	5123	-5.828053E-12	-1.715839E+11	5.824353E+16	0	0	0.013626	0.028832	0	0
0	0	0	-0.231392	8.451893	-9.919107	8.451893	5124	-6.106772E-12	-1.637526E+11	5.824353E+16	0	0	0.013719	0.028625	0	0
0	0	0	-0.231261	8.451883	-9.918942	8.451883	5124	-6.205268E-12	-1.611534E+11	5.824353E+16	0	0	0.026804	0.028529	0	0
0	0	0	-0.231229	8.451622	-9.918604	8.451622	5124	-1.131549E-11	-8.837444E+10	5.824353E+16	0	0	0.008641	0.028195	0	0
0	0	0	-0.231425	8.451883	-9.919135	8.451883	5124	-6.205268E-12	-1.611534E+11	5.824353E+16	0	0	0.006012	0.028139	0	0
0	0	0	-0.230984	8.451874	-9.918603	8.451874	5125	-6.308224E-12	-1.585232E+11	5.824353E+16	0	0	-0.009914	0.027932	0	0
0	0	0	-0.230804	8.451762	-9.918263	8.451762	5126	-7.854628E-12	-1.273135E+11	5.824353E+16	0	0	0	0	0	0
0	0	0	-0.230298	8.451734	-9.917632	8.451734	5127	-8.368519E-12	-1.194955E+11	5.824353E+16	0	0	0	0	0	0
0	0	0	-0.230151	8.45193	-9.917683	8.45193	5128	-5.746671E-12	-1.740138E+11	5.824353E+16	0	0	0	0	0	0
0	0	0	-0.2302	8.451332	-9.917056	8.451332	5128	-1.283423E-10	-7.791663E+9	5.824353E+16	0	0	0	0	0	0
0	0	0	-0.229546	8.451388	-9.916348	8.451388	5130	-4.279746E-11	-2.336587E+10	5.824353E+16	0	0	0	0	0	0
0	0	0	-0.229987	8.451631	-9.917148	8.451631	5128	-1.100077E-11	-9.090273E+10	5.824353E+16	0	0	0	0	0	0
0	0	0	-0.229514	8.451743	-9.916717	8.451743	5130	-8.195258E-12	-1.220218E+11	5.824353E+16	0	0	0	0	0	0
0	0	0	-0.229334	8.451762	-9.916526	8.451762	5131	-7.86229E-12	-1.271894E+11	5.824353E+16	0	0	0	0	0	0
0	0	0	-0.229399	8.451566	-9.916378	8.451566	5130	-1.375633E-11	-7.269383E+10	5.824353E+16	0	0	0	0	0	0
0	0	0	-0.229677	8.451743	-9.91691	8.451743	5130	-8.195258E-12	-1.220218E+11	5.824353E+16	0	0	0	0	0	0
