Vload_(V)	ILoad_(A)	RsLoad_(ohm)	SunsVoc_Voltage_(V)	SunsVoc_Current_(A)	Model_Voltage_(V)	Model_Current_(A)	Carrier_Density_(cm-3)	Lifetime_(s)	Inverse_Lifetime_(s-1)	(Carrier_Density+Doping)/qWni^2_(cm^2/C)	Carrier_Density_at_Vmp_(cm-3)	Lifetime_at_Vmp_(s)	Efficiency_(%)	Intensity_(suns)	Dark_IV_Voltage_(V)	Dark_IV_Current_(A)
4.450588	8.468068	0	37.347668	-0.316105	37.428337	-0.316105	1.948849E+14	1.557075E-5	64222.937254	5.915751E+16	1.276792E+13	1.179252E-5	13.487757	1.142995	0	0
4.477243	8.468638	-0.298156	37.231431	0.266783	37.161449	0.266783	1.809306E+14	1.548325E-5	64585.863443	5.909207E+16	0	0	13.445929	1.142381	0	0
4.692753	8.465783	1.423415	37.114442	0.818375	36.893907	0.818375	1.678817E+14	1.540251E-5	64924.450637	5.903087E+16	0	0	13.462023	1.13879	0	0
4.838548	8.462233	1.849345	36.995754	1.33547	36.626168	1.33547	1.555931E+14	1.530998E-5	65316.824879	5.897324E+16	0	0	13.474345	1.136457	0	0
6.56607	8.450444	2.120126	36.879436	1.804884	36.367085	1.804884	1.444131E+14	1.521097E-5	65741.983281	5.892081E+16	0	0	13.455118	1.133789	0	0
9.350338	8.440226	1.952637	36.763868	2.244409	36.110868	2.244409	1.340928E+14	1.512139E-5	66131.470025	5.887241E+16	0	0	13.461276	1.129313	0	0
12.11539	8.422509	1.784231	36.649052	2.650279	35.859333	2.650279	1.245629E+14	1.502667E-5	66548.328366	5.882771E+16	0	0	13.460596	1.121653	0	0
14.828091	8.418671	1.486547	36.536359	3.028133	35.613154	3.028133	1.158622E+14	1.494789E-5	66899.046638	5.878691E+16	0	0	13.477642	1.113442	0	0
17.533496	8.409636	1.214443	36.421739	3.385154	35.365929	3.385154	1.076305E+14	1.486123E-5	67289.152394	5.87483E+16	0	0	13.492779	1.106458	0	0
20.237756	8.391033	0.972023	36.308442	3.714873	35.124023	3.714873	1.000643E+14	1.477494E-5	67682.154352	5.871282E+16	0	0	13.49464	1.097882	0	0
22.943578	8.32398	0.81981	36.19619	4.016823	34.887891	4.016823	9.308877E+13	1.467736E-5	68132.135994	5.86801E+16	0	0	13.516712	1.08811	0	0
23.657449	8.290785	0.790368	36.084118	4.297113	34.655039	4.297113	8.660618E+13	1.457288E-5	68620.595161	5.86497E+16	0	0	13.538805	1.077861	0	0
24.375179	8.245825	0.766525	35.971769	4.557425	34.424766	4.557425	8.055775E+13	1.445743E-5	69168.559293	5.862133E+16	0	0	13.554641	1.068257	0	0
25.092599	8.205777	0.72707	35.86249	4.80012	34.200986	4.80012	7.507774E+13	1.436548E-5	69611.307388	5.859563E+16	0	0	13.572513	1.059179	0	0
25.736271	8.156902	0.697454	35.752231	5.027808	33.977972	5.027808	6.992423E+13	1.426489E-5	70102.175753	5.857146E+16	0	0	13.585244	1.048978	0	0
26.41678	8.10347	0.658129	35.64421	5.23981	33.76048	5.23981	6.521677E+13	1.417826E-5	70530.492596	5.854939E+16	0	0	13.606188	1.038394	0	0
27.103855	8.031239	0.622551	35.536189	5.436549	33.545772	5.436549	6.082469E+13	1.408159E-5	71014.708667	5.852879E+16	0	0	13.62791	1.028257	0	0
27.796905	7.946773	0.58354	35.43137	5.617258	33.338739	5.617258	5.684446E+13	1.399432E-5	71457.532562	5.851012E+16	0	0	13.636536	1.018486	0	0
28.46901	7.843344	0.548049	35.326469	5.783978	33.134577	5.783978	5.31208E+13	1.388991E-5	71994.689982	5.849266E+16	0	0	13.653037	1.008468	0	0
29.144227	7.710694	0.514563	35.223724	5.939979	32.935345	5.939979	4.970929E+13	1.379994E-5	72464.080314	5.847666E+16	0	0	13.668452	0.998258	0	0
29.814034	7.530169	0.487821	35.117565	6.087211	32.732896	6.087211	4.641355E+13	1.368181E-5	73089.73101	5.84612E+16	0	0	13.683009	0.988217	0	0
30.485807	7.285702	0.467017	35.013612	6.225968	32.534955	6.225968	4.339739E+13	1.35844E-5	73613.825624	5.844706E+16	0	0	13.694792	0.978621	0	0
31.154323	6.967502	0.452008	34.910753	6.35575	32.340397	6.35575	4.060531E+13	1.349136E-5	74121.534054	5.843396E+16	0	0	13.703033	0.969088	0	0
31.801757	6.566856	0.443722	34.807877	6.476986	32.147693	6.476986	3.799193E+13	1.339165E-5	74673.379406	5.842171E+16	0	0	13.715696	0.959158	0	0
32.446159	6.093726	0.435234	34.706504	6.589725	31.959112	6.589725	3.558084E+13	1.329454E-5	75218.843502	5.84104E+16	0	0	13.726138	0.94957	0	0
33.09264	5.533247	0.428919	34.606879	6.695345	31.77461	6.695345	3.336006E+13	1.320742E-5	75715.033369	5.839998E+16	0	0	13.729661	0.940229	0	0
33.715155	4.915698	0.422876	34.506715	6.794192	31.590961	6.794192	3.126663E+13	1.310961E-5	76279.910979	5.839016E+16	0	0	13.738579	0.930991	0	0
34.317825	4.240717	0.417455	34.407482	6.88734	31.409905	6.88734	2.932193E+13	1.30187E-5	76812.602394	5.838104E+16	0	0	13.746138	0.921984	0	0
34.917615	3.506477	0.414999	34.307907	6.975336	31.229501	6.975336	2.749182E+13	1.292568E-5	77365.342291	5.837246E+16	0	0	13.750396	0.913049	0	0
35.491288	2.738119	0.419036	34.207138	7.056995	31.049151	7.056995	2.57558E+13	1.281025E-5	78062.487907	5.836432E+16	0	0	13.755449	0.904297	0	0
36.026937	1.97451	0.423901	34.10998	7.133107	30.875497	7.133107	2.418566E+13	1.271515E-5	78646.368938	5.835696E+16	0	0	13.761656	0.895323	0	0
36.471672	1.311815	0.424071	34.014569	7.203628	30.706024	7.203628	2.273678E+13	1.26201E-5	79238.697479	5.835016E+16	0	0	13.767021	0.886276	0	0
36.83265	0.744466	0.419813	33.920939	7.269309	30.540552	7.269309	2.139921E+13	1.252846E-5	79818.243259	5.834389E+16	0	0	13.769469	0.87746	0	0
28.836196	7.775418	0.529558	33.829204	7.330253	30.379301	7.330253	2.016492E+13	1.243819E-5	80397.575971	5.83381E+16	0	0	13.771871	0.868637	0	0
37.285944	0	0	33.738383	7.391728	30.218442	7.391728	1.901299E+13	1.239747E-5	80661.633097	5.83327E+16	0	0	13.771407	0.859965	0	0
0	0	0	33.648036	7.446012	30.061054	7.446012	1.793227E+13	1.231381E-5	81209.643251	5.832763E+16	0	0	13.771717	0.851436	0	0
0	0	0	33.558441	7.496548	29.905987	7.496548	1.692112E+13	1.222389E-5	81807.005812	5.832289E+16	0	0	13.768889	0.842979	0	0
0	0	0	33.469466	7.546287	29.751666	7.546287	1.597335E+13	1.216186E-5	82224.246924	5.831844E+16	0	0	13.7653	0.835087	0	0
0	0	0	33.378989	7.591874	29.59667	7.591874	1.506392E+13	1.206617E-5	82876.332212	5.831418E+16	0	0	13.76161	0.827107	0	0
0	0	0	33.287025	7.635966	29.43974	7.635966	1.419253E+13	1.197058E-5	83538.134485	5.831009E+16	0	0	13.758656	0.819192	0	0
0	0	0	33.194554	7.677507	29.282869	7.677507	1.336711E+13	1.186681E-5	84268.610858	5.830622E+16	0	0	13.752302	0.811443	0	0
0	0	0	33.103995	7.716583	29.129611	7.716583	1.260524E+13	1.177235E-5	84944.839085	5.830265E+16	0	0	13.743938	0.803687	0	0
0	0	0	33.013207	7.75412	28.976385	7.75412	1.1885E+13	1.168327E-5	85592.440764	5.829927E+16	0	0	13.729731	0.796209	0	0
0	0	0	32.922484	7.790193	28.823607	7.790193	1.120635E+13	1.160236E-5	86189.347211	5.829608E+16	0	0	13.722476	0.788612	0	0
0	0	0	32.83302	7.823572	28.673722	7.823572	1.057503E+13	1.151578E-5	86837.401733	5.829312E+16	0	0	13.714768	0.781102	0	0
0	0	0	32.74246	7.8547	28.523059	7.8547	9.972175E+12	1.141039E-5	87639.388801	5.82903E+16	0	0	13.700947	0.773927	0	0
0	0	0	32.652032	7.884727	28.372842	7.884727	9.404457E+12	1.13147E-5	88380.602529	5.828763E+16	0	0	13.690968	0.766601	0	0
0	0	0	32.562502	7.912443	28.224894	7.912443	8.874204E+12	1.120932E-5	89211.514587	5.828515E+16	0	0	13.67532	0.759458	0	0
0	0	0	32.47271	7.93854	28.077149	7.93854	8.372409E+12	1.109669E-5	90116.995583	5.828279E+16	0	0	13.661519	0.752346	0	0
0	0	0	32.384879	7.96392	27.932435	7.96392	7.909014E+12	1.101022E-5	90824.67272	5.828062E+16	0	0	13.643916	0.745466	0	0
0	0	0	32.295136	7.987109	27.785838	7.987109	7.462E+12	1.088878E-5	91837.668081	5.827852E+16	0	0	13.624423	0.738546	0	0
0	0	0	32.206701	8.009169	27.641578	8.009169	7.046204E+12	1.07763E-5	92796.208276	5.827657E+16	0	0	13.603041	0.731681	0	0
0	0	0	32.119784	8.030037	27.500031	8.030037	6.660122E+12	1.067109E-5	93711.140511	5.827476E+16	0	0	13.587801	0.724801	0	0
0	0	0	32.032296	8.049567	27.358185	8.049567	6.29285E+12	1.055317E-5	94758.257262	5.827304E+16	0	0	13.562278	0.718119	0	0
0	0	0	31.944611	8.067903	27.216537	8.067903	5.945065E+12	1.042675E-5	95907.161474	5.827141E+16	0	0	13.544374	0.711255	0	0
0	0	0	31.856143	8.085861	27.073743	8.085861	5.613639E+12	1.030807E-5	97011.417167	5.826986E+16	0	0	13.515819	0.704581	0	0
0	0	0	31.766858	8.102279	26.930451	8.102279	5.297874E+12	1.01649E-5	98377.731952	5.826837E+16	0	0	13.488566	0.697892	0	0
0	0	0	31.676266	8.117915	26.785496	8.117915	4.99563E+12	1.001299E-5	99870.274921	5.826696E+16	0	0	13.469984	0.691219	0	0
0	0	0	31.591212	8.132827	26.649101	8.132827	4.727566E+12	9.89721E-6	101038.574721	5.82657E+16	0	0	13.443419	0.684816	0	0
0	0	0	31.498823	8.147345	26.5018	8.147345	4.452655E+12	9.743636E-6	102631.096835	5.826441E+16	0	0	13.415956	0.678334	0	0
0	0	0	31.402579	8.161264	26.348924	8.161264	4.183254E+12	9.569408E-6	104499.672533	5.826315E+16	0	0	13.385348	0.672003	0	0
0	0	0	31.306744	8.174537	26.196901	8.174537	3.931188E+12	9.399416E-6	106389.583656	5.826196E+16	0	0	13.358951	0.665751	0	0
0	0	0	31.212166	8.186743	26.047283	8.186743	3.697321E+12	9.2238E-6	108415.182099	5.826087E+16	0	0	13.333735	0.659635	0	0
0	0	0	31.117573	8.198797	25.897596	8.198797	3.477326E+12	9.063327E-6	110334.763668	5.825984E+16	0	0	13.308919	0.653496	0	0
0	0	0	31.02293	8.210137	25.748155	8.210137	3.270313E+12	8.898505E-6	112378.430821	5.825887E+16	0	0	13.275342	0.647515	0	0
0	0	0	30.929594	8.220895	25.600923	8.220895	3.078229E+12	8.740403E-6	114411.203519	5.825796E+16	0	0	13.252064	0.641184	0	0
0	0	0	30.835375	8.231464	25.452366	8.231464	2.895768E+12	8.589621E-6	116419.570535	5.825711E+16	0	0	13.228889	0.634845	0	0
0	0	0	30.742987	8.241929	25.306509	8.241929	2.727353E+12	8.464434E-6	118141.384449	5.825632E+16	0	0	13.204037	0.628705	0	0
0	0	0	30.650255	8.251053	25.160908	8.251053	2.56816E+12	8.305462E-6	120402.698941	5.825557E+16	0	0	13.164334	0.622924	0	0
0	0	0	30.558879	8.259968	25.017386	8.259968	2.420385E+12	8.162902E-6	122505.452156	5.825488E+16	0	0	13.133225	0.617166	0	0
0	0	0	30.466147	8.268463	24.872007	8.268463	2.279106E+12	8.013523E-6	124789.052425	5.825422E+16	0	0	13.101435	0.611464	0	0
0	0	0	30.374543	8.276525	24.728524	8.276525	2.147642E+12	7.869128E-6	127078.889935	5.82536E+16	0	0	13.064139	0.605842	0	0
0	0	0	30.284473	8.284586	24.587265	8.284586	2.025775E+12	7.74872E-6	129053.566102	5.825303E+16	0	0	13.027921	0.6003	0	0
0	0	0	30.194894	8.292581	24.446703	8.292581	1.911431E+12	7.644421E-6	130814.351412	5.825249E+16	0	0	12.983868	0.594956	0	0
0	0	0	30.105152	8.299946	24.306246	8.299946	1.803349E+12	7.528126E-6	132835.179618	5.825199E+16	0	0	12.95198	0.589509	0	0
0	0	0	30.016765	8.306542	24.168296	8.306542	1.702874E+12	7.398991E-6	135153.567388	5.825151E+16	0	0	12.907008	0.584134	0	0
0	0	0	29.927823	8.313241	24.029363	8.313241	1.607417E+12	7.286395E-6	137242.082343	5.825107E+16	0	0	12.869194	0.578846	0	0
0	0	0	29.839338	8.31932	23.89149	8.31932	1.517761E+12	7.161176E-6	139641.86126	5.825065E+16	0	0	12.828999	0.573718	0	0
0	0	0	29.750511	8.325362	23.753061	8.325362	1.432786E+12	7.046445E-6	141915.525192	5.825025E+16	0	0	12.786032	0.568501	0	0
0	0	0	29.662712	8.331131	23.616318	8.331131	1.353471E+12	6.936801E-6	144158.674927	5.824988E+16	0	0	12.743868	0.563333	0	0
0	0	0	29.574521	8.3366	23.47914	8.3366	1.278222E+12	6.82364E-6	146549.348489	5.824952E+16	0	0	12.694716	0.558252	0	0
0	0	0	29.485906	8.341881	23.3414	8.341881	1.206823E+12	6.712103E-6	148984.593883	5.824919E+16	0	0	12.651443	0.553267	0	0
0	0	0	29.39729	8.347386	23.203436	8.347386	1.139412E+12	6.626295E-6	150913.90155	5.824887E+16	0	0	12.606708	0.548258	0	0
0	0	0	29.309443	8.351787	23.067399	8.351787	1.076302E+12	6.496144E-6	153937.47032	5.824858E+16	0	0	12.561519	0.543297	0	0
0	0	0	29.222363	8.35644	22.932285	8.35644	1.017193E+12	6.395278E-6	156365.363106	5.82483E+16	0	0	12.511369	0.538344	0	0
0	0	0	29.135659	8.361035	22.797732	8.361035	9.61565E+11	6.305099E-6	158601.793621	5.824804E+16	0	0	12.469311	0.533574	0	0
0	0	0	29.048807	8.365396	22.663088	8.365396	9.088921E+11	6.212847E-6	160956.806771	5.824779E+16	0	0	12.425241	0.528764	0	0
0	0	0	28.960894	8.368979	22.527389	8.368979	8.585129E+11	6.080694E-6	164454.908666	5.824755E+16	0	0	12.373915	0.524089	0	0
0	0	0	28.87388	8.373087	22.392605	8.373087	8.113986E+11	5.99552E-6	166791.212004	5.824733E+16	0	0	12.318061	0.519462	0	0
0	0	0	28.787159	8.376641	22.258653	8.376641	7.670161E+11	5.887928E-6	169839.032997	5.824713E+16	0	0	12.269574	0.514867	0	0
0	0	0	28.699475	8.380317	22.123109	8.380317	7.246079E+11	5.795377E-6	172551.317462	5.824693E+16	0	0	12.220546	0.510241	0	0
0	0	0	28.612313	8.383955	21.988348	8.383955	6.847765E+11	5.713687E-6	175018.336044	5.824674E+16	0	0	12.170056	0.505717	0	0
0	0	0	28.522718	8.386881	21.850429	8.386881	6.461137E+11	5.585408E-6	179037.962305	5.824656E+16	0	0	12.11331	0.501178	0	0
0	0	0	28.434527	8.389686	21.714703	8.389686	6.101894E+11	5.463568E-6	183030.582141	5.824639E+16	0	0	12.055609	0.496655	0	0
0	0	0	28.346287	8.392705	21.578698	8.392705	5.762442E+11	5.36636E-6	186346.04854	5.824623E+16	0	0	12.003731	0.492227	0	0
0	0	0	28.256806	8.395031	21.441345	8.395031	5.437492E+11	5.225028E-6	191386.535618	5.824608E+16	0	0	11.937402	0.487871	0	0
0	0	0	28.167603	8.398734	21.303261	8.398734	5.131789E+11	5.194624E-6	192506.704297	5.824593E+16	0	0	11.88266	0.483436	0	0
0	0	0	28.078693	8.401126	21.166661	8.401126	4.844197E+11	5.078679E-6	196901.611126	5.82458E+16	0	0	11.816101	0.479255	0	0
0	0	0	27.988297	8.40333	21.027938	8.40333	4.568315E+11	4.952508E-6	201917.877274	5.824567E+16	0	0	11.766965	0.474827	0	0
0	0	0	27.89782	8.405918	20.888748	8.405918	4.307915E+11	4.864676E-6	205563.52194	5.824555E+16	0	0	11.707619	0.470479	0	0
0	0	0	27.809531	8.40799	20.753277	8.40799	4.06813E+11	4.752349E-6	210422.252459	5.824544E+16	0	0	11.635704	0.466378	0	0
0	0	0	27.719299	8.410109	20.6148	8.410109	3.836851E+11	4.646019E-6	215238.027348	5.824533E+16	0	0	11.580019	0.462181	0	0
0	0	0	27.624411	8.412827	20.468737	8.412827	3.607808E+11	4.583633E-6	218167.543995	5.824522E+16	0	0	11.519633	0.458072	0	0
0	0	0	27.530879	8.414665	20.32545	8.414665	3.395422E+11	4.46227E-6	224101.194755	5.824512E+16	0	0	11.459775	0.453843	0	0
0	0	0	27.437167	8.417158	20.181304	8.417158	3.195167E+11	4.404777E-6	227026.272907	5.824503E+16	0	0	11.389318	0.44983	0	0
0	0	0	27.343259	8.418762	20.037605	8.418762	3.00634E+11	4.279257E-6	233685.408934	5.824494E+16	0	0	11.325158	0.445952	0	0
0	0	0	27.248093	8.42074	19.891654	8.42074	2.826364E+11	4.191223E-6	238593.857171	5.824485E+16	0	0	11.262531	0.441914	0	0
0	0	0	27.15252	8.422343	19.745391	8.422343	2.656459E+11	4.077399E-6	245254.378606	5.824477E+16	0	0	11.186247	0.438092	0	0
0	0	0	27.055377	8.423909	19.596765	8.423909	2.494229E+11	3.964146E-6	252261.161632	5.82447E+16	0	0	11.115548	0.434166	0	0
0	0	0	26.957778	8.425803	19.447135	8.425803	2.341212E+11	3.887654E-6	257224.564746	5.824463E+16	0	0	11.043737	0.430407	0	0
0	0	0	26.859803	8.427593	19.297006	8.427593	2.197046E+11	3.809637E-6	262492.208877	5.824456E+16	0	0	10.980763	0.426552	0	0
0	0	0	26.759982	8.42914	19.144276	8.42914	2.05929E+11	3.712658E-6	269348.821044	5.824449E+16	0	0	10.902936	0.422746	0	0
0	0	0	26.657711	8.430621	18.987873	8.430621	1.927107E+11	3.611776E-6	276872.091529	5.824443E+16	0	0	10.831808	0.419043	0	0
0	0	0	26.556795	8.431887	18.833703	8.431887	1.804994E+11	3.501264E-6	285611.144627	5.824437E+16	0	0	10.764903	0.415252	0	0
0	0	0	26.453936	8.433218	18.676511	8.433218	1.688489E+11	3.400392E-6	294083.704689	5.824432E+16	0	0	10.692174	0.411565	0	0
0	0	0	26.350358	8.43499	18.517802	8.43499	1.578767E+11	3.34969E-6	298535.054636	5.824427E+16	0	0	10.611222	0.407862	0	0
0	0	0	26.245866	8.43574	18.358639	8.43574	1.4753E+11	3.202827E-6	312224.151739	5.824422E+16	0	0	10.533681	0.404342	0	0
0	0	0	26.140605	8.4368	18.198011	8.4368	1.377927E+11	3.092793E-6	323332.346852	5.824417E+16	0	0	10.469555	0.400679	0	0
0	0	0	26.034169	8.438365	18.035106	8.438365	1.285999E+11	3.038559E-6	329103.394172	5.824413E+16	0	0	10.389359	0.397159	0	0
0	0	0	25.926589	8.439555	17.870804	8.439555	1.199314E+11	2.952051E-6	338747.482307	5.824409E+16	0	0	10.314048	0.3936	0	0
0	0	0	25.818404	8.44039	17.705912	8.44039	1.118034E+11	2.834955E-6	352739.28229	5.824405E+16	0	0	10.246072	0.39012	0	0
0	0	0	25.706986	8.441468	17.535867	8.441468	1.040078E+11	2.744163E-6	364409.856079	5.824402E+16	0	0	10.160568	0.386695	0	0
0	0	0	25.59529	8.442424	17.365504	8.442424	9.673832E+10	2.647538E-6	377709.334051	5.824398E+16	0	0	10.074425	0.383335	0	0
0	0	0	25.482924	8.443352	17.194141	8.443352	8.993785E+10	2.553854E-6	391565.064367	5.824395E+16	0	0	9.99166	0.379847	0	0
0	0	0	25.370737	8.444252	17.023064	8.444252	8.362517E+10	2.464329E-6	405789.979046	5.824392E+16	0	0	9.912558	0.376614	0	0
0	0	0	25.256771	8.445208	16.849219	8.445208	7.766583E+10	2.384437E-6	419386.277379	5.824389E+16	0	0	9.82736	0.373173	0	0
0	0	0	25.140909	8.446061	16.672589	8.446061	7.204255E+10	2.297525E-6	435250.962605	5.824387E+16	0	0	9.739375	0.369892	0	0
0	0	0	25.025211	8.446961	16.496147	8.446961	6.683349E+10	2.222262E-6	449991.942093	5.824384E+16	0	0	9.669664	0.366508	0	0
0	0	0	24.907226	8.447814	16.31627	8.447814	6.190917E+10	2.14521E-6	466154.869949	5.824382E+16	0	0	9.587267	0.363322	0	0
0	0	0	24.787493	8.448789	16.133605	8.448789	5.728269E+10	2.085242E-6	479560.64528	5.82438E+16	0	0	9.506554	0.360201	0	0
0	0	0	24.665833	8.44952	15.948251	8.44952	5.293572E+10	2.002958E-6	499261.647556	5.824378E+16	0	0	9.420437	0.357135	0	0
0	0	0	24.54494	8.450017	15.764295	8.450017	4.894299E+10	1.902864E-6	525523.644832	5.824376E+16	0	0	9.341282	0.353981	0	0
0	0	0	24.421777	8.451113	15.576259	8.451113	4.518481E+10	1.870341E-6	534661.948274	5.824374E+16	0	0	9.246135	0.350979	0	0
0	0	0	24.29783	8.451704	15.38755	8.451704	4.1694E+10	1.788121E-6	559246.242353	5.824372E+16	0	0	9.147977	0.348033	0	0
0	0	0	24.170975	8.452116	15.194609	8.452116	3.840038E+10	1.689458E-6	591905.689449	5.824371E+16	0	0	9.064539	0.344911	0	0
0	0	0	24.042977	8.452866	14.999565	8.452866	3.534071E+10	1.63152E-6	612925.296052	5.824369E+16	0	0	8.959777	0.342012	0	0
0	0	0	23.913149	8.453391	14.801975	8.453391	3.248626E+10	1.553377E-6	643758.868836	5.824368E+16	0	0	8.865006	0.338954	0	0
0	0	0	23.780789	8.453503	14.600982	8.453503	2.981335E+10	1.436605E-6	696085.338928	5.824367E+16	0	0	8.786586	0.335833	0	0
0	0	0	23.648283	8.454431	14.398873	8.454431	2.735776E+10	1.407947E-6	710254.154903	5.824366E+16	0	0	8.694017	0.33291	0	0
0	0	0	23.513163	8.4546	14.193618	8.4546	2.506189E+10	1.305969E-6	765714.963872	5.824365E+16	0	0	8.602924	0.330003	0	0
0	0	0	23.376997	8.455378	13.986097	8.455378	2.294313E+10	1.268825E-6	788130.518187	5.824364E+16	0	0	8.511703	0.327192	0	0
0	0	0	23.238512	8.455856	13.775379	8.455856	2.097192E+10	1.205201E-6	829737.056316	5.824363E+16	0	0	8.419868	0.324301	0	0
0	0	0	23.098116	8.456324	13.561762	8.456324	1.914631E+10	1.144187E-6	873982.869572	5.824362E+16	0	0	8.310413	0.321578	0	0
0	0	0	22.954322	8.456708	13.343076	8.456708	1.744114E+10	1.077542E-6	928037.728407	5.824361E+16	0	0	8.209102	0.318671	0	0
0	0	0	22.808421	8.457027	13.121261	8.457027	1.586613E+10	1.008528E-6	991543.683475	5.82436E+16	0	0	8.108477	0.31594	0	0
0	0	0	22.660805	8.457692	12.896436	8.457692	1.44173E+10	9.751877E-7	1025443.661441	5.82436E+16	0	0	8.011492	0.313288	0	0
0	0	0	22.510396	8.457936	12.667849	8.457936	1.307705E+10	9.058107E-7	1103983.412351	5.824359E+16	0	0	7.922116	0.310572	0	0
0	0	0	22.358369	8.458358	12.436595	8.458358	1.184896E+10	8.563839E-7	1167700.611594	5.824358E+16	0	0	7.828616	0.308128	0	0
0	0	0	22.203027	8.458911	12.200144	8.458911	1.071313E+10	8.210291E-7	1217983.632089	5.824358E+16	0	0	7.717823	0.305675	0	0
0	0	0	22.044989	8.459304	11.959782	8.459304	9.669261E+9	7.743039E-7	1291482.662858	5.824357E+16	0	0	7.608774	0.303055	0	0
0	0	0	21.882476	8.45966	11.712663	8.45966	8.701804E+9	7.263406E-7	1376764.503388	5.824357E+16	0	0	7.507034	0.300554	0	0
0	0	0	21.718019	8.459904	11.462722	8.459904	7.821276E+9	6.723269E-7	1487371.754672	5.824356E+16	0	0	7.400052	0.297918	0	0
0	0	0	21.551634	8.460307	11.209656	8.460307	7.021065E+9	6.348676E-7	1575131.461752	5.824356E+16	0	0	7.315423	0.295442	0	0
0	0	0	21.3803	8.460644	10.949149	8.460644	6.282521E+9	5.938959E-7	1683796.730175	5.824356E+16	0	0	7.216984	0.292989	0	0
0	0	0	21.207954	8.461112	10.686934	8.461112	5.617972E+9	5.668385E-7	1764171.040216	5.824355E+16	0	0	7.100715	0.290783	0	0
0	0	0	21.030184	8.461169	10.416993	8.461169	5.006075E+9	5.09222E-7	1963779.904804	5.824355E+16	0	0	7.003591	0.28833	0	0
0	0	0	20.848461	8.461628	10.140541	8.461628	4.449401E+9	4.848549E-7	2062472.651323	5.824355E+16	0	0	6.893654	0.28591	0	0
0	0	0	20.664533	8.461853	9.86103	8.461853	3.948976E+9	4.458924E-7	2242693.770045	5.824355E+16	0	0	6.784621	0.28372	0	0
0	0	0	20.477714	8.462377	9.576738	8.462377	3.498266E+9	4.314112E-7	2317973.894431	5.824354E+16	0	0	6.686687	0.281442	0	0
0	0	0	20.286517	8.462864	9.285836	8.462864	3.090209E+9	4.167609E-7	2399457.572477	5.824354E+16	0	0	6.583036	0.279252	0	0
0	0	0	20.089554	8.462911	8.986747	8.462911	2.719559E+9	3.701093E-7	2701904.761307	5.824354E+16	0	0	6.47526	0.277062	0	0
0	0	0	19.890467	8.463192	8.684122	8.463192	2.390071E+9	3.440173E-7	2906830.886537	5.824354E+16	0	0	6.361121	0.274848	0	0
0	0	0	19.688718	8.463108	8.377937	8.463108	2.096878E+9	2.96691E-7	3370509.496426	5.824354E+16	0	0	6.256982	0.272483	0	0
0	0	0	19.483343	8.463605	8.065465	8.463605	1.835328E+9	2.885658E-7	3465414.40124	5.824354E+16	0	0	6.161906	0.270421	0	0
0	0	0	19.271989	8.463736	7.7444	8.463736	1.600185E+9	2.59212E-7	3857845.442365	5.824354E+16	0	0	6.051793	0.268247	0	0
0	0	0	19.056306	8.464017	7.416555	8.464017	1.391256E+9	2.410002E-7	4149374.812461	5.824353E+16	0	0	5.938487	0.2662	0	0
0	0	0	18.838696	8.464401	7.085632	8.464401	1.208094E+9	2.311864E-7	4325513.22344	5.824353E+16	0	0	5.816056	0.264042	0	0
0	0	0	18.616676	8.464335	6.748633	8.464335	1.046049E+9	1.966633E-7	5084833.14474	5.824353E+16	0	0	5.697205	0.261892	0	0
0	0	0	18.391617	8.464804	6.406267	8.464804	9.039564E+8	1.943291E-7	5145910.343318	5.824353E+16	0	0	5.59122	0.259845	0	0
0	0	0	18.161789	8.464991	6.057048	8.464991	7.787519E+8	1.776054E-7	5630458.452203	5.824353E+16	0	0	5.456611	0.257822	0	0
0	0	0	17.929004	8.464935	5.703687	8.464935	6.696036E+8	1.499753E-7	6667764.800764	5.824353E+16	0	0	5.341519	0.255736	0	0
0	0	0	17.692185	8.46515	5.343805	8.46515	5.742484E+8	1.38114E-7	7240393.980127	5.824353E+16	0	0	5.227019	0.253713	0	0
0	0	0	17.45365	8.465487	4.981133	8.465487	4.919247E+8	1.337723E-7	7475387.897954	5.824353E+16	0	0	5.112458	0.251746	0	0
0	0	0	17.209921	8.465544	4.610982	8.465544	4.199853E+8	1.167525E-7	8565128.683708	5.824353E+16	0	0	5.001107	0.249644	0	0
0	0	0	16.964918	8.465843	4.238529	8.465843	3.582701E+8	1.130133E-7	8848514.366335	5.824353E+16	0	0	4.886242	0.247661	0	0
0	0	0	16.718836	8.465591	3.865269	8.465591	3.0541E+8	8.65073E-8	1.155972E+7	5.824353E+16	0	0	4.774626	0.245734	0	0
0	0	0	16.473948	8.465881	3.492995	8.465881	2.605506E+8	8.359724E-8	1.196212E+7	5.824353E+16	0	0	4.643784	0.243831	0	0
0	0	0	16.220842	8.46634	3.107975	8.46634	2.210986E+8	8.977497E-8	1.113896E+7	5.824353E+16	0	0	4.51955	0.241808	0	0
0	0	0	15.968064	8.465956	2.724755	8.465956	1.876601E+8	6.23467E-8	1.603934E+7	5.824353E+16	0	0	4.399097	0.239992	0	0
0	0	0	15.713048	8.466349	2.336921	8.466349	1.590477E+8	6.493237E-8	1.540064E+7	5.824353E+16	0	0	4.260976	0.237985	0	0
0	0	0	15.456218	8.466293	1.947039	8.466293	1.346394E+8	5.322775E-8	1.878719E+7	5.824353E+16	0	0	4.127539	0.236074	0	0
0	0	0	15.198213	8.466565	1.554845	8.466565	1.1389E+8	5.315806E-8	1.881182E+7	5.824353E+16	0	0	4.005917	0.234242	0	0
0	0	0	14.942461	8.466864	1.16602	8.466864	9.647927E+7	5.624215E-8	1.778026E+7	5.824353E+16	0	0	3.891585	0.232419	0	0
0	0	0	14.685517	8.466752	0.776051	8.466752	8.166699E+7	4.35427E-8	2.296596E+7	5.824353E+16	0	0	3.776955	0.230571	0	0
0	0	0	14.427888	8.466836	0.384718	8.466836	6.909805E+7	3.936203E-8	2.540519E+7	5.824353E+16	0	0	3.671601	0.228612	0	0
0	0	0	14.169147	8.467155	-0.008697	8.467155	5.842141E+7	4.488051E-8	2.228139E+7	5.824353E+16	0	0	3.570311	0.226741	0	0
0	0	0	13.91106	8.466789	-0.399973	8.466789	4.941541E+7	2.711906E-8	3.687444E+7	5.824353E+16	0	0	3.467777	0.224981	0	0
0	0	0	13.653332	8.467127	-0.791891	8.467127	4.180749E+7	3.115921E-8	3.209324E+7	5.824353E+16	0	0	3.379474	0.223213	0	0
0	0	0	13.394346	8.467173	-1.18523	8.467173	3.534202E+7	2.771903E-8	3.60763E+7	5.824353E+16	0	0	3.28764	0.221437	0	0
0	0	0	13.137631	8.467473	-1.575561	8.467473	2.992046E+7	3.528511E-8	2.834056E+7	5.824353E+16	0	0	3.190747	0.219685	0	0
0	0	0	12.883758	8.46723	-1.960634	8.46723	2.537733E+7	2.123744E-8	4.708666E+7	5.824353E+16	0	0	3.100676	0.217957	0	0
0	0	0	12.630963	8.467248	-2.344526	8.467248	2.153909E+7	1.843719E-8	5.423821E+7	5.824353E+16	0	0	3.013189	0.216229	0	0
0	0	0	12.375571	8.467286	-2.732396	8.467286	1.825059E+7	1.637031E-8	6.108621E+7	5.824353E+16	0	0	2.925687	0.214485	0	0
0	0	0	12.124132	8.467202	-3.114045	8.467202	1.550388E+7	1.255411E-8	7.965519E+7	5.824353E+16	0	0	2.839817	0.212813	0	0
0	0	0	11.874555	8.467717	-3.493952	8.467717	1.318646E+7	2.632124E-8	3.799213E+7	5.824353E+16	0	0	2.754814	0.210973	0	0
0	0	0	11.624766	8.467576	-3.872998	8.467576	1.121389E+7	1.59934E-8	6.252579E+7	5.824353E+16	0	0	2.671238	0.209333	0	0
0	0	0	11.377231	8.467417	-4.248581	8.467417	9550357	1.029107E-8	9.717164E+7	5.824353E+16	0	0	2.582001	0.207629	0	0
0	0	0	11.133633	8.46752	-4.61867	8.46752	8154397	1.043794E-8	9.580437E+7	5.824353E+16	0	0	2.497163	0.205988	0	0
0	0	0	10.891782	8.467586	-4.986038	8.467586	6970381	1.013416E-8	9.867617E+7	5.824353E+16	0	0	2.421822	0.204308	0	0
0	0	0	10.651908	8.467576	-5.350265	8.467576	5965927	8.508712E-9	1.175266E+8	5.824353E+16	0	0	2.334874	0.202651	0	0
0	0	0	10.414664	8.468101	-5.711515	8.468101	5114937	-1.107802E-7	-9026884.273046	5.824353E+16	0	0	2.252217	0.201202	0	0
0	0	0	10.181046	8.46782	-6.065728	8.46782	4395662	1.241077E-8	8.05752E+7	5.824353E+16	0	0	2.170155	0.199482	0	0
0	0	0	9.949698	8.467707	-6.416811	8.467707	3783101	7.355504E-9	1.359526E+8	5.824353E+16	0	0	2.102121	0.197849	0	0
0	0	0	9.720425	8.468082	-6.765689	8.468082	3260289	-1.673442E-7	-5975708.966283	5.824353E+16	0	0	2.023345	0.196297	0	0
0	0	0	9.493635	8.467661	-7.109246	8.467661	2814256	4.843417E-9	2.064658E+8	5.824353E+16	0	0	1.944236	0.194831	0	0
0	0	0	9.271272	8.467642	-7.446865	8.467642	2436230	4.008686E-9	2.494583E+8	5.824353E+16	0	0	1.872731	0.193223	0	0
0	0	0	9.050901	8.46781	-7.78183	8.46781	2111711	5.745755E-9	1.740415E+8	5.824353E+16	0	0	1.800797	0.191718	0	0
0	0	0	8.831984	8.467932	-8.114498	8.467932	1832146	9.442165E-9	1.059079E+8	5.824353E+16	0	0	1.736305	0.190165	0	0
0	0	0	8.616514	8.467764	-8.44135	8.467764	1593150	3.668732E-9	2.725737E+8	5.824353E+16	0	0	1.660929	0.188747	0	0
0	0	0	8.405144	8.46796	-8.762713	8.46796	1389020	9.019422E-9	1.108718E+8	5.824353E+16	0	0	1.587236	0.187202	0	0
0	0	0	8.197123	8.468232	-9.079149	8.468232	1213679	-5.208803E-9	-1.919827E+8	5.824353E+16	0	0	1.525696	0.185729	0	0
0	0	0	7.991257	8.468101	-9.391491	8.468101	1061955	-2.299912E-8	-4.347992E+7	5.824353E+16	0	0	1.463169	0.184375	0	0
0	0	0	7.786666	8.467913	-9.701779	8.467913	929967	4.213169E-9	2.37351E+8	5.824353E+16	0	0	1.399521	0.18287	0	0
0	0	0	7.586616	8.468382	-10.006529	8.468382	816786	-1.829196E-9	-5.466884E+8	5.824353E+16	0	0	1.33092	0.181461	0	0
0	0	0	7.389897	8.468269	-10.305016	8.468269	718933	-2.510363E-9	-3.983487E+8	5.824353E+16	0	0	1.277442	0.180075	0	0
0	0	0	7.19496	8.467848	-10.600148	8.467848	633533	2.016694E-9	4.958611E+8	5.824353E+16	0	0	1.21567	0.178713	0	0
0	0	0	7.002914	8.468119	-10.892344	8.468119	559326	-7.676284E-9	-1.302714E+8	5.824353E+16	0	0	1.164238	0.177232	0	0
0	0	0	6.811504	8.468157	-11.183081	8.468157	494015	-3.913155E-9	-2.555482E+8	5.824353E+16	0	0	1.112044	0.175958	0	0
0	0	0	6.624375	8.468297	-11.467541	8.468297	437543	-1.340423E-9	-7.460329E+8	5.824353E+16	0	0	1.057482	0.174644	0	0
0	0	0	6.439908	8.468307	-11.747679	8.468307	388197	-1.14254E-9	-8.752428E+8	5.824353E+16	0	0	1.001891	0.173282	0	0
0	0	0	6.257025	8.468082	-12.024906	8.468082	344770	-1.769525E-8	-5.651235E+7	5.824353E+16	0	0	0.953171	0.171888	0	0
0	0	0	6.076478	8.468429	-12.29982	8.468429	306666	-5.974946E-10	-1.673655E+9	5.824353E+16	0	0	0.908967	0.170574	0	0
0	0	0	5.89683	8.468419	-12.572602	8.468419	272932	-5.459643E-10	-1.831621E+9	5.824353E+16	0	0	0.853409	0.1693	0	0
0	0	0	5.721053	8.468194	-12.839032	8.468194	243519	-1.355706E-9	-7.376231E+8	5.824353E+16	0	0	0.801543	0.16797	0	0
0	0	0	5.54722	8.467998	-13.102568	8.467998	217550	2.162046E-9	4.625248E+8	5.824353E+16	0	0	0.762466	0.16676	0	0
0	0	0	5.375772	8.468148	-13.363245	8.468148	194652	-1.724115E-9	-5.800077E+8	5.824353E+16	0	0	0.719676	0.165486	0	0
0	0	0	5.207672	8.468391	-13.619049	8.468391	174542	-3.795441E-10	-2.63474E+9	5.824353E+16	0	0	0.680237	0.164084	0	0
0	0	0	5.037743	8.468035	-13.876297	8.468035	156325	3.309042E-9	3.022023E+8	5.824353E+16	0	0	0.651606	0.162794	0	0
0	0	0	4.87108	8.468457	-14.130321	8.468457	140305	-2.535837E-10	-3.943471E+9	5.824353E+16	0	0	0.60276	0.161703	0	0
0	0	0	4.706591	8.46826	-14.379661	8.46826	126105	-4.618535E-10	-2.165189E+9	5.824353E+16	0	0	0.568918	0.160461	0	0
0	0	0	4.5446	8.468129	-14.625351	8.468129	113526	-1.316863E-9	-7.593806E+8	5.824353E+16	0	0	0.540688	0.159211	0	0
0	0	0	4.384635	8.468204	-14.868431	8.468204	102336	-5.303197E-10	-1.885655E+9	5.824353E+16	0	0	0.510364	0.158	0	0
0	0	0	4.225503	8.468307	-15.110311	8.468307	92299	-2.71654E-10	-3.681153E+9	5.824353E+16	0	0	0.474794	0.156837	0	0
0	0	0	4.066681	8.468419	-15.351744	8.468419	83263	-1.665566E-10	-6.003965E+9	5.824353E+16	0	0	0.447077	0.155484	0	0
0	0	0	3.910963	8.468119	-15.587517	8.468119	75264	-1.032933E-9	-9.681167E+8	5.824353E+16	0	0	0.423067	0.154321	0	0
0	0	0	3.757042	8.468363	-15.821811	8.468363	68112	-1.622342E-10	-6.163928E+9	5.824353E+16	0	0	0.392388	0.153142	0	0
0	0	0	3.604591	8.468194	-16.052922	8.468194	61698	-3.434817E-10	-2.911363E+9	5.824353E+16	0	0	0.366494	0.152004	0	0
0	0	0	3.453887	8.46841	-16.28227	8.46841	55952	-1.149943E-10	-8.69608E+9	5.824353E+16	0	0	0.341106	0.15096	0	0
0	0	0	3.305455	8.468532	-16.507955	8.468532	50816	-7.698815E-11	-1.298901E+10	5.824353E+16	0	0	0.321022	0.14979	0	0
0	0	0	3.156662	8.468485	-16.733792	8.468485	46140	-7.776527E-11	-1.285921E+10	5.824353E+16	0	0	0.304815	0.148436	0	0
0	0	0	3.009847	8.46841	-16.95656	8.46841	41949	-8.621493E-11	-1.159892E+10	5.824353E+16	0	0	0.291037	0.147361	0	0
0	0	0	2.866576	8.468541	-17.174432	8.468541	38226	-5.676611E-11	-1.761614E+10	5.824353E+16	0	0	0.260552	0.146286	0	0
0	0	0	2.724628	8.468204	-17.389185	8.468204	34863	-1.80665E-10	-5.535107E+9	5.824353E+16	0	0	0.248702	0.145091	0	0
0	0	0	2.585881	8.468372	-17.600276	8.468372	31862	-7.355328E-11	-1.359559E+10	5.824353E+16	0	0	0.229781	0.144	0	0
0	0	0	2.448638	8.4684	-17.808752	8.4684	29148	-6.15953E-11	-1.623501E+10	5.824353E+16	0	0	0.217371	0.142901	0	0
0	0	0	2.314367	8.46856	-18.013029	8.46856	26717	-3.816251E-11	-2.620373E+10	5.824353E+16	0	0	0.207	0.141826	0	0
0	0	0	2.18235	8.46856	-18.213501	8.46856	24524	-3.503003E-11	-2.854693E+10	5.824353E+16	0	0	0.186772	0.140751	0	0
0	0	0	2.052686	8.468672	-18.410673	8.468672	22546	-2.620938E-11	-3.815428E+10	5.824353E+16	0	0	0.172528	0.139708	0	0
0	0	0	1.927203	8.468728	-18.601361	8.468728	20783	-2.210259E-11	-4.524357E+10	5.824353E+16	0	0	0.160539	0.138561	0	0
0	0	0	1.804645	8.468429	-18.786744	8.468429	19195	-3.739869E-11	-2.673891E+10	5.824353E+16	0	0	0.155219	0.137558	0	0
0	0	0	1.685059	8.468325	-18.968088	8.468325	17762	-4.846954E-11	-2.063152E+10	5.824353E+16	0	0	0.141034	0.136507	0	0
0	0	0	1.570651	8.468485	-19.142209	8.468485	16492	-2.779594E-11	-3.597648E+10	5.824353E+16	0	0	0.12955	0.135519	0	0
0	0	0	1.461078	8.468241	-19.308002	8.468241	15360	-6.235008E-11	-1.603847E+10	5.824353E+16	0	0	0.11965	0.13458	0	0
0	0	0	1.351767	8.468541	-19.474731	8.468541	14309	-2.124905E-11	-4.706092E+10	5.824353E+16	0	0	0.110368	0.133473	0	0
0	0	0	1.247242	8.468429	-19.63318	8.468429	13370	-2.604952E-11	-3.838843E+10	5.824353E+16	0	0	0.101476	0.132445	0	0
0	0	0	1.151031	8.4687	-19.779951	8.4687	12561	-1.395261E-11	-7.167119E+10	5.824353E+16	0	0	0.101611	0.131434	0	0
0	0	0	1.059426	8.468532	-19.918639	8.468532	11837	-1.79335E-11	-5.576156E+10	5.824353E+16	0	0	0.095092	0.130263	0	0
0	0	0	0.97478	8.468691	-20.047573	8.468691	11204	-1.263253E-11	-7.916072E+10	5.824353E+16	0	0	0.079669	0.129236	0	0
0	0	0	0.896308	8.468391	-20.165991	8.468391	10649	-2.31564E-11	-4.31846E+10	5.824353E+16	0	0	0.078478	0.128081	0	0
0	0	0	0.822672	8.468466	-20.277997	8.468466	10152	-1.791633E-11	-5.581499E+10	5.824353E+16	0	0	0.076541	0.127086	0	0
0	0	0	0.754687	8.468485	-20.381281	8.468485	9714	-1.637217E-11	-6.107927E+10	5.824353E+16	0	0	0.066267	0.12617	0	0
0	0	0	0.690818	8.468653	-20.478689	8.468653	9319	-1.118008E-11	-8.944481E+10	5.824353E+16	0	0	0.06993	0.125246	0	0
0	0	0	0.631393	8.468616	-20.568835	8.468616	8967	-1.149386E-11	-8.700298E+10	5.824353E+16	0	0	0.059498	0.124267	0	0
0	0	0	0.576198	8.468419	-20.652158	8.468419	8652	-1.730718E-11	-5.77795E+10	5.824353E+16	0	0	0.055423	0.12324	0	0
0	0	0	0.523781	8.468597	-20.732203	8.468597	8362	-1.109805E-11	-9.010589E+10	5.824353E+16	0	0	0.04531	0.122427	0	0
0	0	0	0.474564	8.4684	-20.806446	8.4684	8100	-1.711685E-11	-5.842197E+10	5.824353E+16	0	0	0.052166	0.121631	0	0
0	0	0	0.429366	8.468288	-20.874797	8.468288	7866	-2.512485E-11	-3.980123E+10	5.824353E+16	0	0	0.053872	0.120707	0	0
0	0	0	0.385949	8.468588	-20.941483	8.468588	7647	-1.03321E-11	-9.678571E+10	5.824353E+16	0	0	0.046232	0.119847	0	0
0	0	0	0.345063	8.468719	-21.0039	8.468719	7447	-8.033857E-12	-1.244732E+11	5.824353E+16	0	0	0.055295	0.118963	0	0
0	0	0	0.307673	8.468869	-21.061057	8.468869	7269	-6.373666E-12	-1.568956E+11	5.824353E+16	0	0	0.03467	0.118223	0	0
0	0	0	0.271312	8.468644	-21.115705	8.468644	7099	-8.6553E-12	-1.155361E+11	5.824353E+16	0	0	0.03696	0.117339	0	0
0	0	0	0.238806	8.468841	-21.165564	8.468841	6951	-6.316572E-12	-1.583137E+11	5.824353E+16	0	0	0.03792	0.116431	0	0
0	0	0	0.208816	8.468831	-21.211083	8.468831	6817	-6.27085E-12	-1.59468E+11	5.824353E+16	0	0	0.025761	0.115563	0	0
0	0	0	0.179136	8.468457	-21.255205	8.468457	6687	-1.208592E-11	-8.274094E+10	5.824353E+16	0	0	0.025919	0.114814	0	0
0	0	0	0.151416	8.468166	-21.296563	8.468166	6568	-4.70521E-11	-2.125304E+10	5.824353E+16	0	0	0.02889	0.11401	0	0
0	0	0	0.125722	8.468363	-21.336079	8.468363	6459	-1.538452E-11	-6.500038E+10	5.824353E+16	0	0	0.017823	0.113166	0	0
0	0	0	0.101857	8.46841	-21.372438	8.46841	6360	-1.307128E-11	-7.650363E+10	5.824353E+16	0	0	0.037136	0.112234	0	0
0	0	0	0.07938	8.468635	-21.407139	8.468635	6268	-7.768521E-12	-1.287246E+11	5.824353E+16	0	0	0.026663	0.111446	0	0
0	0	0	0.057198	8.468794	-21.441228	8.468794	6179	-5.977481E-12	-1.672945E+11	5.824353E+16	0	0	0.023237	0.110689	0	0
0	0	0	0.036878	8.468616	-21.471634	8.468616	6098	-7.816388E-12	-1.279363E+11	5.824353E+16	0	0	0.021958	0.109845	0	0
0	0	0	0.017619	8.468541	-21.500688	8.468541	6022	-8.942749E-12	-1.118224E+11	5.824353E+16	0	0	0.019191	0.109057	0	0
0	0	0	-0.00012	8.468419	-21.527317	8.468419	5953	-1.190819E-11	-8.397584E+10	5.824353E+16	0	0	0.015651	0.10826	0	0
0	0	0	-0.016308	8.468541	-21.552208	8.468541	5891	-8.748212E-12	-1.143091E+11	5.824353E+16	0	0	0.01428	0.107472	0	0
0	0	0	-0.033002	8.46856	-21.577606	8.46856	5827	-8.323275E-12	-1.20145E+11	5.824353E+16	0	0	0.023298	0.106787	0	0
0	0	0	-0.047311	8.468438	-21.599025	8.468438	5774	-1.096471E-11	-9.120167E+10	5.824353E+16	0	0	0.013731	0.105895	0	0
0	0	0	-0.062421	8.468606	-21.622399	8.468606	5717	-7.455557E-12	-1.341281E+11	5.824353E+16	0	0	0.016817	0.105322	0	0
0	0	0	-0.076093	8.468532	-21.64297	8.468532	5667	-8.585718E-12	-1.164725E+11	5.824353E+16	0	0	0.01618	0.104525	0	0
0	0	0	-0.089046	8.468391	-21.662282	8.468391	5619	-1.22186E-11	-8.184247E+10	5.824353E+16	0	0	0.007115	0.103745	0	0
0	0	0	-0.100448	8.468775	-21.680574	8.468775	5578	-5.5391E-12	-1.805347E+11	5.824353E+16	0	0	0.017162	0.103092	0	0
0	0	0	-0.112323	8.468475	-21.697844	8.468475	5535	-9.54345E-12	-1.047839E+11	5.824353E+16	0	0	0.009531	0.102351	0	0
0	0	0	-0.12379	8.468325	-21.714874	8.468325	5494	-1.499221E-11	-6.670131E+10	5.824353E+16	0	0	0.015049	0.101674	0	0
0	0	0	-0.133411	8.468625	-21.730249	8.468625	5460	-6.8809E-12	-1.453298E+11	5.824353E+16	0	0	0.01202	0.100878	0	0
0	0	0	-0.14313	8.4684	-21.744434	8.4684	5425	-1.146406E-11	-8.722912E+10	5.824353E+16	0	0	0.007354	0.100177	0	0
0	0	0	-0.153159	8.468485	-21.759879	8.468485	5390	-9.084412E-12	-1.100787E+11	5.824353E+16	0	0	0.012183	0.099453	0	0
0	0	0	-0.162274	8.468419	-21.773553	8.468419	5359	-1.071997E-11	-9.328386E+10	5.824353E+16	0	0	0.008251	0.098824	0	0
0	0	0	-0.171634	8.46841	-21.787742	8.46841	5326	-1.094617E-11	-9.135619E+10	5.824353E+16	0	0	0.019599	0.098115	0	0
0	0	0	-0.180128	8.468176	-21.800043	8.468176	5297	-3.463561E-11	-2.887202E+10	5.824353E+16	0	0	0.016484	0.097414	0	0
0	0	0	-0.188312	8.468429	-21.813116	8.468429	5269	-1.026589E-11	-9.741E+10	5.824353E+16	0	0	0.000245	0.096753	0	0
0	0	0	-0.19594	8.468391	-21.824604	8.468391	5243	-1.140098E-11	-8.771177E+10	5.824353E+16	0	0	0.005182	0.096092	0	0
0	0	0	-0.203731	8.468354	-21.83634	8.468354	5217	-1.283419E-11	-7.791688E+10	5.824353E+16	0	0	0.015163	0.095359	0	0
0	0	0	-0.21136	8.468438	-21.848139	8.468438	5191	-9.857606E-12	-1.014445E+11	5.824353E+16	0	0	0.008593	0.094667	0	0
0	0	0	-0.217861	8.468429	-21.857987	8.468429	5169	-1.007105E-11	-9.929451E+10	5.824353E+16	0	0	0.006127	0.094061	0	0
0	0	0	-0.224885	8.46826	-21.868223	8.46826	5145	-1.884331E-11	-5.306922E+10	5.824353E+16	0	0	0.002788	0.093424	0	0
0	0	0	-0.231941	8.46841	-21.879321	8.46841	5122	-1.05269E-11	-9.499474E+10	5.824353E+16	0	0	0.004505	0.092811	0	0
0	0	0	-0.237626	8.46841	-21.887953	8.46841	5103	-1.048785E-11	-9.534844E+10	5.824353E+16	0	0	0.013101	0.092102	0	0
0	0	0	-0.243098	8.468363	-21.896143	8.468363	5085	-1.211183E-11	-8.256391E+10	5.824353E+16	0	0	0.011467	0.091433	0	0
0	0	0	-0.248407	8.468213	-21.903821	8.468213	5068	-2.456431E-11	-4.070946E+10	5.824353E+16	0	0	0.018484	0.090804	0	0
0	0	0	-0.254304	8.468532	-21.91359	8.468532	5048	-7.64791E-12	-1.307547E+11	5.824353E+16	0	0	0.004631	0.090159	0	0
0	0	0	-0.260625	8.4687	-21.923621	8.4687	5027	-5.583931E-12	-1.790853E+11	5.824353E+16	0	0	0.014331	0.089562	0	0
0	0	0	-0.265623	8.468522	-21.930756	8.468522	5011	-7.748516E-12	-1.29057E+11	5.824353E+16	0	0	0.007346	0.088941	0	0
0	0	0	-0.26956	8.4684	-21.936422	8.4684	4998	-1.056173E-11	-9.468146E+10	5.824353E+16	0	0	0.002939	0.08836	0	0
0	0	0	-0.274754	8.468672	-21.945005	8.468672	4982	-5.791498E-12	-1.726669E+11	5.824353E+16	0	0	0.000269	0.08781	0	0
0	0	0	-0.278871	8.46841	-21.950585	8.46841	4968	-1.021039E-11	-9.793943E+10	5.824353E+16	0	0	0.012	0.087141	0	0
0	0	0	-0.282595	8.46855	-21.9566	8.46855	4956	-7.216706E-12	-1.385674E+11	5.824353E+16	0	0	0.022068	0.086544	0	0
0	0	0	-0.287299	8.468672	-21.964055	8.468672	4941	-5.743837E-12	-1.740997E+11	5.824353E+16	0	0	0.019471	0.085947	0	0
0	0	0	-0.291546	8.468363	-21.969714	8.468363	4928	-1.173788E-11	-8.519429E+10	5.824353E+16	0	0	0.007631	0.085421	0	0
0	0	0	-0.29563	8.468297	-21.975747	8.468297	4914	-1.505415E-11	-6.642687E+10	5.824353E+16	0	0	0.004912	0.084712	0	0
0	0	0	-0.298864	8.468354	-21.980802	8.468354	4904	-1.206419E-11	-8.288996E+10	5.824353E+16	0	0	-0.011852	0.084091	0	0
0	0	0	-0.302295	8.468813	-21.987186	8.468813	4893	-4.614282E-12	-2.167184E+11	5.824353E+16	0	0	0.003099	0.083542	0	0
0	0	0	-0.305496	8.46856	-21.9914	8.46856	4883	-6.974867E-12	-1.433719E+11	5.824353E+16	0	0	0.010688	0.082913	0	0
0	0	0	-0.308551	8.468204	-21.995127	8.468204	4874	-2.525776E-11	-3.95918E+10	5.824353E+16	0	0	0.012664	0.082331	0	0
0	0	0	-0.312471	8.468503	-22.001848	8.468503	4861	-7.840142E-12	-1.275487E+11	5.824353E+16	0	0	0.002204	0.081758	0	0
0	0	0	-0.314219	8.468204	-22.003735	8.468204	4856	-2.516448E-11	-3.973856E+10	5.824353E+16	0	0	0.014778	0.081097	0	0
0	0	0	-0.317274	8.468635	-22.009477	8.468635	4846	-6.006103E-12	-1.664973E+11	5.824353E+16	0	0	0.017797	0.080516	0	0
0	0	0	-0.31992	8.468372	-22.012823	8.468372	4838	-1.11685E-11	-8.953753E+10	5.824353E+16	0	0	0.000293	0.080014	0	0
0	0	0	-0.322027	8.468541	-22.016455	8.468541	4831	-7.174098E-12	-1.393903E+11	5.824353E+16	0	0	-0.002656	0.079528	0	0
0	0	0	-0.324314	8.46855	-22.019952	8.46855	4824	-7.024494E-12	-1.42359E+11	5.824353E+16	0	0	0.01119	0.078987	0	0
0	0	0	-0.326241	8.468691	-22.023238	8.468691	4818	-5.432303E-12	-1.84084E+11	5.824353E+16	0	0	0.00927	0.078437	0	0
0	0	0	-0.32794	8.468475	-22.025266	8.468475	4813	-8.298578E-12	-1.205026E+11	5.824353E+16	0	0	0.013351	0.077856	0	0
0	0	0	-0.329949	8.46856	-22.028533	8.46856	4806	-6.864881E-12	-1.45669E+11	5.824353E+16	0	0	0.005347	0.077442	0	0
0	0	0	-0.331828	8.46855	-22.031362	8.46855	4801	-6.991002E-12	-1.43041E+11	5.824353E+16	0	0	0.009447	0.076884	0	0
0	0	0	-0.333069	8.468597	-22.033367	8.468597	4797	-6.366582E-12	-1.570701E+11	5.824353E+16	0	0	0.010536	0.076319	0	0
0	0	0	-0.33485	8.468475	-22.035759	8.468475	4791	-8.260645E-12	-1.210559E+11	5.824353E+16	0	0	0.009581	0.075753	0	0
0	0	0	-0.336026	8.468335	-22.037185	8.468335	4788	-1.260656E-11	-7.932375E+10	5.824353E+16	0	0	0.015877	0.07518	0	0
0	0	0	-0.338051	8.468429	-22.0405	8.468429	4781	-9.315088E-12	-1.073527E+11	5.824353E+16	0	0	0.011786	0.074766	0	0
0	0	0	-0.339325	8.46855	-22.042747	8.46855	4777	-6.956055E-12	-1.437597E+11	5.824353E+16	0	0	0.005568	0.0742	0	0
0	0	0	-0.340616	8.468363	-22.044227	8.468363	4773	-1.136869E-11	-8.796092E+10	5.824353E+16	0	0	0.014043	0.073802	0	0
0	0	0	-0.341596	8.468251	-22.045427	8.468251	4770	-1.836763E-11	-5.444361E+10	5.824353E+16	0	0	0.000319	0.073237	0	0
0	0	0	-0.343768	8.46856	-22.049518	8.46856	4764	-6.804888E-12	-1.469532E+11	5.824353E+16	0	0	0.013144	0.072863	0	0
0	0	0	-0.34465	8.468438	-22.050545	8.468438	4761	-9.041045E-12	-1.106067E+11	5.824353E+16	0	0	-0.002905	0.072353	0	0
0	0	0	-0.345941	8.468653	-22.053057	8.468653	4757	-5.707011E-12	-1.752231E+11	5.824353E+16	0	0	0.013319	0.071851	0	0
0	0	0	-0.34728	8.468738	-22.055307	8.468738	4753	-4.984049E-12	-2.006401E+11	5.824353E+16	0	0	0.012325	0.07131	0	0
0	0	0	-0.348473	8.468176	-22.055678	8.468176	4749	-3.105239E-11	-3.220364E+10	5.824353E+16	0	0	0.015677	0.07092	0	0
0	0	0	-0.349665	8.468532	-22.058401	8.468532	4745	-7.188853E-12	-1.391042E+11	5.824353E+16	0	0	0.008058	0.07041	0	0
0	0	0	-0.350482	8.467979	-22.058224	8.467979	4743	3.72548E-11	2.684218E+10	5.824353E+16	0	0	0.012569	0.069844	0	0
0	0	0	-0.351903	8.468522	-22.061775	8.468522	4738	-7.326375E-12	-1.364931E+11	5.824353E+16	0	0	0.014855	0.069534	0	0
0	0	0	-0.352981	8.468719	-22.063916	8.468719	4735	-5.108139E-12	-1.95766E+11	5.824353E+16	0	0	0.008205	0.069072	0	0
0	0	0	-0.354239	8.468354	-22.06489	8.468354	4731	-1.16386E-11	-8.592102E+10	5.824353E+16	0	0	0.011678	0.068443	0	0
0	0	0	-0.35566	8.468588	-22.067648	8.468588	4727	-6.386799E-12	-1.56573E+11	5.824353E+16	0	0	0.001483	0.068005	0	0
0	0	0	-0.356803	8.468494	-22.069144	8.468494	4723	-7.785133E-12	-1.2845E+11	5.824353E+16	0	0	0.015245	0.067655	0	0
0	0	0	-0.35793	8.468532	-22.070952	8.468532	4720	-7.150977E-12	-1.39841E+11	5.824353E+16	0	0	0.023457	0.067081	0	0
0	0	0	-0.359025	8.468494	-22.072518	8.468494	4716	-7.773595E-12	-1.286406E+11	5.824353E+16	0	0	-0.0043	0.066675	0	0
0	0	0	-0.359711	8.468878	-22.074544	8.468878	4714	-4.085563E-12	-2.447643E+11	5.824353E+16	0	0	0.007353	0.066364	0	0
0	0	0	-0.36025	8.468419	-22.074186	8.468419	4713	-9.427731E-12	-1.060701E+11	5.824353E+16	0	0	0.003881	0.065839	0	0
0	0	0	-0.361769	8.468747	-22.077333	8.468747	4708	-4.868729E-12	-2.053924E+11	5.824353E+16	0	0	0.01336	0.065465	0	0
0	0	0	-0.3627	8.468578	-22.078315	8.468578	4705	-6.473803E-12	-1.544687E+11	5.824353E+16	0	0	0.012266	0.064971	0	0
0	0	0	-0.364072	8.468503	-22.080206	8.468503	4701	-7.582084E-12	-1.318899E+11	5.824353E+16	0	0	0.001559	0.064509	0	0
0	0	0	-0.365346	8.468681	-22.082597	8.468681	4697	-5.376778E-12	-1.85985E+11	5.824353E+16	0	0	0.00518	0.064174	0	0
0	0	0	-0.365722	8.468588	-22.082928	8.468588	4696	-6.344914E-12	-1.576065E+11	5.824353E+16	0	0	0.012516	0.063601	0	0
0	0	0	-0.365902	8.468466	-22.082888	8.468466	4695	-8.285775E-12	-1.206888E+11	5.824353E+16	0	0	0.01256	0.063354	0	0
0	0	0	-0.366751	8.46855	-22.084394	8.46855	4693	-6.833737E-12	-1.463328E+11	5.824353E+16	0	0	0.015104	0.062884	0	0
0	0	0	-0.368172	8.468513	-22.086456	8.468513	4689	-7.40338E-12	-1.350734E+11	5.824353E+16	0	0	0.002844	0.062423	0	0
0	0	0	-0.368466	8.468625	-22.087191	8.468625	4688	-5.907996E-12	-1.692621E+11	5.824353E+16	0	0	-0.0046	0.062064	0	0
0	0	0	-0.368907	8.468419	-22.087332	8.468419	4686	-9.373721E-12	-1.066812E+11	5.824353E+16	0	0	-0.004629	0.061658	0	0
0	0	0	-0.369822	8.468672	-22.08937	8.468672	4683	-5.443916E-12	-1.836913E+11	5.824353E+16	0	0	0.016774	0.06114	0	0
0	0	0	-0.370149	8.468429	-22.089242	8.468429	4683	-9.12415E-12	-1.095993E+11	5.824353E+16	0	0	0.004185	0.060782	0	0
0	0	0	-0.37157	8.468569	-22.09176	8.468569	4678	-6.557054E-12	-1.525075E+11	5.824353E+16	0	0	-0.00217	0.060376	0	0
0	0	0	-0.37175	8.468597	-22.092105	8.468597	4678	-6.208645E-12	-1.610657E+11	5.824353E+16	0	0	0.004247	0.05985	0	0
0	0	0	-0.371407	8.468363	-22.090983	8.468363	4679	-1.114479E-11	-8.972803E+10	5.824353E+16	0	0	0.006846	0.059603	0	0
0	0	0	-0.371995	8.468728	-22.092813	8.468728	4677	-4.97396E-12	-2.010471E+11	5.824353E+16	0	0	0.012094	0.059181	0	0
0	0	0	-0.372615	8.468316	-22.092699	8.468316	4675	-1.323943E-11	-7.553195E+10	5.824353E+16	0	0	0.001703	0.058719	0	0
0	0	0	-0.372926	8.468372	-22.093314	8.468372	4674	-1.078991E-11	-9.26792E+10	5.824353E+16	0	0	0.006979	0.058401	0	0
0	0	0	-0.373514	8.468663	-22.094952	8.468663	4673	-5.517892E-12	-1.812286E+11	5.824353E+16	0	0	0.018961	0.057979	0	0
0	0	0	-0.373416	8.468663	-22.094803	8.468663	4673	-5.517892E-12	-1.812286E+11	5.824353E+16	0	0	0.0004	0.057613	0	0
0	0	0	-0.373644	8.468391	-22.094454	8.468391	4672	-1.015933E-11	-9.843169E+10	5.824353E+16	0	0	-0.002277	0.057358	0	0
0	0	0	-0.373889	8.468447	-22.09497	8.468447	4671	-8.650904E-12	-1.155949E+11	5.824353E+16	0	0	-0.002297	0.056832	0	0
0	0	0	-0.374249	8.468382	-22.095347	8.468382	4670	-1.045848E-11	-9.561621E+10	5.824353E+16	0	0	0.007182	0.056641	0	0
0	0	0	-0.374314	8.468756	-22.096408	8.468756	4670	-4.76369E-12	-2.099213E+11	5.824353E+16	0	0	-0.007788	0.056155	0	0
0	0	0	-0.374134	8.468597	-22.095726	8.468597	4670	-6.198028E-12	-1.613416E+11	5.824353E+16	0	0	0.019666	0.055765	0	0
0	0	0	-0.374559	8.468766	-22.096804	8.468766	4669	-4.698707E-12	-2.128245E+11	5.824353E+16	0	0	0.010105	0.055383	0	0
0	0	0	-0.375229	8.4687	-22.097653	8.4687	4667	-5.184048E-12	-1.928995E+11	5.824353E+16	0	0	0.004594	0.055056	0	0
0	0	0	-0.374967	8.46856	-22.096895	8.46856	4668	-6.667762E-12	-1.499754E+11	5.824353E+16	0	0	0.011618	0.05473	0	0
0	0	0	-0.375327	8.468241	-22.096624	8.468241	4667	-1.894452E-11	-5.278571E+10	5.824353E+16	0	0	0.015918	0.054363	0	0
0	0	0	-0.375441	8.468494	-22.097446	8.468494	4666	-7.691177E-12	-1.300191E+11	5.824353E+16	0	0	0.023111	0.053989	0	0
0	0	0	-0.375196	8.46856	-22.097243	8.46856	4667	-6.666333E-12	-1.500075E+11	5.824353E+16	0	0	0.006131	0.053671	0	0
0	0	0	-0.375441	8.468485	-22.097422	8.468485	4666	-7.864168E-12	-1.27159E+11	5.824353E+16	0	0	0.022001	0.053193	0	0
0	0	0	-0.375931	8.468494	-22.098191	8.468494	4665	-7.689529E-12	-1.30047E+11	5.824353E+16	0	0	-0.001012	0.052874	0	0
0	0	0	-0.375801	8.468494	-22.097992	8.468494	4665	-7.689529E-12	-1.30047E+11	5.824353E+16	0	0	0.032456	0.052516	0	0
0	0	0	-0.376519	8.46826	-22.098483	8.46826	4663	-1.707801E-11	-5.855483E+10	5.824353E+16	0	0	0.009217	0.052221	0	0
0	0	0	-0.376454	8.468644	-22.099369	8.468644	4664	-5.68648E-12	-1.758557E+11	5.824353E+16	0	0	0.015179	0.051823	0	0
0	0	0	-0.377271	8.468616	-22.100537	8.468616	4661	-5.974448E-12	-1.673795E+11	5.824353E+16	0	0	0.012314	0.051457	0	0
0	0	0	-0.37745	8.468569	-22.10069	8.468569	4661	-6.533226E-12	-1.530637E+11	5.824353E+16	0	0	0.009383	0.051242	0	0
0	0	0	-0.377826	8.468756	-22.101741	8.468756	4660	-4.753489E-12	-2.103718E+11	5.824353E+16	0	0	0.012443	0.050883	0	0
0	0	0	-0.378185	8.468597	-22.101878	8.468597	4658	-6.182101E-12	-1.617573E+11	5.824353E+16	0	0	0.001961	0.050541	0	0
0	0	0	-0.378006	8.468532	-22.101437	8.468532	4659	-7.05856E-12	-1.41672E+11	5.824353E+16	0	0	0.009562	0.050222	0	0
0	0	0	-0.37879	8.468672	-22.102988	8.468672	4656	-5.412528E-12	-1.847565E+11	5.824353E+16	0	0	0.003516	0.049848	0	0
0	0	0	-0.379443	8.468597	-22.103788	8.468597	4654	-6.176793E-12	-1.618963E+11	5.824353E+16	0	0	0.012771	0.049498	0	0
0	0	0	-0.379852	8.468616	-22.104456	8.468616	4653	-5.964194E-12	-1.676672E+11	5.824353E+16	0	0	0.022084	0.049299	0	0
0	0	0	-0.380129	8.468644	-22.10495	8.468644	4652	-5.671849E-12	-1.763093E+11	5.824353E+16	0	0	0.012894	0.048988	0	0
0	0	0	-0.380309	8.468513	-22.104886	8.468513	4652	-7.344961E-12	-1.361478E+11	5.824353E+16	0	0	0.000469	0.048678	0	0
0	0	0	-0.381142	8.468728	-22.106704	8.468728	4649	-4.944182E-12	-2.022579E+11	5.824353E+16	0	0	0.019399	0.048216	0	0
0	0	0	-0.381305	8.468597	-22.106616	8.468597	4649	-6.170157E-12	-1.620704E+11	5.824353E+16	0	0	0.013142	0.048009	0	0
0	0	0	-0.38222	8.468672	-22.108197	8.468672	4646	-5.400904E-12	-1.851542E+11	5.824353E+16	0	0	0.006857	0.04765	0	0
0	0	0	-0.382416	8.469037	-22.109432	8.469037	4645	-3.364269E-12	-2.972414E+11	5.824353E+16	0	0	-0.004327	0.047395	0	0
0	0	0	-0.382939	8.468625	-22.109168	8.468625	4644	-5.852546E-12	-1.708658E+11	5.824353E+16	0	0	0.003708	0.047101	0	0
0	0	0	-0.383298	8.468494	-22.109378	8.468494	4643	-7.653265E-12	-1.306632E+11	5.824353E+16	0	0	0.013447	0.046846	0	0
0	0	0	-0.383086	8.468457	-22.108959	8.468457	4644	-8.393449E-12	-1.191405E+11	5.824353E+16	0	0	0.034766	0.04648	0	0
0	0	0	-0.383363	8.468831	-22.110342	8.468831	4643	-4.271022E-12	-2.34136E+11	5.824353E+16	0	0	0.033373	0.046129	0	0
0	0	0	-0.384197	8.4687	-22.11127	8.4687	4640	-5.154056E-12	-1.940219E+11	5.824353E+16	0	0	0.008771	0.045803	0	0
0	0	0	-0.384295	8.468503	-22.110915	8.468503	4640	-7.483699E-12	-1.336238E+11	5.824353E+16	0	0	0.005489	0.045556	0	0
0	0	0	-0.384736	8.468541	-22.111681	8.468541	4639	-6.888976E-12	-1.451595E+11	5.824353E+16	0	0	0.022284	0.045205	0	0
0	0	0	-0.384638	8.468784	-22.112156	8.468784	4639	-4.5464E-12	-2.199543E+11	5.824353E+16	0	0	0.02407	0.044982	0	0
0	0	0	-0.384491	8.468522	-22.11126	8.468522	4639	-7.173292E-12	-1.39406E+11	5.824353E+16	0	0	0.025922	0.044672	0	0
0	0	0	-0.384866	8.468728	-22.11236	8.468728	4638	-4.932483E-12	-2.027376E+11	5.824353E+16	0	0	0.012414	0.044489	0	0
0	0	0	-0.384981	8.468457	-22.111836	8.468457	4638	-8.382604E-12	-1.192947E+11	5.824353E+16	0	0	-0.004634	0.044067	0	0
0	0	0	-0.385585	8.468391	-22.112586	8.468391	4636	-1.008105E-11	-9.919604E+10	5.824353E+16	0	0	0.02818	0.043724	0	0
0	0	0	-0.38534	8.468681	-22.112959	8.468681	4637	-5.308094E-12	-1.883915E+11	5.824353E+16	0	0	0.031792	0.043493	0	0
0	0	0	-0.385258	8.468578	-22.11257	8.468578	4637	-6.380239E-12	-1.567339E+11	5.824353E+16	0	0	0.028487	0.043215	0	0
0	0	0	-0.384817	8.46855	-22.111829	8.46855	4638	-6.753649E-12	-1.480681E+11	5.824353E+16	0	0	0.005779	0.043111	0	0
0	0	0	-0.384915	8.468522	-22.111905	8.468522	4638	-7.171745E-12	-1.394361E+11	5.824353E+16	0	0	0.018182	0.042753	0	0
0	0	0	-0.385095	8.468953	-22.113284	8.468953	4637	-3.678465E-12	-2.718525E+11	5.824353E+16	0	0	0.014771	0.042386	0	0
0	0	0	-0.385111	8.468532	-22.112227	8.468532	4637	-7.025229E-12	-1.423441E+11	5.824353E+16	0	0	0.023763	0.042203	0	0
0	0	0	-0.38503	8.46871	-22.11256	8.46871	4638	-5.076582E-12	-1.969829E+11	5.824353E+16	0	0	0.007734	0.041909	0	0
0	0	0	-0.384491	8.468681	-22.111669	8.468681	4639	-5.310384E-12	-1.883103E+11	5.824353E+16	0	0	0.03674	0.04163	0	0
0	0	0	-0.38467	8.468429	-22.111293	8.468429	4639	-9.038422E-12	-1.106388E+11	5.824353E+16	0	0	0.020529	0.041455	0	0
0	0	0	-0.384736	8.468635	-22.111921	8.468635	4639	-5.749549E-12	-1.739267E+11	5.824353E+16	0	0	0.040905	0.041041	0	0
0	0	0	-0.38436	8.468457	-22.110894	8.468457	4640	-8.386219E-12	-1.192432E+11	5.824353E+16	0	0	0.017092	0.040945	0	0
0	0	0	-0.384197	8.468606	-22.11103	8.468606	4640	-6.051038E-12	-1.652609E+11	5.824353E+16	0	0	0.006119	0.040563	0	0
0	0	0	-0.38436	8.468522	-22.111062	8.468522	4640	-7.174838E-12	-1.39376E+11	5.824353E+16	0	0	0.000559	0.040364	0	0
0	0	0	-0.384948	8.468644	-22.112267	8.468644	4638	-5.65478E-12	-1.768415E+11	5.824353E+16	0	0	0.002433	0.040157	0	0
0	0	0	-0.384164	8.468475	-22.110644	8.468475	4640	-8.000291E-12	-1.249955E+11	5.824353E+16	0	0	0.017568	0.039774	0	0
0	0	0	-0.384572	8.468653	-22.111721	8.468653	4639	-5.565445E-12	-1.796801E+11	5.824353E+16	0	0	0.027069	0.039679	0	0
0	0	0	-0.384278	8.468578	-22.111082	8.468578	4640	-6.384367E-12	-1.566326E+11	5.824353E+16	0	0	-0.001337	0.039312	0	0
0	0	0	-0.384066	8.468325	-22.110111	8.468325	4641	-1.266451E-11	-7.896078E+10	5.824353E+16	0	0	0.015876	0.039233	0	0
0	0	0	-0.38387	8.468101	-22.109237	8.468101	4641	-1.005109E-10	-9.949174E+9	5.824353E+16	0	0	0.014126	0.038763	0	0
0	0	0	-0.384442	8.468325	-22.110681	8.468325	4640	-1.266179E-11	-7.89778E+10	5.824353E+16	0	0	-0.005254	0.038532	0	0
0	0	0	-0.384474	8.468532	-22.11126	8.468532	4639	-7.028259E-12	-1.422827E+11	5.824353E+16	0	0	0.020142	0.038325	0	0
0	0	0	-0.384687	8.468738	-22.112111	8.468738	4639	-4.864508E-12	-2.055707E+11	5.824353E+16	0	0	0.022237	0.03807	0	0
0	0	0	-0.38454	8.468578	-22.111479	8.468578	4639	-6.382991E-12	-1.566664E+11	5.824353E+16	0	0	0.020401	0.037807	0	0
0	0	0	-0.384948	8.468354	-22.111522	8.468354	4638	-1.140981E-11	-8.764389E+10	5.824353E+16	0	0	-0.009352	0.037616	0	0
0	0	0	-0.385422	8.468653	-22.113011	8.468653	4636	-5.561846E-12	-1.797964E+11	5.824353E+16	0	0	0.036631	0.037377	0	0
0	0	0	-0.385046	8.468429	-22.111863	8.468429	4637	-9.034525E-12	-1.106865E+11	5.824353E+16	0	0	0.01269	0.037131	0	0
0	0	0	-0.38583	8.468719	-22.113799	8.468719	4635	-5.000259E-12	-1.999897E+11	5.824353E+16	0	0	0.018841	0.0369	0	0
0	0	0	-0.385912	8.468391	-22.113082	8.468391	4635	-1.007887E-11	-9.921744E+10	5.824353E+16	0	0	0.018959	0.036653	0	0
0	0	0	-0.386973	8.468485	-22.114935	8.468485	4632	-7.806864E-12	-1.280924E+11	5.824353E+16	0	0	0.025184	0.036478	0	0
0	0	0	-0.386614	8.468325	-22.11398	8.468325	4633	-1.264268E-11	-7.909713E+10	5.824353E+16	0	0	-0.003519	0.036063	0	0
0	0	0	-0.386941	8.468887	-22.115918	8.468887	4632	-3.968593E-12	-2.519785E+11	5.824353E+16	0	0	0.056689	0.035936	0	0
0	0	0	-0.387382	8.468616	-22.115891	8.468616	4631	-5.935994E-12	-1.684638E+11	5.824353E+16	0	0	0.017371	0.035641	0	0
0	0	0	-0.387692	8.468644	-22.116435	8.468644	4630	-5.645026E-12	-1.771471E+11	5.824353E+16	0	0	0.025799	0.035546	0	0
0	0	0	-0.387594	8.468588	-22.116142	8.468588	4630	-6.255739E-12	-1.598532E+11	5.824353E+16	0	0	0.034414	0.035299	0	0
0	0	0	-0.387953	8.468429	-22.116279	8.468429	4629	-9.018938E-12	-1.108778E+11	5.824353E+16	0	0	0.000637	0.0351	0	0
0	0	0	-0.388231	8.468663	-22.117301	8.468663	4628	-5.464756E-12	-1.829908E+11	5.824353E+16	0	0	-0.014324	0.034829	0	0
0	0	0	-0.38828	8.46855	-22.117087	8.46855	4628	-6.739087E-12	-1.48388E+11	5.824353E+16	0	0	0.030762	0.034598	0	0
0	0	0	-0.388542	8.468775	-22.118061	8.468775	4627	-4.594732E-12	-2.176405E+11	5.824353E+16	0	0	0.01577	0.034439	0	0
0	0	0	-0.388885	8.468513	-22.117909	8.468513	4626	-7.30391E-12	-1.36913E+11	5.824353E+16	0	0	-0.008047	0.034192	0	0
0	0	0	-0.389097	8.468541	-22.118303	8.468541	4625	-6.868185E-12	-1.455989E+11	5.824353E+16	0	0	0.0116	0.033961	0	0
0	0	0	-0.389244	8.46856	-22.118575	8.46856	4625	-6.606341E-12	-1.513697E+11	5.824353E+16	0	0	0.024832	0.03381	0	0
0	0	0	-0.389473	8.468738	-22.119379	8.468738	4624	-4.848778E-12	-2.062375E+11	5.824353E+16	0	0	0.020593	0.033539	0	0
0	0	0	-0.389424	8.468429	-22.118511	8.468429	4624	-9.009197E-12	-1.109977E+11	5.824353E+16	0	0	0.02731	0.033435	0	0
0	0	0	-0.389685	8.468503	-22.1191	8.468503	4624	-7.457893E-12	-1.340861E+11	5.824353E+16	0	0	0.027413	0.033292	0	0
0	0	0	-0.389146	8.468784	-22.119003	8.468784	4625	-4.532679E-12	-2.206201E+11	5.824353E+16	0	0	0.009628	0.033125	0	0
0	0	0	-0.389081	8.468625	-22.118495	8.468625	4625	-5.828601E-12	-1.715677E+11	5.824353E+16	0	0	0.005194	0.03283	0	0
0	0	0	-0.388917	8.468503	-22.117934	8.468503	4626	-7.461119E-12	-1.340282E+11	5.824353E+16	0	0	0.048362	0.032639	0	0
0	0	0	-0.389342	8.468503	-22.118579	8.468503	4625	-7.459506E-12	-1.340571E+11	5.824353E+16	0	0	0.021325	0.032305	0	0
0	0	0	-0.389603	8.46856	-22.11912	8.46856	4624	-6.604912E-12	-1.514025E+11	5.824353E+16	0	0	0.01216	0.032273	0	0
0	0	0	-0.389407	8.46856	-22.118823	8.46856	4624	-6.604912E-12	-1.514025E+11	5.824353E+16	0	0	0.007636	0.031986	0	0
0	0	0	-0.389424	8.46855	-22.118824	8.46855	4624	-6.733263E-12	-1.485164E+11	5.824353E+16	0	0	0.035556	0.031835	0	0
0	0	0	-0.389064	8.468475	-22.118086	8.468475	4625	-7.974428E-12	-1.254008E+11	5.824353E+16	0	0	0.000702	0.031588	0	0
0	0	0	-0.388329	8.468354	-22.116657	8.468354	4628	-1.138521E-11	-8.783327E+10	5.824353E+16	0	0	0.010105	0.031453	0	0
0	0	0	-0.388754	8.468447	-22.117542	8.468447	4627	-8.569414E-12	-1.166941E+11	5.824353E+16	0	0	-0.020546	0.031285	0	0
0	0	0	-0.388297	8.46856	-22.117136	8.46856	4628	-6.610626E-12	-1.512716E+11	5.824353E+16	0	0	0.01741	0.030967	0	0
0	0	0	-0.388248	8.468522	-22.116965	8.468522	4628	-7.156282E-12	-1.397374E+11	5.824353E+16	0	0	0.026994	0.030903	0	0
0	0	0	-0.388068	8.468325	-22.116188	8.468325	4628	-1.262904E-11	-7.918258E+10	5.824353E+16	0	0	0.039173	0.030704	0	0
0	0	0	-0.387708	8.468241	-22.115426	8.468241	4629	-1.879027E-11	-5.321904E+10	5.824353E+16	0	0	-0.001693	0.030489	0	0
0	0	0	-0.387529	8.4687	-22.116331	8.4687	4630	-5.142948E-12	-1.94441E+11	5.824353E+16	0	0	0.025018	0.030354	0	0
0	0	0	-0.387888	8.468438	-22.116204	8.468438	4629	-8.790379E-12	-1.137607E+11	5.824353E+16	0	0	0.037463	0.030099	0	0
0	0	0	-0.38828	8.468503	-22.116967	8.468503	4628	-7.464344E-12	-1.339702E+11	5.824353E+16	0	0	0.005659	0.029939	0	0
0	0	0	-0.387463	8.468457	-22.115607	8.468457	4630	-8.368145E-12	-1.195008E+11	5.824353E+16	0	0	0.010633	0.02978	0	0
0	0	0	-0.387088	8.468719	-22.115709	8.468719	4632	-4.997022E-12	-2.001192E+11	5.824353E+16	0	0	0.025642	0.029565	0	0
0	0	0	-0.388248	8.468569	-22.117086	8.468569	4628	-6.48697E-12	-1.541552E+11	5.824353E+16	0	0	0.015766	0.029398	0	0
0	0	0	-0.387071	8.468606	-22.115396	8.468606	4632	-6.040605E-12	-1.655463E+11	5.824353E+16	0	0	0.046155	0.029159	0	0
0	0	0	-0.387398	8.468082	-22.114546	8.468082	4631	-2.376837E-10	-4.207272E+9	5.824353E+16	0	0	0.026023	0.029095	0	0
0	0	0	-0.387578	8.468588	-22.116117	8.468588	4630	-6.255739E-12	-1.598532E+11	5.824353E+16	0	0	-0.011985	0.028817	0	0
0	0	0	-0.387512	8.468194	-22.115008	8.468194	4630	-2.577588E-11	-3.879596E+10	5.824353E+16	0	0	-0.001791	0.028713	0	0
0	0	0	-0.387986	8.468513	-22.116545	8.468513	4629	-7.308647E-12	-1.368242E+11	5.824353E+16	0	0	0	0	0	0
0	0	0	-0.387676	8.468588	-22.116266	8.468588	4630	-6.255739E-12	-1.598532E+11	5.824353E+16	0	0	0	0	0	0
0	0	0	-0.388068	8.468176	-22.115803	8.468176	4628	-3.026121E-11	-3.304561E+10	5.824353E+16	0	0	0	0	0	0
0	0	0	-0.387757	8.468691	-22.116654	8.468691	4629	-5.219205E-12	-1.916001E+11	5.824353E+16	0	0	0	0	0	0
0	0	0	-0.388705	8.468457	-22.117492	8.468457	4627	-8.362723E-12	-1.195783E+11	5.824353E+16	0	0	0	0	0	0
0	0	0	-0.388591	8.468672	-22.117871	8.468672	4627	-5.378816E-12	-1.859145E+11	5.824353E+16	0	0	0	0	0	0
0	0	0	-0.388509	8.468878	-22.118276	8.468878	4627	-4.010161E-12	-2.493666E+11	5.824353E+16	0	0	0	0	0	0
0	0	0	-0.389538	8.46841	-22.118637	8.46841	4624	-9.503393E-12	-1.052256E+11	5.824353E+16	0	0	0	0	0	0
0	0	0	-0.389342	8.468578	-22.118772	8.468578	4625	-6.363728E-12	-1.571406E+11	5.824353E+16	0	0	0	0	0	0
0	0	0	-0.38975	8.468719	-22.119752	8.468719	4624	-4.988392E-12	-2.004654E+11	5.824353E+16	0	0	0	0	0	0
