Vload_(V)	ILoad_(A)	RsLoad_(ohm)	SunsVoc_Voltage_(V)	SunsVoc_Current_(A)	Model_Voltage_(V)	Model_Current_(A)	Carrier_Density_(cm-3)	Lifetime_(s)	Inverse_Lifetime_(s-1)	(Carrier_Density+Doping)/qWni^2_(cm^2/C)	Carrier_Density_at_Vmp_(cm-3)	Lifetime_at_Vmp_(s)	Efficiency_(%)	Intensity_(suns)	Dark_IV_Voltage_(V)	Dark_IV_Current_(A)
4.474836	8.521149	0	37.604043	-0.558119	37.829629	-0.558119	2.29517E+14	1.774173E-5	56364.189146	5.931993E+16	1.00602E+13	1.206024E-5	14.062632	1.152826	0	0
4.517515	8.52465	-0.543052	37.481762	0.074782	37.451507	0.074782	2.123032E+14	1.764082E-5	56686.631297	5.92392E+16	0	0	14.032804	1.150087	0	0
4.567388	8.526193	-0.531898	37.356459	0.68405	37.079438	0.68405	1.959824E+14	1.755068E-5	56977.79257	5.916266E+16	0	0	14.056835	1.145786	0	0
4.954849	8.526106	-0.578477	37.232675	1.246905	36.727226	1.246905	1.810746E+14	1.747036E-5	57239.747073	5.909274E+16	0	0	14.070069	1.143748	0	0
6.702671	8.514881	1.855849	37.111538	1.742993	36.404325	1.742993	1.675698E+14	1.735068E-5	57634.592069	5.902941E+16	0	0	14.044156	1.141263	0	0
9.501492	8.509998	1.718462	36.994712	2.196744	36.102581	2.196744	1.554892E+14	1.725491E-5	57954.473016	5.897275E+16	0	0	14.058336	1.136015	0	0
12.28718	8.502153	1.554126	36.879128	2.612172	35.817331	2.612172	1.443847E+14	1.714908E-5	58312.117419	5.892067E+16	0	0	14.059222	1.12896	0	0
14.99398	8.483447	1.414289	36.7649	3.000705	35.544088	3.000705	1.341816E+14	1.705891E-5	58620.379294	5.887282E+16	0	0	14.0685	1.122063	0	0
17.696345	8.425743	1.331725	36.64979	3.370208	35.277422	3.370208	1.246219E+14	1.698009E-5	58892.472906	5.882799E+16	0	0	14.074519	1.115924	0	0
20.402329	8.417319	1.032729	36.534941	3.707399	35.02392	3.707399	1.157566E+14	1.687697E-5	59252.333615	5.878641E+16	0	0	14.067798	1.108024	0	0
23.104834	8.400196	0.751356	36.423523	4.013107	34.786491	4.013107	1.077541E+14	1.677559E-5	59610.390743	5.874888E+16	0	0	14.08844	1.098556	0	0
23.8279	8.393252	0.68002	36.311206	4.300806	34.555288	4.300806	1.002425E+14	1.667002E-5	59987.919351	5.871365E+16	0	0	14.108821	1.089175	0	0
24.550633	8.385151	0.609849	36.197468	4.568378	34.330664	4.568378	9.316536E+13	1.654188E-5	60452.59894	5.868046E+16	0	0	14.114242	1.080208	0	0
25.269399	8.377028	0.53948	36.08582	4.816833	34.115789	4.816833	8.670119E+13	1.642666E-5	60876.642291	5.865015E+16	0	0	14.12249	1.071074	0	0
25.985824	8.356341	0.48981	35.977554	5.044176	33.912816	5.044176	8.085871E+13	1.632141E-5	61269.214619	5.862274E+16	0	0	14.127828	1.06065	0	0
26.704074	8.320946	0.457136	35.870236	5.25634	33.716868	5.25634	7.545366E+13	1.622014E-5	61651.72264	5.85974E+16	0	0	14.136545	1.050162	0	0
27.417685	8.264792	0.43863	35.762215	5.457293	33.524659	5.457293	7.037601E+13	1.612087E-5	62031.396555	5.857358E+16	0	0	14.147473	1.040152	0	0
28.130788	8.183902	0.425449	35.65439	5.645654	33.337679	5.645654	6.564659E+13	1.602255E-5	62412.013111	5.85514E+16	0	0	14.150648	1.030198	0	0
28.764211	8.078868	0.421188	35.546091	5.820424	33.15567	5.820424	6.121473E+13	1.590771E-5	62862.579735	5.853062E+16	0	0	14.166758	1.019798	0	0
29.414015	7.937519	0.419554	35.439737	5.983403	32.980369	5.983403	5.71524E+13	1.580587E-5	63267.614587	5.851157E+16	0	0	14.18218	1.009405	0	0
30.069351	7.747914	0.417907	35.330719	6.134827	32.806996	6.134827	5.326683E+13	1.566607E-5	63832.216467	5.849334E+16	0	0	14.193262	0.999364	0	0
30.7475	7.482128	0.416025	35.225671	6.275824	32.641861	6.275824	4.977187E+13	1.55574E-5	64278.098054	5.847695E+16	0	0	14.20197	0.989648	0	0
31.397229	7.146046	0.413608	35.12126	6.406135	32.481685	6.406135	4.652452E+13	1.543835E-5	64773.772982	5.846172E+16	0	0	14.204257	0.979774	0	0
32.051132	6.734008	0.410393	35.017895	6.527966	32.325988	6.527966	4.35177E+13	1.532325E-5	65260.301996	5.844762E+16	0	0	14.207072	0.969692	0	0
32.689165	6.244238	0.407766	34.916146	6.641807	32.175158	6.641807	4.074717E+13	1.521681E-5	65716.781816	5.843463E+16	0	0	14.213066	0.959953	0	0
33.300084	5.689197	0.405614	34.814349	6.748551	32.027137	6.748551	3.815127E+13	1.510535E-5	66201.694744	5.842245E+16	0	0	14.218208	0.950373	0	0
33.920904	5.05142	0.402992	34.71296	6.848681	31.882198	6.848681	3.572972E+13	1.499353E-5	66695.426549	5.84111E+16	0	0	14.224658	0.941064	0	0
34.534952	4.344971	0.399245	34.613122	6.941362	31.741862	6.941362	3.349507E+13	1.48804E-5	67202.487324	5.840062E+16	0	0	14.236956	0.931563	0	0
35.135582	3.590956	0.397474	34.514167	7.027438	31.605103	7.027438	3.141776E+13	1.476186E-5	67742.160244	5.839087E+16	0	0	14.240124	0.922286	0	0
35.690164	2.812753	0.406418	34.415637	7.108191	31.47093	7.108191	2.947708E+13	1.464156E-5	68298.749576	5.838177E+16	0	0	14.243036	0.912953	0	0
36.253104	1.995978	0.412164	34.316567	7.184259	31.338097	7.184259	2.764636E+13	1.451358E-5	68900.986238	5.837319E+16	0	0	14.242208	0.903891	0	0
36.693122	1.318117	0.418555	34.218772	7.25583	31.208386	7.25583	2.59505E+13	1.439388E-5	69473.979625	5.836523E+16	0	0	14.240935	0.894629	0	0
37.075143	0.711579	0.416268	34.121025	7.323054	31.080486	7.323054	2.435923E+13	1.426936E-5	70080.243785	5.835777E+16	0	0	14.24424	0.885097	0	0
29.323779	7.958046	0.420193	34.024324	7.386953	30.954995	7.386953	2.288085E+13	1.415847E-5	70629.098035	5.835084E+16	0	0	14.248209	0.875987	0	0
37.497299	0	0	33.927737	7.450617	30.829681	7.450617	2.149362E+13	1.409101E-5	70967.225097	5.834433E+16	0	0	14.250683	0.867203	0	0
0	0	0	33.830808	7.506673	30.707142	7.506673	2.018588E+13	1.396491E-5	71608.067042	5.83382E+16	0	0	14.253643	0.858507	0	0
0	0	0	33.733274	7.559843	30.585151	7.559843	1.895017E+13	1.383515E-5	72279.687678	5.83324E+16	0	0	14.255376	0.849899	0	0
0	0	0	33.636769	7.610285	30.465319	7.610285	1.780186E+13	1.371652E-5	72904.792982	5.832702E+16	0	0	14.252514	0.841346	0	0
0	0	0	33.539251	7.657036	30.345958	7.657036	1.671207E+13	1.35735E-5	73672.964921	5.832191E+16	0	0	14.245098	0.833072	0	0
0	0	0	33.438548	7.700698	30.224594	7.700698	1.565656E+13	1.339294E-5	74666.191734	5.831696E+16	0	0	14.23563	0.824814	0	0
0	0	0	33.337012	7.742802	30.103	7.742802	1.465973E+13	1.321859E-5	75651.047832	5.831228E+16	0	0	14.227134	0.816604	0	0
0	0	0	33.234789	7.781656	29.982034	7.781656	1.37202E+13	1.302143E-5	76796.477103	5.830787E+16	0	0	14.22162	0.808457	0	0
0	0	0	33.130509	7.819632	29.859302	7.819632	1.28237E+13	1.282943E-5	77945.773479	5.830367E+16	0	0	14.215205	0.800653	0	0
0	0	0	33.025183	7.855421	29.736388	7.855421	1.19776E+13	1.262716E-5	79194.363962	5.82997E+16	0	0	14.214186	0.792801	0	0
0	0	0	32.919466	7.888218	29.614303	7.888218	1.118444E+13	1.240196E-5	80632.412789	5.829598E+16	0	0	14.209481	0.785013	0	0
0	0	0	32.813601	7.919084	29.492855	7.919084	1.044276E+13	1.217319E-5	82147.708557	5.82925E+16	0	0	14.19744	0.777241	0	0
0	0	0	32.708602	7.949164	29.372603	7.949164	9.755705E+12	1.197034E-5	83539.833378	5.828928E+16	0	0	14.188992	0.769644	0	0
0	0	0	32.604926	7.976597	29.2548	7.976597	9.121635E+12	1.175617E-5	85061.691482	5.828631E+16	0	0	14.173575	0.762222	0	0
0	0	0	32.501773	8.002821	29.138023	8.002821	8.531639E+12	1.155208E-5	86564.511901	5.828354E+16	0	0	14.157355	0.75488	0	0
0	0	0	32.398848	8.0277	29.022029	8.0277	7.980963E+12	1.13513E-5	88095.670644	5.828096E+16	0	0	14.146845	0.74776	0	0
0	0	0	32.298995	8.050875	28.909885	8.050875	7.480688E+12	1.116409E-5	89572.899399	5.827861E+16	0	0	14.136577	0.740808	0	0
0	0	0	32.199435	8.073348	28.798324	8.073348	7.013091E+12	1.09915E-5	90979.389772	5.827642E+16	0	0	14.128412	0.733737	0	0
0	0	0	32.100757	8.094226	28.688326	8.094226	6.578467E+12	1.081454E-5	92468.113991	5.827438E+16	0	0	14.12379	0.726769	0	0
0	0	0	32.003615	8.114229	28.580259	8.114229	6.176912E+12	1.065355E-5	93865.407887	5.82725E+16	0	0	14.108158	0.719841	0	0
0	0	0	31.905542	8.132741	28.471854	8.132741	5.796356E+12	1.047368E-5	95477.428834	5.827071E+16	0	0	14.088274	0.713247	0	0
0	0	0	31.812026	8.151193	28.368137	8.151193	5.455333E+12	1.034914E-5	96626.428659	5.826911E+16	0	0	14.071976	0.706614	0	0
0	0	0	31.719915	8.167506	28.266755	8.167506	5.139044E+12	1.019882E-5	98050.551729	5.826763E+16	0	0	14.050197	0.700115	0	0
0	0	0	31.623476	8.18387	28.160902	8.18387	4.827516E+12	1.00454E-5	99548.067296	5.826617E+16	0	0	14.03297	0.693514	0	0
0	0	0	31.52586	8.199208	28.054266	8.199208	4.531409E+12	9.878478E-6	101230.172352	5.826478E+16	0	0	14.017807	0.687008	0	0
0	0	0	31.430041	8.214106	27.949651	8.214106	4.258417E+12	9.73379E-6	102734.90385	5.82635E+16	0	0	14.004896	0.680533	0	0
0	0	0	31.33481	8.227796	27.846142	8.227796	4.003393E+12	9.577905E-6	104406.968855	5.82623E+16	0	0	13.982513	0.674258	0	0
0	0	0	31.239089	8.240944	27.742352	8.240944	3.762441E+12	9.423801E-6	106114.300269	5.826117E+16	0	0	13.965063	0.667896	0	0
0	0	0	31.144087	8.253231	27.639657	8.253231	3.537635E+12	9.267105E-6	107908.570224	5.826012E+16	0	0	13.947006	0.661573	0	0
0	0	0	31.047647	8.265743	27.535385	8.265743	3.323158E+12	9.131723E-6	109508.361979	5.825911E+16	0	0	13.920524	0.655457	0	0
0	0	0	30.951452	8.276377	27.432154	8.276377	3.122178E+12	8.952167E-6	111704.792824	5.825817E+16	0	0	13.892342	0.649428	0	0
0	0	0	30.854294	8.28767	27.327648	8.28767	2.931516E+12	8.812048E-6	113480.998565	5.825728E+16	0	0	13.87429	0.643225	0	0
0	0	0	30.756058	8.297915	27.222475	8.297915	2.750572E+12	8.647591E-6	115639.144664	5.825643E+16	0	0	13.864274	0.636687	0	0
0	0	0	30.65769	8.307096	27.117614	8.307096	2.580575E+12	8.461125E-6	118187.588745	5.825563E+16	0	0	13.848619	0.630675	0	0
0	0	0	30.557869	8.316287	27.011252	8.316287	2.4188E+12	8.286524E-6	120677.867566	5.825487E+16	0	0	13.836893	0.624766	0	0
0	0	0	30.460564	8.325035	26.907655	8.325035	2.270868E+12	8.12672E-6	123050.866654	5.825418E+16	0	0	13.814823	0.618961	0	0
0	0	0	30.363471	8.33365	26.804327	8.33365	2.132275E+12	7.981347E-6	125292.132566	5.825353E+16	0	0	13.791014	0.613267	0	0
0	0	0	30.266623	8.341668	26.7015	8.341668	2.002457E+12	7.830293E-6	127709.142221	5.825292E+16	0	0	13.768843	0.6077	0	0
0	0	0	30.171425	8.349884	26.600277	8.349884	1.882555E+12	7.71456E-6	129625.028853	5.825236E+16	0	0	13.732053	0.602309	0	0
0	0	0	30.075508	8.356986	26.498788	8.356986	1.769006E+12	7.562884E-6	132224.688961	5.825182E+16	0	0	13.70572	0.596727	0	0
0	0	0	29.98111	8.363955	26.398912	8.363955	1.663944E+12	7.429101E-6	134605.780855	5.825133E+16	0	0	13.682846	0.591184	0	0
0	0	0	29.887055	8.370556	26.299541	8.370556	1.56547E+12	7.295786E-6	137065.422184	5.825087E+16	0	0	13.658191	0.585698	0	0
0	0	0	29.793392	8.377079	26.200601	8.377079	1.473197E+12	7.176646E-6	139340.856196	5.825044E+16	0	0	13.630494	0.580466	0	0
0	0	0	29.699615	8.383169	26.101727	8.383169	1.386259E+12	7.051196E-6	141819.906312	5.825003E+16	0	0	13.606106	0.57513	0	0
0	0	0	29.605985	8.389042	26.003093	8.389042	1.304576E+12	6.930717E-6	144285.211386	5.824965E+16	0	0	13.577737	0.569834	0	0
0	0	0	29.514331	8.394557	25.906638	8.394557	1.22928E+12	6.815165E-6	146731.587036	5.824929E+16	0	0	13.54187	0.56465	0	0
0	0	0	29.423462	8.400117	25.810965	8.400117	1.158919E+12	6.72027E-6	148803.549531	5.824896E+16	0	0	13.508252	0.559538	0	0
0	0	0	29.332641	8.405252	25.715523	8.405252	1.09262E+12	6.616549E-6	151136.189804	5.824865E+16	0	0	13.475243	0.554354	0	0
0	0	0	29.243111	8.410076	25.621537	8.410076	1.030975E+12	6.514369E-6	153506.810436	5.824836E+16	0	0	13.439538	0.549305	0	0
0	0	0	29.153058	8.41471	25.527092	8.41471	9.724789E+11	6.412311E-6	155950.013365	5.824809E+16	0	0	13.413884	0.544256	0	0
0	0	0	29.063365	8.419363	25.433006	8.419363	9.17515E+11	6.326452E-6	158066.492211	5.824783E+16	0	0	13.38716	0.539191	0	0
0	0	0	28.974635	8.423253	25.340236	8.423253	8.661988E+11	6.209908E-6	161032.977562	5.824759E+16	0	0	13.352788	0.534166	0	0
0	0	0	28.886036	8.427302	25.24753	8.427302	8.178219E+11	6.116049E-6	163504.253236	5.824736E+16	0	0	13.310926	0.529436	0	0
0	0	0	28.798515	8.43136	25.155924	8.43136	7.726867E+11	6.039654E-6	165572.392099	5.824715E+16	0	0	13.271049	0.524483	0	0
0	0	0	28.710324	8.434776	25.063905	8.434776	7.297254E+11	5.92948E-6	168648.863937	5.824695E+16	0	0	13.230673	0.51957	0	0
0	0	0	28.622411	8.438014	24.972247	8.438014	6.892766E+11	5.818909E-6	171853.515594	5.824676E+16	0	0	13.193316	0.514807	0	0
0	0	0	28.535021	8.441486	24.881022	8.441486	6.512907E+11	5.737922E-6	174279.122387	5.824658E+16	0	0	13.15558	0.510117	0	0
0	0	0	28.448398	8.444704	24.790694	8.444704	6.157045E+11	5.652746E-6	176905.165708	5.824642E+16	0	0	13.117422	0.505554	0	0
0	0	0	28.361792	8.447931	24.700377	8.447931	5.820689E+11	5.579463E-6	179228.733684	5.824626E+16	0	0	13.09147	0.500895	0	0
0	0	0	28.274875	8.451394	24.609637	8.451394	5.501599E+11	5.535348E-6	180657.121281	5.824611E+16	0	0	13.055096	0.496324	0	0
0	0	0	28.187599	8.453951	24.518919	8.453951	5.198789E+11	5.429764E-6	184170.052305	5.824597E+16	0	0	13.01828	0.491825	0	0
0	0	0	28.100667	8.456584	24.428519	8.456584	4.913738E+11	5.34134E-6	187218.938136	5.824583E+16	0	0	12.968769	0.487342	0	0
0	0	0	28.015579	8.459028	24.340095	8.459028	4.64988E+11	5.253383E-6	190353.518541	5.824571E+16	0	0	12.921457	0.482962	0	0
0	0	0	27.930982	8.461264	24.252263	8.461264	4.401589E+11	5.158554E-6	193852.75695	5.824559E+16	0	0	12.877518	0.478399	0	0
0	0	0	27.844196	8.464424	24.161781	8.464424	4.160644E+11	5.14779E-6	194258.131167	5.824548E+16	0	0	12.838853	0.474027	0	0
0	0	0	27.756022	8.466443	24.070368	8.466443	3.929348E+11	5.041074E-6	198370.435442	5.824537E+16	0	0	12.798478	0.469886	0	0
0	0	0	27.671376	8.468858	23.982404	8.468858	3.719412E+11	4.992133E-6	200315.178391	5.824527E+16	0	0	12.758147	0.465506	0	0
0	0	0	27.585227	8.470831	23.893089	8.470831	3.517262E+11	4.905831E-6	203839.060495	5.824518E+16	0	0	12.716653	0.461325	0	0
0	0	0	27.498768	8.472689	23.803504	8.472689	3.325429E+11	4.816164E-6	207634.127879	5.824509E+16	0	0	12.672645	0.457145	0	0
0	0	0	27.413174	8.475047	23.714588	8.475047	3.145824E+11	4.789089E-6	208807.973174	5.8245E+16	0	0	12.61084	0.453163	0	0
0	0	0	27.327254	8.47683	23.625587	8.47683	2.975289E+11	4.711709E-6	212237.202134	5.824492E+16	0	0	12.564449	0.448966	0	0
0	0	0	27.240779	8.478529	23.536052	8.478529	2.812985E+11	4.632174E-6	215881.349144	5.824485E+16	0	0	12.520213	0.444945	0	0
0	0	0	27.154385	8.480547	23.44646	8.480547	2.659676E+11	4.597454E-6	217511.712075	5.824478E+16	0	0	12.476017	0.440899	0	0
0	0	0	27.068383	8.48216	23.357446	8.48216	2.515361E+11	4.527879E-6	220853.941424	5.824471E+16	0	0	12.431094	0.436957	0	0
0	0	0	26.981581	8.483735	23.267626	8.483735	2.377642E+11	4.460176E-6	224206.377653	5.824464E+16	0	0	12.397019	0.43288	0	0
0	0	0	26.892916	8.485725	23.175712	8.485725	2.24475E+11	4.447436E-6	224848.636528	5.824458E+16	0	0	12.332694	0.429233	0	0
0	0	0	26.80502	8.486886	23.084949	8.486886	2.120341E+11	4.343253E-6	230242.148845	5.824452E+16	0	0	12.281643	0.425291	0	0
0	0	0	26.717384	8.488141	22.994411	8.488141	2.003166E+11	4.259222E-6	234784.669285	5.824447E+16	0	0	12.230707	0.421485	0	0
0	0	0	26.630321	8.489301	22.904502	8.489301	1.893169E+11	4.17201E-6	239692.63994	5.824442E+16	0	0	12.167554	0.417662	0	0
0	0	0	26.541885	8.490725	22.813067	8.490725	1.78762E+11	4.12383E-6	242493.042346	5.824437E+16	0	0	12.120083	0.413872	0	0
0	0	0	26.453613	8.492018	22.721857	8.492018	1.688134E+11	4.067075E-6	245876.938349	5.824432E+16	0	0	12.078586	0.410121	0	0
0	0	0	26.365569	8.493046	22.630998	8.493046	1.594422E+11	3.981855E-6	251139.256666	5.824428E+16	0	0	12.023952	0.406402	0	0
0	0	0	26.276839	8.494187	22.539383	8.494187	1.505241E+11	3.91827E-6	255214.657402	5.824423E+16	0	0	11.970041	0.402723	0	0
0	0	0	26.187391	8.495479	22.446964	8.495479	1.420387E+11	3.883496E-6	257499.971118	5.824419E+16	0	0	11.914135	0.399163	0	0
0	0	0	26.098677	8.496686	22.355335	8.496686	1.340955E+11	3.847249E-6	259925.978071	5.824416E+16	0	0	11.83561	0.395763	0	0
0	0	0	26.009376	8.497432	22.263306	8.497432	1.265482E+11	3.744808E-6	267036.411768	5.824412E+16	0	0	11.786584	0.392147	0	0
0	0	0	25.918931	8.498403	22.170003	8.498403	1.193371E+11	3.682242E-6	271573.682036	5.824409E+16	0	0	11.733753	0.388644	0	0
0	0	0	25.826983	8.499158	22.075252	8.499158	1.124273E+11	3.58808E-6	278700.619785	5.824406E+16	0	0	11.68839	0.38502	0	0
0	0	0	25.735673	8.499969	21.981129	8.499969	1.059614E+11	3.511244E-6	284799.375918	5.824403E+16	0	0	11.635095	0.381588	0	0
0	0	0	25.64281	8.50095	21.885338	8.50095	9.976683E+10	3.466505E-6	288474.997029	5.8244E+16	0	0	11.576033	0.378299	0	0
0	0	0	25.550209	8.501836	21.789856	8.501836	9.395034E+10	3.414246E-6	292890.450512	5.824397E+16	0	0	11.506455	0.374978	0	0
0	0	0	25.455975	8.502647	21.692729	8.502647	8.837926E+10	3.352582E-6	298277.535742	5.824394E+16	0	0	11.452788	0.371594	0	0
0	0	0	25.359943	8.503562	21.593711	8.503562	8.304168E+10	3.313945E-6	301755.141755	5.824392E+16	0	0	11.391101	0.368201	0	0
0	0	0	25.262769	8.503855	21.493794	8.503855	7.79686E+10	3.164144E-6	316041.214652	5.824389E+16	0	0	11.345913	0.364721	0	0
0	0	0	25.165088	8.50475	21.39309	8.50475	7.318139E+10	3.132104E-6	319274.236958	5.824387E+16	0	0	11.29281	0.361401	0	0
0	0	0	25.064352	8.505382	21.289365	8.505382	6.855215E+10	3.051559E-6	327701.396859	5.824385E+16	0	0	11.229567	0.358319	0	0
0	0	0	24.962293	8.506165	21.184214	8.506165	6.416065E+10	3.005256E-6	332750.341764	5.824383E+16	0	0	11.162232	0.355221	0	0
0	0	0	24.857278	8.506787	21.076098	8.506787	5.99354E+10	2.929027E-6	341410.262158	5.824381E+16	0	0	11.098447	0.351996	0	0
0	0	0	24.752279	8.507052	20.968157	8.507052	5.5989E+10	2.787468E-6	358748.54759	5.824379E+16	0	0	11.022719	0.348874	0	0
0	0	0	24.64563	8.507599	20.858396	8.507599	5.22465E+10	2.706155E-6	369527.996119	5.824377E+16	0	0	10.961895	0.345761	0	0
0	0	0	24.536596	8.507976	20.746262	8.507976	4.867879E+10	2.59359E-6	385565.926201	5.824376E+16	0	0	10.906826	0.342663	0	0
0	0	0	24.4257	8.508909	20.631966	8.508909	4.529996E+10	2.597629E-6	384966.439895	5.824374E+16	0	0	10.834554	0.339669	0	0
0	0	0	24.312665	8.508985	20.515856	8.508985	4.209717E+10	2.429001E-6	411691.956059	5.824373E+16	0	0	10.768457	0.336674	0	0
0	0	0	24.196885	8.509834	20.396583	8.509834	3.905125E+10	2.422228E-6	412843.048015	5.824371E+16	0	0	10.703855	0.333632	0	0
0	0	0	24.07841	8.510352	20.274688	8.510352	3.616243E+10	2.350804E-6	425386.298153	5.82437E+16	0	0	10.629293	0.330622	0	0
0	0	0	23.95786	8.510532	20.150815	8.510532	3.344228E+10	2.210709E-6	452343.484141	5.824368E+16	0	0	10.566957	0.327819	0	0
0	0	0	23.835742	8.511361	20.025039	8.511361	3.08953E+10	2.215472E-6	451371.028023	5.824367E+16	0	0	10.502658	0.324952	0	0
0	0	0	23.711566	8.511503	19.897458	8.511503	2.850421E+10	2.074027E-6	482153.796465	5.824366E+16	0	0	10.434262	0.322093	0	0
0	0	0	23.584222	8.512182	19.766382	8.512182	2.624417E+10	2.05415E-6	486819.394799	5.824365E+16	0	0	10.365827	0.319322	0	0
0	0	0	23.453414	8.512371	19.631969	8.512371	2.410911E+10	1.927612E-6	518776.570568	5.824364E+16	0	0	10.274833	0.31671	0	0
0	0	0	23.320597	8.512446	19.495544	8.512446	2.211889E+10	1.783858E-6	560582.849958	5.824363E+16	0	0	10.205925	0.313796	0	0
0	0	0	23.183468	8.513304	19.354338	8.513304	2.023628E+10	1.810509E-6	552330.840379	5.824362E+16	0	0	10.148143	0.31112	0	0
0	0	0	23.042549	8.513663	19.209465	8.513663	1.846845E+10	1.731444E-6	577552.518311	5.824361E+16	0	0	10.075125	0.3085	0	0
0	0	0	22.900192	8.513908	19.063166	8.513908	1.683934E+10	1.632189E-6	612674.298193	5.824361E+16	0	0	10.007311	0.305832	0	0
0	0	0	22.754242	8.514257	18.91313	8.514257	1.531819E+10	1.559918E-6	641059.399818	5.82436E+16	0	0	9.924437	0.303236	0	0
0	0	0	22.604274	8.514417	18.759052	8.514417	1.389817E+10	1.449039E-6	690112.336279	5.824359E+16	0	0	9.846652	0.300481	0	0
0	0	0	22.450434	8.514813	18.600892	8.514813	1.257816E+10	1.393389E-6	717674.881155	5.824359E+16	0	0	9.781251	0.297901	0	0
0	0	0	22.29292	8.515596	18.438783	8.515596	1.135642E+10	1.435305E-6	696716.237266	5.824358E+16	0	0	9.705158	0.2954	0	0
0	0	0	22.129573	8.515803	18.270945	8.515803	1.021463E+10	1.341116E-6	745647.913629	5.824358E+16	0	0	9.631674	0.292932	0	0
0	0	0	21.96278	8.516218	18.099473	8.516218	9.167121E+9	1.304851E-6	766370.857358	5.824357E+16	0	0	9.54832	0.290288	0	0
0	0	0	21.792753	8.516237	17.924859	8.516237	8.209791E+9	1.173108E-6	852436.23039	5.824357E+16	0	0	9.461982	0.287739	0	0
0	0	0	21.618577	8.516605	17.745826	8.516605	7.332673E+9	1.132566E-6	882950.649218	5.824356E+16	0	0	9.385524	0.285366	0	0
0	0	0	21.439794	8.516925	17.562083	8.516925	6.529724E+9	1.085102E-6	921572.699074	5.824356E+16	0	0	9.313809	0.282961	0	0
0	0	0	21.256944	8.51718	17.374194	8.51718	5.799379E+9	1.025559E-6	975078.397948	5.824356E+16	0	0	9.242936	0.280477	0	0
0	0	0	21.06774	8.517199	17.179886	8.517199	5.129535E+9	9.114625E-7	1097137.889812	5.824355E+16	0	0	9.147586	0.278319	0	0
0	0	0	20.877458	8.517623	16.984286	8.517623	4.533888E+9	9.02563E-7	1107955.931615	5.824355E+16	0	0	9.066712	0.27593	0	0
0	0	0	20.681246	8.517595	16.782803	8.517595	3.992023E+9	7.883961E-7	1268398.032876	5.824355E+16	0	0	9.004843	0.273493	0	0
0	0	0	20.482193	8.517944	16.578229	8.517944	3.508445E+9	7.68305E-7	1301566.368029	5.824354E+16	0	0	8.921063	0.271335	0	0
0	0	0	20.27667	8.517972	16.367159	8.517972	3.070534E+9	6.784133E-7	1474027.663642	5.824354E+16	0	0	8.83905	0.269121	0	0
0	0	0	20.067048	8.518349	16.151718	8.518349	2.680143E+9	6.719204E-7	1488271.600148	5.824354E+16	0	0	8.756977	0.266772	0	0
0	0	0	19.854796	8.518378	15.933736	8.518378	2.3354E+9	5.914831E-7	1690665.308862	5.824354E+16	0	0	8.68975	0.264685	0	0
0	0	0	19.638574	8.518811	15.711491	8.518811	2.029767E+9	6.094374E-7	1640857.585537	5.824354E+16	0	0	8.60979	0.26248	0	0
0	0	0	19.418073	8.518745	15.485081	8.518745	1.759242E+9	5.137275E-7	1946557.391337	5.824354E+16	0	0	8.522243	0.260481	0	0
0	0	0	19.193325	8.518972	15.254175	8.518972	1.520577E+9	4.901778E-7	2040076.179257	5.824354E+16	0	0	8.429585	0.258355	0	0
0	0	0	18.965881	8.519075	15.020558	8.519075	1.311994E+9	4.440964E-7	2251763.463012	5.824353E+16	0	0	8.361729	0.256133	0	0
0	0	0	18.735383	8.519377	14.783712	8.519377	1.129782E+9	4.475244E-7	2234515.070092	5.824353E+16	0	0	8.284592	0.25407	0	0
0	0	0	18.502059	8.519273	14.544151	8.519273	9.710948E+8	3.634106E-7	2751708.118847	5.824353E+16	0	0	8.193697	0.252024	0	0
0	0	0	18.264112	8.519754	14.299572	8.519754	8.32197E+8	4.18767E-7	2387962.480816	5.824353E+16	0	0	8.102485	0.250025	0	0
0	0	0	18.025365	8.519697	14.05442	8.519697	7.127958E+8	3.447158E-7	2900940.796815	5.824353E+16	0	0	8.008054	0.247946	0	0
0	0	0	17.78407	8.519631	13.806656	8.519631	6.095176E+8	2.819574E-7	3546634.602826	5.824353E+16	0	0	7.934191	0.246003	0	0
0	0	0	17.541697	8.519971	13.557595	8.519971	5.208392E+8	3.103431E-7	3222240.192222	5.824353E+16	0	0	7.834681	0.243941	0	0
0	0	0	17.296024	8.519943	13.305318	8.519943	4.441109E+8	2.584261E-7	3869577.631951	5.824353E+16	0	0	7.741835	0.241958	0	0
0	0	0	17.050857	8.519584	13.053715	8.519584	3.788104E+8	1.699631E-7	5883630.785818	5.824353E+16	0	0	7.653521	0.239967	0	0
0	0	0	16.807341	8.519811	12.803533	8.519811	3.234574E+8	1.69663E-7	5894035.474756	5.824353E+16	0	0	7.554357	0.238263	0	0
0	0	0	16.562435	8.51998	12.551951	8.51998	2.759442E+8	1.657587E-7	6032864.86003	5.824353E+16	0	0	7.452987	0.23628	0	0
0	0	0	16.313692	8.520065	12.296466	8.520065	2.348248E+8	1.521025E-7	6574513.190362	5.824353E+16	0	0	7.367196	0.234313	0	0
0	0	0	16.066647	8.520084	12.042758	8.520084	2.00053E+8	1.318753E-7	7582918.730045	5.824353E+16	0	0	7.27164	0.232513	0	0
0	0	0	15.820075	8.520423	11.789384	8.520423	1.704825E+8	1.649497E-7	6062453.605626	5.824353E+16	0	0	7.17984	0.230722	0	0
0	0	0	15.572671	8.520301	11.535373	8.520301	1.452044E+8	1.201921E-7	8320015.31937	5.824353E+16	0	0	7.083868	0.228779	0	0
0	0	0	15.326051	8.520291	11.282113	8.520291	1.237373E+8	1.012977E-7	9871895.155132	5.824353E+16	0	0	7.007303	0.227027	0	0
0	0	0	15.080998	8.520056	11.030572	8.520056	1.055513E+8	6.778145E-8	1.47533E+7	5.824353E+16	0	0	6.912107	0.225155	0	0
0	0	0	14.836845	8.520188	10.779778	8.520188	9.009054E+7	6.57969E-8	1.519828E+7	5.824353E+16	0	0	6.813744	0.223363	0	0
0	0	0	14.592495	8.520235	10.528824	8.520235	7.688467E+7	5.904792E-8	1.69354E+7	5.824353E+16	0	0	6.711807	0.221611	0	0
0	0	0	14.349844	8.520329	10.279591	8.520329	6.568692E+7	5.624934E-8	1.777799E+7	5.824353E+16	0	0	6.605583	0.219947	0	0
0	0	0	14.110329	8.520386	10.033597	8.520386	5.623434E+7	5.172376E-8	1.933348E+7	5.824353E+16	0	0	6.508422	0.218036	0	0
0	0	0	13.872578	8.520489	9.789392	8.520489	4.819715E+7	5.130157E-8	1.949258E+7	5.824353E+16	0	0	6.417122	0.216268	0	0
0	0	0	13.634517	8.52047	9.544927	8.52047	4.130034E+7	4.273889E-8	2.33979E+7	5.824353E+16	0	0	6.317547	0.214508	0	0
0	0	0	13.398907	8.520631	9.302892	8.520631	3.544673E+7	4.802742E-8	2.082144E+7	5.824353E+16	0	0	6.219872	0.212844	0	0
0	0	0	13.165093	8.520668	9.062762	8.520668	3.045825E+7	4.450779E-8	2.246798E+7	5.824353E+16	0	0	6.12143	0.211219	0	0
0	0	0	12.936832	8.520433	8.828466	8.520433	2.626626E+7	2.575001E-8	3.883494E+7	5.824353E+16	0	0	6.035312	0.209491	0	0
0	0	0	12.703329	8.520527	8.588626	8.520527	2.257431E+7	2.548578E-8	3.923757E+7	5.824353E+16	0	0	5.953783	0.207747	0	0
0	0	0	12.472096	8.520819	8.351023	8.520819	1.942989E+7	4.138664E-8	2.416239E+7	5.824353E+16	0	0	5.857488	0.206178	0	0
0	0	0	12.242692	8.520668	8.115512	8.520668	1.674332E+7	2.446676E-8	4.087178E+7	5.824353E+16	0	0	5.777488	0.204411	0	0
0	0	0	12.014138	8.520621	7.880824	8.520621	1.443618E+7	1.921055E-8	5.205474E+7	5.824353E+16	0	0	5.68548	0.202826	0	0
0	0	0	11.785371	8.520913	7.645752	8.520913	1.244523E+7	3.712961E-8	2.693268E+7	5.824353E+16	0	0	5.604907	0.201257	0	0
0	0	0	11.557944	8.520913	7.412198	8.520913	1.073819E+7	3.203682E-8	3.121408E+7	5.824353E+16	0	0	5.526278	0.199577	0	0
0	0	0	11.332118	8.520942	7.180274	8.520942	9274919	3.145147E-8	3.179502E+7	5.824353E+16	0	0	5.440716	0.198104	0	0
0	0	0	11.107598	8.520847	6.949752	8.520847	8017840	1.868168E-8	5.352837E+7	5.824353E+16	0	0	5.361913	0.196447	0	0
0	0	0	10.882523	8.52097	6.718554	8.52097	6928642	2.721283E-8	3.674737E+7	5.824353E+16	0	0	5.278009	0.194918	0	0
0	0	0	10.657448	8.520932	6.487434	8.520932	5987408	1.941924E-8	5.149532E+7	5.824353E+16	0	0	5.19143	0.193333	0	0
0	0	0	10.43502	8.521206	6.258879	8.521206	5182928	-6.390253E-8	-1.564883E+7	5.824353E+16	0	0	5.111364	0.191844	0	0
0	0	0	10.21233	8.521309	6.030138	8.521309	4485778	-1.96038E-8	-5.101052E+7	5.824353E+16	0	0	5.035366	0.190363	0	0
0	0	0	9.99075	8.521083	5.8027	8.521083	3885200	4.156862E-8	2.405661E+7	5.824353E+16	0	0	4.952377	0.18881	0	0
0	0	0	9.768354	8.521111	5.574299	8.521111	3363247	6.324429E-8	1.58117E+7	5.824353E+16	0	0	4.866452	0.187369	0	0
0	0	0	9.54849	8.520951	5.34859	8.520951	2916202	1.03608E-8	9.651766E+7	5.824353E+16	0	0	4.778018	0.185983	0	0
0	0	0	9.329132	8.521177	5.123211	8.521177	2529409	-6.196191E-8	-1.613895E+7	5.824353E+16	0	0	4.699326	0.184542	0	0
0	0	0	9.110852	8.521017	4.89913	8.521017	2195453	1.171131E-8	8.538756E+7	5.824353E+16	0	0	4.618364	0.183005	0	0
0	0	0	8.891397	8.520734	4.673902	8.520734	1904136	3.225584E-9	3.100213E+8	5.824353E+16	0	0	4.539717	0.181635	0	0
0	0	0	8.674701	8.521224	4.451126	8.521224	1654434	-1.532374E-8	-6.525824E+7	5.824353E+16	0	0	4.457857	0.180202	0	0
0	0	0	8.459525	8.520979	4.230274	8.520979	1438895	5.966099E-9	1.676137E+8	5.824353E+16	0	0	4.366915	0.178896	0	0
0	0	0	8.245215	8.521121	4.01012	8.521121	1252139	3.150099E-8	3.174503E+7	5.824353E+16	0	0	4.292505	0.177399	0	0
0	0	0	8.030545	8.520932	3.789761	8.520932	1089368	3.533221E-9	2.830279E+8	5.824353E+16	0	0	4.207265	0.176109	0	0
0	0	0	7.817035	8.521102	3.570414	8.521102	948470	1.423994E-8	7.022501E+7	5.824353E+16	0	0	4.12993	0.174795	0	0
0	0	0	7.604815	8.521017	3.352519	8.521017	826487	4.408781E-9	2.268201E+8	5.824353E+16	0	0	4.052762	0.173369	0	0
0	0	0	7.393903	8.521045	3.13591	8.521045	720803	4.897494E-9	2.041861E+8	5.824353E+16	0	0	3.966976	0.171984	0	0
0	0	0	7.183464	8.520716	2.919967	8.520716	628826	1.01887E-9	9.81479E+8	5.824353E+16	0	0	3.890458	0.170694	0	0
0	0	0	6.971538	8.521375	2.702002	8.521375	548057	-1.697697E-9	-5.890332E+8	5.824353E+16	0	0	3.803679	0.169459	0	0
0	0	0	6.762961	8.521309	2.487838	8.521309	478701	-2.09201E-9	-4.780092E+8	5.824353E+16	0	0	3.732916	0.168074	0	0
0	0	0	6.553616	8.521338	2.272839	8.521338	417914	-1.552952E-9	-6.439348E+8	5.824353E+16	0	0	3.645371	0.166847	0	0
0	0	0	6.345562	8.521498	2.059099	8.521498	365151	-7.341255E-10	-1.362165E+9	5.824353E+16	0	0	3.573852	0.165493	0	0
0	0	0	6.137312	8.521224	1.845376	8.521224	319010	-2.954727E-9	-3.384407E+8	5.824353E+16	0	0	3.498587	0.164211	0	0
0	0	0	5.928637	8.521224	1.631079	8.521224	278621	-2.580637E-9	-3.875013E+8	5.824353E+16	0	0	3.420492	0.162874	0	0
0	0	0	5.721612	8.521196	1.418491	8.521196	243607	-3.599386E-9	-2.778251E+8	5.824353E+16	0	0	3.345	0.161679	0	0
0	0	0	5.513982	8.521319	1.205205	8.521319	212910	-8.788775E-10	-1.137815E+9	5.824353E+16	0	0	3.265028	0.160477	0	0
0	0	0	5.30846	8.521149	0.994232	8.521149	186335	-3.469439E-7	-2882310.284618	5.824353E+16	0	0	3.191219	0.159139	0	0
0	0	0	5.100307	8.521394	0.780348	8.521394	162800	-4.65567E-10	-2.147919E+9	5.824353E+16	0	0	3.112753	0.157968	0	0
0	0	0	4.894311	8.521234	0.568883	8.521234	142436	-1.17333E-9	-8.522751E+8	5.824353E+16	0	0	3.03417	0.156662	0	0
0	0	0	4.688952	8.521338	0.357939	8.521338	124671	-4.632724E-10	-2.158557E+9	5.824353E+16	0	0	2.962803	0.155452	0	0
0	0	0	4.483936	8.5213	0.147418	8.5213	109146	-5.067249E-10	-1.973458E+9	5.824353E+16	0	0	2.888361	0.154313	0	0
0	0	0	4.277581	8.52129	-0.064492	8.52129	95471	-4.727074E-10	-2.115474E+9	5.824353E+16	0	0	2.811167	0.153102	0	0
0	0	0	4.071225	8.521092	-0.276306	8.521092	83509	1.043411E-9	9.583949E+8	5.824353E+16	0	0	2.7396	0.151948	0	0
0	0	0	3.865556	8.521328	-0.487637	8.521328	73079	-2.858212E-10	-3.498691E+9	5.824353E+16	0	0	2.675247	0.150833	0	0
0	0	0	3.658874	8.521196	-0.69982	8.521196	63909	-9.44279E-10	-1.059009E+9	5.824353E+16	0	0	2.592467	0.149607	0	0
0	0	0	3.452535	8.521479	-0.911862	8.521479	55903	-1.188064E-10	-8.417057E+9	5.824353E+16	0	0	2.523422	0.14846	0	0
0	0	0	3.242863	8.521319	-1.127101	8.521319	48794	-2.014181E-10	-4.964796E+9	5.824353E+16	0	0	2.465262	0.147281	0	0
0	0	0	3.03445	8.521469	-1.341207	8.521469	42624	-9.324667E-11	-1.072424E+10	5.824353E+16	0	0	2.382654	0.146111	0	0
0	0	0	2.832194	8.521356	-1.548853	8.521356	37383	-1.263081E-10	-7.917148E+9	5.824353E+16	0	0	2.319481	0.145051	0	0
0	0	0	2.638923	8.521422	-1.747366	8.521422	32978	-8.456612E-11	-1.182507E+10	5.824353E+16	0	0	2.24586	0.143984	0	0
0	0	0	2.45867	8.521394	-1.93246	8.521394	29339	-8.390213E-11	-1.191865E+10	5.824353E+16	0	0	2.19512	0.142718	0	0
0	0	0	2.289117	8.521347	-2.106557	8.521347	26283	-9.302462E-11	-1.074984E+10	5.824353E+16	0	0	2.111586	0.141755	0	0
0	0	0	2.133905	8.521432	-2.265994	8.521432	23765	-5.891238E-11	-1.697436E+10	5.824353E+16	0	0	2.05661	0.140711	0	0
0	0	0	1.990405	8.521432	-2.41336	8.521432	21653	-5.367683E-11	-1.863001E+10	5.824353E+16	0	0	1.989523	0.139573	0	0
0	0	0	1.857817	8.52163	-2.549623	8.52163	19869	-2.898905E-11	-3.449578E+10	5.824353E+16	0	0	1.926609	0.138601	0	0
0	0	0	1.736663	8.521526	-2.673988	8.521526	18367	-3.41596E-11	-2.927434E+10	5.824353E+16	0	0	1.875559	0.137295	0	0
0	0	0	1.624248	8.521206	-2.789265	8.521206	17075	-2.105196E-10	-4.750152E+9	5.824353E+16	0	0	1.807449	0.136443	0	0
0	0	0	1.517599	8.521338	-2.898856	8.521338	15934	-5.92101E-11	-1.688901E+10	5.824353E+16	0	0	1.757469	0.13532	0	0
0	0	0	1.417011	8.521404	-3.002189	8.521404	14927	-4.110877E-11	-2.432571E+10	5.824353E+16	0	0	1.68162	0.13442	0	0
0	0	0	1.325357	8.52146	-3.096341	8.52146	14066	-3.170292E-11	-3.154284E+10	5.824353E+16	0	0	1.628643	0.133345	0	0
0	0	0	1.239976	8.521385	-3.183983	8.521385	13308	-3.957739E-11	-2.526695E+10	5.824353E+16	0	0	1.578122	0.132342	0	0
0	0	0	1.160802	8.521611	-3.265408	8.521611	12642	-1.919703E-11	-5.20914E+10	5.824353E+16	0	0	1.522071	0.131179	0	0
0	0	0	1.087198	8.521121	-3.34074	8.521121	12052	3.032048E-10	3.298101E+9	5.824353E+16	0	0	1.47173	0.130128	0	0
0	0	0	1.017857	8.521394	-3.412091	8.521394	11522	-3.295001E-11	-3.0349E+10	5.824353E+16	0	0	1.411958	0.128957	0	0
0	0	0	0.953319	8.521413	-3.478378	8.521413	11050	-2.934627E-11	-3.407588E+10	5.824353E+16	0	0	1.366957	0.127954	0	0
0	0	0	0.892146	8.5213	-3.54114	8.5213	10620	-4.930476E-11	-2.028202E+10	5.824353E+16	0	0	1.31173	0.126823	0	0
0	0	0	0.835269	8.521451	-3.599628	8.521451	10235	-2.378833E-11	-4.203741E+10	5.824353E+16	0	0	1.265682	0.125892	0	0
0	0	0	0.781985	8.521658	-3.654455	8.521658	9887	-1.362442E-11	-7.339765E+10	5.824353E+16	0	0	1.20728	0.124912	0	0
0	0	0	0.732802	8.521243	-3.704748	8.521243	9577	-7.10337E-11	-1.407782E+10	5.824353E+16	0	0	1.161245	0.123964	0	0
0	0	0	0.685203	8.521451	-3.753737	8.521451	9286	-2.158265E-11	-4.633351E+10	5.824353E+16	0	0	1.109465	0.123065	0	0
0	0	0	0.641491	8.521696	-3.798754	8.521696	9026	-1.158075E-11	-8.635021E+10	5.824353E+16	0	0	1.074901	0.121997	0	0
0	0	0	0.600393	8.521262	-3.840734	8.521262	8789	-5.436028E-11	-1.839579E+10	5.824353E+16	0	0	1.020462	0.121169	0	0
0	0	0	0.559916	8.521262	-3.882301	8.521262	8561	-5.295009E-11	-1.888571E+10	5.824353E+16	0	0	0.990427	0.120277	0	0
0	0	0	0.522706	8.521809	-3.920799	8.521809	8357	-8.885317E-12	-1.125452E+11	5.824353E+16	0	0	0.92264	0.119354	0	0
0	0	0	0.487847	8.521517	-3.956444	8.521517	8170	-1.558407E-11	-6.416809E+10	5.824353E+16	0	0	0.898412	0.118533	0	0
0	0	0	0.454198	8.521262	-3.990867	8.521262	7993	-4.943699E-11	-2.022777E+10	5.824353E+16	0	0	0.858187	0.117618	0	0
0	0	0	0.422819	8.521564	-4.023249	8.521564	7832	-1.324323E-11	-7.551026E+10	5.824353E+16	0	0	0.821508	0.116694	0	0
0	0	0	0.394168	8.521422	-4.052598	8.521422	7688	-1.971448E-11	-5.072413E+10	5.824353E+16	0	0	0.778386	0.115826	0	0
0	0	0	0.366906	8.521404	-4.080585	8.521404	7553	-2.080087E-11	-4.807492E+10	5.824353E+16	0	0	0.740057	0.11487	0	0
0	0	0	0.340182	8.521281	-4.107965	8.521281	7424	-3.937672E-11	-2.539572E+10	5.824353E+16	0	0	0.707442	0.114138	0	0
0	0	0	0.314913	8.521215	-4.133881	8.521215	7303	-7.724979E-11	-1.294502E+10	5.824353E+16	0	0	0.67787	0.113182	0	0
0	0	0	0.291881	8.521441	-4.157651	8.521441	7194	-1.725907E-11	-5.794055E+10	5.824353E+16	0	0	0.649534	0.112425	0	0
0	0	0	0.270482	8.521432	-4.179621	8.521432	7095	-1.758819E-11	-5.685633E+10	5.824353E+16	0	0	0.614943	0.111438	0	0
0	0	0	0.249035	8.521488	-4.201676	8.521488	6997	-1.445759E-11	-6.916784E+10	5.824353E+16	0	0	0.586656	0.110506	0	0
0	0	0	0.228323	8.521366	-4.222882	8.521366	6904	-2.231449E-11	-4.481393E+10	5.824353E+16	0	0	0.559302	0.109726	0	0
0	0	0	0.208754	8.521338	-4.242964	8.521338	6817	-2.533169E-11	-3.947624E+10	5.824353E+16	0	0	0.537705	0.108898	0	0
0	0	0	0.190704	8.521253	-4.261455	8.521253	6737	-4.544291E-11	-2.200563E+10	5.824353E+16	0	0	0.509859	0.108077	0	0
0	0	0	0.172932	8.521479	-4.279824	8.521479	6660	-1.415399E-11	-7.065147E+10	5.824353E+16	0	0	0.477347	0.107209	0	0
0	0	0	0.157283	8.521338	-4.295821	8.521338	6593	-2.449932E-11	-4.081746E+10	5.824353E+16	0	0	0.443181	0.106429	0	0
0	0	0	0.140328	8.521451	-4.313292	8.521451	6521	-1.51562E-11	-6.597959E+10	5.824353E+16	0	0	0.432562	0.105688	0	0
0	0	0	0.125366	8.521404	-4.328633	8.521404	6458	-1.778525E-11	-5.622636E+10	5.824353E+16	0	0	0.410583	0.1049	0	0
0	0	0	0.110844	8.521385	-4.343536	8.521385	6397	-1.902439E-11	-5.256411E+10	5.824353E+16	0	0	0.383719	0.104096	0	0
0	0	0	0.096437	8.521394	-4.358336	8.521394	6338	-1.812508E-11	-5.517217E+10	5.824353E+16	0	0	0.364591	0.103403	0	0
0	0	0	0.083337	8.521451	-4.371819	8.521451	6284	-1.460536E-11	-6.8468E+10	5.824353E+16	0	0	0.339427	0.102583	0	0
0	0	0	0.07102	8.520979	-4.384221	8.520979	6234	2.584813E-11	3.868752E+10	5.824353E+16	0	0	0.313537	0.101866	0	0
0	0	0	0.05823	8.521347	-4.397547	8.521347	6183	-2.188377E-11	-4.569596E+10	5.824353E+16	0	0	0.311391	0.100998	0	0
0	0	0	0.045685	8.521385	-4.41045	8.521385	6133	-1.823926E-11	-5.482677E+10	5.824353E+16	0	0	0.291414	0.100234	0	0
0	0	0	0.035639	8.521102	-4.420619	8.521102	6093	9.147832E-11	1.093155E+10	5.824353E+16	0	0	0.271916	0.099485	0	0
0	0	0	0.024499	8.521677	-4.43236	8.521677	6049	-8.038113E-12	-1.244073E+11	5.824353E+16	0	0	0.260841	0.098792	0	0
0	0	0	0.01411	8.521733	-4.443058	8.521733	6008	-7.21152E-12	-1.38667E+11	5.824353E+16	0	0	0.236632	0.098107	0	0
0	0	0	0.00382	8.521535	-4.453523	8.521535	5968	-1.082904E-11	-9.234425E+10	5.824353E+16	0	0	0.229045	0.097502	0	0
0	0	0	-0.006504	8.521385	-4.464045	8.521385	5928	-1.76296E-11	-5.672277E+10	5.824353E+16	0	0	0.225891	0.096714	0	0
0	0	0	-0.015864	8.521083	-4.4735	8.521083	5893	6.305157E-11	1.586003E+10	5.824353E+16	0	0	0.203499	0.095997	0	0
0	0	0	-0.025615	8.52146	-4.483711	8.52146	5856	-1.319866E-11	-7.576529E+10	5.824353E+16	0	0	0.195829	0.095256	0	0
0	0	0	-0.034469	8.521347	-4.492744	8.521347	5822	-2.060607E-11	-4.852939E+10	5.824353E+16	0	0	0.180123	0.094707	0	0
0	0	0	-0.041999	8.521366	-4.500487	8.521366	5794	-1.872685E-11	-5.339927E+10	5.824353E+16	0	0	0.178201	0.093911	0	0
0	0	0	-0.049611	8.521394	-4.508319	8.521394	5765	-1.648644E-11	-6.065589E+10	5.824353E+16	0	0	0.161423	0.093313	0	0
0	0	0	-0.057419	8.521526	-4.516406	8.521526	5736	-1.066802E-11	-9.373812E+10	5.824353E+16	0	0	0.154029	0.092613	0	0
0	0	0	-0.064998	8.521545	-4.524199	8.521545	5708	-1.01109E-11	-9.890314E+10	5.824353E+16	0	0	0.144798	0.091912	0	0
0	0	0	-0.070928	8.52179	-4.530417	8.52179	5686	-6.223164E-12	-1.6069E+11	5.824353E+16	0	0	0.129295	0.091251	0	0
0	0	0	-0.077658	8.521422	-4.537136	8.521422	5661	-1.451661E-11	-6.888661E+10	5.824353E+16	0	0	0.115219	0.090677	0	0
0	0	0	-0.084289	8.521234	-4.543848	8.521234	5637	-4.64353E-11	-2.153534E+10	5.824353E+16	0	0	0.117893	0.089929	0	0
0	0	0	-0.090644	8.521601	-4.550565	8.521601	5614	-8.702381E-12	-1.149111E+11	5.824353E+16	0	0	0.121294	0.089332	0	0
0	0	0	-0.096328	8.521526	-4.556364	8.521526	5593	-1.040206E-11	-9.613479E+10	5.824353E+16	0	0	0.100795	0.088623	0	0
0	0	0	-0.101523	8.5213	-4.56158	8.5213	5574	-2.587803E-11	-3.864281E+10	5.824353E+16	0	0	0.088736	0.088145	0	0
0	0	0	-0.106635	8.521526	-4.566948	8.521526	5556	-1.033325E-11	-9.6775E+10	5.824353E+16	0	0	0.093004	0.087468	0	0
0	0	0	-0.111813	8.521356	-4.572177	8.521356	5537	-1.870818E-11	-5.345255E+10	5.824353E+16	0	0	0.089946	0.086895	0	0
0	0	0	-0.116779	8.521441	-4.577321	8.521441	5519	-1.324059E-11	-7.552533E+10	5.824353E+16	0	0	0.07951	0.086337	0	0
0	0	0	-0.121369	8.521498	-4.582064	8.521498	5503	-1.106362E-11	-9.038634E+10	5.824353E+16	0	0	0.08378	0.085676	0	0
0	0	0	-0.125191	8.52146	-4.58597	8.52146	5489	-1.237149E-11	-8.083103E+10	5.824353E+16	0	0	0.079695	0.085079	0	0
0	0	0	-0.129471	8.521715	-4.590498	8.521715	5474	-6.789422E-12	-1.47288E+11	5.824353E+16	0	0	0.069971	0.084466	0	0
0	0	0	-0.132591	8.521451	-4.593564	8.521451	5463	-1.269718E-11	-7.875763E+10	5.824353E+16	0	0	0.062949	0.083829	0	0
0	0	0	-0.136446	8.521554	-4.597577	8.521554	5449	-9.427862E-12	-1.060686E+11	5.824353E+16	0	0	0.053854	0.083311	0	0
0	0	0	-0.139256	8.5213	-4.600329	8.5213	5439	-2.525128E-11	-3.960196E+10	5.824353E+16	0	0	0.059062	0.082603	0	0
0	0	0	-0.143356	8.521554	-4.604673	8.521554	5425	-9.386337E-12	-1.065378E+11	5.824353E+16	0	0	0.047932	0.082021	0	0
0	0	0	-0.14659	8.521121	-4.607767	8.521121	5413	1.361805E-10	7.343194E+9	5.824353E+16	0	0	0.052096	0.08148	0	0
0	0	0	-0.148746	8.521592	-4.610228	8.521592	5406	-8.558101E-12	-1.168484E+11	5.824353E+16	0	0	0.043706	0.080883	0	0
0	0	0	-0.151801	8.521422	-4.613276	8.521422	5395	-1.38345E-11	-7.228305E+10	5.824353E+16	0	0	0.058736	0.080245	0	0
0	0	0	-0.153646	8.521385	-4.615152	8.521385	5389	-1.602664E-11	-6.23961E+10	5.824353E+16	0	0	0.047232	0.079776	0	0
0	0	0	-0.156423	8.521319	-4.617969	8.521319	5379	-2.220413E-11	-4.503667E+10	5.824353E+16	0	0	0.045592	0.079162	0	0
0	0	0	-0.157763	8.521573	-4.619478	8.521573	5374	-8.885215E-12	-1.125465E+11	5.824353E+16	0	0	0.038841	0.078724	0	0
0	0	0	-0.160115	8.521356	-4.62178	8.521356	5366	-1.813042E-11	-5.515594E+10	5.824353E+16	0	0	0.038093	0.078175	0	0
0	0	0	-0.162091	8.521243	-4.623751	8.521243	5359	-3.974831E-11	-2.51583E+10	5.824353E+16	0	0	0.03839	0.077538	0	0
0	0	0	-0.163953	8.521347	-4.625717	8.521347	5353	-1.894612E-11	-5.278127E+10	5.824353E+16	0	0	0.044763	0.076988	0	0
0	0	0	-0.166306	8.521451	-4.628187	8.521451	5345	-1.242293E-11	-8.049634E+10	5.824353E+16	0	0	0.037852	0.076503	0	0
0	0	0	-0.167759	8.521356	-4.629631	8.521356	5340	-1.804257E-11	-5.542448E+10	5.824353E+16	0	0	0.018483	0.076025	0	0
0	0	0	-0.169426	8.521385	-4.631356	8.521385	5334	-1.586307E-11	-6.303948E+10	5.824353E+16	0	0	0.021718	0.075499	0	0
0	0	0	-0.171467	8.521149	-4.63333	8.521149	5327	-9.917253E-9	-1.008344E+8	5.824353E+16	0	0	0.017671	0.075021	0	0
0	0	0	-0.17315	8.521272	-4.635122	8.521272	5321	-3.038676E-11	-3.290907E+10	5.824353E+16	0	0	0.021982	0.074528	0	0
0	0	0	-0.175143	8.5213	-4.637183	8.5213	5314	-2.467095E-11	-4.05335E+10	5.824353E+16	0	0	0.021102	0.073891	0	0
0	0	0	-0.176711	8.521196	-4.638739	8.521196	5309	-7.84424E-11	-1.274821E+10	5.824353E+16	0	0	0.02549	0.073421	0	0
0	0	0	-0.178377	8.521262	-4.640485	8.521262	5303	-3.279924E-11	-3.048851E+10	5.824353E+16	0	0	0.013825	0.073102	0	0
0	0	0	-0.179978	8.521319	-4.642158	8.521319	5297	-2.186564E-11	-4.573386E+10	5.824353E+16	0	0	0.022556	0.072505	0	0
0	0	0	-0.181579	8.521272	-4.643778	8.521272	5292	-3.022115E-11	-3.308941E+10	5.824353E+16	0	0	0.024893	0.071948	0	0
0	0	0	-0.183196	8.521102	-4.645349	8.521102	5287	7.93773E-11	1.259806E+10	5.824353E+16	0	0	0.028337	0.071446	0	0
0	0	0	-0.184715	8.5213	-4.647013	8.5213	5281	-2.451774E-11	-4.078679E+10	5.824353E+16	0	0	0.007604	0.071088	0	0
0	0	0	-0.185483	8.521413	-4.647861	8.521413	5279	-1.401982E-11	-7.132761E+10	5.824353E+16	0	0	0.01428	0.070618	0	0
0	0	0	-0.186985	8.521375	-4.649384	8.521375	5274	-1.633708E-11	-6.121046E+10	5.824353E+16	0	0	0.01994	0.070108	0	0
0	0	0	-0.188488	8.521535	-4.651011	8.521535	5268	-9.558882E-12	-1.046147E+11	5.824353E+16	0	0	0.004392	0.06967	0	0
0	0	0	-0.189648	8.521281	-4.652069	8.521281	5264	-2.792013E-11	-3.581645E+10	5.824353E+16	0	0	0.029252	0.069057	0	0
0	0	0	-0.191053	8.521422	-4.653586	8.521422	5259	-1.348575E-11	-7.415232E+10	5.824353E+16	0	0	0.020358	0.068579	0	0
0	0	0	-0.192474	8.521639	-4.655159	8.521639	5255	-7.519762E-12	-1.329829E+11	5.824353E+16	0	0	0.006765	0.068189	0	0
0	0	0	-0.194026	8.521432	-4.656644	8.521432	5250	-1.301452E-11	-7.683728E+10	5.824353E+16	0	0	0.012558	0.067703	0	0
0	0	0	-0.195153	8.521432	-4.657801	8.521432	5246	-1.30046E-11	-7.689586E+10	5.824353E+16	0	0	0.008002	0.067321	0	0
0	0	0	-0.195806	8.521347	-4.658428	8.521347	5243	-1.855679E-11	-5.388864E+10	5.824353E+16	0	0	0.020837	0.066891	0	0
0	0	0	-0.196949	8.521554	-4.659711	8.521554	5239	-9.06452E-12	-1.103202E+11	5.824353E+16	0	0	0.024491	0.066405	0	0
0	0	0	-0.199089	8.521705	-4.661987	8.521705	5232	-6.599181E-12	-1.515339E+11	5.824353E+16	0	0	0.0117	0.065903	0	0
0	0	0	-0.199383	8.5213	-4.662077	8.5213	5231	-2.428561E-11	-4.117665E+10	5.824353E+16	0	0	0.017693	0.065505	0	0
0	0	0	-0.200445	8.521281	-4.663157	8.521281	5227	-2.772388E-11	-3.606998E+10	5.824353E+16	0	0	0.013024	0.065107	0	0
0	0	0	-0.202111	8.521272	-4.664863	8.521272	5222	-2.982139E-11	-3.353297E+10	5.824353E+16	0	0	-0.004886	0.064709	0	0
0	0	0	-0.202405	8.52146	-4.665264	8.52146	5221	-1.176745E-11	-8.498019E+10	5.824353E+16	0	0	0.009576	0.064183	0	0
0	0	0	-0.202716	8.521535	-4.665622	8.521535	5220	-9.471785E-12	-1.055767E+11	5.824353E+16	0	0	0.010852	0.063753	0	0
0	0	0	-0.204463	8.521338	-4.667313	8.521338	5214	-1.937501E-11	-5.161287E+10	5.824353E+16	0	0	-0.004984	0.063355	0	0
0	0	0	-0.204872	8.521705	-4.667925	8.521705	5213	-6.575216E-12	-1.520863E+11	5.824353E+16	0	0	0.004828	0.062973	0	0
0	0	0	-0.205427	8.52146	-4.668367	8.52146	5211	-1.174491E-11	-8.514326E+10	5.824353E+16	0	0	0.011061	0.062471	0	0
0	0	0	-0.206358	8.52162	-4.669407	8.52162	5208	-7.750368E-12	-1.290261E+11	5.824353E+16	0	0	0.023615	0.062017	0	0
0	0	0	-0.207404	8.521488	-4.670412	8.521488	5204	-1.075279E-11	-9.299912E+10	5.824353E+16	0	0	-0.005112	0.061659	0	0
0	0	0	-0.207289	8.52146	-4.67028	8.52146	5205	-1.173139E-11	-8.524141E+10	5.824353E+16	0	0	-0.001355	0.061356	0	0
0	0	0	-0.207894	8.521451	-4.670895	8.521451	5202	-1.209056E-11	-8.270914E+10	5.824353E+16	0	0	0.008794	0.060863	0	0
0	0	0	-0.208661	8.521206	-4.671555	8.521206	5200	-6.411137E-11	-1.559786E+10	5.824353E+16	0	0	0.006298	0.060417	0	0
0	0	0	-0.208988	8.52162	-4.672108	8.52162	5199	-7.736975E-12	-1.292495E+11	5.824353E+16	0	0	0.019214	0.059987	0	0
0	0	0	-0.209086	8.521196	-4.671987	8.521196	5198	-7.680233E-11	-1.302044E+10	5.824353E+16	0	0	0.005092	0.059501	0	0
0	0	0	-0.20938	8.521441	-4.672417	8.521441	5197	-1.246808E-11	-8.020479E+10	5.824353E+16	0	0	0.005116	0.05919	0	0
0	0	0	-0.209788	8.521583	-4.67291	8.521583	5196	-8.404318E-12	-1.189864E+11	5.824353E+16	0	0	0.015607	0.058927	0	0
0	0	0	-0.209903	8.521526	-4.672998	8.521526	5196	-9.663707E-12	-1.0348E+11	5.824353E+16	0	0	0.010469	0.058354	0	0
0	0	0	-0.210409	8.521451	-4.673479	8.521451	5194	-1.207197E-11	-8.283653E+10	5.824353E+16	0	0	0.009183	0.058107	0	0
0	0	0	-0.210099	8.521234	-4.673046	8.521234	5195	-4.279429E-11	-2.336761E+10	5.824353E+16	0	0	0.009256	0.057621	0	0
0	0	0	-0.211095	8.521385	-4.674149	8.521385	5192	-1.544077E-11	-6.47636E+10	5.824353E+16	0	0	0.003934	0.057247	0	0
0	0	0	-0.211177	8.521526	-4.674307	8.521526	5191	-9.654408E-12	-1.035796E+11	5.824353E+16	0	0	0.003957	0.056889	0	0
0	0	0	-0.211814	8.521347	-4.674867	8.521347	5189	-1.836566E-11	-5.444944E+10	5.824353E+16	0	0	-0.00282	0.05661	0	0
0	0	0	-0.21121	8.521177	-4.674158	8.521177	5191	-1.271587E-10	-7.864188E+9	5.824353E+16	0	0	0.010848	0.056172	0	0
0	0	0	-0.21183	8.521545	-4.674987	8.521545	5189	-9.191569E-12	-1.087954E+11	5.824353E+16	0	0	0.010902	0.05587	0	0
0	0	0	-0.212402	8.521309	-4.675451	8.521309	5187	-2.266811E-11	-4.411484E+10	5.824353E+16	0	0	0.005439	0.05544	0	0
0	0	0	-0.212435	8.521272	-4.675465	8.521272	5187	-2.962152E-11	-3.375924E+10	5.824353E+16	0	0	0.00966	0.055049	0	0
0	0	0	-0.213398	8.520847	-4.676233	8.520847	5184	1.207889E-11	8.278909E+10	5.824353E+16	0	0	0.013918	0.054739	0	0
0	0	0	-0.213594	8.521498	-4.676774	8.521498	5183	-1.042027E-11	-9.596682E+10	5.824353E+16	0	0	0.014014	0.054341	0	0
0	0	0	-0.214117	8.521356	-4.677237	8.521356	5181	-1.750534E-11	-5.712541E+10	5.824353E+16	0	0	0.015534	0.053942	0	0
0	0	0	-0.214526	8.521272	-4.677612	8.521272	5180	-2.958154E-11	-3.380486E+10	5.824353E+16	0	0	0.001323	0.053616	0	0
0	0	0	-0.214901	8.521394	-4.678062	8.521394	5179	-1.481063E-11	-6.751906E+10	5.824353E+16	0	0	0.005639	0.053345	0	0
0	0	0	-0.215032	8.521243	-4.678117	8.521243	5178	-3.840582E-11	-2.603772E+10	5.824353E+16	0	0	0.005679	0.052939	0	0
0	0	0	-0.215881	8.521394	-4.679069	8.521394	5176	-1.480205E-11	-6.75582E+10	5.824353E+16	0	0	0.001348	0.052533	0	0
0	0	0	-0.215767	8.521601	-4.67906	8.521601	5176	-8.023428E-12	-1.24635E+11	5.824353E+16	0	0	0.008683	0.052222	0	0
0	0	0	-0.216698	8.521639	-4.680036	8.521639	5173	-7.402422E-12	-1.350909E+11	5.824353E+16	0	0	0.005784	0.051912	0	0
0	0	0	-0.216714	8.521281	-4.679865	8.521281	5173	-2.743747E-11	-3.644651E+10	5.824353E+16	0	0	0.001373	0.051522	0	0
0	0	0	-0.217694	8.521601	-4.681039	8.521601	5169	-8.012577E-12	-1.248038E+11	5.824353E+16	0	0	0.00734	0.051291	0	0
0	0	0	-0.217792	8.521611	-4.681145	8.521611	5169	-7.849188E-12	-1.274017E+11	5.824353E+16	0	0	-0.0061	0.051044	0	0
0	0	0	-0.219132	8.521517	-4.682471	8.521517	5165	-9.852109E-12	-1.015011E+11	5.824353E+16	0	0	0.005934	0.050518	0	0
0	0	0	-0.219099	8.521611	-4.682487	8.521611	5165	-7.843114E-12	-1.275004E+11	5.824353E+16	0	0	0.01357	0.050216	0	0
0	0	0	-0.219965	8.521413	-4.683272	8.521413	5162	-1.370909E-11	-7.29443E+10	5.824353E+16	0	0	-0.000115	0.049865	0	0
0	0	0	-0.219981	8.521394	-4.683279	8.521394	5162	-1.476202E-11	-6.774142E+10	5.824353E+16	0	0	-0.009352	0.049555	0	0
0	0	0	-0.220863	8.521696	-4.684343	8.521696	5159	-6.61922E-12	-1.510752E+11	5.824353E+16	0	0	0.019971	0.049348	0	0
0	0	0	-0.221076	8.521592	-4.684507	8.521592	5158	-8.165498E-12	-1.224665E+11	5.824353E+16	0	0	-0.000117	0.048933	0	0
0	0	0	-0.221288	8.521356	-4.684601	8.521356	5157	-1.742425E-11	-5.739126E+10	5.824353E+16	0	0	-0.006373	0.048718	0	0
0	0	0	-0.221647	8.521752	-4.685178	8.521752	5156	-5.995567E-12	-1.667899E+11	5.824353E+16	0	0	0.010912	0.048328	0	0
0	0	0	-0.221827	8.521328	-4.68514	8.521328	5156	-2.016576E-11	-4.9589E+10	5.824353E+16	0	0	0.02365	0.048042	0	0
0	0	0	-0.222333	8.521092	-4.685537	8.521092	5154	6.439718E-11	1.552863E+10	5.824353E+16	0	0	-0.00012	0.047699	0	0
0	0	0	-0.222611	8.5213	-4.68593	8.5213	5153	-2.392349E-11	-4.179993E+10	5.824353E+16	0	0	0.014304	0.04746	0	0
0	0	0	-0.223118	8.521488	-4.686549	8.521488	5151	-1.064328E-11	-9.395601E+10	5.824353E+16	0	0	0.014382	0.047181	0	0
0	0	0	-0.223624	8.521498	-4.687074	8.521498	5149	-1.035191E-11	-9.660051E+10	5.824353E+16	0	0	0.009599	0.046911	0	0
0	0	0	-0.223689	8.521404	-4.687092	8.521404	5149	-1.418028E-11	-7.052046E+10	5.824353E+16	0	0	-0.001757	0.046489	0	0
0	0	0	-0.223738	8.521554	-4.687221	8.521554	5149	-8.908802E-12	-1.122485E+11	5.824353E+16	0	0	0.011368	0.046258	0	0
0	0	0	-0.223673	8.521432	-4.68709	8.521432	5149	-1.276414E-11	-7.834447E+10	5.824353E+16	0	0	0.016407	0.045915	0	0
0	0	0	-0.224228	8.521385	-4.687636	8.521385	5148	-1.530992E-11	-6.531713E+10	5.824353E+16	0	0	0.008201	0.045565	0	0
0	0	0	-0.224359	8.521583	-4.687873	8.521583	5147	-8.325063E-12	-1.201192E+11	5.824353E+16	0	0	0.023324	0.045278	0	0
0	0	0	-0.224522	8.521601	-4.688051	8.521601	5147	-7.978474E-12	-1.253372E+11	5.824353E+16	0	0	-0.005166	0.045127	0	0
0	0	0	-0.224163	8.52114	-4.68744	8.52114	5148	3.993337E-10	2.504171E+9	5.824353E+16	0	0	0.018538	0.044657	0	0
0	0	0	-0.224343	8.5213	-4.687709	8.5213	5147	-2.389563E-11	-4.184866E+10	5.824353E+16	0	0	0.020335	0.044418	0	0
0	0	0	-0.223885	8.521366	-4.687273	8.521366	5149	-1.664214E-11	-6.008844E+10	5.824353E+16	0	0	0.006718	0.044235	0	0
0	0	0	-0.224506	8.521404	-4.687931	8.521404	5147	-1.417477E-11	-7.054786E+10	5.824353E+16	0	0	0.00677	0.043877	0	0
0	0	0	-0.223951	8.521451	-4.687385	8.521451	5148	-1.196506E-11	-8.357672E+10	5.824353E+16	0	0	0.005069	0.043654	0	0
0	0	0	-0.22413	8.521733	-4.687718	8.521733	5148	-6.179245E-12	-1.618321E+11	5.824353E+16	0	0	0.0086	0.043311	0	0
0	0	0	-0.223738	8.521413	-4.687147	8.521413	5149	-1.367457E-11	-7.312846E+10	5.824353E+16	0	0	0.006893	0.043048	0	0
0	0	0	-0.224653	8.521215	-4.687983	8.521215	5146	-5.443344E-11	-1.837106E+10	5.824353E+16	0	0	0.012223	0.042818	0	0
0	0	0	-0.224212	8.521413	-4.687634	8.521413	5148	-1.367191E-11	-7.314267E+10	5.824353E+16	0	0	0.015871	0.042483	0	0
0	0	0	-0.223934	8.521404	-4.687344	8.521404	5148	-1.417753E-11	-7.053416E+10	5.824353E+16	0	0	0.008811	0.042212	0	0
0	0	0	-0.224	8.521545	-4.687485	8.521545	5148	-9.118943E-12	-1.096618E+11	5.824353E+16	0	0	0.008847	0.042021	0	0
0	0	0	-0.223624	8.521404	-4.687025	8.521404	5149	-1.418028E-11	-7.052046E+10	5.824353E+16	0	0	-0.009166	0.041774	0	0
0	0	0	-0.224196	8.521507	-4.687666	8.521507	5148	-1.007782E-11	-9.922779E+10	5.824353E+16	0	0	0.018067	0.041432	0	0
0	0	0	-0.223869	8.521224	-4.687183	8.521224	5149	-4.76909E-11	-2.096836E+10	5.824353E+16	0	0	0.00352	0.041233	0	0
0	0	0	-0.224996	8.521309	-4.688385	8.521309	5145	-2.248456E-11	-4.447496E+10	5.824353E+16	0	0	-0.001983	0.040843	0	0
0	0	0	-0.224539	8.521469	-4.687999	8.521469	5147	-1.125987E-11	-8.881099E+10	5.824353E+16	0	0	-0.00569	0.040707	0	0
0	0	0	-0.224343	8.52129	-4.687704	8.52129	5147	-2.548443E-11	-3.923964E+10	5.824353E+16	0	0	0.018522	0.040349	0	0
0	0	0	-0.224963	8.521479	-4.68844	8.521479	5145	-1.093427E-11	-9.145555E+10	5.824353E+16	0	0	-0.005758	0.040198	0	0
0	0	0	-0.224784	8.52114	-4.688078	8.52114	5146	3.991786E-10	2.505144E+9	5.824353E+16	0	0	0.02057	0.039959	0	0
0	0	0	-0.224735	8.521234	-4.688077	8.521234	5146	-4.239064E-11	-2.359011E+10	5.824353E+16	0	0	0.022597	0.039688	0	0
0	0	0	-0.225682	8.521366	-4.689119	8.521366	5143	-1.662274E-11	-6.015854E+10	5.824353E+16	0	0	0.005571	0.039473	0	0
0	0	0	-0.225029	8.521432	-4.688482	8.521432	5145	-1.275423E-11	-7.840538E+10	5.824353E+16	0	0	0.005608	0.039194	0	0
0	0	0	-0.225943	8.521262	-4.689333	8.521262	5142	-3.180345E-11	-3.144313E+10	5.824353E+16	0	0	-0.004007	0.0389	0	0
0	0	0	-0.226515	8.521281	-4.68993	8.521281	5140	-2.726244E-11	-3.668051E+10	5.824353E+16	0	0	-0.009847	0.038693	0	0
0	0	0	-0.226662	8.521469	-4.690179	8.521469	5139	-1.124237E-11	-8.894924E+10	5.824353E+16	0	0	0.007674	0.038382	0	0
0	0	0	-0.227855	8.521592	-4.691468	8.521592	5135	-8.129088E-12	-1.23015E+11	5.824353E+16	0	0	0.001816	0.038207	0	0
0	0	0	-0.227528	8.521404	-4.691034	8.521404	5136	-1.414448E-11	-7.069896E+10	5.824353E+16	0	0	0.007747	0.037992	0	0
0	0	0	-0.227283	8.521206	-4.690679	8.521206	5138	-6.334697E-11	-1.578608E+10	5.824353E+16	0	0	0.047591	0.037681	0	0
0	0	0	-0.228622	8.521743	-4.692336	8.521743	5133	-6.063505E-12	-1.649211E+11	5.824353E+16	0	0	0.005852	0.03745	0	0
0	0	0	-0.22859	8.521545	-4.692198	8.521545	5133	-9.092373E-12	-1.099823E+11	5.824353E+16	0	0	-0.004178	0.037195	0	0
0	0	0	-0.229063	8.521724	-4.692779	8.521724	5131	-6.259738E-12	-1.597511E+11	5.824353E+16	0	0	0.02416	0.036949	0	0
0	0	0	-0.229259	8.521564	-4.692896	8.521564	5131	-8.676077E-12	-1.152595E+11	5.824353E+16	0	0	-0.006256	0.036781	0	0
0	0	0	-0.229847	8.521441	-4.693436	8.521441	5129	-1.230494E-11	-8.126814E+10	5.824353E+16	0	0	0.018288	0.036503	0	0
0	0	0	-0.229945	8.521149	-4.693383	8.521149	5128	-9.546775E-9	-1.047474E+8	5.824353E+16	0	0	0.022529	0.036256	0	0
0	0	0	-0.230076	8.521583	-4.693745	8.521583	5128	-8.294331E-12	-1.205643E+11	5.824353E+16	0	0	-0.014674	0.036033	0	0
0	0	0	-0.230435	8.521517	-4.694079	8.521517	5127	-9.779624E-12	-1.022534E+11	5.824353E+16	0	0	0.012339	0.035873	0	0
0	0	0	-0.231138	8.521451	-4.694766	8.521451	5124	-1.190927E-11	-8.396818E+10	5.824353E+16	0	0	0.016586	0.035682	0	0
0	0	0	-0.230909	8.521601	-4.69461	8.521601	5125	-7.944371E-12	-1.258753E+11	5.824353E+16	0	0	-0.012823	0.035364	0	0
0	0	0	-0.230762	8.521498	-4.694405	8.521498	5126	-1.030567E-11	-9.703395E+10	5.824353E+16	0	0	-0.000159	0.035181	0	0
0	0	0	-0.231236	8.521215	-4.694743	8.521215	5124	-5.420073E-11	-1.844994E+10	5.824353E+16	0	0	0.001973	0.034974	0	0
0	0	0	-0.231693	8.521611	-4.69542	8.521611	5123	-7.779337E-12	-1.285457E+11	5.824353E+16	0	0	-0.006594	0.034767	0	0
0	0	0	-0.23153	8.521422	-4.695154	8.521422	5123	-1.313701E-11	-7.612084E+10	5.824353E+16	0	0	-0.019578	0.034544	0	0
0	0	0	-0.230778	8.521451	-4.694397	8.521451	5126	-1.191392E-11	-8.393541E+10	5.824353E+16	0	0	-0.004521	0.034185	0	0
0	0	0	-0.230844	8.521281	-4.694375	8.521281	5126	-2.718818E-11	-3.678069E+10	5.824353E+16	0	0	0.03708	0.033986	0	0
0	0	0	-0.231236	8.521724	-4.69501	8.521724	5124	-6.251198E-12	-1.599693E+11	5.824353E+16	0	0	0.026269	0.033787	0	0
0	0	0	-0.231122	8.521319	-4.69468	8.521319	5124	-2.11515E-11	-4.727796E+10	5.824353E+16	0	0	0.006461	0.033684	0	0
0	0	0	-0.230778	8.521752	-4.694555	8.521752	5126	-5.960682E-12	-1.67766E+11	5.824353E+16	0	0	-0.011255	0.033532	0	0
0	0	0	-0.231269	8.521121	-4.694727	8.521121	5124	1.289098E-10	7.75736E+9	5.824353E+16	0	0	0.011009	0.033254	0	0
0	0	0	-0.231122	8.521338	-4.69469	8.521338	5124	-1.904058E-11	-5.251942E+10	5.824353E+16	0	0	0.026813	0.033046	0	0
0	0	0	-0.230533	8.521394	-4.694116	8.521394	5127	-1.466193E-11	-6.820387E+10	5.824353E+16	0	0	0.017928	0.032831	0	0
0	0	0	-0.230386	8.52179	-4.694172	8.52179	5127	-5.611354E-12	-1.782101E+11	5.824353E+16	0	0	0.022636	0.032553	0	0
0	0	0	-0.229962	8.521611	-4.693642	8.521611	5128	-7.786929E-12	-1.284203E+11	5.824353E+16	0	0	-0.013866	0.032513	0	0
0	0	0	-0.230272	8.521469	-4.693887	8.521469	5127	-1.121611E-11	-8.915743E+10	5.824353E+16	0	0	-0.034566	0.032354	0	0
0	0	0	-0.230305	8.521356	-4.693861	8.521356	5127	-1.732289E-11	-5.772708E+10	5.824353E+16	0	0	0.032177	0.032091	0	0
0	0	0	-0.230239	8.521583	-4.693912	8.521583	5127	-8.292714E-12	-1.205878E+11	5.824353E+16	0	0	-0.000174	0.031868	0	0
0	0	0	-0.230272	8.521187	-4.693739	8.521187	5127	-9.450409E-11	-1.058155E+10	5.824353E+16	0	0	0.016218	0.031637	0	0
0	0	0	-0.229798	8.521498	-4.693415	8.521498	5129	-1.03117E-11	-9.697719E+10	5.824353E+16	0	0	-0.016603	0.031557	0	0
0	0	0	-0.229586	8.521366	-4.693128	8.521366	5130	-1.658073E-11	-6.031099E+10	5.824353E+16	0	0	0.006917	0.031302	0	0
0	0	0	-0.230027	8.521356	-4.693576	8.521356	5128	-1.732627E-11	-5.771582E+10	5.824353E+16	0	0	0.026037	0.031048	0	0
0	0	0	-0.229292	8.521696	-4.692999	8.521696	5131	-6.583294E-12	-1.518996E+11	5.824353E+16	0	0	0.033336	0.030896	0	0
0	0	0	-0.229325	8.521667	-4.693017	8.521667	5131	-6.942122E-12	-1.440482E+11	5.824353E+16	0	0	0.004639	0.030681	0	0
0	0	0	-0.229717	8.521347	-4.693252	8.521347	5129	-1.81533E-11	-5.50864E+10	5.824353E+16	0	0	0.004668	0.030474	0	0
0	0	0	-0.22957	8.521479	-4.69317	8.521479	5130	-1.09024E-11	-9.172296E+10	5.824353E+16	0	0	0.007126	0.030323	0	0
0	0	0	-0.229929	8.521488	-4.693544	8.521488	5128	-1.059575E-11	-9.437742E+10	5.824353E+16	0	0	0.009611	0.030156	0	0
0	0	0	-0.229406	8.521253	-4.692884	8.521253	5130	-3.460326E-11	-2.889901E+10	5.824353E+16	0	0	-0.007582	0.029933	0	0
0	0	0	-0.229733	8.521168	-4.693175	8.521168	5129	-1.872282E-10	-5.341076E+9	5.824353E+16	0	0	0.019669	0.029726	0	0
0	0	0	-0.230533	8.521554	-4.694199	8.521554	5127	-8.870737E-12	-1.127302E+11	5.824353E+16	0	0	-0.012641	0.029606	0	0
0	0	0	-0.230207	8.521545	-4.693859	8.521545	5128	-9.083516E-12	-1.100895E+11	5.824353E+16	0	0	-0.007693	0.029463	0	0
0	0	0	-0.230697	8.52162	-4.694402	8.52162	5126	-7.628339E-12	-1.310901E+11	5.824353E+16	0	0	0.035043	0.02928	0	0
0	0	0	-0.231105	8.521639	-4.694831	8.521639	5125	-7.333736E-12	-1.363562E+11	5.824353E+16	0	0	0.002354	0.028945	0	0
0	0	0	-0.230942	8.521404	-4.69454	8.521404	5125	-1.411419E-11	-7.08507E+10	5.824353E+16	0	0	0.012558	0.028874	0	0
0	0	0	-0.231759	8.521488	-4.695423	8.521488	5123	-1.058542E-11	-9.446953E+10	5.824353E+16	0	0	0.007478	0.028786	0	0
0	0	0	-0.23202	8.521488	-4.695691	8.521488	5122	-1.058336E-11	-9.448797E+10	5.824353E+16	0	0	0.017819	0.028587	0	0
0	0	0	-0.232347	8.521479	-4.696022	8.521479	5120	-1.088114E-11	-9.190211E+10	5.824353E+16	0	0	0.017992	0.0283	0	0
0	0	0	-0.232673	8.521385	-4.696308	8.521385	5119	-1.522367E-11	-6.568717E+10	5.824353E+16	0	0	-0.000196	0.028085	0	0
0	0	0	-0.233114	8.521422	-4.696781	8.521422	5118	-1.312418E-11	-7.619521E+10	5.824353E+16	0	0	0.036727	0.027854	0	0
0	0	0	-0.232918	8.521743	-4.696747	8.521743	5119	-6.046967E-12	-1.653722E+11	5.824353E+16	0	0	0.0369	0.027711	0	0
0	0	0	-0.233441	8.521338	-4.697072	8.521338	5117	-1.901456E-11	-5.259127E+10	5.824353E+16	0	0	0	0	0	0
0	0	0	-0.233719	8.521366	-4.697372	8.521366	5116	-1.653548E-11	-6.047603E+10	5.824353E+16	0	0	0	0	0	0
0	0	0	-0.233359	8.521573	-4.697111	8.521573	5117	-8.460299E-12	-1.181991E+11	5.824353E+16	0	0	0	0	0	0
0	0	0	-0.234241	8.521564	-4.698012	8.521564	5114	-8.647331E-12	-1.156426E+11	5.824353E+16	0	0	0	0	0	0
0	0	0	-0.234454	8.521404	-4.698146	8.521404	5114	-1.408389E-11	-7.10031E+10	5.824353E+16	0	0	0	0	0	0
0	0	0	-0.233702	8.521253	-4.697296	8.521253	5116	-3.450882E-11	-2.89781E+10	5.824353E+16	0	0	0	0	0	0
0	0	0	-0.234666	8.521432	-4.698379	8.521432	5113	-1.26749E-11	-7.889609E+10	5.824353E+16	0	0	0	0	0	0
0	0	0	-0.234846	8.521441	-4.698569	8.521441	5112	-1.226416E-11	-8.15384E+10	5.824353E+16	0	0	0	0	0	0
0	0	0	-0.234535	8.521517	-4.69829	8.521517	5113	-9.75292E-12	-1.025334E+11	5.824353E+16	0	0	0	0	0	0
0	0	0	-0.234633	8.521224	-4.698237	8.521224	5113	-4.735746E-11	-2.1116E+10	5.824353E+16	0	0	0	0	0	0
