Vload_(V)	ILoad_(A)	RsLoad_(ohm)	SunsVoc_Voltage_(V)	SunsVoc_Current_(A)	Model_Voltage_(V)	Model_Current_(A)	Carrier_Density_(cm-3)	Lifetime_(s)	Inverse_Lifetime_(s-1)	(Carrier_Density+Doping)/qWni^2_(cm^2/C)	Carrier_Density_at_Vmp_(cm-3)	Lifetime_at_Vmp_(s)	Efficiency_(%)	Intensity_(suns)	Dark_IV_Voltage_(V)	Dark_IV_Current_(A)
4.311749	8.45359	0	37.537672	-0.531707	37.713137	-0.531707	2.200102E+14	1.718472E-5	58191.149929	5.927535E+16	1.160348E+13	1.140906E-5	14.098569	1.15462	0	0
4.373615	8.462511	-0.686924	37.414214	0.092842	37.383464	0.092842	2.033456E+14	1.706954E-5	58583.820738	5.919719E+16	0	0	14.069996	1.152597	0	0
4.429704	8.465619	-0.806118	37.293518	0.670458	37.070658	0.670458	1.88257E+14	1.697574E-5	58907.530811	5.912643E+16	0	0	14.073395	1.148432	0	0
4.781104	8.463051	-0.752175	37.171694	1.218237	36.765296	1.218237	1.741472E+14	1.689231E-5	59198.496552	5.906026E+16	0	0	14.087341	1.146816	0	0
6.615357	8.450151	1.674794	37.048711	1.718188	36.473458	1.718188	1.609622E+14	1.67723E-5	59622.075132	5.899842E+16	0	0	14.059996	1.144817	0	0
9.428883	8.440622	1.796168	36.930758	2.167332	36.202622	2.167332	1.492446E+14	1.666244E-5	60015.199228	5.894347E+16	0	0	14.065477	1.139816	0	0
12.199212	8.437749	1.532442	36.814374	2.584928	35.94299	2.584928	1.385101E+14	1.656435E-5	60370.59441	5.889312E+16	0	0	14.076251	1.132489	0	0
14.908423	8.428454	1.338836	36.698235	2.972694	35.692746	2.972694	1.285601E+14	1.646216E-5	60745.353124	5.884646E+16	0	0	14.07321	1.125219	0	0
17.605133	8.37255	1.32938	36.583124	3.337531	35.450462	3.337531	1.193972E+14	1.637912E-5	61053.309146	5.880349E+16	0	0	14.073904	1.118753	0	0
20.30857	8.366825	1.025221	36.466103	3.675263	35.214603	3.675263	1.107455E+14	1.626606E-5	61477.697466	5.876291E+16	0	0	14.062783	1.110566	0	0
23.018917	8.358532	0.725142	36.351859	3.985219	34.990345	3.985219	1.028993E+14	1.616201E-5	61873.471452	5.872611E+16	0	0	14.074851	1.100453	0	0
23.737547	8.358417	0.639494	36.238839	4.272418	34.774467	4.272418	9.568032E+13	1.606041E-5	62264.879545	5.869226E+16	0	0	14.095417	1.090602	0	0
24.459412	8.355629	0.560888	36.125248	4.536611	34.565267	4.536611	8.893146E+13	1.593442E-5	62757.206726	5.866061E+16	0	0	14.102718	1.081261	0	0
25.183011	8.352795	0.481489	36.013372	4.783653	34.363189	4.783653	8.274695E+13	1.582434E-5	63193.78672	5.86316E+16	0	0	14.107378	1.071824	0	0
25.890656	8.340522	0.425664	35.901643	5.013759	34.166585	5.013759	7.69972E+13	1.570978E-5	63654.62525	5.860464E+16	0	0	14.107634	1.0614	0	0
26.612255	8.322852	0.374874	35.792218	5.227618	33.977537	5.227618	7.175123E+13	1.560993E-5	64061.786652	5.858003E+16	0	0	14.113395	1.050618	0	0
27.330779	8.275097	0.362512	35.68405	5.42613	33.794699	5.42613	6.691507E+13	1.551235E-5	64464.751611	5.855735E+16	0	0	14.126954	1.040385	0	0
28.040716	8.172158	0.38531	35.575326	5.609695	33.616073	5.609695	6.238089E+13	1.539466E-5	64957.572639	5.853609E+16	0	0	14.130393	1.030518	0	0
28.749204	8.056974	0.38239	35.4692	5.780374	33.444315	5.780374	5.825014E+13	1.529309E-5	65389.020697	5.851671E+16	0	0	14.141171	1.020293	0	0
29.429577	7.897831	0.385565	35.363042	5.938813	33.276467	5.938813	5.439059E+13	1.517946E-5	65878.486163	5.849861E+16	0	0	14.151965	1.009758	0	0
30.061773	7.742556	0.374886	35.25507	6.08638	33.110199	6.08638	5.072627E+13	1.503932E-5	66492.344591	5.848143E+16	0	0	14.150838	0.999827	0	0
30.715122	7.532556	0.367976	35.149384	6.225471	32.94904	6.225471	4.737786E+13	1.492345E-5	67008.632701	5.846572E+16	0	0	14.150936	0.990168	0	0
31.35262	7.259468	0.36472	35.044777	6.354458	32.79232	6.354458	4.428054E+13	1.48049E-5	67545.211099	5.84512E+16	0	0	14.146843	0.980429	0	0
32.009236	6.874777	0.365522	34.941216	6.474472	32.639637	6.474472	4.141303E+13	1.46858E-5	68092.993959	5.843775E+16	0	0	14.153526	0.970132	0	0
32.652178	6.400324	0.36498	34.838683	6.586312	32.49072	6.586312	3.875642E+13	1.456689E-5	68648.852224	5.842529E+16	0	0	14.162856	0.96021	0	0
33.283921	5.83899	0.363949	34.736249	6.691827	32.343942	6.691827	3.627203E+13	1.444963E-5	69205.936612	5.841364E+16	0	0	14.16791	0.950415	0	0
33.895515	5.20978	0.362402	34.633651	6.790608	32.199193	6.790608	3.394288E+13	1.432496E-5	69808.222627	5.840272E+16	0	0	14.169264	0.940652	0	0
34.499503	4.500043	0.360523	34.53107	6.883533	32.056368	6.883533	3.176325E+13	1.419848E-5	70430.095584	5.839249E+16	0	0	14.161223	0.931008	0	0
35.090713	3.733846	0.358329	34.427312	6.970542	31.914232	6.970542	2.970064E+13	1.405539E-5	71147.10256	5.838282E+16	0	0	14.155129	0.921261	0	0
35.659314	2.920873	0.364094	34.322476	7.051476	31.772962	7.051476	2.77523E+13	1.389146E-5	71986.687818	5.837368E+16	0	0	14.151024	0.911872	0	0
36.193516	2.106114	0.370812	34.217494	7.127899	31.633004	7.127899	2.592903E+13	1.372702E-5	72849.026718	5.836513E+16	0	0	14.152636	0.902762	0	0
36.655127	1.358238	0.377286	34.112642	7.198599	31.495109	7.198599	2.422737E+13	1.35487E-5	73807.79876	5.835715E+16	0	0	14.157048	0.893524	0	0
37.007232	0.757995	0.3813	34.006025	7.265257	31.356653	7.265257	2.261134E+13	1.335428E-5	74882.369457	5.834957E+16	0	0	14.161846	0.88447	0	0
29.318662	7.920495	0.388342	33.898053	7.328238	31.217949	7.328238	2.10844E+13	1.314937E-5	76049.290932	5.834241E+16	0	0	14.155127	0.875782	0	0
37.433938	0	0	33.78688	7.391926	31.075418	7.391926	1.961968E+13	1.296992E-5	77101.49252	5.833554E+16	0	0	14.140547	0.867516	0	0
0	0	0	33.675167	7.448139	30.93492	7.448139	1.82502E+13	1.27391E-5	78498.470805	5.832912E+16	0	0	14.130472	0.85925	0	0
0	0	0	33.563079	7.501221	30.795051	7.501221	1.697204E+13	1.250723E-5	79953.739461	5.832312E+16	0	0	14.121957	0.850952	0	0
0	0	0	33.452788	7.551873	30.657894	7.551873	1.580168E+13	1.229886E-5	81308.334342	5.831764E+16	0	0	14.113484	0.842487	0	0
0	0	0	33.343346	7.598166	30.523158	7.598166	1.472002E+13	1.2077E-5	82801.994578	5.831256E+16	0	0	14.110306	0.834285	0	0
0	0	0	33.234541	7.64164	30.390057	7.64164	1.371798E+13	1.18575E-5	84334.790303	5.830786E+16	0	0	14.098758	0.826257	0	0
0	0	0	33.129656	7.682989	30.261873	7.682989	1.281661E+13	1.167282E-5	85669.113899	5.830364E+16	0	0	14.082894	0.818071	0	0
0	0	0	33.025179	7.721666	30.135042	7.721666	1.197757E+13	1.148511E-5	87069.289387	5.82997E+16	0	0	14.063655	0.810076	0	0
0	0	0	32.923349	7.759006	30.011482	7.759006	1.121263E+13	1.132961E-5	88264.301941	5.829611E+16	0	0	14.038383	0.802264	0	0
0	0	0	32.82147	7.793647	29.88881	7.793647	1.049616E+13	1.116238E-5	89586.648151	5.829275E+16	0	0	14.020887	0.794348	0	0
0	0	0	32.721813	7.82605	29.769305	7.82605	9.839602E+12	1.100444E-5	90872.379741	5.828967E+16	0	0	14.009921	0.786576	0	0
0	0	0	32.623837	7.856975	29.652108	7.856975	9.234144E+12	1.086263E-5	92058.752579	5.828684E+16	0	0	13.994816	0.778891	0	0
0	0	0	32.526124	7.886054	29.535833	7.886054	8.667384E+12	1.071833E-5	93298.090864	5.828418E+16	0	0	13.976579	0.771461	0	0
0	0	0	32.42921	7.913494	29.420989	7.913494	8.139609E+12	1.057706E-5	94544.239019	5.82817E+16	0	0	13.96079	0.764159	0	0
0	0	0	32.331627	7.939577	29.305887	7.939577	7.640634E+12	1.043249E-5	95854.4309	5.827936E+16	0	0	13.932818	0.757032	0	0
0	0	0	32.237229	7.964374	29.19466	7.964374	7.187055E+12	1.031058E-5	96987.74398	5.827723E+16	0	0	13.904219	0.749976	0	0
0	0	0	32.143861	7.987119	29.085284	7.987119	6.764901E+12	1.017816E-5	98249.547565	5.827525E+16	0	0	13.88646	0.742737	0	0
0	0	0	32.051456	8.009735	28.976954	8.009735	6.37151E+12	1.007473E-5	99258.229466	5.827341E+16	0	0	13.86484	0.735793	0	0
0	0	0	31.959704	8.030261	28.870093	8.030261	6.003528E+12	9.953152E-6	100470.685443	5.827168E+16	0	0	13.846243	0.728969	0	0
0	0	0	31.869488	8.049809	28.765229	8.049809	5.662423E+12	9.842124E-6	101604.083698	5.827008E+16	0	0	13.825369	0.722128	0	0
0	0	0	31.779582	8.068528	28.660985	8.068528	5.341765E+12	9.736143E-6	102710.078805	5.826858E+16	0	0	13.795373	0.715359	0	0
0	0	0	31.69639	8.086645	28.564188	8.086645	5.061243E+12	9.6803E-6	103302.584915	5.826726E+16	0	0	13.763784	0.708567	0	0
0	0	0	31.609669	8.102857	28.464292	8.102857	4.784489E+12	9.573958E-6	104450.010594	5.826597E+16	0	0	13.73171	0.701989	0	0
0	0	0	31.520286	8.11901	28.361516	8.11901	4.51506E+12	9.470993E-6	105585.549764	5.82647E+16	0	0	13.702191	0.695292	0	0
0	0	0	31.430984	8.134251	28.259156	8.134251	4.261024E+12	9.364723E-6	106783.723965	5.826351E+16	0	0	13.681949	0.688817	0	0
0	0	0	31.344019	8.148727	28.159591	8.148727	4.027372E+12	9.271494E-6	107857.483141	5.826242E+16	0	0	13.66017	0.682558	0	0
0	0	0	31.257102	8.162761	28.060227	8.162761	3.806649E+12	9.186252E-6	108858.325183	5.826138E+16	0	0	13.628681	0.676243	0	0
0	0	0	31.170643	8.175512	27.961837	8.175512	3.599087E+12	9.083597E-6	110088.550077	5.826041E+16	0	0	13.597437	0.670048	0	0
0	0	0	31.08505	8.187923	27.864494	8.187923	3.404751E+12	8.994568E-6	111178.216009	5.82595E+16	0	0	13.557701	0.663908	0	0
0	0	0	31.000011	8.199659	27.767997	8.199659	3.222066E+12	8.905361E-6	112291.904586	5.825864E+16	0	0	13.520899	0.657537	0	0
0	0	0	30.914189	8.211404	27.670629	8.211404	3.04763E+12	8.831714E-6	113228.30068	5.825782E+16	0	0	13.491918	0.651374	0	0
0	0	0	30.829069	8.2221	27.574416	8.2221	2.883949E+12	8.743537E-6	114370.195828	5.825705E+16	0	0	13.462757	0.645098	0	0
0	0	0	30.744538	8.232233	27.479043	8.232233	2.730098E+12	8.656017E-6	115526.578858	5.825633E+16	0	0	13.440906	0.638616	0	0
0	0	0	30.659941	8.241739	27.383833	8.241739	2.584344E+12	8.561543E-6	116801.370927	5.825565E+16	0	0	13.418084	0.632397	0	0
0	0	0	30.574674	8.25101	27.287976	8.25101	2.445307E+12	8.471693E-6	118040.166962	5.8255E+16	0	0	13.377045	0.626544	0	0
0	0	0	30.489685	8.259552	27.192695	8.259552	2.314165E+12	8.370304E-6	119469.968747	5.825438E+16	0	0	13.337166	0.620547	0	0
0	0	0	30.405676	8.268122	27.098449	8.268122	2.191448E+12	8.292676E-6	120588.343094	5.825381E+16	0	0	13.300357	0.61467	0	0
0	0	0	30.322042	8.27654	27.004655	8.27654	2.075743E+12	8.228323E-6	121531.451298	5.825326E+16	0	0	13.260425	0.609032	0	0
0	0	0	30.238246	8.284181	26.910983	8.284181	1.965938E+12	8.144551E-6	122781.473962	5.825275E+16	0	0	13.225447	0.603354	0	0
0	0	0	30.154318	8.291204	26.817405	8.291204	1.861783E+12	8.046639E-6	124275.488167	5.825226E+16	0	0	13.195252	0.597804	0	0
0	0	0	30.070244	8.298452	26.723567	8.298452	1.762977E+12	7.975551E-6	125383.185041	5.82518E+16	0	0	13.15918	0.592229	0	0
0	0	0	29.985925	8.304988	26.629739	8.304988	1.669149E+12	7.883195E-6	126852.125803	5.825136E+16	0	0	13.115247	0.586512	0	0
0	0	0	29.90234	8.311251	26.536806	8.311251	1.581067E+12	7.795799E-6	128274.21373	5.825094E+16	0	0	13.06898	0.581073	0	0
0	0	0	29.8174	8.317618	26.442354	8.317618	1.496317E+12	7.723349E-6	129477.502805	5.825055E+16	0	0	13.017075	0.575594	0	0
0	0	0	29.731954	8.323337	26.347607	8.323337	1.415644E+12	7.627825E-6	131098.970315	5.825017E+16	0	0	12.975382	0.570258	0	0
0	0	0	29.646393	8.329085	26.252715	8.329085	1.33922E+12	7.549179E-6	132464.741566	5.824981E+16	0	0	12.938224	0.564963	0	0
0	0	0	29.558709	8.334328	26.155722	8.334328	1.265178E+12	7.445328E-6	134312.411683	5.824946E+16	0	0	12.894991	0.55985	0	0
0	0	0	29.471465	8.339122	26.059382	8.339122	1.195572E+12	7.330343E-6	136419.266077	5.824914E+16	0	0	12.846564	0.554642	0	0
0	0	0	29.383291	8.34414	25.961933	8.34414	1.129112E+12	7.240283E-6	138116.156395	5.824882E+16	0	0	12.79913	0.549586	0	0
0	0	0	29.293989	8.348738	25.86343	8.348738	1.065567E+12	7.132399E-6	140205.283939	5.824853E+16	0	0	12.745563	0.544417	0	0
0	0	0	29.205341	8.353419	25.765591	8.353419	1.006024E+12	7.048532E-6	141873.512965	5.824825E+16	0	0	12.684307	0.539504	0	0
0	0	0	29.116187	8.357165	25.667582	8.357165	9.494966E+11	6.910924E-6	144698.450671	5.824798E+16	0	0	12.644523	0.534559	0	0
0	0	0	29.026052	8.3612	25.568386	8.3612	8.955754E+11	6.80319E-6	146989.872622	5.824773E+16	0	0	12.595261	0.529741	0	0
0	0	0	28.936228	8.364937	25.469642	8.364937	8.448862E+11	6.688621E-6	149507.657592	5.824749E+16	0	0	12.552917	0.524827	0	0
0	0	0	28.84678	8.368663	25.371303	8.368663	7.972601E+11	6.588538E-6	151778.740062	5.824727E+16	0	0	12.50947	0.520017	0	0
0	0	0	28.756711	8.371837	25.272515	8.371837	7.520156E+11	6.455937E-6	154896.17574	5.824705E+16	0	0	12.45042	0.515335	0	0
0	0	0	28.666364	8.37503	25.173414	8.37503	7.092109E+11	6.335919E-6	157830.297413	5.824685E+16	0	0	12.391053	0.510653	0	0
0	0	0	28.57422	8.378233	25.072358	8.378233	6.680634E+11	6.221936E-6	160721.677773	5.824666E+16	0	0	12.343157	0.50601	0	0
0	0	0	28.484053	8.381622	24.973357	8.381622	6.301104E+11	6.144825E-6	162738.567498	5.824648E+16	0	0	12.292706	0.501407	0	0
0	0	0	28.393036	8.38473	24.873549	8.38473	5.939861E+11	6.054023E-6	165179.417934	5.824631E+16	0	0	12.250704	0.49682	0	0
0	0	0	28.302853	8.387202	24.774905	8.387202	5.602353E+11	5.922645E-6	168843.47173	5.824616E+16	0	0	12.195223	0.492369	0	0
0	0	0	28.211297	8.389534	24.67483	8.389534	5.279321E+11	5.784323E-6	172881.086049	5.8246E+16	0	0	12.131963	0.488044	0	0
0	0	0	28.119578	8.392305	24.574389	8.392305	4.974388E+11	5.696686E-6	175540.660089	5.824586E+16	0	0	12.072205	0.483673	0	0
0	0	0	28.029738	8.394796	24.476094	8.394796	4.692781E+11	5.601873E-6	178511.710926	5.824573E+16	0	0	12.009925	0.479221	0	0
0	0	0	27.940894	8.397791	24.37866	8.397791	4.429979E+11	5.571998E-6	179468.828205	5.824561E+16	0	0	11.953791	0.474937	0	0
0	0	0	27.852654	8.400066	24.282181	8.400066	4.183533E+11	5.485617E-6	182294.899761	5.824549E+16	0	0	11.906091	0.470621	0	0
0	0	0	27.760151	8.402041	24.181211	8.402041	3.939886E+11	5.364088E-6	186424.987811	5.824538E+16	0	0	11.845763	0.466575	0	0
0	0	0	27.668023	8.404296	24.080524	8.404296	3.711332E+11	5.284146E-6	189245.351136	5.824527E+16	0	0	11.785259	0.462339	0	0
0	0	0	27.576991	8.406104	23.98121	8.406104	3.49852E+11	5.170701E-6	193397.359468	5.824517E+16	0	0	11.725076	0.458293	0	0
0	0	0	27.485615	8.408125	23.881429	8.408125	3.297176E+11	5.089839E-6	196469.881738	5.824507E+16	0	0	11.651773	0.454248	0	0
0	0	0	27.393504	8.409979	23.780921	8.409979	3.105938E+11	4.998392E-6	200064.324413	5.824498E+16	0	0	11.591751	0.450115	0	0
0	0	0	27.301589	8.411851	23.680614	8.411851	2.926164E+11	4.92029E-6	203240.046134	5.82449E+16	0	0	11.528057	0.446213	0	0
0	0	0	27.209837	8.414022	23.580351	8.414022	2.757088E+11	4.890376E-6	204483.240148	5.824482E+16	0	0	11.468451	0.442199	0	0
0	0	0	27.117938	8.415426	23.480257	8.415426	2.597532E+11	4.776897E-6	209340.930928	5.824475E+16	0	0	11.409241	0.438194	0	0
0	0	0	27.025991	8.416952	23.380054	8.416952	2.447133E+11	4.687707E-6	213323.90859	5.824468E+16	0	0	11.333208	0.434308	0	0
0	0	0	26.932802	8.418851	23.278343	8.418851	2.303586E+11	4.654015E-6	214868.219649	5.824461E+16	0	0	11.255271	0.430453	0	0
0	0	0	26.839237	8.420339	23.1764	8.420339	2.16793E+11	4.575958E-6	218533.493483	5.824454E+16	0	0	11.197168	0.426519	0	0
0	0	0	26.744153	8.421538	23.072936	8.421538	2.038254E+11	4.463086E-6	224060.237454	5.824448E+16	0	0	11.129757	0.422824	0	0
0	0	0	26.649216	8.422923	22.969548	8.422923	1.916517E+11	4.386092E-6	227993.401652	5.824443E+16	0	0	11.067242	0.418978	0	0
0	0	0	26.55588	8.42386	22.868086	8.42386	1.803922E+11	4.258458E-6	234826.796366	5.824437E+16	0	0	11.003128	0.415371	0	0
0	0	0	26.462887	8.425207	22.766814	8.425207	1.698321E+11	4.199557E-6	238120.362328	5.824432E+16	0	0	10.926525	0.411636	0	0
0	0	0	26.370776	8.426555	22.666494	8.426555	1.599816E+11	4.15318E-6	240779.366416	5.824428E+16	0	0	10.847124	0.407853	0	0
0	0	0	26.279939	8.427201	22.56786	8.427201	1.508271E+11	4.011422E-6	249288.16134	5.824424E+16	0	0	10.778858	0.404222	0	0
0	0	0	26.18853	8.42868	22.468239	8.42868	1.421437E+11	4.004833E-6	249698.276436	5.824419E+16	0	0	10.704605	0.400614	0	0
0	0	0	26.097399	8.429466	22.369222	8.429466	1.339843E+11	3.89799E-6	256542.468607	5.824416E+16	0	0	10.646616	0.396927	0	0
0	0	0	26.00635	8.430402	22.270226	8.430402	1.263E+11	3.822721E-6	261593.797998	5.824412E+16	0	0	10.572733	0.393431	0	0
0	0	0	25.914566	8.431506	22.170357	8.431506	1.189997E+11	3.78181E-6	264423.667311	5.824409E+16	0	0	10.486152	0.38988	0	0
0	0	0	25.82105	8.432273	22.068762	8.432273	1.119954E+11	3.68734E-6	271198.239761	5.824405E+16	0	0	10.414963	0.38636	0	0
0	0	0	25.725394	8.433489	21.964648	8.433489	1.052572E+11	3.675168E-6	272096.39128	5.824402E+16	0	0	10.337081	0.382761	0	0
0	0	0	25.6308	8.434116	21.861945	8.434116	9.89926E+10	3.567745E-6	280289.127021	5.824399E+16	0	0	10.269675	0.379312	0	0
0	0	0	25.53503	8.43493	21.757883	8.43493	9.302981E+10	3.499125E-6	285785.691318	5.824396E+16	0	0	10.193696	0.376016	0	0
0	0	0	25.439032	8.435772	21.65356	8.435772	8.741322E+10	3.443252E-6	290423.121104	5.824394E+16	0	0	10.111494	0.372575	0	0
0	0	0	25.341318	8.436558	21.547403	8.436558	8.204439E+10	3.380904E-6	295778.840715	5.824391E+16	0	0	10.028237	0.369207	0	0
0	0	0	25.241464	8.436989	21.439087	8.436989	7.689849E+10	3.251046E-6	307593.322563	5.824389E+16	0	0	9.950386	0.365735	0	0
0	0	0	25.141676	8.437962	21.330597	8.437962	7.20784E+10	3.236968E-6	308931.084126	5.824387E+16	0	0	9.871234	0.362422	0	0
0	0	0	25.039536	8.438308	21.219841	8.438308	6.745742E+10	3.098114E-6	322777.047203	5.824384E+16	0	0	9.802925	0.359253	0	0
0	0	0	24.936546	8.439047	21.107987	8.439047	6.309793E+10	3.045166E-6	328389.326204	5.824382E+16	0	0	9.714637	0.356027	0	0
0	0	0	24.829538	8.439123	20.992082	8.439123	5.886652E+10	2.855728E-6	350173.465294	5.82438E+16	0	0	9.620344	0.352985	0	0
0	0	0	24.721827	8.439946	20.875076	8.439946	5.489386E+10	2.82368E-6	354147.79905	5.824379E+16	0	0	9.526937	0.349959	0	0
0	0	0	24.613332	8.440778	20.757214	8.440778	5.116326E+10	2.802811E-6	356784.670659	5.824377E+16	0	0	9.454687	0.34675	0	0
0	0	0	24.50309	8.441209	20.637642	8.441209	4.763216E+10	2.700099E-6	370356.784694	5.824375E+16	0	0	9.375025	0.343716	0	0
0	0	0	24.390381	8.441321	20.515544	8.441321	4.427387E+10	2.532754E-6	394827.170895	5.824374E+16	0	0	9.279264	0.340714	0	0
0	0	0	24.276398	8.441948	20.39183	8.441948	4.111835E+10	2.478882E-6	403407.58969	5.824372E+16	0	0	9.194302	0.337632	0	0
0	0	0	24.159001	8.4425	20.264452	8.4425	3.810326E+10	2.411445E-6	414689.10927	5.824371E+16	0	0	9.110586	0.334598	0	0
0	0	0	24.040395	8.442631	20.135958	8.442631	3.528158E+10	2.259604E-6	442555.473033	5.824369E+16	0	0	9.026849	0.331675	0	0
0	0	0	23.916382	8.443623	20.001211	8.443623	3.255447E+10	2.292338E-6	436235.775443	5.824368E+16	0	0	8.944464	0.328896	0	0
0	0	0	23.793023	8.444025	19.867442	8.444025	3.005089E+10	2.205064E-6	453501.5825	5.824367E+16	0	0	8.836995	0.326053	0	0
0	0	0	23.668423	8.444465	19.732311	8.444465	2.771752E+10	2.131862E-6	469073.534589	5.824366E+16	0	0	8.74438	0.323242	0	0
0	0	0	23.540049	8.444802	19.593141	8.444802	2.550283E+10	2.036711E-6	490987.758607	5.824365E+16	0	0	8.657566	0.320336	0	0
0	0	0	23.409192	8.445232	19.451237	8.445232	2.342733E+10	1.967296E-6	508311.923996	5.824364E+16	0	0	8.563319	0.317548	0	0
0	0	0	23.275509	8.445391	19.3064	8.445391	2.148133E+10	1.838907E-6	543801.249574	5.824363E+16	0	0	8.463425	0.314857	0	0
0	0	0	23.139605	8.44613	19.158883	8.44613	1.966861E+10	1.850503E-6	540393.696679	5.824362E+16	0	0	8.366097	0.312165	0	0
0	0	0	22.998017	8.446289	19.005483	8.446289	1.794257E+10	1.724918E-6	579737.776729	5.824361E+16	0	0	8.274797	0.309545	0	0
0	0	0	22.855579	8.446346	18.851211	8.446346	1.635898E+10	1.584907E-6	630951.662199	5.82436E+16	0	0	8.182819	0.30675	0	0
0	0	0	22.70958	8.446495	18.693039	8.446495	1.488075E+10	1.472139E-6	679283.740828	5.82436E+16	0	0	8.085812	0.304114	0	0
0	0	0	22.56229	8.447328	18.533143	8.447328	1.352476E+10	1.51584E-6	659700.381041	5.824359E+16	0	0	7.979392	0.301598	0	0
0	0	0	22.411521	8.447534	18.369776	8.447534	1.226463E+10	1.421337E-6	703562.989977	5.824359E+16	0	0	7.887564	0.299002	0	0
0	0	0	22.256767	8.447973	18.201981	8.447973	1.109319E+10	1.386205E-6	721393.786378	5.824358E+16	0	0	7.789748	0.296525	0	0
0	0	0	22.097668	8.448198	18.029583	8.448198	1.000539E+10	1.302347E-6	767844.575943	5.824358E+16	0	0	7.692523	0.29408	0	0
0	0	0	21.934468	8.448927	17.8525	8.448927	9.000296E+9	1.354809E-6	738111.400838	5.824357E+16	0	0	7.587005	0.291572	0	0
0	0	0	21.768754	8.449077	17.672972	8.449077	8.082967E+9	1.257102E-6	795480.386133	5.824357E+16	0	0	7.507645	0.289079	0	0
0	0	0	21.600539	8.449152	17.490773	8.449152	7.247375E+9	1.146183E-6	872461.285983	5.824356E+16	0	0	7.412523	0.286794	0	0
0	0	0	21.428046	8.449395	17.303857	8.449395	6.480149E+9	1.084274E-6	922276.173092	5.824356E+16	0	0	7.302477	0.284341	0	0
0	0	0	21.252367	8.449685	17.113468	8.449685	5.782183E+9	1.03934E-6	962148.828231	5.824356E+16	0	0	7.20143	0.281896	0	0
0	0	0	21.071493	8.449769	16.917554	8.449769	5.142038E+9	9.446638E-7	1058577.653952	5.824355E+16	0	0	7.098881	0.279491	0	0
0	0	0	20.888415	8.44991	16.719224	8.44991	4.566227E+9	8.708768E-7	1148268.084709	5.824355E+16	0	0	6.992364	0.277293	0	0
0	0	0	20.702968	8.450144	16.518283	8.450144	4.048671E+9	8.245689E-7	1212754.885714	5.824355E+16	0	0	6.88118	0.274857	0	0
0	0	0	20.51342	8.450406	16.312886	8.450406	3.580241E+9	7.8914E-7	1267202.294572	5.824354E+16	0	0	6.773055	0.272619	0	0
0	0	0	20.323351	8.450434	16.107039	8.450434	3.164936E+9	7.038195E-7	1420818.803554	5.824354E+16	0	0	6.660648	0.270333	0	0
0	0	0	20.124607	8.450845	15.891607	8.450845	2.782107E+9	7.114441E-7	1405591.734675	5.824354E+16	0	0	6.556689	0.268088	0	0
0	0	0	19.926746	8.450967	15.677274	8.450967	2.446986E+9	6.547621E-7	1527272.354923	5.824354E+16	0	0	6.464492	0.265762	0	0
0	0	0	19.725552	8.451135	15.459309	8.451135	2.147584E+9	6.140663E-7	1628488.575399	5.824354E+16	0	0	6.357055	0.263628	0	0
0	0	0	19.521761	8.451275	15.238544	8.451275	1.881643E+9	5.706448E-7	1752403.708017	5.824354E+16	0	0	6.241277	0.261383	0	0
0	0	0	19.314262	8.451463	15.01374	8.451463	1.644673E+9	5.426397E-7	1842843.260962	5.824354E+16	0	0	6.139204	0.259296	0	0
0	0	0	19.103137	8.451453	14.785108	8.451453	1.434169E+9	4.711271E-7	2122569.690828	5.824353E+16	0	0	6.017215	0.257258	0	0
0	0	0	18.892502	8.451696	14.556878	8.451696	1.251005E+9	4.637333E-7	2156411.789935	5.824353E+16	0	0	5.908428	0.255028	0	0
0	0	0	18.678535	8.451837	14.32509	8.451837	1.088878E+9	4.359362E-7	2293913.655927	5.824353E+16	0	0	5.797137	0.252949	0	0
0	0	0	18.462411	8.452201	14.090851	8.452201	9.464371E+8	4.784391E-7	2090130.258557	5.824353E+16	0	0	5.692991	0.250831	0	0
0	0	0	18.244262	8.452183	13.854616	8.452183	8.215495E+8	4.097964E-7	2440236.342881	5.824353E+16	0	0	5.590209	0.248753	0	0
0	0	0	18.023761	8.451949	13.615946	8.451949	7.120542E+8	3.045847E-7	3283159.48943	5.824353E+16	0	0	5.494233	0.246706	0	0
0	0	0	17.80308	8.452136	13.376862	8.452136	6.170803E+8	2.979182E-7	3356626.571183	5.824353E+16	0	0	5.394968	0.244683	0	0
0	0	0	17.580929	8.452678	13.135999	8.452678	5.342644E+8	4.114183E-7	2430616.433939	5.824353E+16	0	0	5.310448	0.242613	0	0
0	0	0	17.356458	8.45236	12.893075	8.45236	4.618673E+8	2.636956E-7	3792250.937459	5.824353E+16	0	0	5.23119	0.240638	0	0
0	0	0	17.130779	8.452435	12.648635	8.452435	3.989677E+8	2.425462E-7	4122926.457869	5.824353E+16	0	0	5.134845	0.238591	0	0
0	0	0	16.905361	8.45251	12.404479	8.45251	3.446925E+8	2.240714E-7	4462862.92384	5.824353E+16	0	0	5.039293	0.236776	0	0
0	0	0	16.681266	8.452959	12.161554	8.452959	2.980566E+8	3.316037E-7	3015648.139628	5.824353E+16	0	0	4.951923	0.234745	0	0
0	0	0	16.454215	8.452566	11.915878	8.452566	2.572366E+8	1.76389E-7	5669287.923281	5.824353E+16	0	0	4.854348	0.232842	0	0
0	0	0	16.224599	8.452276	11.667371	8.452276	2.21638E+8	1.184393E-7	8443141.677526	5.824353E+16	0	0	4.761469	0.230994	0	0
0	0	0	15.995554	8.452613	11.419145	8.452613	1.910366E+8	1.372675E-7	7285047.399018	5.824353E+16	0	0	4.669003	0.229115	0	0
0	0	0	15.766347	8.452669	11.170893	8.452669	1.64643E+8	1.255123E-7	7967345.498453	5.824353E+16	0	0	4.581911	0.227132	0	0
0	0	0	15.535016	8.452875	10.920259	8.452875	1.417005E+8	1.391034E-7	7188898.37456	5.824353E+16	0	0	4.483865	0.22542	0	0
0	0	0	15.303243	8.45266	10.669378	8.45266	1.219201E+8	9.201021E-8	1.086836E+7	5.824353E+16	0	0	4.398494	0.223533	0	0
0	0	0	15.074036	8.452996	10.420971	8.452996	1.050756E+8	1.242811E-7	8046273.541512	5.824353E+16	0	0	4.303594	0.221884	0	0
0	0	0	14.845743	8.452903	10.173791	8.452903	9.061208E+7	9.258578E-8	1.080079E+7	5.824353E+16	0	0	4.217716	0.219933	0	0
0	0	0	14.619051	8.452753	9.928376	8.452753	7.822062E+7	6.56306E-8	1.523679E+7	5.824353E+16	0	0	4.124187	0.218181	0	0
0	0	0	14.390905	8.453015	9.681158	8.453015	6.746009E+7	8.238828E-8	1.213765E+7	5.824353E+16	0	0	4.038464	0.216421	0	0
0	0	0	14.167382	8.452828	9.439196	8.452828	5.835457E+7	5.377082E-8	1.859745E+7	5.824353E+16	0	0	3.94372	0.214669	0	0
0	0	0	13.943418	8.45295	9.196585	8.45295	5.046364E+7	5.532961E-8	1.80735E+7	5.824353E+16	0	0	3.854555	0.212854	0	0
0	0	0	13.722312	8.453165	8.957015	8.453165	4.372075E+7	7.218904E-8	1.385252E+7	5.824353E+16	0	0	3.763095	0.211126	0	0
0	0	0	13.500357	8.453211	8.71662	8.453211	3.785797E+7	7.02336E-8	1.42382E+7	5.824353E+16	0	0	3.669373	0.209469	0	0
0	0	0	13.280901	8.453052	8.479049	8.453052	3.283455E+7	4.289274E-8	2.331397E+7	5.824353E+16	0	0	3.586822	0.207781	0	0
0	0	0	13.063063	8.453211	8.243048	8.453211	2.850759E+7	5.288729E-8	1.890814E+7	5.824353E+16	0	0	3.494298	0.206149	0	0
0	0	0	12.849553	8.452968	8.011964	8.452968	2.482044E+7	2.803302E-8	3.567221E+7	5.824353E+16	0	0	3.412492	0.204365	0	0
0	0	0	12.631322	8.453286	7.775447	8.453286	2.15441E+7	4.981923E-8	2.007257E+7	5.824353E+16	0	0	3.33083	0.202685	0	0
0	0	0	12.414349	8.453183	7.540533	8.453183	1.871551E+7	3.232452E-8	3.093627E+7	5.824353E+16	0	0	3.23714	0.201211	0	0
0	0	0	12.199646	8.45337	7.30791	8.45337	1.628226E+7	5.209589E-8	1.919537E+7	5.824353E+16	0	0	3.150937	0.199682	0	0
0	0	0	11.985238	8.453389	7.075703	8.453389	1.416806E+7	4.95562E-8	2.017911E+7	5.824353E+16	0	0	3.075865	0.19805	0	0
0	0	0	11.769899	8.453623	6.842362	8.453623	1.232094E+7	-2.612824E-7	-3827276.73144	5.824353E+16	0	0	2.991086	0.196409	0	0
0	0	0	11.555033	8.453342	6.609834	8.453342	1.071793E+7	3.040476E-8	3.288959E+7	5.824353E+16	0	0	2.909413	0.194904	0	0
0	0	0	11.341882	8.453314	6.379017	8.453314	9333853	2.378208E-8	4.204846E+7	5.824353E+16	0	0	2.829293	0.193328	0	0
0	0	0	11.128944	8.453286	6.148429	8.453286	8129632	1.879944E-8	5.319308E+7	5.824353E+16	0	0	2.744684	0.191814	0	0
0	0	0	10.916381	8.453398	5.918166	8.453398	7082502	2.598378E-8	3.848554E+7	5.824353E+16	0	0	2.665007	0.190317	0	0
0	0	0	10.703034	8.45337	5.687136	8.45337	6167109	1.973222E-8	5.067853E+7	5.824353E+16	0	0	2.589056	0.188868	0	0
0	0	0	10.490243	8.453529	5.456597	8.453529	5371963	6.241885E-8	1.60208E+7	5.824353E+16	0	0	2.515396	0.187212	0	0
0	0	0	10.278824	8.453763	5.227498	8.453763	4683504	-1.896225E-8	-5.273635E+7	5.824353E+16	0	0	2.431769	0.18585	0	0
0	0	0	10.067127	8.453548	4.998366	8.453548	4082542	6.870844E-8	1.455425E+7	5.824353E+16	0	0	2.353438	0.184401	0	0
0	0	0	9.856312	8.453398	4.770151	8.453398	3560728	1.306341E-8	7.654967E+7	5.824353E+16	0	0	2.288431	0.182951	0	0
0	0	0	9.643995	8.453483	4.540168	8.453483	3102585	2.032176E-8	4.920833E+7	5.824353E+16	0	0	2.20832	0.181542	0	0
0	0	0	9.43434	8.453436	4.313148	8.453436	2708062	1.234959E-8	8.097438E+7	5.824353E+16	0	0	2.136453	0.180037	0	0
0	0	0	9.224685	8.453791	4.085884	8.453791	2363707	-8.237111E-9	-1.214018E+8	5.824353E+16	0	0	2.068304	0.178643	0	0
0	0	0	9.015356	8.453539	3.859342	8.453539	2063576	2.836931E-8	3.524936E+7	5.824353E+16	0	0	1.99355	0.177345	0	0
0	0	0	8.804476	8.453754	3.630835	8.453754	1799742	-7.702072E-9	-1.298352E+8	5.824353E+16	0	0	1.926482	0.175912	0	0
0	0	0	8.597369	8.453417	3.406752	8.453417	1573487	6.398174E-9	1.562946E+8	5.824353E+16	0	0	1.853194	0.174566	0	0
0	0	0	8.389625	8.453763	3.18156	8.453763	1375107	-5.567411E-9	-1.796167E+8	5.824353E+16	0	0	1.79113	0.173252	0	0
0	0	0	8.182323	8.453389	2.957289	8.453389	1202082	4.204645E-9	2.378322E+8	5.824353E+16	0	0	1.721395	0.171802	0	0
0	0	0	7.974954	8.453548	2.732619	8.453548	1050783	1.768483E-8	5.654563E+7	5.824353E+16	0	0	1.659866	0.170568	0	0
0	0	0	7.767635	8.453352	2.508222	8.453352	918557	2.708151E-9	3.692556E+8	5.824353E+16	0	0	1.594728	0.16927	0	0
0	0	0	7.562178	8.453464	2.285649	8.453464	803941	4.483364E-9	2.230468E+8	5.824353E+16	0	0	1.527148	0.167964	0	0
0	0	0	7.356966	8.453716	2.063254	8.453716	703737	-3.901378E-9	-2.563197E+8	5.824353E+16	0	0	1.472426	0.166579	0	0
0	0	0	7.153829	8.453744	1.843246	8.453744	616853	-2.799447E-9	-3.572134E+8	5.824353E+16	0	0	1.409211	0.165328	0	0
0	0	0	6.949646	8.453483	1.622288	8.453483	540329	3.539148E-9	2.825539E+8	5.824353E+16	0	0	1.35231	0.163982	0	0
0	0	0	6.748681	8.453847	1.404419	8.453847	474287	-1.292716E-9	-7.735651E+8	5.824353E+16	0	0	1.290281	0.162724	0	0
0	0	0	6.548794	8.453735	1.18802	8.453735	416608	-2.012346E-9	-4.969326E+8	5.824353E+16	0	0	1.245218	0.161418	0	0
0	0	0	6.350409	8.453857	0.973099	8.453857	366301	-9.634073E-10	-1.037983E+9	5.824353E+16	0	0	1.185416	0.160359	0	0
0	0	0	6.154786	8.453782	0.761293	8.453782	322646	-1.179103E-9	-8.481025E+8	5.824353E+16	0	0	1.133724	0.158997	0	0
0	0	0	5.958721	8.453894	0.54889	8.453894	284112	-6.553869E-10	-1.525816E+9	5.824353E+16	0	0	1.074969	0.157771	0	0
0	0	0	5.766675	8.453782	0.340982	8.453782	250834	-9.166673E-10	-1.090908E+9	5.824353E+16	0	0	1.036357	0.1566	0	0
0	0	0	5.577406	8.453754	0.136028	8.453754	221852	-9.494226E-10	-1.053272E+9	5.824353E+16	0	0	0.98702	0.155278	0	0
0	0	0	5.391762	8.453763	-0.065024	8.453763	196682	-7.963072E-10	-1.255797E+9	5.824353E+16	0	0	0.933098	0.154148	0	0
0	0	0	5.207312	8.453632	-0.264693	8.453632	174502	-2.885165E-9	-3.466007E+8	5.824353E+16	0	0	0.878108	0.152977	0	0
0	0	0	5.023808	8.453772	-0.463511	8.453772	154918	-5.95118E-10	-1.680339E+9	5.824353E+16	0	0	0.843803	0.15187	0	0
0	0	0	4.845369	8.453604	-0.656646	8.453604	137985	-6.725704E-9	-1.486833E+8	5.824353E+16	0	0	0.794521	0.150763	0	0
0	0	0	4.668644	8.453735	-0.848117	8.453735	123039	-5.943161E-10	-1.682606E+9	5.824353E+16	0	0	0.763314	0.149465	0	0
0	0	0	4.493848	8.453754	-1.037429	8.453754	109850	-4.701064E-10	-2.127178E+9	5.824353E+16	0	0	0.709148	0.148406	0	0
0	0	0	4.320521	8.453754	-1.225136	8.453754	98168	-4.201129E-10	-2.380312E+9	5.824353E+16	0	0	0.679277	0.147275	0	0
0	0	0	4.146687	8.453688	-1.413348	8.453688	87699	-6.24568E-10	-1.601107E+9	5.824353E+16	0	0	0.641878	0.146121	0	0
0	0	0	3.976481	8.453913	-1.597824	8.453913	78531	-1.70665E-10	-5.859432E+9	5.824353E+16	0	0	0.610109	0.145077	0	0
0	0	0	3.806568	8.453744	-1.781723	8.453744	70335	-3.191991E-10	-3.132841E+9	5.824353E+16	0	0	0.577586	0.14397	0	0
0	0	0	3.637733	8.4538	-1.964603	8.4538	63039	-2.099332E-10	-4.763421E+9	5.824353E+16	0	0	0.546151	0.142895	0	0
0	0	0	3.468882	8.45381	-2.147469	8.45381	56499	-1.801607E-10	-5.550601E+9	5.824353E+16	0	0	0.508333	0.141892	0	0
0	0	0	3.299818	8.4538	-2.330553	8.4538	50630	-1.686086E-10	-5.930896E+9	5.824353E+16	0	0	0.477381	0.140737	0	0
0	0	0	3.129448	8.453613	-2.514933	8.453613	45333	-1.339697E-9	-7.464375E+8	5.824353E+16	0	0	0.456913	0.139575	0	0
0	0	0	2.960385	8.453866	-2.698192	8.453866	40624	-1.032281E-10	-9.687287E+9	5.824353E+16	0	0	0.431511	0.138595	0	0
0	0	0	2.792334	8.453894	-2.880204	8.453894	36428	-8.403176E-11	-1.190026E+10	5.824353E+16	0	0	0.405268	0.137568	0	0
0	0	0	2.627419	8.453791	-3.058732	8.453791	32732	-1.14065E-10	-8.766929E+9	5.824353E+16	0	0	0.37189	0.136652	0	0
0	0	0	2.471244	8.453744	-3.227833	8.453744	29579	-1.342374E-10	-7.449487E+9	5.824353E+16	0	0	0.359334	0.135545	0	0
0	0	0	2.32371	8.453857	-3.387684	8.453857	26879	-7.069436E-11	-1.41454E+10	5.824353E+16	0	0	0.333748	0.13455	0	0
0	0	0	2.183493	8.453772	-3.539477	8.453772	24542	-9.427815E-11	-1.060691E+10	5.824353E+16	0	0	0.314416	0.133546	0	0
0	0	0	2.054368	8.45366	-3.679239	8.45366	22570	-2.246911E-10	-4.450554E+9	5.824353E+16	0	0	0.2876	0.132519	0	0
0	0	0	1.932479	8.4538	-3.811336	8.4538	20854	-6.944822E-11	-1.439922E+10	5.824353E+16	0	0	0.266594	0.131444	0	0
0	0	0	1.8183	8.453931	-3.935077	8.453931	19366	-3.978295E-11	-2.513639E+10	5.824353E+16	0	0	0.260142	0.130329	0	0
0	0	0	1.711406	8.45367	-4.050661	8.45367	18068	-1.5881E-10	-6.296832E+9	5.824353E+16	0	0	0.238104	0.129174	0	0
0	0	0	1.613447	8.453744	-4.156798	8.453744	16956	-7.695087E-11	-1.29953E+10	5.824353E+16	0	0	0.220057	0.128028	0	0
0	0	0	1.519359	8.453894	-4.258794	8.453894	15952	-3.679792E-11	-2.717545E+10	5.824353E+16	0	0	0.205705	0.127144	0	0
0	0	0	1.429813	8.453922	-4.355789	8.453922	15052	-3.179087E-11	-3.145557E+10	5.824353E+16	0	0	0.191145	0.126276	0	0
0	0	0	1.344301	8.453866	-4.448357	8.453866	14239	-3.618217E-11	-2.763792E+10	5.824353E+16	0	0	0.183825	0.125137	0	0
0	0	0	1.265503	8.453688	-4.533571	8.453688	13530	-9.63569E-11	-1.037808E+10	5.824353E+16	0	0	0.170235	0.124237	0	0
0	0	0	1.191327	8.454072	-4.614164	8.454072	12894	-1.877885E-11	-5.325141E+10	5.824353E+16	0	0	0.164877	0.123361	0	0
0	0	0	1.121546	8.453959	-4.689658	8.453959	12324	-2.339595E-11	-4.274244E+10	5.824353E+16	0	0	0.145812	0.122398	0	0
0	0	0	1.054753	8.45381	-4.761889	8.45381	11801	-3.763033E-11	-2.657431E+10	5.824353E+16	0	0	0.131023	0.121482	0	0
0	0	0	0.993498	8.454025	-4.828374	8.454025	11341	-1.829155E-11	-5.467004E+10	5.824353E+16	0	0	0.128663	0.12055	0	0
0	0	0	0.934285	8.453857	-4.892384	8.453857	10914	-2.870487E-11	-3.483729E+10	5.824353E+16	0	0	0.112751	0.119754	0	0
0	0	0	0.879695	8.453866	-4.95151	8.453866	10534	-2.676754E-11	-3.735868E+10	5.824353E+16	0	0	0.122336	0.118822	0	0
0	0	0	0.827359	8.453885	-5.008201	8.453885	10183	-2.423481E-11	-4.126295E+10	5.824353E+16	0	0	0.106882	0.117986	0	0
0	0	0	0.777391	8.453847	-5.062289	8.453847	9858	-2.686894E-11	-3.72177E+10	5.824353E+16	0	0	0.100762	0.117166	0	0
0	0	0	0.729988	8.453632	-5.113476	8.453632	9559	-1.580455E-10	-6.32729E+9	5.824353E+16	0	0	0.080925	0.116202	0	0
0	0	0	0.685852	8.453726	-5.161339	8.453726	9289	-4.795459E-11	-2.085306E+10	5.824353E+16	0	0	0.088382	0.11539	0	0
0	0	0	0.64379	8.453754	-5.206909	8.453754	9040	-3.868695E-11	-2.584851E+10	5.824353E+16	0	0	0.074362	0.114538	0	0
0	0	0	0.603427	8.4541	-5.250861	8.4541	8806	-1.211963E-11	-8.25108E+10	5.824353E+16	0	0	0.079105	0.113678	0	0
0	0	0	0.565841	8.453828	-5.291377	8.453828	8594	-2.525807E-11	-3.959131E+10	5.824353E+16	0	0	0.064129	0.112802	0	0
0	0	0	0.529889	8.453613	-5.330163	8.453613	8396	-2.481215E-10	-4.030284E+9	5.824353E+16	0	0	0.067492	0.111854	0	0
0	0	0	0.495537	8.453791	-5.367488	8.453791	8211	-2.861383E-11	-3.494813E+10	5.824353E+16	0	0	0.069456	0.110938	0	0
0	0	0	0.462476	8.453632	-5.403182	8.453632	8036	-1.328647E-10	-7.526452E+9	5.824353E+16	0	0	0.047436	0.110301	0	0
0	0	0	0.430672	8.453557	-5.437573	8.453557	7872	1.707791E-10	5.855519E+9	5.824353E+16	0	0	0.046301	0.109521	0	0
0	0	0	0.401907	8.454156	-5.46914	8.454156	7727	-9.580632E-12	-1.043773E+11	5.824353E+16	0	0	0.048104	0.108677	0	0
0	0	0	0.373109	8.454109	-5.500295	8.454109	7584	-1.024986E-11	-9.756227E+10	5.824353E+16	0	0	0.041091	0.107809	0	0
0	0	0	0.347235	8.453754	-5.528069	8.453754	7458	-3.191673E-11	-3.133153E+10	5.824353E+16	0	0	0.044332	0.10706	0	0
0	0	0	0.322047	8.453679	-5.555294	8.453679	7337	-5.772923E-11	-1.732225E+10	5.824353E+16	0	0	0.03715	0.106304	0	0
0	0	0	0.298541	8.453782	-5.580822	8.453782	7226	-2.640725E-11	-3.786839E+10	5.824353E+16	0	0	0.032859	0.105619	0	0
0	0	0	0.275885	8.453735	-5.605325	8.453735	7120	-3.439178E-11	-2.907672E+10	5.824353E+16	0	0	0.033092	0.10483	0	0
0	0	0	0.253736	8.453903	-5.629429	8.453903	7019	-1.570861E-11	-6.365935E+10	5.824353E+16	0	0	0.027973	0.10409	0	0
0	0	0	0.233301	8.453772	-5.651468	8.453772	6926	-2.660624E-11	-3.758516E+10	5.824353E+16	0	0	0.029705	0.103325	0	0
0	0	0	0.213748	8.453567	-5.6725	8.453567	6839	2.086811E-10	4.792001E+9	5.824353E+16	0	0	0.032196	0.10268	0	0
0	0	0	0.195372	8.453651	-5.69246	8.453651	6758	-7.756505E-11	-1.28924E+10	5.824353E+16	0	0	0.016092	0.101876	0	0
0	0	0	0.176799	8.453707	-5.712612	8.453707	6677	-3.996773E-11	-2.502018E+10	5.824353E+16	0	0	0.029515	0.101167	0	0
0	0	0	0.160138	8.453959	-5.730832	8.453959	6605	-1.253897E-11	-7.975138E+10	5.824353E+16	0	0	0.028949	0.100363	0	0
0	0	0	0.14315	8.453679	-5.749033	8.453679	6533	-5.140317E-11	-1.945405E+10	5.824353E+16	0	0	0.016424	0.099678	0	0
0	0	0	0.127044	8.453903	-5.766632	8.453903	6465	-1.446875E-11	-6.911445E+10	5.824353E+16	0	0	0.010952	0.098826	0	0
0	0	0	0.111902	8.453894	-5.783024	8.453894	6402	-1.476807E-11	-6.771365E+10	5.824353E+16	0	0	0.02147	0.098292	0	0
0	0	0	0.097364	8.453735	-5.798657	8.453735	6341	-3.062897E-11	-3.264883E+10	5.824353E+16	0	0	0.028928	0.09752	0	0
0	0	0	0.08379	8.453576	-5.813247	8.453576	6286	3.23182E-10	3.094232E+9	5.824353E+16	0	0	0.025843	0.096883	0	0
0	0	0	0.070379	8.453903	-5.827998	8.453903	6232	-1.39473E-11	-7.169848E+10	5.824353E+16	0	0	0.016156	0.096222	0	0
0	0	0	0.056887	8.453632	-5.842421	8.453632	6177	-1.021286E-10	-9.791576E+9	5.824353E+16	0	0	0.016261	0.095553	0	0
0	0	0	0.044669	8.453978	-5.855894	8.453978	6129	-1.107513E-11	-9.029241E+10	5.824353E+16	0	0	0.008884	0.09486	0	0
0	0	0	0.03196	8.453997	-5.86967	8.453997	6078	-1.047847E-11	-9.543377E+10	5.824353E+16	0	0	0.016484	0.094183	0	0
0	0	0	0.019775	8.453941	-5.882828	8.453941	6030	-1.205726E-11	-8.293757E+10	5.824353E+16	0	0	0.017437	0.093522	0	0
0	0	0	0.008667	8.453772	-5.894739	8.453772	5987	-2.299907E-11	-4.348001E+10	5.824353E+16	0	0	0.014172	0.092766	0	0
0	0	0	-0.002375	8.453688	-5.906639	8.453688	5944	-4.233152E-11	-2.362306E+10	5.824353E+16	0	0	0.02026	0.092089	0	0
0	0	0	-0.012715	8.453632	-5.917797	8.453632	5904	-9.761491E-11	-1.024434E+10	5.824353E+16	0	0	0.014362	0.09146	0	0
0	0	0	-0.023839	8.453866	-5.930007	8.453866	5862	-1.48957E-11	-6.713346E+10	5.824353E+16	0	0	0.005782	0.090894	0	0
0	0	0	-0.033542	8.453838	-5.940496	8.453838	5825	-1.647482E-11	-6.069869E+10	5.824353E+16	0	0	0.006696	0.090218	0	0
0	0	0	-0.042101	8.453763	-5.949713	8.453763	5793	-2.345414E-11	-4.26364E+10	5.824353E+16	0	0	-0.000285	0.089732	0	0
0	0	0	-0.052049	8.453838	-5.960538	8.453838	5756	-1.627967E-11	-6.142632E+10	5.824353E+16	0	0	0.008541	0.089079	0	0
0	0	0	-0.061017	8.453698	-5.970152	8.453698	5722	-3.721926E-11	-2.686781E+10	5.824353E+16	0	0	0.012153	0.088442	0	0
0	0	0	-0.069723	8.454025	-5.979809	8.454025	5690	-9.177228E-12	-1.089654E+11	5.824353E+16	0	0	0.008665	0.087717	0	0
0	0	0	-0.07874	8.454025	-5.989574	8.454025	5657	-9.124004E-12	-1.09601E+11	5.824353E+16	0	0	0.015018	0.087199	0	0
0	0	0	-0.087283	8.453922	-5.998754	8.453922	5626	-1.18825E-11	-8.415735E+10	5.824353E+16	0	0	0.00968	0.08657	0	0
0	0	0	-0.094307	8.453819	-6.006289	8.453819	5600	-1.712928E-11	-5.837957E+10	5.824353E+16	0	0	0.009744	0.085965	0	0
0	0	0	-0.103095	8.453866	-6.015839	8.453866	5568	-1.414863E-11	-7.067822E+10	5.824353E+16	0	0	0.012561	0.085392	0	0
0	0	0	-0.110364	8.45381	-6.023671	8.45381	5542	-1.7672E-11	-5.658669E+10	5.824353E+16	0	0	0.021917	0.084691	0	0
0	0	0	-0.117894	8.453613	-6.031689	8.453613	5515	-1.629812E-10	-6.135678E+9	5.824353E+16	0	0	0.006225	0.084038	0	0
0	0	0	-0.124052	8.453903	-6.038561	8.453903	5493	-1.22934E-11	-8.134443E+10	5.824353E+16	0	0	0.010949	0.083528	0	0
0	0	0	-0.129802	8.453922	-6.044801	8.453922	5473	-1.155936E-11	-8.651E+10	5.824353E+16	0	0	0.016721	0.082772	0	0
0	0	0	-0.137234	8.453651	-6.05266	8.453651	5446	-6.250655E-11	-1.599832E+10	5.824353E+16	0	0	0.010153	0.082294	0	0
0	0	0	-0.14349	8.45381	-6.059546	8.45381	5424	-1.729573E-11	-5.781774E+10	5.824353E+16	0	0	-0.002226	0.081697	0	0
0	0	0	-0.149371	8.4538	-6.065908	8.4538	5404	-1.799646E-11	-5.556648E+10	5.824353E+16	0	0	0.007395	0.081163	0	0
0	0	0	-0.154418	8.453791	-6.071368	8.453791	5386	-1.876922E-11	-5.327871E+10	5.824353E+16	0	0	0.004532	0.080646	0	0
0	0	0	-0.159514	8.453726	-6.076841	8.453726	5368	-2.771238E-11	-3.608496E+10	5.824353E+16	0	0	0.002614	0.079969	0	0
0	0	0	-0.165526	8.45409	-6.083606	8.45409	5347	-7.496481E-12	-1.333959E+11	5.824353E+16	0	0	0.006559	0.079483	0	0
0	0	0	-0.170818	8.453978	-6.089259	8.453978	5329	-9.629525E-12	-1.038473E+11	5.824353E+16	0	0	0.017499	0.078854	0	0
0	0	0	-0.175424	8.453632	-6.094006	8.453632	5313	-8.78435E-11	-1.138388E+10	5.824353E+16	0	0	0.002667	0.07828	0	0
0	0	0	-0.180129	8.453894	-6.099284	8.453894	5297	-1.221907E-11	-8.18393E+10	5.824353E+16	0	0	-0.010365	0.077699	0	0
0	0	0	-0.184294	8.453866	-6.103775	8.453866	5283	-1.342443E-11	-7.449107E+10	5.824353E+16	0	0	0.019874	0.07719	0	0
0	0	0	-0.188476	8.453698	-6.108186	8.453698	5268	-3.426617E-11	-2.91833E+10	5.824353E+16	0	0	0.017965	0.07668	0	0
0	0	0	-0.193343	8.453529	-6.113339	8.453529	5252	6.102641E-11	1.638635E+10	5.824353E+16	0	0	-0.010568	0.076114	0	0
0	0	0	-0.197982	8.453857	-6.118593	8.453857	5236	-1.377119E-11	-7.261539E+10	5.824353E+16	0	0	-0.008578	0.075573	0	0
0	0	0	-0.202393	8.453819	-6.123343	8.453819	5221	-1.597E-11	-6.261743E+10	5.824353E+16	0	0	0.016243	0.075119	0	0
0	0	0	-0.206215	8.453772	-6.127449	8.453772	5208	-2.000654E-11	-4.998365E+10	5.824353E+16	0	0	0.019505	0.074498	0	0
0	0	0	-0.209988	8.453726	-6.131503	8.453726	5195	-2.681926E-11	-3.728664E+10	5.824353E+16	0	0	0.00071	0.073956	0	0
0	0	0	-0.213909	8.453511	-6.135598	8.453511	5182	4.597828E-11	2.17494E+10	5.824353E+16	0	0	0.015525	0.073487	0	0
0	0	0	-0.217894	8.453754	-6.140084	8.453754	5169	-2.212089E-11	-4.520614E+10	5.824353E+16	0	0	0.008166	0.073033	0	0
0	0	0	-0.221586	8.453604	-6.143978	8.453604	5156	-2.513147E-10	-3.979075E+9	5.824353E+16	0	0	0.000723	0.072555	0	0
0	0	0	-0.224755	8.453548	-6.14737	8.453548	5146	8.660851E-11	1.154621E+10	5.824353E+16	0	0	0.013663	0.072029	0	0
0	0	0	-0.229018	8.45381	-6.152171	8.45381	5132	-1.636462E-11	-6.110745E+10	5.824353E+16	0	0	-0.000352	0.071583	0	0
0	0	0	-0.232318	8.453969	-6.155855	8.453969	5120	-9.480077E-12	-1.054844E+11	5.824353E+16	0	0	0.000736	0.071137	0	0
0	0	0	-0.235454	8.453772	-6.159114	8.453772	5110	-1.963008E-11	-5.094224E+10	5.824353E+16	0	0	-0.004754	0.070548	0	0
0	0	0	-0.238525	8.453791	-6.162453	8.453791	5100	-1.777257E-11	-5.62665E+10	5.824353E+16	0	0	-0.011417	0.070102	0	0
0	0	0	-0.240959	8.453716	-6.165036	8.453716	5092	-2.822899E-11	-3.542457E+10	5.824353E+16	0	0	0.027505	0.069513	0	0
0	0	0	-0.244291	8.453754	-6.168671	8.453754	5081	-2.174429E-11	-4.598908E+10	5.824353E+16	0	0	0.028742	0.069186	0	0
0	0	0	-0.247264	8.453567	-6.17176	8.453567	5071	1.547334E-10	6.462728E+9	5.824353E+16	0	0	-0.003751	0.068629	0	0
0	0	0	-0.249273	8.4541	-6.174309	8.4541	5065	-6.970918E-12	-1.434531E+11	5.824353E+16	0	0	-0.006047	0.068151	0	0
0	0	0	-0.252753	8.453651	-6.177762	8.453651	5053	-5.799589E-11	-1.72426E+10	5.824353E+16	0	0	0.014484	0.067697	0	0
0	0	0	-0.255039	8.453492	-6.180128	8.453492	5046	3.621106E-11	2.761587E+10	5.824353E+16	0	0	0.009989	0.067148	0	0
0	0	0	-0.257392	8.453885	-6.18295	8.453885	5038	-1.199008E-11	-8.340227E+10	5.824353E+16	0	0	0.012362	0.06675	0	0
0	0	0	-0.260283	8.453744	-6.185983	8.453744	5029	-2.282295E-11	-4.381555E+10	5.824353E+16	0	0	0.007776	0.066327	0	0
0	0	0	-0.262521	8.453679	-6.188361	8.453679	5021	-3.95064E-11	-2.531235E+10	5.824353E+16	0	0	-0.005064	0.065961	0	0
0	0	0	-0.264334	8.453931	-6.190501	8.453931	5015	-1.030215E-11	-9.706708E+10	5.824353E+16	0	0	0.010236	0.065428	0	0
0	0	0	-0.26631	8.454146	-6.192792	8.454146	5009	-6.31492E-12	-1.583551E+11	5.824353E+16	0	0	0.015051	0.064982	0	0
0	0	0	-0.267372	8.453772	-6.19368	8.453772	5006	-1.923056E-11	-5.200057E+10	5.824353E+16	0	0	0.012761	0.064528	0	0
0	0	0	-0.26894	8.453857	-6.195437	8.453857	5000	-1.315048E-11	-7.604284E+10	5.824353E+16	0	0	-0.013594	0.064233	0	0
0	0	0	-0.270737	8.453894	-6.197409	8.453894	4995	-1.152242E-11	-8.678735E+10	5.824353E+16	0	0	0.002029	0.063628	0	0
0	0	0	-0.272027	8.453997	-6.198879	8.453997	4990	-8.602759E-12	-1.162418E+11	5.824353E+16	0	0	0.000822	0.063285	0	0
0	0	0	-0.273449	8.453828	-6.2003	8.453828	4986	-1.465403E-11	-6.824062E+10	5.824353E+16	0	0	-0.000399	0.06276	0	0
0	0	0	-0.274641	8.453735	-6.201526	8.453735	4982	-2.406458E-11	-4.155484E+10	5.824353E+16	0	0	-0.009043	0.062354	0	0
0	0	0	-0.275735	8.453913	-6.202836	8.453913	4978	-1.081828E-11	-9.243614E+10	5.824353E+16	0	0	0.003328	0.061852	0	0
0	0	0	-0.277352	8.454053	-6.204685	8.454053	4973	-7.535084E-12	-1.327125E+11	5.824353E+16	0	0	0.004601	0.06143	0	0
0	0	0	-0.27812	8.453744	-6.2053	8.453744	4971	-2.255973E-11	-4.432677E+10	5.824353E+16	0	0	-0.014245	0.061119	0	0
0	0	0	-0.2791	8.453885	-6.20646	8.453885	4967	-1.182111E-11	-8.459445E+10	5.824353E+16	0	0	0.013523	0.060665	0	0
0	0	0	-0.27959	8.454062	-6.207115	8.454062	4966	-7.375596E-12	-1.355823E+11	5.824353E+16	0	0	-0.000414	0.060251	0	0
0	0	0	-0.280456	8.453847	-6.207902	8.453847	4963	-1.352714E-11	-7.392546E+10	5.824353E+16	0	0	0.007289	0.059782	0	0
0	0	0	-0.28075	8.45366	-6.208089	8.45366	4962	-4.939819E-11	-2.024366E+10	5.824353E+16	0	0	-0.004294	0.059431	0	0
0	0	0	-0.281714	8.453997	-6.209369	8.453997	4959	-8.549315E-12	-1.169684E+11	5.824353E+16	0	0	0.011277	0.059025	0	0
0	0	0	-0.282106	8.453716	-6.209597	8.453716	4958	-2.748612E-11	-3.638199E+10	5.824353E+16	0	0	0.002187	0.058738	0	0
0	0	0	-0.283315	8.453894	-6.211031	8.453894	4954	-1.142784E-11	-8.750561E+10	5.824353E+16	0	0	0.000887	0.058324	0	0
0	0	0	-0.284229	8.453679	-6.21187	8.453679	4951	-3.895563E-11	-2.567023E+10	5.824353E+16	0	0	-0.01498	0.057934	0	0
0	0	0	-0.284491	8.453791	-6.212232	8.453791	4950	-1.724984E-11	-5.797154E+10	5.824353E+16	0	0	0.016877	0.057528	0	0
0	0	0	-0.284556	8.453688	-6.212231	8.453688	4950	-3.525253E-11	-2.836676E+10	5.824353E+16	0	0	0.029039	0.057154	0	0
0	0	0	-0.285389	8.454174	-6.213474	8.454174	4947	-5.937583E-12	-1.684187E+11	5.824353E+16	0	0	-0.008525	0.056787	0	0
0	0	0	-0.286255	8.453613	-6.214018	8.453613	4945	-1.461363E-10	-6.842925E+9	5.824353E+16	0	0	-0.008584	0.056373	0	0
0	0	0	-0.286435	8.453613	-6.214213	8.453613	4944	-1.461068E-10	-6.844309E+9	5.824353E+16	0	0	-0.005904	0.056023	0	0
0	0	0	-0.286729	8.4538	-6.214662	8.4538	4943	-1.646123E-11	-6.074879E+10	5.824353E+16	0	0	0.016051	0.055609	0	0
0	0	0	-0.287153	8.453875	-6.215175	8.453875	4942	-1.214673E-11	-8.232669E+10	5.824353E+16	0	0	0.002313	0.05533	0	0
0	0	0	-0.287954	8.453866	-6.216035	8.453866	4939	-1.25503E-11	-7.967936E+10	5.824353E+16	0	0	0.006496	0.054972	0	0
0	0	0	-0.288182	8.453426	-6.215974	8.453426	4938	2.122914E-11	4.710505E+10	5.824353E+16	0	0	-0.010246	0.054589	0	0
0	0	0	-0.289048	8.45367	-6.217082	8.45367	4936	-4.338533E-11	-2.304926E+10	5.824353E+16	0	0	-0.01031	0.054223	0	0
0	0	0	-0.289456	8.45367	-6.217525	8.45367	4934	-4.336775E-11	-2.305861E+10	5.824353E+16	0	0	0.012307	0.053785	0	0
0	0	0	-0.289995	8.453698	-6.218128	8.453698	4933	-3.208714E-11	-3.116514E+10	5.824353E+16	0	0	0.000964	0.053403	0	0
0	0	0	-0.290649	8.453501	-6.218698	8.453501	4930	3.911843E-11	2.55634E+10	5.824353E+16	0	0	-0.009087	0.05306	0	0
0	0	0	-0.29127	8.453922	-6.219665	8.453922	4929	-1.041039E-11	-9.605787E+10	5.824353E+16	0	0	0.009645	0.052742	0	0
0	0	0	-0.291613	8.453922	-6.220037	8.453922	4928	-1.040828E-11	-9.607736E+10	5.824353E+16	0	0	-0.010655	0.052368	0	0
0	0	0	-0.292429	8.454184	-6.221105	8.454184	4925	-5.818147E-12	-1.71876E+11	5.824353E+16	0	0	0.009776	0.051993	0	0
0	0	0	-0.293769	8.453866	-6.222332	8.453866	4921	-1.250456E-11	-7.997081E+10	5.824353E+16	0	0	0.017218	0.051611	0	0
0	0	0	-0.293818	8.454324	-6.222707	8.454324	4920	-4.702187E-12	-2.12667E+11	5.824353E+16	0	0	-0.000482	0.051332	0	0
0	0	0	-0.294406	8.453894	-6.223042	8.453894	4918	-1.134479E-11	-8.814616E+10	5.824353E+16	0	0	-0.003468	0.05099	0	0
0	0	0	-0.295223	8.453754	-6.223828	8.453754	4916	-2.103817E-11	-4.753265E+10	5.824353E+16	0	0	-0.003482	0.050759	0	0
0	0	0	-0.296072	8.453875	-6.224833	8.453875	4913	-1.207545E-11	-8.281264E+10	5.824353E+16	0	0	-0.000491	0.050265	0	0
0	0	0	-0.296513	8.453894	-6.225324	8.453894	4912	-1.133095E-11	-8.825383E+10	5.824353E+16	0	0	0.01926	0.049995	0	0
0	0	0	-0.296938	8.453903	-6.225791	8.453903	4911	-1.099088E-11	-9.098451E+10	5.824353E+16	0	0	0.002562	0.049644	0	0
0	0	0	-0.29782	8.4541	-6.226884	8.4541	4908	-6.75484E-12	-1.48042E+11	5.824353E+16	0	0	0.027179	0.049365	0	0
0	0	0	-0.298457	8.453959	-6.227475	8.453959	4905	-9.311679E-12	-1.07392E+11	5.824353E+16	0	0	0.005689	0.049015	0	0
0	0	0	-0.298571	8.453847	-6.22752	8.453847	4905	-1.336906E-11	-7.47996E+10	5.824353E+16	0	0	0.002609	0.048704	0	0
0	0	0	-0.298947	8.454109	-6.228111	8.454109	4904	-6.627813E-12	-1.508793E+11	5.824353E+16	0	0	-0.002082	0.048243	0	0
0	0	0	-0.299421	8.453782	-6.228394	8.453782	4903	-1.79179E-11	-5.581011E+10	5.824353E+16	0	0	0.001064	0.048075	0	0
0	0	0	-0.30045	8.453913	-6.2296	8.453913	4899	-1.06466E-11	-9.392674E+10	5.824353E+16	0	0	-0.008436	0.047821	0	0
0	0	0	-0.300858	8.453763	-6.229938	8.453763	4898	-1.983055E-11	-5.042725E+10	5.824353E+16	0	0	0.010653	0.047454	0	0
0	0	0	-0.300923	8.454015	-6.230186	8.454015	4898	-8.073306E-12	-1.23865E+11	5.824353E+16	0	0	0.007504	0.04716	0	0
0	0	0	-0.301217	8.453866	-6.230399	8.453866	4897	-1.244358E-11	-8.036274E+10	5.824353E+16	0	0	0.018864	0.046833	0	0
0	0	0	-0.30143	8.454137	-6.230819	8.454137	4896	-6.277899E-12	-1.59289E+11	5.824353E+16	0	0	0.009217	0.04657	0	0
0	0	0	-0.301577	8.453613	-6.230611	8.453613	4896	-1.446883E-10	-6.91141E+9	5.824353E+16	0	0	0.009265	0.046315	0	0
0	0	0	-0.301969	8.454072	-6.231357	8.454072	4895	-7.129087E-12	-1.402704E+11	5.824353E+16	0	0	0.017575	0.045909	0	0
0	0	0	-0.301756	8.453885	-6.230996	8.453885	4895	-1.164975E-11	-8.583874E+10	5.824353E+16	0	0	0.012719	0.045591	0	0
0	0	0	-0.302589	8.453707	-6.231774	8.453707	4892	-2.928293E-11	-3.414959E+10	5.824353E+16	0	0	0.006113	0.0454	0	0
0	0	0	-0.302622	8.454109	-6.232091	8.454109	4892	-6.611595E-12	-1.512494E+11	5.824353E+16	0	0	-0.000545	0.045057	0	0
0	0	0	-0.30254	8.454109	-6.232002	8.454109	4893	-6.612946E-12	-1.512185E+11	5.824353E+16	0	0	0.001138	0.044763	0	0
0	0	0	-0.301969	8.453903	-6.231239	8.453903	4895	-1.095507E-11	-9.128191E+10	5.824353E+16	0	0	0.016407	0.044484	0	0
0	0	0	-0.302753	8.453997	-6.232154	8.453997	4892	-8.433807E-12	-1.185704E+11	5.824353E+16	0	0	0.019974	0.044078	0	0
0	0	0	-0.302148	8.453763	-6.231335	8.453763	4894	-1.981435E-11	-5.046847E+10	5.824353E+16	0	0	-0.000559	0.043799	0	0
0	0	0	-0.302949	8.453828	-6.232248	8.453828	4891	-1.437482E-11	-6.956609E+10	5.824353E+16	0	0	-0.009203	0.043608	0	0
0	0	0	-0.30223	8.454184	-6.231719	8.454184	4893	-5.780344E-12	-1.730001E+11	5.824353E+16	0	0	0.006397	0.043281	0	0
0	0	0	-0.302132	8.453754	-6.231311	8.453754	4894	-2.094402E-11	-4.774633E+10	5.824353E+16	0	0	0.006431	0.043035	0	0
0	0	0	-0.302557	8.453922	-6.231889	8.453922	4892	-1.033224E-11	-9.678439E+10	5.824353E+16	0	0	0.002954	0.042692	0	0
0	0	0	-0.302475	8.453828	-6.231735	8.453828	4893	-1.43807E-11	-6.953765E+10	5.824353E+16	0	0	0.015385	0.042429	0	0
0	0	0	-0.302753	8.453688	-6.231937	8.453688	4892	-3.483947E-11	-2.870308E+10	5.824353E+16	0	0	0.010109	0.04223	0	0
0	0	0	-0.302557	8.454072	-6.231994	8.454072	4892	-7.124718E-12	-1.403564E+11	5.824353E+16	0	0	0.008376	0.041967	0	0
0	0	0	-0.302214	8.454081	-6.231629	8.454081	4893	-6.990541E-12	-1.430504E+11	5.824353E+16	0	0	0.006622	0.041713	0	0
0	0	0	-0.302328	8.45381	-6.231563	8.45381	4893	-1.560251E-11	-6.409226E+10	5.824353E+16	0	0	0.017554	0.04141	0	0
0	0	0	-0.302769	8.454044	-6.232204	8.454044	4892	-7.565059E-12	-1.321867E+11	5.824353E+16	0	0	0.015807	0.041219	0	0
0	0	0	-0.302606	8.454062	-6.23204	8.454062	4892	-7.26569E-12	-1.376332E+11	5.824353E+16	0	0	0.015906	0.040948	0	0
0	0	0	-0.302949	8.453567	-6.232064	8.453567	4891	1.49241E-10	6.700571E+9	5.824353E+16	0	0	0.01784	0.040701	0	0
0	0	0	-0.30308	8.453716	-6.232311	8.453716	4891	-2.711469E-11	-3.688038E+10	5.824353E+16	0	0	0.014261	0.040375	0	0
0	0	0	-0.302688	8.454053	-6.232122	8.454053	4892	-7.412353E-12	-1.349099E+11	5.824353E+16	0	0	0.008738	0.04012	0	0
0	0	0	-0.302949	8.453613	-6.232097	8.453613	4891	-1.445405E-10	-6.918475E+9	5.824353E+16	0	0	-0.010004	0.039905	0	0
0	0	0	-0.303423	8.453978	-6.232866	8.453978	4890	-8.83625E-12	-1.131702E+11	5.824353E+16	0	0	-0.002505	0.039642	0	0
0	0	0	-0.303586	8.453922	-6.233003	8.453922	4889	-1.032591E-11	-9.684378E+10	5.824353E+16	0	0	0.018387	0.039411	0	0
0	0	0	-0.304223	8.453828	-6.233628	8.453828	4887	-1.436306E-11	-6.962303E+10	5.824353E+16	0	0	-0.015925	0.03914	0	0
0	0	0	-0.304125	8.45381	-6.233509	8.45381	4888	-1.558656E-11	-6.415782E+10	5.824353E+16	0	0	-0.004481	0.038838	0	0
0	0	0	-0.305154	8.454025	-6.234774	8.454025	4884	-7.877255E-12	-1.269478E+11	5.824353E+16	0	0	0.007126	0.038583	0	0
0	0	0	-0.305383	8.454072	-6.235054	8.454072	4884	-7.113067E-12	-1.405863E+11	5.824353E+16	0	0	0.007169	0.038336	0	0
0	0	0	-0.305268	8.453632	-6.234622	8.453632	4884	-8.075054E-11	-1.238382E+10	5.824353E+16	0	0	0.026795	0.038153	0	0
0	0	0	-0.305971	8.45409	-6.235704	8.45409	4882	-6.844552E-12	-1.461016E+11	5.824353E+16	0	0	0.036885	0.037834	0	0
0	0	0	-0.306003	8.453959	-6.235648	8.453959	4881	-9.266117E-12	-1.079201E+11	5.824353E+16	0	0	0.041104	0.037572	0	0
0	0	0	-0.307049	8.453941	-6.236767	8.453941	4878	-9.753785E-12	-1.025243E+11	5.824353E+16	0	0	-0.020585	0.037452	0	0
0	0	0	-0.307392	8.454202	-6.237322	8.454202	4877	-5.585627E-12	-1.790309E+11	5.824353E+16	0	0	-0.030745	0.037205	0	0
0	0	0	-0.307898	8.454128	-6.237818	8.454128	4876	-6.360913E-12	-1.572101E+11	5.824353E+16	0	0	0.031687	0.036911	0	0
0	0	0	-0.30847	8.453754	-6.238175	8.453754	4874	-2.085843E-11	-4.794225E+10	5.824353E+16	0	0	0.015569	0.036767	0	0
0	0	0	-0.308225	8.453903	-6.238014	8.453903	4875	-1.091031E-11	-9.16564E+10	5.824353E+16	0	0	0.011598	0.036481	0	0
0	0	0	-0.308486	8.453819	-6.238238	8.453819	4874	-1.490859E-11	-6.707542E+10	5.824353E+16	0	0	0.015807	0.036186	0	0
0	0	0	-0.308454	8.453903	-6.238262	8.453903	4874	-1.090807E-11	-9.16752E+10	5.824353E+16	0	0	0.038687	0.035963	0	0
0	0	0	-0.308682	8.453613	-6.238306	8.453613	4873	-1.440086E-10	-6.944031E+9	5.824353E+16	0	0	0.00975	0.035708	0	0
0	0	0	-0.309123	8.453969	-6.239033	8.453969	4872	-9.020886E-12	-1.108539E+11	5.824353E+16	0	0	-0.01324	0.035565	0	0
0	0	0	-0.309777	8.45395	-6.239728	8.45395	4870	-9.485121E-12	-1.054283E+11	5.824353E+16	0	0	0.007724	0.035406	0	0
0	0	0	-0.310397	8.453894	-6.24036	8.453894	4868	-1.122945E-11	-8.905152E+10	5.824353E+16	0	0	-0.007035	0.035159	0	0
0	0	0	-0.310283	8.454025	-6.240328	8.454025	4868	-7.851449E-12	-1.27365E+11	5.824353E+16	0	0	0.001438	0.034912	0	0
0	0	0	-0.30994	8.453772	-6.23978	8.453772	4869	-1.870427E-11	-5.346372E+10	5.824353E+16	0	0	0.029338	0.034649	0	0
0	0	0	-0.310691	8.454006	-6.240758	8.454006	4867	-8.202321E-12	-1.219167E+11	5.824353E+16	0	0	0.018703	0.034466	0	0
0	0	0	-0.31074	8.453903	-6.240738	8.453903	4867	-1.089241E-11	-9.180706E+10	5.824353E+16	0	0	0.005796	0.034283	0	0
0	0	0	-0.310234	8.453857	-6.240157	8.453857	4868	-1.280331E-11	-7.81048E+10	5.824353E+16	0	0	-0.011644	0.033956	0	0
0	0	0	-0.310414	8.453847	-6.240345	8.453847	4868	-1.326821E-11	-7.536813E+10	5.824353E+16	0	0	-0.013862	0.033869	0	0
0	0	0	-0.310332	8.453894	-6.24029	8.453894	4868	-1.122945E-11	-8.905152E+10	5.824353E+16	0	0	0.003702	0.033574	0	0
0	0	0	-0.310054	8.4538	-6.239923	8.4538	4869	-1.62148E-11	-6.167206E+10	5.824353E+16	0	0	0.003714	0.033447	0	0
0	0	0	-0.310201	8.453642	-6.239971	8.453642	4868	-6.595784E-11	-1.51612E+10	5.824353E+16	0	0	-0.000723	0.033335	0	0
0	0	0	-0.310136	8.453959	-6.240123	8.453959	4868	-9.241438E-12	-1.082083E+11	5.824353E+16	0	0	0.001516	0.033001	0	0
0	0	0	-0.309728	8.454156	-6.239819	8.454156	4870	-6.038265E-12	-1.656105E+11	5.824353E+16	0	0	0.003787	0.03277	0	0
0	0	0	-0.309907	8.453875	-6.239817	8.453875	4869	-1.196731E-11	-8.3561E+10	5.824353E+16	0	0	0.001534	0.032595	0	0
0	0	0	-0.309793	8.45367	-6.239549	8.45367	4870	-4.280522E-11	-2.336164E+10	5.824353E+16	0	0	0.028929	0.032435	0	0
0	0	0	-0.309515	8.454137	-6.239576	8.454137	4871	-6.245843E-12	-1.601065E+11	5.824353E+16	0	0	0.024476	0.032276	0	0
0	0	0	-0.309564	8.453866	-6.239439	8.453866	4870	-1.237497E-11	-8.080828E+10	5.824353E+16	0	0	-0.016927	0.032013	0	0
0	0	0	-0.309662	8.454221	-6.239794	8.454221	4870	-5.412446E-12	-1.847594E+11	5.824353E+16	0	0	-0.012377	0.031814	0	0
0	0	0	-0.309532	8.4541	-6.239567	8.4541	4871	-6.703917E-12	-1.491665E+11	5.824353E+16	0	0	0.020238	0.031687	0	0
0	0	0	-0.309564	8.453922	-6.239478	8.453922	4870	-1.028578E-11	-9.722161E+10	5.824353E+16	0	0	0.034484	0.031448	0	0
0	0	0	-0.308895	8.453987	-6.238799	8.453987	4872	-8.596773E-12	-1.163227E+11	5.824353E+16	0	0	-0.007854	0.031273	0	0
0	0	0	-0.308993	8.453931	-6.238865	8.453931	4872	-1.000839E-11	-9.991613E+10	5.824353E+16	0	0	0.003986	0.031026	0	0
0	0	0	-0.309009	8.453885	-6.23885	8.453885	4872	-1.159501E-11	-8.624397E+10	5.824353E+16	0	0	0.013553	0.030906	0	0
0	0	0	-0.309025	8.453894	-6.238874	8.453894	4872	-1.123868E-11	-8.897841E+10	5.824353E+16	0	0	0.035252	0.030715	0	0
0	0	0	-0.30878	8.453726	-6.238491	8.453726	4873	-2.515693E-11	-3.975048E+10	5.824353E+16	0	0	0.001628	0.030588	0	0
0	0	0	-0.309091	8.453735	-6.238834	8.453735	4872	-2.353325E-11	-4.249307E+10	5.824353E+16	0	0	0.006507	0.030309	0	0
0	0	0	-0.309287	8.453838	-6.239118	8.453838	4871	-1.377663E-11	-7.258671E+10	5.824353E+16	0	0	0.00409	0.030182	0	0
0	0	0	-0.308993	8.453791	-6.238767	8.453791	4872	-1.697803E-11	-5.889966E+10	5.824353E+16	0	0	0.036136	0.029919	0	0
0	0	0	-0.309042	8.453763	-6.2388	8.453763	4872	-1.972528E-11	-5.069636E+10	5.824353E+16	0	0	0.083543	0.029688	0	0
0	0	0	-0.31025	8.453585	-6.239985	8.453585	4868	7.943619E-10	1.258872E+9	5.824353E+16	0	0	0.006682	0.029473	0	0
0	0	0	-0.309793	8.453754	-6.239608	8.453754	4870	-2.084131E-11	-4.798163E+10	5.824353E+16	0	0	-0.015837	0.029393	0	0
0	0	0	-0.310169	8.45367	-6.239955	8.45367	4868	-4.278764E-11	-2.337123E+10	5.824353E+16	0	0	-0.008374	0.02921	0	0
0	0	0	-0.310414	8.453959	-6.240424	8.453959	4868	-9.241438E-12	-1.082083E+11	5.824353E+16	0	0	-0.000824	0.029011	0	0
0	0	0	-0.311067	8.453997	-6.241158	8.453997	4866	-8.388983E-12	-1.19204E+11	5.824353E+16	0	0	-0.005914	0.0289	0	0
0	0	0	-0.311002	8.454015	-6.2411	8.454015	4866	-8.020561E-12	-1.246796E+11	5.824353E+16	0	0	-0.008528	0.028653	0	0
0	0	0	-0.311329	8.454156	-6.241552	8.454156	4865	-6.032066E-12	-1.657807E+11	5.824353E+16	0	0	-0.011122	0.028565	0	0
0	0	0	-0.311606	8.453959	-6.241715	8.453959	4864	-9.233844E-12	-1.082973E+11	5.824353E+16	0	0	0.045783	0.02835	0	0
0	0	0	-0.311574	8.453791	-6.241562	8.453791	4864	-1.695015E-11	-5.899653E+10	5.824353E+16	0	0	0.01484	0.028071	0	0
0	0	0	-0.312472	8.454081	-6.242738	8.454081	4861	-6.944823E-12	-1.439921E+11	5.824353E+16	0	0	0.020103	0.028016	0	0
0	0	0	-0.312913	8.453698	-6.242947	8.453698	4860	-3.16123E-11	-3.163326E+10	5.824353E+16	0	0	-0.021954	0.027817	0	0
0	0	0	-0.313174	8.453941	-6.243401	8.453941	4859	-9.715794E-12	-1.029252E+11	5.824353E+16	0	0	0	0	0	0
0	0	0	-0.313142	8.4538	-6.243267	8.4538	4859	-1.618149E-11	-6.179899E+10	5.824353E+16	0	0	0	0	0	0
0	0	0	-0.313191	8.453987	-6.243451	8.453987	4859	-8.573834E-12	-1.166339E+11	5.824353E+16	0	0	0	0	0	0
0	0	0	-0.313615	8.454006	-6.243924	8.454006	4858	-8.187154E-12	-1.221426E+11	5.824353E+16	0	0	0	0	0	0
0	0	0	-0.314203	8.454118	-6.24464	8.454118	4856	-6.446864E-12	-1.551142E+11	5.824353E+16	0	0	0	0	0	0
0	0	0	-0.314987	8.45381	-6.245272	8.45381	4853	-1.547496E-11	-6.462053E+10	5.824353E+16	0	0	0	0	0	0
0	0	0	-0.31471	8.45409	-6.245168	8.45409	4854	-6.805297E-12	-1.469444E+11	5.824353E+16	0	0	0	0	0	0
0	0	0	-0.314775	8.454044	-6.245206	8.454044	4854	-7.506295E-12	-1.332215E+11	5.824353E+16	0	0	0	0	0	0
0	0	0	-0.314481	8.454006	-6.244862	8.454006	4855	-8.182098E-12	-1.22218E+11	5.824353E+16	0	0	0	0	0	0
0	0	0	-0.314955	8.453679	-6.245145	8.453679	4853	-3.818454E-11	-2.618861E+10	5.824353E+16	0	0	0	0	0	0
