Vload_(V)	ILoad_(A)	RsLoad (ohm)	SunsVoc_Voltage_(V)	SunsVoc_Current_(A)	Model_Voltage_(V)	Model_Current_(A)	Carrier_Density_(cm-3)	Lifetime_(s)	Inverse_Lifetime_(s-1)	Efficiency_(%)	Intensity_(suns)	Dark_IV_Voltage_(V)	Dark_IV_Current_(A)
5.139381	9.770528	0	39.990896	-1.577818	40.427714	-1.577818	1.016319E+15	6.285352E-5	15908.294517	17.806445	1.154568	0	0
5.155126	9.772174	-0.536758	39.929772	-1.133303	40.243933	-1.133303	9.794942E+14	6.304561E-5	15859.940365	17.798637	1.15433	0	0
5.193947	9.769829	1.545329	39.817896	-0.461291	39.946073	-0.461291	9.153118E+14	6.27839E-5	15926.260106	17.789439	1.154251	0	0
5.389203	9.767208	1.972923	39.689326	0.23131	39.624878	0.23131	8.464409E+14	6.227532E-5	16056.537432	17.772606	1.153458	0	0
7.273495	9.755137	2.154121	39.56141	0.869468	39.318505	0.869468	7.827951E+14	6.172178E-5	16200.719499	17.761238	1.152903	0	0
9.746277	9.679773	2.254663	39.430863	1.483086	39.015394	1.483086	7.225318E+14	6.118832E-5	16342.122419	17.752867	1.151713	0	0
12.496032	9.675975	1.978792	39.296625	2.057337	38.718665	2.057337	6.651787E+14	6.052521E-5	16521.305495	17.734903	1.151277	0	0
14.903821	9.671551	1.739028	39.165082	2.58643	38.436488	2.58643	6.132082E+14	5.990564E-5	16692.293975	17.730757	1.150405	0	0
17.321563	9.666248	1.499279	39.035908	3.077375	38.166681	3.077375	5.6597E+14	5.934644E-5	16849.677595	17.740065	1.149414	0	0
19.711108	9.658464	1.266025	38.90938	3.527416	37.910415	3.527416	5.230986E+14	5.880503E-5	17004.89307	17.745727	1.14874	0	0
22.127426	9.65328	1.024537	38.785269	3.935458	37.667879	3.935458	4.840937E+14	5.822579E-5	17174.130837	17.759946	1.147749	0	0
24.515901	9.647515	0.785982	38.662907	4.304853	37.437541	4.304853	4.483943E+14	5.757691E-5	17367.740817	17.766992	1.147154	0	0
26.90564	9.652702	0.530278	38.543974	4.647478	37.217835	4.647478	4.16144E+14	5.700949E-5	17540.652274	17.771901	1.14652	0	0
27.802648	9.647493	0.445333	38.425973	4.969139	37.004606	4.969139	3.863743E+14	5.647724E-5	17705.999575	17.778584	1.146203	0	0
28.720352	9.644547	0.354665	38.30606	5.274834	36.793539	5.274834	3.582457E+14	5.592632E-5	17880.455017	17.785556	1.145291	0	0
29.60913	9.598923	0.31821	38.18685	5.558877	36.58899	5.558877	3.322619E+14	5.536818E-5	18060.730618	17.779142	1.145053	0	0
30.498266	9.4955	0.31151	38.068947	5.821382	36.391601	5.821382	3.083746E+14	5.48034E-5	18246.883684	17.776282	1.1443	0	0
31.379492	9.326949	0.308802	37.953428	6.068902	36.200646	6.068902	2.866011E+14	5.433972E-5	18402.607456	17.760012	1.144261	0	0
32.256245	9.075503	0.303898	37.837762	6.296953	36.01484	6.296953	2.663092E+14	5.380734E-5	18584.70804	17.75424	1.143547	0	0
33.130574	8.69696	0.301725	37.723208	6.507431	35.834976	6.507431	2.47602E+14	5.32545E-5	18777.655842	17.744176	1.143151	0	0
33.971142	8.183925	0.30022	37.611528	6.702678	35.662246	6.702678	2.306079E+14	5.275605E-5	18955.083822	17.743897	1.142358	0	0
34.808718	7.515386	0.297697	37.501824	6.883736	35.495453	6.883736	2.15032E+14	5.22781E-5	19128.391453	17.743777	1.141406	0	0
35.627261	6.689644	0.29552	37.393134	7.052777	35.332991	7.052777	2.006217E+14	5.180842E-5	19301.813376	17.744433	1.140574	0	0
36.41984	5.722783	0.293317	37.286175	7.210929	35.175306	7.210929	1.873705E+14	5.137612E-5	19464.236171	17.74116	1.139821	0	0
37.176018	4.637942	0.291446	37.180391	7.359404	35.021489	7.359404	1.751144E+14	5.097233E-5	19618.436051	17.748363	1.138592	0	0
37.908179	3.442806	0.295396	37.074167	7.497529	34.870068	7.497529	1.636037E+14	5.051566E-5	19795.797437	17.749881	1.137323	0	0
38.582109	2.227608	0.310416	36.970083	7.627466	34.723124	7.627466	1.530504E+14	5.012238E-5	19951.127702	17.754824	1.135817	0	0
39.168768	1.100422	0.338501	36.866031	7.749289	34.57845	7.749289	1.431732E+14	4.971371E-5	20115.142269	17.759781	1.134271	0	0
31.824894	9.206234	0.30814	36.762535	7.862819	34.436661	7.862819	1.339746E+14	4.928814E-5	20288.82752	17.743465	1.13324	0	0
39.765905	0	0	36.661897	7.96911	34.299873	7.96911	1.255916E+14	4.893033E-5	20437.195465	17.749083	1.131297	0	0
0	0	0	36.562256	8.067998	34.166201	8.067998	1.178037E+14	4.856195E-5	20592.230108	17.74093	1.129791	0	0
0	0	0	36.463481	8.161158	34.035024	8.161158	1.10556E+14	4.82124E-5	20741.532414	17.736772	1.128364	0	0
0	0	0	36.366927	8.247747	33.908029	8.247747	1.03899E+14	4.788574E-5	20883.026134	17.73918	1.126897	0	0
0	0	0	36.27212	8.329039	33.78435	8.329039	9.774974E+13	4.759226E-5	21011.805533	17.743896	1.125113	0	0
0	0	0	36.177216	8.405713	33.66186	8.405713	9.195595E+13	4.728663E-5	21147.614166	17.743013	1.124043	0	0
0	0	0	36.085072	8.478227	33.54343	8.478227	8.66572E+13	4.70623E-5	21248.41743	17.741888	1.122774	0	0
0	0	0	35.991736	8.547639	33.4246	8.547639	8.159908E+13	4.683068E-5	21353.511015	17.749374	1.121466	0	0
0	0	0	35.899593	8.610724	33.308851	8.610724	7.68935E+13	4.653046E-5	21491.28815	17.74967	1.120316	0	0
0	0	0	35.808886	8.670762	33.195462	8.670762	7.252493E+13	4.628277E-5	21606.30491	17.762296	1.11881	0	0
0	0	0	35.719405	8.726377	33.084634	8.726377	6.845729E+13	4.601384E-5	21732.581932	17.762256	1.11766	0	0
0	0	0	35.630921	8.778691	32.975792	8.778691	6.465819E+13	4.575258E-5	21856.683608	17.768786	1.116392	0	0
0	0	0	35.541619	8.828137	32.866906	8.828137	6.103671E+13	4.545612E-5	21999.232271	17.769063	1.114845	0	0
0	0	0	35.453641	8.874765	32.760216	8.874765	5.766638E+13	4.518164E-5	22132.876995	17.765437	1.113418	0	0
0	0	0	35.366414	8.91898	32.655002	8.91898	5.450781E+13	4.492437E-5	22259.627912	17.753574	1.11215	0	0
0	0	0	35.281702	8.960555	32.553194	8.960555	5.160532E+13	4.47153E-5	22363.706815	17.750795	1.110604	0	0
0	0	0	35.196975	8.999777	32.452046	8.999777	4.885627E+13	4.448752E-5	22478.209763	17.750982	1.108661	0	0
0	0	0	35.112917	9.037103	32.352143	9.037103	4.627315E+13	4.427982E-5	22583.648406	17.749283	1.106838	0	0
0	0	0	35.02943	9.07244	32.253413	9.07244	4.384233E+13	4.407739E-5	22687.368068	17.750448	1.104935	0	0
0	0	0	34.944572	9.106102	32.153718	9.106102	4.150195E+13	4.383834E-5	22811.077335	17.744077	1.10323	0	0
0	0	0	34.863225	9.137184	32.058481	9.137184	3.937543E+13	4.363327E-5	22918.291234	17.744175	1.101288	0	0
0	0	0	34.781879	9.167101	31.963572	9.167101	3.735754E+13	4.344957E-5	23015.183926	17.750984	1.099345	0	0
0	0	0	34.700369	9.195608	31.868897	9.195608	3.543904E+13	4.3262E-5	23114.97064	17.758979	1.097125	0	0
0	0	0	34.619937	9.222708	31.775764	9.222708	3.364224E+13	4.310021E-5	23201.740518	17.770591	1.094865	0	0
0	0	0	34.539947	9.248177	31.683576	9.248177	3.194543E+13	4.292183E-5	23298.165059	17.767201	1.093161	0	0
0	0	0	34.460707	9.271798	31.592727	9.271798	3.034875E+13	4.270781E-5	23414.922116	17.759991	1.091535	0	0
0	0	0	34.381697	9.295027	31.502218	9.295027	2.883595E+13	4.256134E-5	23495.497994	17.764635	1.089434	0	0
0	0	0	34.303388	9.316384	31.41301	9.316384	2.741086E+13	4.23605E-5	23606.898593	17.764687	1.087532	0	0
0	0	0	34.226175	9.336999	31.325167	9.336999	2.607452E+13	4.221148E-5	23690.234556	17.770523	1.085232	0	0
0	0	0	34.14852	9.356197	31.237281	9.356197	2.479611E+13	4.200185E-5	23808.473243	17.771233	1.083409	0	0
0	0	0	34.072482	9.374717	31.151295	9.374717	2.360497E+13	4.185507E-5	23891.968901	17.772902	1.081466	0	0
0	0	0	33.995219	9.392553	31.064213	9.392553	2.245313E+13	4.169142E-5	23985.751302	17.769189	1.079722	0	0
0	0	0	33.919508	9.409109	30.979152	9.409109	2.137887E+13	4.151507E-5	24087.637805	17.772242	1.077859	0	0
0	0	0	33.844843	9.42444	30.895564	9.42444	2.036971E+13	4.130761E-5	24208.614554	17.773684	1.075995	0	0
0	0	0	33.770618	9.439789	30.812421	9.439789	1.941365E+13	4.119591E-5	24274.255014	17.789876	1.073775	0	0
0	0	0	33.695658	9.453939	30.728866	9.453939	1.84936E+13	4.099762E-5	24391.65928	17.78419	1.072071	0	0
0	0	0	33.622675	9.467792	30.647478	9.467792	1.763965E+13	4.089383E-5	24453.56914	17.783861	1.070247	0	0
0	0	0	33.549725	9.480835	30.566368	9.480835	1.682544E+13	4.076258E-5	24532.304046	17.787864	1.068027	0	0
0	0	0	33.47746	9.492836	30.486299	9.492836	1.60559E+13	4.057929E-5	24643.11471	17.783738	1.066243	0	0
0	0	0	33.405163	9.50473	30.406219	9.50473	1.532119E+13	4.045518E-5	24718.713475	17.787704	1.063944	0	0
0	0	0	33.332311	9.515976	30.325747	9.515976	1.46148E+13	4.029485E-5	24817.067482	17.782722	1.062081	0	0
0	0	0	33.260732	9.526399	30.246872	9.526399	1.395245E+13	4.011105E-5	24930.787995	17.787613	1.059702	0	0
0	0	0	33.187798	9.536664	30.166606	9.536664	1.33084E+13	3.99388E-5	25038.308176	17.781163	1.057641	0	0
0	0	0	33.116236	9.546739	30.08784	9.546739	1.270533E+13	3.98455E-5	25096.9343	17.779045	1.055342	0	0
0	0	0	33.044102	9.55606	30.008702	9.55606	1.212508E+13	3.967838E-5	25202.643038	17.781404	1.053003	0	0
0	0	0	32.972508	9.564893	29.93028	9.564893	1.157534E+13	3.95066E-5	25312.228641	17.786002	1.050981	0	0
0	0	0	32.901566	9.573171	29.852718	9.573171	1.105518E+13	3.931386E-5	25436.320298	17.785123	1.04884	0	0
0	0	0	32.830445	9.581398	29.774976	9.581398	1.055715E+13	3.917585E-5	25525.928663	17.796134	1.046263	0	0
0	0	0	32.7597	9.589525	29.697655	9.589525	1.008399E+13	3.91002E-5	25575.319065	17.799564	1.044123	0	0
0	0	0	32.689592	9.596635	29.621326	9.596635	9.636005E+12	3.889085E-5	25712.986879	17.798918	1.04218	0	0
0	0	0	32.618291	9.603722	29.543738	9.603722	9.200789E+12	3.871206E-5	25831.743489	17.802759	1.040039	0	0
0	0	0	32.549473	9.610695	29.468804	9.610695	8.799367E+12	3.863834E-5	25881.026856	17.803557	1.037938	0	0
0	0	0	32.479969	9.617509	29.393191	9.617509	8.411705E+12	3.858092E-5	25919.547291	17.811118	1.035877	0	0
0	0	0	32.409698	9.623182	29.317128	9.623182	8.037109E+12	3.828189E-5	26122.010401	17.804938	1.034093	0	0
0	0	0	32.339753	9.629227	29.241285	9.629227	7.680812E+12	3.815004E-5	26212.295417	17.808569	1.031913	0	0
0	0	0	32.270347	9.634949	29.166112	9.634949	7.342865E+12	3.801059E-5	26308.454947	17.806895	1.030089	0	0
0	0	0	32.20117	9.640502	29.091229	9.640502	7.020821E+12	3.789576E-5	26388.174388	17.803482	1.028186	0	0
0	0	0	32.131241	9.645487	29.015732	9.645487	6.709624E+12	3.765984E-5	26553.481568	17.806813	1.026164	0	0
0	0	0	32.061394	9.650613	28.940271	9.650613	6.412553E+12	3.753102E-5	26644.62466	17.805825	1.024261	0	0
0	0	0	31.992413	9.655448	28.865815	9.655448	6.13207E+12	3.739733E-5	26739.87922	17.818389	1.021724	0	0
0	0	0	31.919887	9.659574	28.78784	9.659574	5.850387E+12	3.700613E-5	27022.551848	17.811007	1.01994	0	0
0	0	0	31.849747	9.664008	28.712281	9.664008	5.590276E+12	3.683292E-5	27149.624898	17.814106	1.018038	0	0
0	0	0	31.780308	9.668336	28.637495	9.668336	5.344159E+12	3.670259E-5	27246.031496	17.816097	1.015778	0	0
0	0	0	31.710265	9.672502	28.56212	9.672502	5.10687E+12	3.656329E-5	27349.837196	17.816473	1.013835	0	0
0	0	0	31.638589	9.676237	28.485155	9.676237	4.874947E+12	3.628546E-5	27559.244765	17.822075	1.011496	0	0
0	0	0	31.569673	9.680063	28.411075	9.680063	4.661891E+12	3.61673E-5	27649.283214	17.825798	1.009435	0	0
0	0	0	31.501541	9.683446	28.337965	9.683446	4.460409E+12	3.594825E-5	27817.765964	17.827483	1.007374	0	0
0	0	0	31.4314	9.686668	28.262782	9.686668	4.262076E+12	3.56698E-5	28034.923456	17.822242	1.005312	0	0
0	0	0	31.362762	9.690428	28.189008	9.690428	4.07653E+12	3.571824E-5	27996.900477	17.82258	1.003528	0	0
0	0	0	31.293242	9.693307	28.114588	9.693307	3.896829E+12	3.541675E-5	28235.226555	17.821465	1.001506	0	0
0	0	0	31.222219	9.696369	28.038517	9.696369	3.721419E+12	3.521915E-5	28393.640089	17.831503	0.999128	0	0
0	0	0	31.152192	9.69932	27.963533	9.69932	3.5562E+12	3.505044E-5	28530.312601	17.827888	0.997344	0	0
0	0	0	31.082786	9.701851	27.889341	9.701851	3.399682E+12	3.474248E-5	28783.203355	17.8328	0.995362	0	0
0	0	0	31.013756	9.704531	27.815495	9.704531	3.250843E+12	3.457043E-5	28926.45939	17.831735	0.993618	0	0
0	0	0	30.944252	9.707265	27.741128	9.707265	3.107564E+12	3.447522E-5	29006.339143	17.828456	0.991715	0	0
0	0	0	30.873752	9.709752	27.665788	9.709752	2.968679E+12	3.428209E-5	29169.752805	17.832966	0.989812	0	0
0	0	0	30.804166	9.712065	27.59147	9.712065	2.837683E+12	3.406564E-5	29355.089419	17.830148	0.988028	0	0
0	0	0	30.733274	9.71454	27.515715	9.71454	2.710168E+12	3.397301E-5	29435.132292	17.835252	0.986085	0	0
0	0	0	30.663689	9.716507	27.441507	9.716507	2.590576E+12	3.365661E-5	29711.844042	17.832324	0.984103	0	0
0	0	0	30.593107	9.718432	27.366259	9.718432	2.474661E+12	3.33387E-5	29995.166279	17.830591	0.982359	0	0
0	0	0	30.521381	9.720572	27.289729	9.720572	2.362179E+12	3.318615E-5	30133.052324	17.828944	0.980535	0	0
0	0	0	30.450995	9.722505	27.214682	9.722505	2.256769E+12	3.298169E-5	30319.857308	17.833744	0.978632	0	0
0	0	0	30.379188	9.724279	27.138185	9.724279	2.154075E+12	3.268806E-5	30592.213333	17.841023	0.97669	0	0
0	0	0	30.307855	9.725847	27.062255	9.725847	2.056686E+12	3.230571E-5	30954.277967	17.847835	0.974708	0	0
0	0	0	30.234692	9.727652	26.98431	9.727652	1.96137E+12	3.210584E-5	31146.985248	17.852868	0.972607	0	0
0	0	0	30.16135	9.72922	26.906254	9.72922	1.870253E+12	3.177649E-5	31469.81162	17.841561	0.970981	0	0
0	0	0	30.08982	9.731411	26.829904	9.731411	1.785466E+12	3.203502E-5	31215.837733	17.845128	0.969079	0	0
0	0	0	30.016461	9.732753	26.751903	9.732753	1.702502E+12	3.163174E-5	31613.810832	17.84901	0.966938	0	0
0	0	0	29.943054	9.734332	26.673769	9.734332	1.62334E+12	3.14761E-5	31770.140786	17.847572	0.964995	0	0
0	0	0	29.869793	9.7355	26.595928	9.7355	1.548006E+12	3.101688E-5	32240.513106	17.853767	0.962934	0	0
0	0	0	29.795862	9.736959	26.51728	9.736959	1.475527E+12	3.084943E-5	32415.506442	17.857343	0.960833	0	0
0	0	0	29.723304	9.738363	26.440099	9.738363	1.407693E+12	3.071615E-5	32556.165818	17.859926	0.95889	0	0
0	0	0	29.649798	9.739778	26.361913	9.739778	1.342153E+12	3.063364E-5	32643.85054	17.84873	0.957265	0	0
0	0	0	29.575622	9.741161	26.283027	9.741161	1.279108E+12	3.056935E-5	32712.505136	17.850211	0.955402	0	0
0	0	0	29.501349	9.741618	26.204351	9.741618	1.218946E+12	2.959176E-5	33793.194971	17.860119	0.953261	0	0
0	0	0	29.427059	9.742558	26.125492	9.742558	1.161602E+12	2.914798E-5	34307.691063	17.860269	0.951358	0	0
0	0	0	29.351658	9.744199	26.045222	9.744199	1.106157E+12	2.94859E-5	33914.520493	17.863148	0.949416	0	0
0	0	0	29.276943	9.745268	25.965868	9.745268	1.053828E+12	2.928039E-5	34152.549238	17.856819	0.947711	0	0
0	0	0	29.200073	9.74622	25.884275	9.74622	1.002571E+12	2.89465E-5	34546.487904	17.852285	0.945887	0	0
0	0	0	29.123431	9.746934	25.803003	9.746934	9.539484E+11	2.837645E-5	35240.493691	17.850272	0.944143	0	0
0	0	0	29.047229	9.748283	25.721981	9.748283	9.079434E+11	2.864544E-5	34909.574434	17.857863	0.942082	0	0
0	0	0	28.969542	9.748588	25.639742	9.748588	8.633241E+11	2.761638E-5	36210.396107	17.870485	0.939941	0	0
0	0	0	28.891691	9.749613	25.557084	9.749613	8.208104E+11	2.754391E-5	36305.661254	17.86404	0.938276	0	0
0	0	0	28.813399	9.750671	25.473948	9.750671	7.801669E+11	2.757431E-5	36265.642419	17.861626	0.936492	0	0
0	0	0	28.734405	9.751093	25.390286	9.751093	7.41198E+11	2.67665E-5	37360.135709	17.862595	0.934589	0	0
0	0	0	28.654332	9.752301	25.305214	9.752301	7.036832E+11	2.709579E-5	36906.095705	17.861758	0.932805	0	0
0	0	0	28.573443	9.753089	25.219421	9.753089	6.677132E+11	2.687288E-5	37212.243911	17.862098	0.930942	0	0
0	0	0	28.491198	9.753662	25.132269	9.753662	6.330248E+11	2.634216E-5	37961.966141	17.869004	0.928881	0	0
0	0	0	28.407532	9.754245	25.04361	9.754245	5.995855E+11	2.584355E-5	38694.376037	17.866076	0.926819	0	0
0	0	0	28.323131	9.754806	24.954181	9.754806	5.676418E+11	2.53406E-5	39462.370311	17.858419	0.925313	0	0
0	0	0	28.237571	9.755691	24.863413	9.755691	5.369958E+11	2.540156E-5	39367.666156	17.852574	0.92345	0	0
0	0	0	28.149641	9.756157	24.770285	9.756157	5.072243E+11	2.477084E-5	40370.053562	17.863491	0.921309	0	0
0	0	0	28.055276	9.756623	24.670352	9.756623	4.771074E+11	2.408107E-5	41526.392712	17.860223	0.919604	0	0
0	0	0	27.964864	9.757335	24.574513	9.757335	4.499308E+11	2.393633E-5	41777.50451	17.861961	0.917622	0	0
0	0	0	27.871136	9.757833	24.475241	9.757833	4.233905E+11	2.340702E-5	42722.224911	17.864958	0.91568	0	0
0	0	0	27.780021	9.75833	24.378733	9.75833	3.990917E+11	2.296218E-5	43549.871772	17.856306	0.914094	0	0
0	0	0	27.685509	9.758923	24.278598	9.758923	3.753593E+11	2.270192E-5	44049.137439	17.86085	0.912072	0	0
0	0	0	27.590801	9.759722	24.178183	9.759722	3.529932E+11	2.29259E-5	43618.78768	17.858681	0.910526	0	0
0	0	0	27.493267	9.759788	24.075036	9.759788	3.313518E+11	2.165371E-5	46181.453617	17.865346	0.908544	0	0
0	0	0	27.392972	9.760382	23.968785	9.760382	3.104806E+11	2.147726E-5	46560.877355	17.870724	0.906403	0	0
0	0	0	27.292726	9.760846	23.862631	9.760846	2.909334E+11	2.109065E-5	47414.380387	17.86426	0.904659	0	0
0	0	0	27.189295	9.761268	23.753123	9.761268	2.72054E+11	2.061963E-5	48497.478185	17.857353	0.902994	0	0
0	0	0	27.084394	9.761409	23.64216	9.761409	2.541573E+11	1.95622E-5	51118.991854	17.858751	0.901051	0	0
0	0	0	26.977941	9.762218	23.529319	9.762218	2.37199E+11	2.003323E-5	49917.064334	17.863778	0.899148	0	0
0	0	0	26.869365	9.762542	23.414404	9.762542	2.210674E+11	1.9429E-5	51469.4462	17.862509	0.897365	0	0
0	0	0	26.757702	9.762748	23.296266	9.762748	2.056207E+11	1.855003E-5	53908.278585	17.867678	0.895501	0	0
0	0	0	26.643392	9.763245	23.175227	9.763245	1.909253E+11	1.839848E-5	54352.303246	17.869049	0.893519	0	0
0	0	0	26.526387	9.763655	23.051368	9.763655	1.769705E+11	1.807204E-5	55334.104909	17.866738	0.891656	0	0
0	0	0	26.406295	9.763721	22.924367	9.763721	1.637074E+11	1.687992E-5	59241.983779	17.861186	0.889991	0	0
0	0	0	26.284863	9.764056	22.795854	9.764056	1.513068E+11	1.64087E-5	60943.277655	17.863611	0.888207	0	0
0	0	0	26.159772	9.764725	22.663352	9.764725	1.39514E+11	1.687256E-5	59267.82647	17.867645	0.886106	0	0
0	0	0	26.031774	9.764973	22.527925	9.764973	1.283979E+11	1.622374E-5	61638.079091	17.864246	0.884362	0	0
0	0	0	25.901685	9.765308	22.390256	9.765308	1.180073E+11	1.58672E-5	63023.110304	17.864934	0.882736	0	0
0	0	0	25.767365	9.765417	22.248195	9.765417	1.081604E+11	1.485299E-5	67326.490367	17.861961	0.880833	0	0
0	0	0	25.629909	9.765687	22.102759	9.765687	9.893358E+10	1.434439E-5	69713.674576	17.853618	0.879248	0	0
0	0	0	25.489252	9.765882	21.953965	9.765882	9.030615E+10	1.364272E-5	73299.152855	17.857933	0.877503	0	0
0	0	0	25.344298	9.766421	21.800504	9.766421	8.220166E+10	1.404869E-5	71181.014818	17.868618	0.875561	0	0
0	0	0	25.197238	9.766465	21.644993	9.766465	7.47223E+10	1.290901E-5	77465.303986	17.870628	0.873737	0	0
0	0	0	25.046371	9.767047	21.485262	9.767047	6.775598E+10	1.366292E-5	73190.803577	17.870701	0.871795	0	0
0	0	0	24.891666	9.766833	21.321762	9.766833	6.128632E+10	1.164181E-5	85897.296745	17.867869	0.870051	0	0
0	0	0	24.732779	9.767038	21.153688	9.767038	5.528424E+10	1.111977E-5	89929.913338	17.859394	0.868505	0	0
0	0	0	24.568599	9.767459	20.979938	9.767459	4.969906E+10	1.136644E-5	87978.327942	17.862763	0.86676	0	0
0	0	0	24.40063	9.767535	20.802307	9.767535	4.456843E+10	1.045277E-5	95668.386289	17.859982	0.864937	0	0
0	0	0	24.228185	9.76773	20.6199	9.76773	3.985158E+10	9.996491E-6	100035.102869	17.865286	0.863232	0	0
0	0	0	24.051004	9.768086	20.432423	9.768086	3.55246E+10	1.020984E-5	97944.768667	17.866174	0.861408	0	0
0	0	0	23.873168	9.768033	20.244408	9.768033	3.165401E+10	8.904009E-6	112308.961152	17.862799	0.859625	0	0
0	0	0	23.69107	9.768076	20.051848	9.768076	2.812725E+10	8.053155E-6	124174.941974	17.854053	0.858158	0	0
0	0	0	23.505802	9.768357	19.855849	9.768357	2.49421E+10	8.063564E-6	124014.645061	17.855748	0.856374	0	0
0	0	0	23.316958	9.768777	19.656015	9.768777	2.206637E+10	8.846195E-6	113042.951612	17.857598	0.854748	0	0
0	0	0	23.124127	9.768326	19.452293	9.768326	1.947179E+10	6.206116E-6	161131.366999	17.861633	0.852885	0	0
0	0	0	22.927965	9.768864	19.244675	9.768864	1.714518E+10	7.233486E-6	138245.922815	17.868947	0.850903	0	0
0	0	0	22.727784	9.769424	19.032799	9.769424	1.505727E+10	9.576052E-6	104427.168633	17.863592	0.849436	0	0
0	0	0	22.523862	9.769403	18.817187	9.769403	1.319157E+10	8.232293E-6	121472.837928	17.853787	0.84789	0	0
0	0	0	22.317	9.769178	18.598545	9.769178	1.153503E+10	5.996007E-6	166777.65651	17.846982	0.846225	0	0
0	0	0	22.10906	9.769404	18.37859	9.769404	1.007945E+10	6.294408E-6	158871.167619	17.846596	0.844521	0	0
0	0	0	21.896204	9.769792	18.153374	9.769792	8.779502E+9	8.369633E-6	119479.553663	17.854547	0.842538	0	0
0	0	0	21.681028	9.769566	17.92594	9.769566	7.635711E+9	5.571538E-6	179483.652897	17.854946	0.840873	0	0
0	0	0	21.463222	9.769695	17.695589	9.769695	6.629613E+9	5.589149E-6	178918.114722	17.856517	0.839089	0	0
0	0	0	21.245514	9.76976	17.465367	9.76976	5.756447E+9	5.26251E-6	190023.374137	17.84813	0.837504	0	0
0	0	0	21.023934	9.76933	17.231243	9.76933	4.985746E+9	2.921158E-6	342330.03048	17.849163	0.835878	0	0
0	0	0	20.800215	9.769717	16.994539	9.769717	4.312241E+9	3.734792E-6	267752.55714	17.843816	0.834174	0	0
0	0	0	20.571007	9.769599	16.752228	9.769599	3.716461E+9	2.809116E-6	355983.882199	17.847948	0.832429	0	0
0	0	0	20.34082	9.769815	16.508751	9.769815	3.200958E+9	3.149981E-6	317462.217745	17.848866	0.830725	0	0
0	0	0	20.113621	9.769815	16.268518	9.769815	2.762311E+9	2.718796E-6	367809.821566	17.854378	0.828941	0	0
0	0	0	19.883744	9.769933	16.025406	9.769933	2.379636E+9	2.808768E-6	356028.02632	17.848633	0.827395	0	0
0	0	0	19.654373	9.769912	15.782885	9.769912	2.050648E+9	2.336268E-6	428033.004141	17.838627	0.826007	0	0
0	0	0	19.424692	9.770062	15.539967	9.770062	1.766787E+9	2.664812E-6	375260.978161	17.840524	0.824263	0	0
0	0	0	19.194341	9.770019	15.296418	9.770019	1.521559E+9	2.100943E-6	475976.632547	17.842494	0.822558	0	0
0	0	0	18.961588	9.769933	15.050347	9.769933	1.308328E+9	1.545062E-6	647223.098465	17.847309	0.820774	0	0
0	0	0	18.728363	9.770245	14.803616	9.770245	1.124634E+9	2.796709E-6	357563.076604	17.84696	0.819109	0	0
0	0	0	18.495414	9.770159	14.557338	9.770159	9.669052E+8	1.842762E-6	542663.724355	17.836818	0.817682	0	0
0	0	0	18.261845	9.770558	14.310208	9.770558	8.309631E+8	-1.951943E-5	-51231.013969	17.831217	0.816255	0	0
0	0	0	18.026169	9.770321	14.061106	9.770321	7.131584E+8	2.4204E-6	413154.791349	17.833164	0.814511	0	0
0	0	0	17.790199	9.770299	13.811607	9.770299	6.119379E+8	1.881357E-6	531531.305898	17.837149	0.812965	0	0
0	0	0	17.553853	9.770149	13.561763	9.770149	5.24956E+8	9.724064E-7	1028376.589203	17.834286	0.8113	0	0
0	0	0	17.317311	9.770461	13.311522	9.770461	4.502806E+8	4.727626E-6	211522.663514	17.831251	0.809635	0	0
0	0	0	17.078809	9.770612	13.059275	9.770612	3.85737E+8	-3.230458E-6	-309553.640651	17.830258	0.807891	0	0
0	0	0	16.834476	9.770181	12.801101	9.770181	3.291975E+8	6.66691E-7	1499945.191554	17.824214	0.806424	0	0
0	0	0	16.589293	9.770439	12.541745	9.770439	2.807906E+8	2.23148E-6	448133.086483	17.815755	0.805036	0	0
0	0	0	16.34754	9.770461	12.286113	9.770461	2.400352E+8	2.522605E-6	396415.56816	17.823023	0.803213	0	0
0	0	0	16.102701	9.770461	12.027226	9.770461	2.047847E+8	2.152485E-6	464579.208287	17.826395	0.801429	0	0
0	0	0	15.858498	9.770429	11.769026	9.770429	1.747831E+8	1.238571E-6	807381.921476	17.823029	0.800002	0	0
0	0	0	15.612335	9.770482	11.508718	9.770482	1.489873E+8	2.311511E-6	432617.480204	17.817934	0.798297	0	0
0	0	0	15.364996	9.770515	11.247175	9.770515	1.269018E+8	6.876546E-6	145421.853625	17.813013	0.796909	0	0
0	0	0	15.113312	9.770332	10.981128	9.770332	1.07786E+8	3.862465E-7	2589020.332326	17.813211	0.795284	0	0
0	0	0	14.860974	9.770343	10.714309	9.770343	9.151083E+7	3.469963E-7	2881875.149084	17.819089	0.793659	0	0
0	0	0	14.606758	9.770472	10.445453	9.770472	7.759855E+7	9.729752E-7	1027775.392827	17.818007	0.792192	0	0
0	0	0	14.349815	9.770472	10.173768	9.770472	6.5685E+7	8.2365E-7	1214107.938622	17.81836	0.790567	0	0
0	0	0	14.088787	9.770676	9.897677	9.770676	5.545342E+7	-2.621537E-7	-3814556.430257	17.81177	0.78906	0	0
0	0	0	13.824705	9.770407	9.618559	9.770407	4.672291E+7	2.720846E-7	3675327.583719	17.803623	0.78795	0	0
0	0	0	13.558859	9.770762	9.337308	9.770762	3.93219E+7	-1.176671E-7	-8498549.040676	17.803675	0.786127	0	0
0	0	0	13.286397	9.770687	9.049246	9.770687	3.295151E+7	-1.452438E-7	-6884977.124776	17.808037	0.784581	0	0
0	0	0	13.002959	9.770622	8.749574	9.770622	2.741723E+7	-2.032537E-7	-4919960.539989	17.808436	0.782955	0	0
0	0	0	12.716073	9.771031	8.44605	9.771031	2.276151E+7	-3.172587E-8	-3.152002E+7	17.806964	0.781369	0	0
0	0	0	12.42548	9.770956	8.138817	9.770956	1.885097E+7	-3.089647E-8	-3.236616E+7	17.792448	0.780141	0	0
0	0	0	12.131653	9.770719	7.828235	9.770719	1.557956E+7	-5.709518E-8	-1.751461E+7	17.796218	0.778476	0	0
0	0	0	11.839671	9.770967	7.519392	9.770967	1.28913E+7	-2.061069E-8	-4.851851E+7	17.79056	0.777286	0	0
0	0	0	11.548572	9.771214	7.211481	9.771214	1.067301E+7	-1.091239E-8	-9.163894E+7	17.803315	0.775344	0	0
0	0	0	11.254989	9.770816	6.901231	9.770816	8822213	-2.14733E-8	-4.656946E+7	17.793107	0.774115	0	0
0	0	0	10.962011	9.770934	6.59139	9.770934	7295220	-1.258927E-8	-7.943271E+7	17.78544	0.772688	0	0
0	0	0	10.670748	9.770945	6.283411	9.770945	6039242	-1.015323E-8	-9.849084E+7	17.791007	0.770943	0	0
0	0	0	10.376905	9.77087	5.972742	9.77087	4991136	-1.023825E-8	-9.767294E+7	17.773679	0.769794	0	0
0	0	0	10.085217	9.771031	5.664246	9.771031	4130702	-5.757454E-9	-1.736879E+8	17.775251	0.768248	0	0
0	0	0	9.794803	9.770838	5.357258	9.770838	3421426	-7.74939E-9	-1.290424E+8	17.780501	0.766622	0	0
0	0	0	9.504063	9.770902	5.049807	9.770902	2833339	-5.310942E-9	-1.882905E+8	17.778604	0.765076	0	0
0	0	0	9.218256	9.770708	4.74769	9.770708	2353854	-9.139517E-9	-1.09415E+8	17.78387	0.763411	0	0
0	0	0	8.946726	9.77116	4.460373	9.77116	1973707	-2.18956E-9	-4.567127E+8	17.773238	0.762143	0	0
0	0	0	8.686106	9.770848	4.184945	9.770848	1666710	-3.648343E-9	-2.74097E+8	17.765331	0.760993	0	0
0	0	0	8.428035	9.770913	3.912037	9.770913	1409792	-2.568761E-9	-3.892928E+8	17.768204	0.759328	0	0
0	0	0	8.17297	9.77102	3.642287	9.77102	1194804	-1.701699E-9	-5.876481E+8	17.769942	0.757901	0	0
0	0	0	7.918313	9.771171	3.372949	9.771171	1012870	-1.104851E-9	-9.05099E+8	17.757804	0.756632	0	0
0	0	0	7.660928	9.770924	3.100912	9.770924	857121	-1.519308E-9	-6.581945E+8	17.766005	0.754967	0	0
0	0	0	7.403543	9.7713	2.828583	9.7713	725321	-6.58957E-10	-1.51755E+9	17.761494	0.753619	0	0
0	0	0	7.143757	9.771408	2.553841	9.771408	612833	-4.886975E-10	-2.046256E+9	17.753329	0.75239	0	0
0	0	0	6.881293	9.771225	2.276402	9.771225	516892	-5.203266E-10	-1.92187E+9	17.755123	0.750805	0	0
0	0	0	6.616002	9.770924	1.996032	9.770924	435171	-7.713712E-10	-1.296393E+9	17.751787	0.749378	0	0
0	0	0	6.349894	9.77116	1.714545	9.77116	366177	-4.062234E-10	-2.461699E+9	17.753669	0.747832	0	0
0	0	0	6.085779	9.770988	1.435358	9.770988	308520	-4.702088E-10	-2.126715E+9	17.74504	0.746563	0	0
0	0	0	5.825209	9.770859	1.159899	9.770859	260540	-5.517914E-10	-1.812279E+9	17.738463	0.745175	0	0
0	0	0	5.570601	9.770838	0.890693	9.770838	220874	-5.002687E-10	-1.998926E+9	17.741763	0.743748	0	0
0	0	0	5.323752	9.77059	0.6298	9.77059	188192	-2.116531E-9	-4.724712E+8	17.734717	0.74244	0	0
0	0	0	5.089824	9.770924	0.38229	9.770924	161696	-2.866175E-10	-3.488971E+9	17.741572	0.740894	0	0
0	0	0	4.865615	9.771064	0.145149	9.771064	139808	-1.831276E-10	-5.460673E+9	17.739323	0.739427	0	0
0	0	0	4.651223	9.770988	-0.081508	9.770988	121656	-1.854133E-10	-5.393356E+9	17.739502	0.73804	0	0
0	0	0	4.445063	9.77101	-0.299506	9.77101	106427	-1.549619E-10	-6.453199E+9	17.735511	0.736454	0	0
0	0	0	4.248786	9.771096	-0.507086	9.771096	93704	-1.157645E-10	-8.638227E+9	17.723725	0.735503	0	0
0	0	0	4.060432	9.771268	-0.706332	9.771268	82927	-7.862464E-11	-1.271866E+10	17.720544	0.733917	0	0
0	0	0	3.878627	9.77102	-0.898447	9.77102	73701	-1.049685E-10	-9.526666E+9	17.724543	0.73241	0	0
0	0	0	3.706803	9.770956	-1.080098	9.770956	65928	-1.080533E-10	-9.254693E+9	17.723337	0.731063	0	0
0	0	0	3.540451	9.770902	-1.255968	9.770902	59184	-1.10937E-10	-9.014129E+9	17.729866	0.729477	0	0
0	0	0	3.383377	9.770805	-1.422006	9.770805	53450	-1.351385E-10	-7.399815E+9	17.714366	0.728407	0	0
0	0	0	3.231073	9.770838	-1.583065	9.770838	48422	-1.096734E-10	-9.117979E+9	17.720886	0.726781	0	0
0	0	0	3.085891	9.771074	-1.736694	9.771074	44070	-5.65888E-11	-1.767134E+10	17.711734	0.725632	0	0
0	0	0	2.944776	9.771225	-1.88598	9.771225	40215	-4.048221E-11	-2.470221E+10	17.699276	0.724442	0	0
0	0	0	2.811159	9.770762	-2.027035	9.770762	36876	-1.103414E-10	-9.062782E+9	17.702005	0.722975	0	0
0	0	0	2.683275	9.770859	-2.162304	9.770859	33940	-7.18807E-11	-1.391194E+10	17.710379	0.721231	0	0
0	0	0	2.559638	9.770988	-2.293098	9.770988	31324	-4.774024E-11	-2.094669E+10	17.703051	0.719883	0	0
0	0	0	2.443025	9.770977	-2.416397	9.770977	29042	-4.53212E-11	-2.206473E+10	17.685964	0.718892	0	0
0	0	0	2.330496	9.771053	-2.53542	9.771053	26998	-3.608801E-11	-2.771004E+10	17.691146	0.717227	0	0
0	0	0	2.221658	9.770988	-2.65047	9.770988	25157	-3.834125E-11	-2.608157E+10	17.681668	0.716038	0	0
0	0	0	2.11777	9.770967	-2.760308	9.770967	23518	-3.760031E-11	-2.659553E+10	17.694401	0.714452	0	0
0	0	0	2.017508	9.770881	-2.86628	9.770881	22037	-4.382579E-11	-2.281761E+10	17.697243	0.713025	0	0
0	0	0	1.919206	9.77116	-2.970362	9.77116	20675	-2.293609E-11	-4.359941E+10	17.686442	0.711915	0	0
0	0	0	1.821966	9.770977	-3.073089	9.770977	19412	-3.02932E-11	-3.301071E+10	17.68239	0.710409	0	0
0	0	0	1.733955	9.771203	-3.166263	9.771203	18335	-1.904462E-11	-5.250825E+10	17.677423	0.708902	0	0
0	0	0	1.649913	9.770934	-3.254992	9.770934	17362	-2.996119E-11	-3.337651E+10	17.673378	0.707832	0	0
0	0	0	1.567015	9.770999	-3.342679	9.770999	16453	-2.450316E-11	-4.081106E+10	17.675136	0.706286	0	0
0	0	0	1.488592	9.771386	-3.425796	9.771386	15637	-1.278208E-11	-7.82345E+10	17.669869	0.705017	0	0
0	0	0	1.414792	9.770891	-3.503581	9.770891	14906	-2.876707E-11	-3.476197E+10	17.660727	0.703828	0	0
0	0	0	1.342642	9.771031	-3.579942	9.771031	14224	-1.982563E-11	-5.043975E+10	17.655512	0.70248	0	0
0	0	0	1.275523	9.771268	-3.651031	9.771268	13618	-1.291148E-11	-7.745045E+10	17.657393	0.701093	0	0
0	0	0	1.209172	9.771139	-3.721124	9.771139	13044	-1.498006E-11	-6.67554E+10	17.656769	0.699784	0	0
0	0	0	1.146692	9.771139	-3.787189	9.771139	12526	-1.438518E-11	-6.9516E+10	17.655767	0.698555	0	0
0	0	0	1.084604	9.770956	-3.852747	9.770956	12032	-1.971995E-11	-5.071006E+10	17.659557	0.697208	0	0
0	0	0	1.027335	9.771128	-3.913389	9.771128	11593	-1.355229E-11	-7.378825E+10	17.650543	0.696018	0	0
0	0	0	0.972042	9.771053	-3.971816	9.771053	11185	-1.49509E-11	-6.688561E+10	17.646319	0.694789	0	0
0	0	0	0.919984	9.770859	-4.026764	9.770859	10813	-2.290059E-11	-4.3667E+10	17.64029	0.6936	0	0
0	0	0	0.869085	9.771074	-4.080692	9.771074	10462	-1.34339E-11	-7.443854E+10	17.642451	0.692411	0	0
0	0	0	0.820947	9.770805	-4.131455	9.770805	10140	-2.563713E-11	-3.900593E+10	17.642041	0.690984	0	0
0	0	0	0.774311	9.770924	-4.180826	9.770924	9838	-1.743854E-11	-5.734425E+10	17.639765	0.689675	0	0
0	0	0	0.729473	9.771225	-4.228391	9.771225	9556	-9.619495E-12	-1.039556E+11	17.637444	0.688328	0	0
0	0	0	0.687166	9.770687	-4.272852	9.770687	9297	-4.097625E-11	-2.440438E+10	17.628478	0.687376	0	0
0	0	0	0.645872	9.770762	-4.316553	9.770762	9052	-2.708565E-11	-3.691992E+10	17.613813	0.686187	0	0
0	0	0	0.60693	9.771085	-4.357893	9.771085	8826	-1.111438E-11	-8.997352E+10	17.628372	0.68472	0	0
0	0	0	0.570733	9.77087	-4.396058	9.77087	8621	-1.768405E-11	-5.654814E+10	17.62046	0.68365	0	0
0	0	0	0.534927	9.77101	-4.433989	9.77101	8423	-1.226422E-11	-8.1538E+10	17.62528	0.682183	0	0
0	0	0	0.499661	9.771279	-4.471416	9.771279	8233	-7.694029E-12	-1.299709E+11	17.611371	0.681231	0	0
0	0	0	0.467596	9.77102	-4.505189	9.77102	8063	-1.148371E-11	-8.707985E+10	17.596551	0.680201	0	0
0	0	0	0.436331	9.770913	-4.538193	9.770913	7901	-1.439628E-11	-6.946241E+10	17.602326	0.678774	0	0
0	0	0	0.4059	9.770988	-4.570408	9.770988	7747	-1.180704E-11	-8.469525E+10	17.598547	0.677584	0	0
0	0	0	0.376955	9.770816	-4.600926	9.770816	7603	-1.850552E-11	-5.403792E+10	17.592028	0.676474	0	0
0	0	0	0.350085	9.77102	-4.629443	9.77102	7471	-1.064056E-11	-9.398003E+10	17.606148	0.67473	0	0
0	0	0	0.323753	9.771053	-4.657301	9.771053	7345	-9.818002E-12	-1.018537E+11	17.586925	0.673898	0	0
0	0	0	0.298336	9.770655	-4.683973	9.770655	7225	-3.99399E-11	-2.503762E+10	17.584058	0.672748	0	0
0	0	0	0.274553	9.771193	-4.709396	9.771193	7114	-7.508904E-12	-1.331752E+11	17.572642	0.671559	0	0
0	0	0	0.251766	9.771107	-4.733446	9.771107	7010	-8.499373E-12	-1.176557E+11	17.57746	0.67029	0	0
0	0	0	0.230352	9.771225	-4.75615	9.771225	6913	-6.958934E-12	-1.437002E+11	17.583741	0.668823	0	0
0	0	0	0.20977	9.770773	-4.777682	9.770773	6821	-1.951481E-11	-5.124313E+10	17.58052	0.667594	0	0
0	0	0	0.188862	9.770859	-4.799834	9.770859	6729	-1.425118E-11	-7.016961E+10	17.575253	0.666365	0	0
0	0	0	0.170469	9.771096	-4.819402	9.771096	6650	-8.215592E-12	-1.217198E+11	17.571459	0.664899	0	0
0	0	0	0.152779	9.770934	-4.838025	9.770934	6574	-1.13446E-11	-8.814769E+10	17.554969	0.663987	0	0
0	0	0	0.136411	9.770859	-4.855293	9.770859	6504	-1.377466E-11	-7.259706E+10	17.556204	0.662916	0	0
0	0	0	0.120403	9.770881	-4.872231	9.770881	6437	-1.28015E-11	-7.811585E+10	17.553309	0.661727	0	0
0	0	0	0.105702	9.770902	-4.887786	9.770902	6376	-1.195144E-11	-8.367193E+10	17.552951	0.660181	0	0
0	0	0	0.091311	9.770967	-4.903036	9.770967	6317	-1.009955E-11	-9.901435E+10	17.551153	0.659031	0	0
0	0	0	0.078162	9.771064	-4.916989	9.771064	6263	-8.203595E-12	-1.218978E+11	17.541276	0.657921	0	0
0	0	0	0.065192	9.771225	-4.930786	9.771225	6211	-6.252269E-12	-1.599419E+11	17.530987	0.656732	0	0
0	0	0	0.053448	9.770967	-4.943072	9.770967	6163	-9.853333E-12	-1.014885E+11	17.528752	0.655662	0	0
0	0	0	0.041687	9.771171	-4.955612	9.771171	6117	-6.672498E-12	-1.498689E+11	17.527939	0.654195	0	0
0	0	0	0.031478	9.771354	-4.966501	9.771354	6076	-5.160689E-12	-1.937726E+11	17.524186	0.653045	0	0
0	0	0	0.022085	9.770891	-4.976195	9.770891	6039	-1.165466E-11	-8.580262E+10	17.522021	0.651856	0	0
0	0	0	0.012415	9.770816	-4.986382	9.770816	6002	-1.460873E-11	-6.845224E+10	17.52334	0.650469	0	0
0	0	0	0.003447	9.771064	-4.995991	9.771064	5967	-7.815879E-12	-1.279447E+11	17.509653	0.649478	0	0
0	0	0	-0.004116	9.771193	-5.004054	9.771193	5937	-6.266567E-12	-1.59577E+11	17.51401	0.648169	0	0
0	0	0	-0.011613	9.77101	-5.011888	9.77101	5909	-8.603737E-12	-1.162286E+11	17.508226	0.64702	0	0
0	0	0	-0.019503	9.770967	-5.020208	9.770967	5879	-9.399277E-12	-1.063912E+11	17.51133	0.645711	0	0
0	0	0	-0.026608	9.771042	-5.02776	9.771042	5852	-7.985968E-12	-1.252196E+11	17.507335	0.644403	0	0
0	0	0	-0.033012	9.770999	-5.034508	9.770999	5827	-8.678048E-12	-1.152333E+11	17.499786	0.643373	0	0
0	0	0	-0.038843	9.770891	-5.040619	9.770891	5805	-1.120306E-11	-8.926133E+10	17.492023	0.642223	0	0
0	0	0	-0.044348	9.770859	-5.046423	9.770859	5785	-1.225191E-11	-8.161993E+10	17.488888	0.640994	0	0
0	0	0	-0.049167	9.770838	-5.051508	9.770838	5767	-1.306197E-11	-7.655814E+10	17.490802	0.639646	0	0
0	0	0	-0.053659	9.770967	-5.056324	9.770967	5750	-9.193033E-12	-1.08778E+11	17.487778	0.638378	0	0
0	0	0	-0.057465	9.771128	-5.060431	9.771128	5736	-6.705422E-12	-1.491331E+11	17.488102	0.63703	0	0
0	0	0	-0.060062	9.770805	-5.063011	9.770805	5726	-1.447714E-11	-6.907442E+10	17.481299	0.63584	0	0
0	0	0	-0.06292	9.771193	-5.066232	9.771193	5716	-6.0333E-12	-1.657468E+11	17.479765	0.634651	0	0
0	0	0	-0.065403	9.770773	-5.068643	9.770773	5706	-1.632481E-11	-6.125647E+10	17.475349	0.633383	0	0
0	0	0	-0.067494	9.77101	-5.070975	9.77101	5699	-8.297969E-12	-1.205114E+11	17.462824	0.632431	0	0
0	0	0	-0.069095	9.771117	-5.072723	9.771117	5693	-6.776599E-12	-1.475667E+11	17.465881	0.631242	0	0
0	0	0	-0.070549	9.771053	-5.074227	9.771053	5687	-7.601767E-12	-1.315484E+11	17.461625	0.629854	0	0
0	0	0	-0.072247	9.770977	-5.075984	9.770977	5681	-8.865427E-12	-1.127977E+11	17.451024	0.628824	0	0
0	0	0	-0.072933	9.770687	-5.076561	9.770687	5678	-2.502562E-11	-3.995905E+10	17.445573	0.627634	0	0
0	0	0	-0.074191	9.771171	-5.078139	9.771171	5674	-6.189268E-12	-1.6157E+11	17.4358	0.626643	0	0
0	0	0	-0.074747	9.770719	-5.078495	9.770719	5672	-2.078583E-11	-4.81097E+10	17.437355	0.625414	0	0
0	0	0	-0.075449	9.770719	-5.079237	9.770719	5669	-2.077484E-11	-4.813516E+10	17.444727	0.624027	0	0
0	0	0	-0.075955	9.771354	-5.080098	9.771354	5667	-4.813302E-12	-2.077576E+11	17.437265	0.622837	0	0
0	0	0	-0.076494	9.770956	-5.080464	9.770956	5665	-9.284702E-12	-1.07704E+11	17.42722	0.621767	0	0
0	0	0	-0.077524	9.770934	-5.081541	9.770934	5662	-9.770779E-12	-1.02346E+11	17.418736	0.620657	0	0
0	0	0	-0.077883	9.770967	-5.081938	9.770967	5660	-9.049142E-12	-1.105077E+11	17.426468	0.619309	0	0
0	0	0	-0.078193	9.770859	-5.082211	9.770859	5659	-1.198506E-11	-8.343723E+10	17.41292	0.618397	0	0
0	0	0	-0.077899	9.771117	-5.082032	9.771117	5660	-6.737318E-12	-1.48427E+11	17.420543	0.61701	0	0
0	0	0	-0.078651	9.770999	-5.082766	9.770999	5658	-8.426359E-12	-1.186752E+11	17.418777	0.615781	0	0
0	0	0	-0.078749	9.770956	-5.082848	9.770956	5657	-9.271591E-12	-1.078564E+11	17.404014	0.61479	0	0
0	0	0	-0.079141	9.770752	-5.083157	9.770752	5656	-1.77377E-11	-5.637711E+10	17.391644	0.61372	0	0
0	0	0	-0.079533	9.77087	-5.083633	9.77087	5654	-1.159791E-11	-8.622241E+10	17.395297	0.61253	0	0
0	0	0	-0.079794	9.770708	-5.083826	9.770708	5653	-2.194931E-11	-4.555952E+10	17.394044	0.611381	0	0
0	0	0	-0.07981	9.77087	-5.083926	9.77087	5653	-1.159586E-11	-8.623766E+10	17.395449	0.610112	0	0
0	0	0	-0.080594	9.770881	-5.084761	9.770881	5650	-1.123636E-11	-8.899677E+10	17.388409	0.609002	0	0
0	0	0	-0.080986	9.770967	-5.085219	9.770967	5649	-9.031556E-12	-1.107229E+11	17.382567	0.607773	0	0
0	0	0	-0.081476	9.770848	-5.085677	9.770848	5647	-1.236097E-11	-8.089978E+10	17.365817	0.606782	0	0
0	0	0	-0.081738	9.770795	-5.085926	9.770795	5646	-1.485047E-11	-6.733791E+10	17.360578	0.605791	0	0
0	0	0	-0.082424	9.770795	-5.086651	9.770795	5643	-1.484258E-11	-6.737371E+10	17.367442	0.604245	0	0
0	0	0	-0.08244	9.771042	-5.086795	9.771042	5643	-7.700755E-12	-1.298574E+11	17.356179	0.603611	0	0
0	0	0	-0.082702	9.77087	-5.086983	9.77087	5643	-1.157535E-11	-8.639049E+10	17.356962	0.602263	0	0
0	0	0	-0.083339	9.771203	-5.087828	9.771203	5640	-5.858286E-12	-1.706984E+11	17.341637	0.601311	0	0
0	0	0	-0.084155	9.77101	-5.088592	9.77101	5637	-8.207694E-12	-1.218369E+11	17.338173	0.600241	0	0
0	0	0	-0.084417	9.77101	-5.088868	9.77101	5636	-8.206238E-12	-1.218585E+11	17.324303	0.59921	0	0
0	0	0	-0.084368	9.770827	-5.088723	9.770827	5637	-1.322679E-11	-7.560415E+10	17.331321	0.597981	0	0
0	0	0	-0.084613	9.77102	-5.089081	9.77102	5635	-8.025638E-12	-1.246007E+11	17.33059	0.596911	0	0
0	0	0	-0.085168	9.770999	-5.089657	9.770999	5634	-8.390617E-12	-1.191808E+11	17.330245	0.595603	0	0
0	0	0	-0.085887	9.771225	-5.090533	9.771225	5631	-5.668415E-12	-1.764161E+11	17.32162	0.594572	0	0
0	0	0	-0.086132	9.770977	-5.090665	9.770977	5630	-8.785839E-12	-1.138195E+11	17.308694	0.59366	0	0
0	0	0	-0.08641	9.771354	-5.091152	9.771354	5629	-4.781027E-12	-2.091601E+11	17.306876	0.59263	0	0
0	0	0	-0.086344	9.770795	-5.090796	9.770795	5629	-1.480576E-11	-6.754128E+10	17.29872	0.59148	0	0
0	0	0	-0.087145	9.770805	-5.091648	9.770805	5626	-1.422431E-11	-7.030219E+10	17.312109	0.590132	0	0
0	0	0	-0.087259	9.771408	-5.092078	9.771408	5626	-4.486396E-12	-2.228961E+11	17.309435	0.588982	0	0
0	0	0	-0.087259	9.770945	-5.091841	9.770945	5626	-9.458432E-12	-1.057258E+11	17.293651	0.58819	0	0
0	0	0	-0.087341	9.77116	-5.092037	9.77116	5626	-6.241278E-12	-1.602236E+11	17.290355	0.58708	0	0
0	0	0	-0.087569	9.771042	-5.092218	9.771042	5625	-7.676191E-12	-1.302729E+11	17.280649	0.586168	0	0
0	0	0	-0.087014	9.770827	-5.091521	9.770827	5627	-1.320332E-11	-7.573851E+10	17.281168	0.584939	0	0
0	0	0	-0.087651	9.77101	-5.092288	9.77101	5625	-8.190222E-12	-1.220968E+11	17.278627	0.583829	0	0
0	0	0	-0.088076	9.770945	-5.092704	9.770945	5623	-9.453388E-12	-1.057822E+11	17.272998	0.582759	0	0
0	0	0	-0.087765	9.770795	-5.092299	9.770795	5624	-1.479261E-11	-6.760133E+10	17.262371	0.581847	0	0
0	0	0	-0.087292	9.770601	-5.091699	9.770601	5626	-5.39687E-11	-1.852926E+10	17.249995	0.580856	0	0
0	0	0	-0.087961	9.77101	-5.092616	9.77101	5623	-8.18731E-12	-1.221402E+11	17.243588	0.579865	0	0
0	0	0	-0.086736	9.771107	-5.091371	9.771107	5628	-6.823748E-12	-1.46547E+11	17.247447	0.578715	0	0
0	0	0	-0.086867	9.770848	-5.091377	9.770848	5627	-1.231719E-11	-8.118732E+10	17.25554	0.577446	0	0
0	0	0	-0.087275	9.771236	-5.092007	9.771236	5626	-5.577313E-12	-1.792978E+11	17.237821	0.576416	0	0
0	0	0	-0.087586	9.770816	-5.09212	9.770816	5625	-1.369112E-11	-7.304006E+10	17.22807	0.575583	0	0
0	0	0	-0.086867	9.770515	-5.091206	9.770515	5627	3.05877E-10	3.269288E+9	17.219814	0.574552	0	0
0	0	0	-0.086851	9.771203	-5.091541	9.771203	5627	-5.844783E-12	-1.710927E+11	17.220978	0.573363	0	0
0	0	0	-0.086851	9.770644	-5.091255	9.770644	5627	-3.398633E-11	-2.942359E+10	17.213956	0.572253	0	0
0	0	0	-0.08654	9.770816	-5.091015	9.770816	5629	-1.370085E-11	-7.298816E+10	17.206505	0.571302	0	0
0	0	0	-0.08654	9.771311	-5.091268	9.771311	5629	-5.043721E-12	-1.982663E+11	17.209813	0.570073	0	0
0	0	0	-0.086638	9.770988	-5.091206	9.770988	5628	-8.577515E-12	-1.165839E+11	17.202119	0.569082	0	0
0	0	0	-0.086197	9.770827	-5.090657	9.770827	5630	-1.321036E-11	-7.569815E+10	17.194421	0.567972	0	0
0	0	0	-0.086246	9.77087	-5.090731	9.77087	5630	-1.154868E-11	-8.658997E+10	17.186188	0.5671	0	0
0	0	0	-0.086589	9.770805	-5.091061	9.770805	5628	-1.422937E-11	-7.02772E+10	17.187056	0.56595	0	0
0	0	0	-0.086165	9.77087	-5.090645	9.77087	5630	-1.154868E-11	-8.658997E+10	17.179375	0.5648	0	0
0	0	0	-0.086116	9.771053	-5.090687	9.771053	5630	-7.525576E-12	-1.328802E+11	17.182671	0.563651	0	0
0	0	0	-0.086459	9.770805	-5.090923	9.770805	5629	-1.423189E-11	-7.026472E+10	17.163016	0.562739	0	0
0	0	0	-0.086671	9.770665	-5.091076	9.770665	5628	-2.868106E-11	-3.486621E+10	17.161756	0.561629	0	0
0	0	0	-0.08721	9.770881	-5.091756	9.770881	5626	-1.118863E-11	-8.937642E+10	17.147407	0.560757	0	0
0	0	0	-0.08752	9.770902	-5.092095	9.770902	5625	-1.054373E-11	-9.484306E+10	17.142895	0.559607	0	0
0	0	0	-0.087537	9.770902	-5.092112	9.770902	5625	-1.054373E-11	-9.484306E+10	17.159632	0.558299	0	0
0	0	0	-0.087488	9.770665	-5.091939	9.770665	5625	-2.866578E-11	-3.48848E+10	17.145356	0.557466	0	0
0	0	0	-0.088239	9.770773	-5.092789	9.770773	5622	-1.608448E-11	-6.217172E+10	17.137489	0.556475	0	0
0	0	0	-0.087945	9.770881	-5.092533	9.770881	5623	-1.118267E-11	-8.942411E+10	17.12156	0.555603	0	0
0	0	0	-0.088206	9.770967	-5.092853	9.770967	5622	-8.988388E-12	-1.112547E+11	17.114549	0.554612	0	0
0	0	0	-0.088745	9.770988	-5.093434	9.770988	5621	-8.566846E-12	-1.167291E+11	17.119488	0.553343	0	0
0	0	0	-0.089039	9.770945	-5.093723	9.770945	5619	-9.446664E-12	-1.058575E+11	17.110663	0.552471	0	0
0	0	0	-0.089268	9.770698	-5.093838	9.770698	5618	-2.319401E-11	-4.311458E+10	17.100915	0.551401	0	0
0	0	0	-0.089742	9.771085	-5.094538	9.771085	5617	-7.073361E-12	-1.413755E+11	17.09541	0.55041	0	0
0	0	0	-0.090052	9.770622	-5.094629	9.770622	5616	-4.162896E-11	-2.402174E+10	17.082119	0.549617	0	0
0	0	0	-0.090314	9.771462	-5.095335	9.771462	5615	-4.219696E-12	-2.369839E+11	17.082948	0.548467	0	0
0	0	0	-0.090118	9.771085	-5.094935	9.771085	5615	-7.070842E-12	-1.414259E+11	17.084496	0.547437	0	0
0	0	0	-0.090787	9.771128	-5.095665	9.771128	5613	-6.561634E-12	-1.524011E+11	17.072239	0.546644	0	0
0	0	0	-0.091049	9.770816	-5.095782	9.770816	5612	-1.365948E-11	-7.320925E+10	17.083195	0.545217	0	0
0	0	0	-0.091392	9.771053	-5.096266	9.771053	5611	-7.500178E-12	-1.333302E+11	17.072179	0.544345	0	0
0	0	0	-0.091441	9.771171	-5.096378	9.771171	5611	-6.120547E-12	-1.633841E+11	17.067134	0.543314	0	0
0	0	0	-0.091081	9.770956	-5.095888	9.770956	5612	-9.197838E-12	-1.087212E+11	17.0511	0.542561	0	0
0	0	0	-0.092257	9.771117	-5.097214	9.771117	5607	-6.67423E-12	-1.4983E+11	17.041015	0.54157	0	0
0	0	0	-0.091163	9.770891	-5.095941	9.770891	5611	-1.082866E-11	-9.234753E+10	17.046267	0.540341	0	0
0	0	0	-0.091424	9.77115	-5.09635	9.77115	5611	-6.332331E-12	-1.579197E+11	17.037005	0.539468	0	0
0	0	0	-0.091702	9.771139	-5.096638	9.771139	5610	-6.442667E-12	-1.552152E+11	0	0	0	0
0	0	0	-0.091898	9.77102	-5.096784	9.77102	5609	-7.988608E-12	-1.251783E+11	0	0	0	0
0	0	0	-0.091637	9.770913	-5.096453	9.770913	5610	-1.022188E-11	-9.782932E+10	0	0	0	0
0	0	0	-0.091555	9.770934	-5.096378	9.770934	5610	-9.681044E-12	-1.032946E+11	0	0	0	0
0	0	0	-0.091359	9.771053	-5.096231	9.771053	5611	-7.500178E-12	-1.333302E+11	0	0	0	0
0	0	0	-0.091522	9.770934	-5.096343	9.770934	5610	-9.681044E-12	-1.032946E+11	0	0	0	0
0	0	0	-0.091392	9.771053	-5.096266	9.771053	5611	-7.500178E-12	-1.333302E+11	0	0	0	0
0	0	0	-0.091049	9.771214	-5.095986	9.771214	5612	-5.737836E-12	-1.742817E+11	0	0	0	0
0	0	0	-0.090918	9.771236	-5.095858	9.771236	5613	-5.564425E-12	-1.797131E+11	0	0	0	0
0	0	0	-0.091212	9.77115	-5.096125	9.77115	5611	-6.332331E-12	-1.579197E+11	0	0	0	0
0	0	0	-0.090869	9.770945	-5.095658	9.770945	5613	-9.436576E-12	-1.059706E+11	0	0	0	0
0	0	0	-0.090428	9.771139	-5.095291	9.771139	5614	-6.447261E-12	-1.551046E+11	0	0	0	0
0	0	0	-0.090755	9.770934	-5.095531	9.770934	5613	-9.686221E-12	-1.032394E+11	0	0	0	0
0	0	0	-0.090771	9.771128	-5.095648	9.771128	5613	-6.561634E-12	-1.524011E+11	0	0	0	0
0	0	0	-0.090493	9.771031	-5.095305	9.771031	5614	-7.82488E-12	-1.277975E+11	0	0	0	0
0	0	0	-0.090608	9.771074	-5.095448	9.771074	5614	-7.208748E-12	-1.387203E+11	0	0	0	0
0	0	0	-0.090281	9.77087	-5.094997	9.77087	5615	-1.151791E-11	-8.682129E+10	0	0	0	0
0	0	0	-0.090493	9.770805	-5.095189	9.770805	5614	-1.419397E-11	-7.045246E+10	0	0	0	0
0	0	0	-0.089742	9.771128	-5.09456	9.771128	5617	-6.56631E-12	-1.522925E+11	0	0	0	0
0	0	0	-0.090118	9.771053	-5.094918	9.771053	5615	-7.505525E-12	-1.332352E+11	0	0	0	0
0	0	0	-0.089823	9.770977	-5.094569	9.770977	5617	-8.765552E-12	-1.140829E+11	0	0	0	0
0	0	0	-0.090183	9.770924	-5.094921	9.770924	5615	-9.952979E-12	-1.004724E+11	0	0	0	0
0	0	0	-0.08984	9.770547	-5.094366	9.770547	5617	-2.035556E-10	-4.912663E+9	0	0	0	0
0	0	0	-0.089905	9.771096	-5.094716	9.771096	5616	-6.93816E-12	-1.441304E+11	0	0	0	0
0	0	0	-0.090542	9.770838	-5.095257	9.770838	5614	-1.271543E-11	-7.86446E+10	0	0	0	0
0	0	0	-0.089922	9.771257	-5.094816	9.771257	5616	-5.403169E-12	-1.850766E+11	0	0	0	0
0	0	0	-0.090265	9.770633	-5.094859	9.770633	5615	-3.737445E-11	-2.675625E+10	0	0	0	0
0	0	0	-0.090771	9.77101	-5.095587	9.77101	5613	-8.172749E-12	-1.223578E+11	0	0	0	0
0	0	0	-0.091114	9.770827	-5.095856	9.770827	5612	-1.316813E-11	-7.594094E+10	0	0	0	0
0	0	0	-0.091326	9.770924	-5.09613	9.770924	5611	-9.945889E-12	-1.005441E+11	0	0	0	0
0	0	0	-0.091571	9.770956	-5.096406	9.770956	5610	-9.19456E-12	-1.0876E+11	0	0	0	0
0	0	0	-0.091833	9.770956	-5.096682	9.770956	5609	-9.192921E-12	-1.087794E+11	0	0	0	0
0	0	0	-0.091996	9.771085	-5.096921	9.771085	5609	-7.063287E-12	-1.415772E+11	0	0	0	0
0	0	0	-0.092372	9.771031	-5.097291	9.771031	5607	-7.815124E-12	-1.27957E+11	0	0	0	0
0	0	0	-0.09229	9.770773	-5.097072	9.770773	5607	-1.604157E-11	-6.233804E+10	0	0	0	0
0	0	0	-0.092747	9.770795	-5.097567	9.770795	5606	-1.474526E-11	-6.781838E+10	0	0	0	0
0	0	0	-0.09327	9.77101	-5.09823	9.77101	5604	-8.159645E-12	-1.225544E+11	0	0	0	0
0	0	0	-0.093874	9.771289	-5.099012	9.771289	5602	-5.161322E-12	-1.937488E+11	0	0	0	0
0	0	0	-0.093629	9.770848	-5.098527	9.770848	5603	-1.226466E-11	-8.153508E+10	0	0	0	0
0	0	0	-0.093744	9.771128	-5.098791	9.771128	5602	-6.548775E-12	-1.527003E+11	0	0	0	0
0	0	0	-0.093727	9.770827	-5.09862	9.770827	5602	-1.314466E-11	-7.60765E+10	0	0	0	0
0	0	0	-0.093874	9.770752	-5.098737	9.770752	5602	-1.756835E-11	-5.692055E+10	0	0	0	0
0	0	0	-0.094348	9.771107	-5.099419	9.771107	5600	-6.789799E-12	-1.472798E+11	0	0	0	0
0	0	0	-0.093989	9.771182	-5.099078	9.771182	5601	-6.009151E-12	-1.664129E+11	0	0	0	0
0	0	0	-0.094691	9.770967	-5.09971	9.770967	5599	-8.951616E-12	-1.117117E+11	0	0	0	0
0	0	0	-0.094528	9.771085	-5.099598	9.771085	5600	-7.051953E-12	-1.418047E+11	0	0	0	0
0	0	0	-0.094561	9.770988	-5.099583	9.770988	5599	-8.533316E-12	-1.171877E+11	0	0	0	0
0	0	0	-0.094005	9.770934	-5.098968	9.770934	5601	-9.665513E-12	-1.034606E+11	0	0	0	0
0	0	0	-0.093891	9.77116	-5.098963	9.77116	5602	-6.214654E-12	-1.6091E+11	0	0	0	0
0	0	0	-0.094071	9.770708	-5.098922	9.770708	5601	-2.17474E-11	-4.59825E+10	0	0	0	0
0	0	0	-0.094136	9.771096	-5.099189	9.771096	5601	-6.919629E-12	-1.445164E+11	0	0	0	0
0	0	0	-0.094218	9.771236	-5.099347	9.771236	5601	-5.552529E-12	-1.800981E+11	0	0	0	0
0	0	0	-0.094381	9.770956	-5.099377	9.770956	5600	-9.17817E-12	-1.089542E+11	0	0	0	0
0	0	0	-0.094038	9.771236	-5.099157	9.771236	5601	-5.552529E-12	-1.800981E+11	0	0	0	0
0	0	0	-0.093793	9.770956	-5.098755	9.770956	5602	-9.181448E-12	-1.089153E+11	0	0	0	0
0	0	0	-0.093401	9.770784	-5.098252	9.770784	5604	-1.535933E-11	-6.5107E+10	0	0	0	0
0	0	0	-0.09327	9.770934	-5.098191	9.770934	5604	-9.67069E-12	-1.034052E+11	0	0	0	0
0	0	0	-0.093254	9.770924	-5.098168	9.770924	5604	-9.933481E-12	-1.006696E+11	0	0	0	0
0	0	0	-0.092845	9.771236	-5.097896	9.771236	5606	-5.557486E-12	-1.799375E+11	0	0	0	0
0	0	0	-0.092976	9.771128	-5.09798	9.771128	5605	-6.552282E-12	-1.526186E+11	0	0	0	0
0	0	0	-0.092698	9.770988	-5.097614	9.770988	5606	-8.543985E-12	-1.170414E+11	0	0	0	0
0	0	0	-0.092796	9.77101	-5.097729	9.77101	5606	-8.162557E-12	-1.225106E+11	0	0	0	0
0	0	0	-0.093205	9.770816	-5.098062	9.770816	5604	-1.364E-11	-7.331376E+10	0	0	0	0
0	0	0	-0.092535	9.770816	-5.097353	9.770816	5607	-1.364731E-11	-7.327454E+10	0	0	0	0
0	0	0	-0.091865	9.770924	-5.0967	9.770924	5609	-9.942344E-12	-1.005799E+11	0	0	0	0
0	0	0	-0.092061	9.770838	-5.096864	9.770838	5608	-1.270184E-11	-7.872875E+10	0	0	0	0
0	0	0	-0.091735	9.77116	-5.096683	9.77116	5610	-6.223528E-12	-1.606806E+11	0	0	0	0
0	0	0	-0.091914	9.770956	-5.096769	9.770956	5609	-9.192921E-12	-1.087794E+11	0	0	0	0
0	0	0	-0.092437	9.770999	-5.097343	9.770999	5607	-8.350406E-12	-1.197547E+11	0	0	0	0
0	0	0	-0.092143	9.771139	-5.097104	9.771139	5608	-6.44037E-12	-1.552706E+11	0	0	0	0
0	0	0	-0.092698	9.770752	-5.097493	9.770752	5606	-1.758089E-11	-5.687994E+10	0	0	0	0
0	0	0	-0.092143	9.770902	-5.096983	9.770902	5608	-1.051187E-11	-9.513057E+10	0	0	0	0
0	0	0	-0.092813	9.770924	-5.097702	9.770924	5606	-9.937026E-12	-1.006337E+11	0	0	0	0
0	0	0	-0.092829	9.770838	-5.097675	9.770838	5606	-1.269731E-11	-7.875683E+10	0	0	0	0
0	0	0	-0.093417	0	-0.093417	0	5604	0	0	0	0	0	0
0	0	0	-0.093139	0	-0.093139	0	5605	0	0	0	0	0	0
