Vload_(V)	ILoad_(I)	RsLoad (ohm)	SunsVoc_Voltage_(V)	SunsVoc_Current_(A)	Model_Voltage_(V)	Model_Current_(I)	Carrier_Density_(cm-3)	Lifetime_(s)	Inverse_Lifetime_(s-1)
8.64554	6.36914	0.00000	64.9470	-0.0793626	64.9730	-0.0793626	3776480000000000	0.000245840	4044.01
3.82437	6.38103	-0.645923	65.5917	-0.262372	65.6723	-0.262372	4395280000000000	0.000278227	3562.12
9.36139	6.36848	-0.309910	65.5389	-0.000913100	65.5391	-0.000913100	4341390000000000	0.000286095	3464.05
14.5924	6.36239	4.20380	65.3965	0.388827	65.2746	0.388827	4199060000000000	0.000294750	3363.44
20.0203	6.35507	4.47941	65.2218	0.794007	64.9683	0.794007	4030110000000000	0.000303450	3268.48
25.4362	6.34596	3.90814	65.0465	1.16528	64.6677	1.16528	3866700000000000	0.000311917	3181.16
30.9736	6.34364	3.09341	64.8762	1.51089	64.3765	1.51089	3713440000000000	0.000320865	3093.69
36.7040	6.33416	2.35532	64.7006	1.83869	64.0818	1.83869	3561080000000000	0.000329963	3009.59
42.2343	6.32359	1.61421	64.5279	2.14359	63.7943	2.14359	3416670000000000	0.000339426	2926.77
47.6997	6.28998	1.00387	64.3539	2.42667	63.5095	2.42667	3276300000000000	0.000348852	2848.73
53.1956	6.13270	0.620256	64.1797	2.68543	63.2297	2.68543	3140810000000000	0.000357917	2777.57
58.5469	5.29984	0.459595	64.0100	2.92587	62.9585	2.92587	3013490000000000	0.000367387	2706.85
63.3508	2.51232	0.381915	63.8394	3.14671	62.6908	3.14671	2890100000000000	0.000376490	2642.24
65.5155	0.00374856	-37.7882	63.6741	3.35194	62.4321	3.35194	2774610000000000	0.000386032	2577.68
65.5174	0.000318111	-449.574	63.5053	3.54262	62.1729	3.54262	2660870000000000	0.000395183	2518.72
65.5170	0.000177190	-804.525	63.3438	3.71926	61.9252	3.71926	2555820000000000	0.000404883	2459.01
65.5002	0.000126808	-991.550	63.1801	3.88226	61.6782	3.88226	2452930000000000	0.000414053	2405.16
65.5048	0.000367854	-354.631	63.0222	4.03146	61.4416	4.03146	2357120000000000	0.000423273	2353.32
65.5211	0.000338273	-433.819	62.8639	4.17259	61.2060	4.17259	2264220000000000	0.000432717	2302.47
65.5161	0.000355388	-398.724	62.7057	4.30512	60.9726	4.30512	2174500000000000	0.000442254	2253.30
65.5204	0.000293876	-496.904	62.5512	4.42805	60.7460	4.42805	2089820000000000	0.000451949	2205.39
65.5360	0.000261923	-616.774	62.3961	4.54096	60.5215	4.54096	2007630000000000	0.000460990	2162.56
65.5259	0.000213463	-709.890	62.2439	4.64644	60.3024	4.64644	1929660000000000	0.000470217	2120.50
65.4941	0.000170262	-703.177	62.0929	4.74433	60.0868	4.74433	1854830000000000	0.000479213	2081.04
65.5270	0.000300206	-508.409	61.9445	4.83360	59.8769	4.83360	1783660000000000	0.000487614	2045.52
65.5088	0.000186194	-721.538	61.7981	4.91784	59.6706	4.91784	1715690000000000	0.000496260	2010.19
65.5171	0.000160966	-886.331	61.6517	4.99805	59.4654	4.99805	1649940000000000	0.000505160	1975.05
65.5190	0.000286797	-504.298	61.5053	5.07374	59.2613	5.07374	1586280000000000	0.000514046	1941.17
65.5079	0.000310809	-429.529	61.3603	5.14410	59.0603	5.14410	1525230000000000	0.000522648	1909.47
65.5307	0.000180927	-863.796	61.2123	5.21074	58.8571	5.21074	1465000000000000	0.000530891	1880.06
65.5026	0.000303384	-422.543	61.0706	5.27217	58.6629	5.27217	1409180000000000	0.000539262	1851.09
65.5207	0.000258105	-566.626	60.9289	5.32925	58.4702	5.32925	1355160000000000	0.000547051	1824.93
65.5240	0.000228017	-655.853	60.7855	5.38252	58.2766	5.38252	1302210000000000	0.000554065	1802.03
65.5231	0.000228534	-650.548	60.6486	5.43329	58.0914	5.43329	1253320000000000	0.000562190	1776.15
65.5246	0.000355619	-422.373	60.5099	5.48199	57.9046	5.48199	1205310000000000	0.000570331	1750.96
65.5162	0.000245771	-576.982	60.3734	5.52815	57.7212	5.52815	1159580000000000	0.000578814	1725.44
65.5114	0.000187944	-728.839	60.2319	5.57115	57.5330	5.57115	1113700000000000	0.000585864	1704.82
55.1937	5.96392	0.543833	60.0986	5.61159	57.3553	5.61159	1071850000000000	0.000593952	1681.73
65.3498	0.00000	0.00000	59.9650	5.64879	57.1785	5.64879	1031230000000000	0.000600952	1662.26
0.00000	0.00000	0.00000	59.8341	5.68474	57.0053	5.68474	992695000000000	0.000608880	1640.72
0.00000	0.00000	0.00000	59.7016	5.71782	56.8312	5.71782	954893000000000	0.000615439	1623.34
0.00000	0.00000	0.00000	59.5733	5.74888	56.6630	5.74888	919447000000000	0.000622271	1605.61
0.00000	0.00000	0.00000	59.4417	5.77837	56.4912	5.77837	884207000000000	0.000628295	1590.31
0.00000	0.00000	0.00000	59.3151	5.80681	56.3258	5.80681	851388000000000	0.000635565	1572.20
0.00000	0.00000	0.00000	59.1858	5.83392	56.1576	5.83392	818932000000000	0.000642309	1555.77
0.00000	0.00000	0.00000	59.0546	5.85913	55.9878	5.85913	787043000000000	0.000647812	1542.63
0.00000	0.00000	0.00000	58.9305	5.88265	55.8272	5.88265	757830000000000	0.000653919	1528.29
0.00000	0.00000	0.00000	58.8044	5.90486	55.6647	5.90486	729088000000000	0.000659219	1516.06
0.00000	0.00000	0.00000	58.6835	5.92606	55.5088	5.92606	702389000000000	0.000665466	1501.89
0.00000	0.00000	0.00000	58.5583	5.94644	55.3481	5.94644	675610000000000	0.000670949	1489.67
0.00000	0.00000	0.00000	58.4366	5.96540	55.1922	5.96540	650416000000000	0.000676268	1478.00
0.00000	0.00000	0.00000	58.3173	5.98305	55.0397	5.98305	626483000000000	0.000681162	1467.43
0.00000	0.00000	0.00000	58.1938	6.00039	54.8821	6.00039	602492000000000	0.000685880	1457.38
0.00000	0.00000	0.00000	58.0776	6.01650	54.7339	6.01650	580632000000000	0.000691189	1446.22
0.00000	0.00000	0.00000	57.9569	6.03214	54.5804	6.03214	558625000000000	0.000695866	1436.54
0.00000	0.00000	0.00000	57.8379	6.04699	54.4292	6.04699	537626000000000	0.000700565	1426.94
0.00000	0.00000	0.00000	57.7206	6.06051	54.2808	6.06051	517595000000000	0.000704024	1419.96
0.00000	0.00000	0.00000	57.6032	6.07379	54.1322	6.07379	498183000000000	0.000708078	1411.86
0.00000	0.00000	0.00000	57.4887	6.08595	53.9878	6.08595	479864000000000	0.000711318	1405.46
0.00000	0.00000	0.00000	57.3724	6.09819	53.8410	6.09819	461838000000000	0.000715521	1397.23
0.00000	0.00000	0.00000	57.2570	6.10992	53.6954	6.10992	444521000000000	0.000719859	1388.83
0.00000	0.00000	0.00000	57.1452	6.12043	53.5548	6.12043	428284000000000	0.000722893	1383.03
0.00000	0.00000	0.00000	57.0295	6.13060	53.4096	6.13060	412018000000000	0.000725093	1378.85
0.00000	0.00000	0.00000	56.9180	6.14008	53.2699	6.14008	396856000000000	0.000727293	1374.70
0.00000	0.00000	0.00000	56.8052	6.14998	53.1283	6.14998	382016000000000	0.000731735	1366.37
0.00000	0.00000	0.00000	56.6889	6.15902	52.9828	6.15902	367210000000000	0.000733651	1362.82
0.00000	0.00000	0.00000	56.5778	6.16730	52.8440	6.16730	353538000000000	0.000735297	1359.79
0.00000	0.00000	0.00000	56.4630	6.17606	52.7005	6.17606	339888000000000	0.000738960	1353.06
0.00000	0.00000	0.00000	56.3551	6.18333	52.5661	6.18333	327477000000000	0.000739849	1351.45
0.00000	0.00000	0.00000	56.2466	6.19105	52.4306	6.19105	315394000000000	0.000743447	1344.92
0.00000	0.00000	0.00000	56.1365	6.19745	52.2940	6.19745	303541000000000	0.000742191	1347.21
0.00000	0.00000	0.00000	56.0264	6.20502	52.1566	6.20502	292087000000000	0.000747093	1338.38
0.00000	0.00000	0.00000	55.9165	6.21083	52.0205	6.21083	281034000000000	0.000745230	1341.74
0.00000	0.00000	0.00000	55.8105	6.21797	51.8881	6.21797	270720000000000	0.000751779	1330.06
0.00000	0.00000	0.00000	55.7045	6.22279	51.7573	6.22279	260752000000000	0.000747950	1336.88
0.00000	0.00000	0.00000	55.5958	6.22907	51.6222	6.22907	250869000000000	0.000751862	1329.93
0.00000	0.00000	0.00000	55.4911	6.23440	51.4924	6.23440	241665000000000	0.000752954	1328.00
0.00000	0.00000	0.00000	55.3882	6.23881	51.3655	6.23881	232922000000000	0.000750246	1332.81
0.00000	0.00000	0.00000	55.2792	6.24496	51.2300	6.24496	223970000000000	0.000757124	1320.71
0.00000	0.00000	0.00000	55.1796	6.24882	51.1073	6.24882	216062000000000	0.000753848	1326.45
0.00000	0.00000	0.00000	55.0740	6.25302	50.9771	6.25302	207954000000000	0.000751770	1330.12
0.00000	0.00000	0.00000	54.9684	6.25823	50.8462	6.25823	200123000000000	0.000757447	1320.16
0.00000	0.00000	0.00000	54.8672	6.26197	50.7215	6.26197	192869000000000	0.000755492	1323.58
0.00000	0.00000	0.00000	54.7624	6.26547	50.5927	6.26547	185617000000000	0.000751651	1330.35
0.00000	0.00000	0.00000	54.6591	6.26995	50.4650	6.26995	178708000000000	0.000756301	1322.17
0.00000	0.00000	0.00000	54.5579	6.27380	50.3402	6.27380	172168000000000	0.000758085	1319.06
0.00000	0.00000	0.00000	54.4507	6.27650	50.2090	6.27650	165488000000000	0.000749919	1333.43
0.00000	0.00000	0.00000	54.3490	6.27949	50.0840	6.27949	159364000000000	0.000746279	1339.94
0.00000	0.00000	0.00000	54.2461	6.28329	49.9572	6.28329	153387000000000	0.000750025	1333.25
0.00000	0.00000	0.00000	54.1425	6.28698	49.8295	6.28698	147575000000000	0.000753995	1326.23
0.00000	0.00000	0.00000	54.0412	6.28932	49.7054	6.28932	142091000000000	0.000747310	1338.10
0.00000	0.00000	0.00000	53.9396	6.29169	49.5811	6.29169	136785000000000	0.000741461	1348.66
0.00000	0.00000	0.00000	53.8376	6.29456	49.4559	6.29456	131643000000000	0.000740986	1349.52
0.00000	0.00000	0.00000	53.7346	6.29807	49.3290	6.29807	126634000000000	0.000748010	1336.85
0.00000	0.00000	0.00000	53.6335	6.30072	49.2049	6.30072	121888000000000	0.000747884	1337.08
0.00000	0.00000	0.00000	53.5304	6.30278	49.0788	6.30278	117222000000000	0.000741606	1348.40
0.00000	0.00000	0.00000	53.4293	6.30443	48.9555	6.30443	112814000000000	0.000731902	1366.28
0.00000	0.00000	0.00000	53.3266	6.30626	48.8301	6.30626	108492000000000	0.000724302	1380.62
0.00000	0.00000	0.00000	53.2243	6.30901	48.7044	6.30901	104342000000000	0.000728520	1372.63
0.00000	0.00000	0.00000	53.1257	6.31193	48.5831	6.31193	100486000000000	0.000737397	1356.10
0.00000	0.00000	0.00000	53.0244	6.31380	48.4593	6.31380	96663000000000	0.000733254	1363.77
0.00000	0.00000	0.00000	52.9220	6.31565	48.3342	6.31565	92942800000000	0.000729476	1370.83
0.00000	0.00000	0.00000	52.8198	6.31702	48.2096	6.31702	89363000000000	0.000719783	1389.29
0.00000	0.00000	0.00000	52.7182	6.31851	48.0856	6.31851	85933700000000	0.000712562	1403.38
0.00000	0.00000	0.00000	52.6144	6.32027	47.9588	6.32027	82560900000000	0.000709205	1410.02
0.00000	0.00000	0.00000	52.5113	6.32208	47.8329	6.32208	79338600000000	0.000707768	1412.88
0.00000	0.00000	0.00000	52.4094	6.32451	47.7079	6.32451	76270400000000	0.000717367	1393.98
0.00000	0.00000	0.00000	52.3079	6.32603	47.5840	6.32603	73326600000000	0.000714114	1400.33
0.00000	0.00000	0.00000	52.2045	6.32769	47.4577	6.32769	70440400000000	0.000713511	1401.51
0.00000	0.00000	0.00000	52.0984	6.32909	47.3282	6.32909	67590500000000	0.000708505	1411.42
0.00000	0.00000	0.00000	51.9939	6.33014	47.2010	6.33014	64893900000000	0.000698497	1431.64
0.00000	0.00000	0.00000	51.8916	6.33092	47.0767	6.33092	62354800000000	0.000684918	1460.02
0.00000	0.00000	0.00000	51.7831	6.33177	46.9448	6.33177	59767400000000	0.000671418	1489.38
0.00000	0.00000	0.00000	51.6827	6.33284	46.8226	6.33284	57465400000000	0.000664607	1504.64
0.00000	0.00000	0.00000	51.5757	6.33406	46.6922	6.33406	55105300000000	0.000659552	1516.17
0.00000	0.00000	0.00000	51.4640	6.33558	46.5560	6.33558	52743500000000	0.000659847	1515.50
0.00000	0.00000	0.00000	51.3507	6.33691	46.4178	6.33691	50446000000000	0.000657120	1521.79
0.00000	0.00000	0.00000	51.2414	6.33838	46.2844	6.33838	48323300000000	0.000659569	1516.14
0.00000	0.00000	0.00000	51.1345	6.33933	46.1544	6.33933	46331500000000	0.000652427	1532.74
0.00000	0.00000	0.00000	51.0282	6.34072	46.0246	6.34072	44429000000000	0.000656413	1523.43
0.00000	0.00000	0.00000	50.9156	6.34163	45.8877	6.34163	42498300000000	0.000648691	1541.56
0.00000	0.00000	0.00000	50.8060	6.34262	45.7543	6.34262	40696800000000	0.000644340	1551.97
0.00000	0.00000	0.00000	50.6956	6.34315	45.6203	6.34315	38957300000000	0.000629195	1589.33
0.00000	0.00000	0.00000	50.5863	6.34403	45.4873	6.34403	37306100000000	0.000623836	1602.98
0.00000	0.00000	0.00000	50.4794	6.34431	45.3578	6.34431	35758800000000	0.000604640	1653.87
0.00000	0.00000	0.00000	50.3665	6.34502	45.2206	6.34502	34192800000000	0.000595256	1679.95
0.00000	0.00000	0.00000	50.2524	6.34580	45.0819	6.34580	32678100000000	0.000587910	1700.94
0.00000	0.00000	0.00000	50.1422	6.34622	44.9481	6.34622	31276900000000	0.000572981	1745.26
0.00000	0.00000	0.00000	50.0263	6.34669	44.8076	6.34669	29868700000000	0.000558684	1789.92
0.00000	0.00000	0.00000	49.9125	6.34759	44.6691	6.34759	28545400000000	0.000556069	1798.34
0.00000	0.00000	0.00000	49.7981	6.34836	44.5300	6.34836	27273200000000	0.000550923	1815.14
0.00000	0.00000	0.00000	49.6734	6.34907	44.3786	6.34907	25950500000000	0.000542811	1842.26
0.00000	0.00000	0.00000	49.5569	6.35026	44.2366	6.35026	24771600000000	0.000550783	1815.60
0.00000	0.00000	0.00000	49.4341	6.35090	44.0874	6.35090	23585700000000	0.000542773	1842.39
0.00000	0.00000	0.00000	49.3147	6.35155	43.9424	6.35155	22487100000000	0.000536692	1863.26
0.00000	0.00000	0.00000	49.1890	6.35219	43.7896	6.35219	21384000000000	0.000529737	1887.73
0.00000	0.00000	0.00000	49.0622	6.35302	43.6354	6.35302	20326000000000	0.000529350	1889.11
0.00000	0.00000	0.00000	48.9348	6.35344	43.4810	6.35344	19315700000000	0.000516473	1936.21
0.00000	0.00000	0.00000	48.8029	6.35436	43.3205	6.35436	18321400000000	0.000520654	1920.66
0.00000	0.00000	0.00000	48.6707	6.35472	43.1601	6.35472	17375100000000	0.000505773	1977.17
0.00000	0.00000	0.00000	48.5308	6.35517	42.9905	6.35517	16427400000000	0.000493601	2025.93
0.00000	0.00000	0.00000	48.3917	6.35559	42.8217	6.35559	15535200000000	0.000481520	2076.75
0.00000	0.00000	0.00000	48.2441	6.35592	42.6428	6.35592	14641200000000	0.000464995	2150.56
0.00000	0.00000	0.00000	48.0953	6.35635	42.4624	6.35635	13791600000000	0.000452722	2208.86
0.00000	0.00000	0.00000	47.9385	6.35664	42.2722	6.35664	12948600000000	0.000435012	2298.79
0.00000	0.00000	0.00000	47.7759	6.35679	42.0753	6.35679	12128900000000	0.000412546	2423.97
0.00000	0.00000	0.00000	47.6062	6.35721	41.8696	6.35721	11328600000000	0.000398623	2508.64
0.00000	0.00000	0.00000	47.4271	6.35752	41.6525	6.35752	10540300000000	0.000380730	2626.53
0.00000	0.00000	0.00000	47.2405	6.35762	41.4265	6.35762	9776990000000	0.000356228	2807.19
0.00000	0.00000	0.00000	47.0458	6.35799	41.1904	6.35799	9038950000000	0.000340477	2937.06
0.00000	0.00000	0.00000	46.8443	6.35811	40.9464	6.35811	8333650000000	0.000317226	3152.32
0.00000	0.00000	0.00000	46.6299	6.35830	40.6867	6.35830	7643220000000	0.000296157	3376.59
0.00000	0.00000	0.00000	46.4009	6.35858	40.4093	6.35858	6968610000000	0.000277012	3609.95
0.00000	0.00000	0.00000	46.1574	6.35891	40.1142	6.35891	6316120000000	0.000259228	3857.60
0.00000	0.00000	0.00000	45.9004	6.35916	39.8029	6.35916	5693330000000	0.000239475	4175.80
0.00000	0.00000	0.00000	45.6200	6.35944	39.4631	6.35944	5083450000000	0.000220066	4544.10
0.00000	0.00000	0.00000	45.3200	6.35961	39.0998	6.35961	4502960000000	0.000198445	5039.17
0.00000	0.00000	0.00000	44.9985	6.35985	38.7105	6.35985	3954160000000	0.000178766	5593.90
0.00000	0.00000	0.00000	44.6611	6.36046	38.3014	6.36046	3449630000000	0.000166926	5990.69
0.00000	0.00000	0.00000	44.3071	6.36047	37.8729	6.36047	2989380000000	0.000144743	6908.79
0.00000	0.00000	0.00000	43.9353	6.36074	37.4225	6.36074	2571750000000	0.000128542	7779.58
0.00000	0.00000	0.00000	43.5463	6.36112	36.9512	6.36112	2197030000000	0.000115035	8693.00
0.00000	0.00000	0.00000	43.1332	6.36137	36.4509	6.36137	1858630000000	0.000100446	9955.60
0.00000	0.00000	0.00000	42.6997	6.36159	35.9259	6.36159	1559370000000	0.0000867526	11527.0
0.00000	0.00000	0.00000	42.2455	6.36185	35.3757	6.36185	1297310000000	0.0000746987	13387.1
0.00000	0.00000	0.00000	41.7656	6.36245	34.7941	6.36245	1068100000000	0.0000670490	14914.5
0.00000	0.00000	0.00000	41.2751	6.36253	34.2002	6.36253	875575000000	0.0000556093	17982.6
0.00000	0.00000	0.00000	40.7780	6.36263	33.5983	6.36263	715828000000	0.0000461580	21664.7
0.00000	0.00000	0.00000	40.2679	6.36280	32.9806	6.36280	582144000000	0.0000385523	25938.8
0.00000	0.00000	0.00000	39.7530	6.36312	32.3568	6.36312	472487000000	0.0000329922	30310.2
0.00000	0.00000	0.00000	39.2330	6.36323	31.7272	6.36323	382707000000	0.0000271987	36766.5
0.00000	0.00000	0.00000	38.7077	6.36379	31.0905	6.36379	309301000000	0.0000242735	41197.1
0.00000	0.00000	0.00000	38.1719	6.36399	30.4416	6.36399	248916000000	0.0000203093	49238.5
0.00000	0.00000	0.00000	37.6234	6.36428	29.7773	6.36428	199296000000	0.0000172168	58082.8
0.00000	0.00000	0.00000	37.0693	6.36449	29.1062	6.36449	159203000000	0.0000143843	69520.1
0.00000	0.00000	0.00000	36.5060	6.36455	28.4241	6.36455	126697000000	0.0000116076	86150.5
0.00000	0.00000	0.00000	35.9304	6.36476	27.7269	6.36476	100327000000	0.00000961801	103972
0.00000	0.00000	0.00000	35.3351	6.36483	27.0061	6.36483	78815300000	0.00000767627	130272
0.00000	0.00000	0.00000	34.7236	6.36495	26.2656	6.36495	61510000000	0.00000616819	162122
0.00000	0.00000	0.00000	34.0929	6.36519	25.5017	6.36519	47631400000	0.00000507021	197230
0.00000	0.00000	0.00000	33.4438	6.36539	24.7155	6.36539	36609800000	0.00000409727	244065
0.00000	0.00000	0.00000	32.7724	6.36553	23.9026	6.36553	27886700000	0.00000324475	308190
0.00000	0.00000	0.00000	32.0824	6.36562	23.0670	6.36562	21081500000	0.00000251310	397916
0.00000	0.00000	0.00000	31.3935	6.36586	22.2326	6.36586	15944400000	0.00000204421	489188
0.00000	0.00000	0.00000	30.6945	6.36588	21.3862	6.36588	12009300000	0.00000154691	646449
0.00000	0.00000	0.00000	29.9852	6.36601	20.5273	6.36601	9008120000	0.00000121020	826307
0.00000	0.00000	0.00000	29.2653	6.36609	19.6555	6.36609	6727720000	0.000000926963	1078790
0.00000	0.00000	0.00000	28.5262	6.36641	18.7603	6.36641	4985890000	0.000000768537	1301170
0.00000	0.00000	0.00000	27.7754	6.36651	17.8511	6.36651	3677400000	0.000000588156	1700230
0.00000	0.00000	0.00000	27.0144	6.36653	16.9296	6.36653	2701100000	0.000000435559	2295900
0.00000	0.00000	0.00000	26.2422	6.36666	15.9945	6.36666	1975040000	0.000000334755	2987260
0.00000	0.00000	0.00000	25.4608	6.36677	15.0482	6.36677	1438760000	0.000000255459	3914530
0.00000	0.00000	0.00000	24.6770	6.36691	14.0990	6.36691	1047090000	0.000000197659	5059210
0.00000	0.00000	0.00000	23.8874	6.36690	13.1430	6.36690	760236000	0.000000142617	7011760
0.00000	0.00000	0.00000	23.0845	6.36707	12.1706	6.36707	548997000	0.000000111754	8948200
0.00000	0.00000	0.00000	22.2794	6.36738	11.1952	6.36738	396099000	0.0000000944516	10587400
0.00000	0.00000	0.00000	21.4902	6.36717	10.2401	6.36717	287645000	0.0000000612660	16322300
0.00000	0.00000	0.00000	20.7058	6.36742	9.28996	6.36742	209287000	0.0000000511302	19557900
0.00000	0.00000	0.00000	19.9309	6.36747	8.35158	6.36747	152859000	0.0000000384437	26012100
0.00000	0.00000	0.00000	19.1611	6.36772	7.41904	6.36772	111878000	0.0000000331547	30161600
0.00000	0.00000	0.00000	18.3967	6.36754	6.49383	6.36754	82062700	0.0000000215446	46415300
0.00000	0.00000	0.00000	17.6482	6.36775	5.58722	6.36775	60584300	0.0000000183172	54593500
0.00000	0.00000	0.00000	16.9084	6.36766	4.69161	6.36766	44884000	0.0000000127338	78531100
0.00000	0.00000	0.00000	16.1811	6.36753	3.81125	6.36753	33421800	0.00000000873627	114465000
0.00000	0.00000	0.00000	15.4720	6.36776	2.95230	6.36776	25071600	0.00000000765768	130588000
0.00000	0.00000	0.00000	14.7791	6.36786	2.11313	6.36786	18931100	0.00000000622724	160585000
0.00000	0.00000	0.00000	14.0998	6.36777	1.29080	6.36777	14373500	0.00000000441267	226620000
0.00000	0.00000	0.00000	13.4302	6.36804	0.479552	6.36804	10956400	0.00000000420518	237802000
0.00000	0.00000	0.00000	12.7882	6.36813	-0.297993	6.36813	8445410	0.00000000351177	284756000
0.00000	0.00000	0.00000	12.1665	6.36788	-1.05028	6.36788	6563670	0.00000000219529	455521000
0.00000	0.00000	0.00000	11.5666	6.36824	-1.77733	6.36824	5146670	0.00000000240786	415307000
0.00000	0.00000	0.00000	10.9929	6.36803	-2.47153	6.36803	4078570	0.00000000154557	647012000
0.00000	0.00000	0.00000	10.4409	6.36808	-3.13995	6.36808	3260790	0.00000000130162	768271000
0.00000	0.00000	0.00000	9.91130	6.36830	-3.78172	6.36830	2630650	0.00000000132392	755334000
0.00000	0.00000	0.00000	9.39937	6.36842	-4.40182	6.36842	2137590	0.00000000125528	796633000
0.00000	0.00000	0.00000	8.91342	6.36825	-4.98984	6.36825	1755330	0.000000000827697	1208170000
0.00000	0.00000	0.00000	8.44972	6.36834	-5.55150	6.36834	1454490	0.000000000770904	1297180000
0.00000	0.00000	0.00000	8.00933	6.36844	-6.08492	6.36844	1216660	0.000000000728782	1372150000
0.00000	0.00000	0.00000	7.58749	6.36845	-6.59573	6.36845	1025400	0.000000000626765	1595490000
0.00000	0.00000	0.00000	7.18239	6.36867	-7.08673	6.36867	870087	0.000000000790162	1265560000
0.00000	0.00000	0.00000	6.79967	6.36846	-7.54966	6.36846	745031	0.000000000464893	2151030000
0.00000	0.00000	0.00000	6.43529	6.36844	-7.99081	6.36844	642708	0.000000000388877	2571500000
0.00000	0.00000	0.00000	6.09042	6.36851	-8.40852	6.36851	558844	0.000000000371993	2688220000
0.00000	0.00000	0.00000	5.76332	6.36853	-8.80465	6.36853	489436	0.000000000340966	2932850000
0.00000	0.00000	0.00000	5.45109	6.36856	-9.18277	6.36856	431239	0.000000000315099	3173610000
0.00000	0.00000	0.00000	5.15437	6.36875	-9.54248	6.36875	382360	0.000000000416836	2399030000
0.00000	0.00000	0.00000	4.86863	6.36878	-9.88852	6.36878	340534	0.000000000400425	2497350000
0.00000	0.00000	0.00000	4.58919	6.36865	-10.2266	6.36865	304058	0.000000000260322	3841400000
0.00000	0.00000	0.00000	4.32755	6.36873	-10.5436	6.36873	273456	0.000000000282661	3537800000
0.00000	0.00000	0.00000	4.08571	6.36873	-10.8364	6.36873	247917	0.000000000256262	3902250000
0.00000	0.00000	0.00000	3.84960	6.36859	-11.1219	6.36859	225284	0.000000000173066	5778140000
0.00000	0.00000	0.00000	3.62855	6.36858	-11.3896	6.36858	205972	0.000000000154269	6482190000
0.00000	0.00000	0.00000	3.42089	6.36875	-11.6414	6.36875	189342	0.000000000206414	4844640000
0.00000	0.00000	0.00000	3.22039	6.36864	-11.8839	6.36864	174558	0.000000000147341	6786960000
0.00000	0.00000	0.00000	3.03233	6.36859	-12.1115	6.36859	161744	0.000000000124254	8048030000
0.00000	0.00000	0.00000	2.85233	6.36884	-12.3301	6.36884	150360	0.000000000214800	4655490000
0.00000	0.00000	0.00000	2.67608	6.36867	-12.5430	6.36867	139991	0.000000000125231	7985270000
0.00000	0.00000	0.00000	2.51101	6.36858	-12.7427	6.36858	130929	0.0000000000993062	10069900000
0.00000	0.00000	0.00000	2.35339	6.36852	-12.9334	6.36852	122823	0.0000000000836177	11959200000
0.00000	0.00000	0.00000	2.20625	6.36874	-13.1121	6.36874	115711	0.000000000123887	8071890000
0.00000	0.00000	0.00000	2.05773	6.36886	-13.2922	6.36886	108949	0.000000000163446	6118230000
0.00000	0.00000	0.00000	1.92411	6.36877	-13.4538	6.36877	103204	0.000000000116765	8564240000
0.00000	0.00000	0.00000	1.79021	6.36882	-13.6160	6.36882	97750.2	0.000000000130308	7674110000
0.00000	0.00000	0.00000	1.66504	6.36879	-13.7675	6.36879	92913.6	0.000000000111445	8973050000
0.00000	0.00000	0.00000	1.54257	6.36870	-13.9156	6.36870	88412.8	0.0000000000854814	11698400000
0.00000	0.00000	0.00000	1.42554	6.36848	-14.0568	6.36848	84315.5	0.0000000000537331	18610500000
0.00000	0.00000	0.00000	1.31544	6.36879	-14.1908	6.36879	80634.8	0.0000000000967170	10339400000
0.00000	0.00000	0.00000	1.20408	6.36881	-14.3257	6.36881	77075.0	0.000000000100507	9949530000
0.00000	0.00000	0.00000	1.09905	6.36893	-14.4532	6.36893	73861.8	0.000000000147893	6761670000
0.00000	0.00000	0.00000	0.992384	6.36886	-14.5822	6.36886	70735.8	0.000000000106118	9423430000
0.00000	0.00000	0.00000	0.885433	6.36893	-14.7118	6.36893	67734.0	0.000000000140319	7126620000
0.00000	0.00000	0.00000	0.785015	6.36886	-14.8332	6.36886	65031.8	0.0000000000975613	10250000000
0.00000	0.00000	0.00000	0.686395	6.36849	-14.9518	6.36849	62482.9	0.0000000000406862	24578400000
0.00000	0.00000	0.00000	0.595084	6.36882	-15.0631	6.36882	60212.0	0.0000000000802671	12458400000
0.00000	0.00000	0.00000	0.514922	6.36873	-15.1600	6.36873	58286.5	0.0000000000602486	16597900000
0.00000	0.00000	0.00000	0.441253	6.36893	-15.2496	6.36893	56571.4	0.000000000113272	8828290000
0.00000	0.00000	0.00000	0.369176	6.36883	-15.3367	6.36883	54942.1	0.0000000000749111	13349200000
0.00000	0.00000	0.00000	0.301837	6.36889	-15.4184	6.36889	53462.5	0.0000000000917022	10904900000
0.00000	0.00000	0.00000	0.237478	6.36868	-15.4958	6.36868	52085.5	0.0000000000480301	20820300000
0.00000	0.00000	0.00000	0.178388	6.36877	-15.5675	6.36877	50852.5	0.0000000000575345	17380900000
0.00000	0.00000	0.00000	0.122238	6.36884	-15.6357	6.36884	49707.9	0.0000000000693550	14418600000
0.00000	0.00000	0.00000	0.0675574	6.36880	-15.7018	6.36880	48618.0	0.0000000000607505	16460800000
0.00000	0.00000	0.00000	0.0172058	6.36865	-15.7624	6.36865	47635.5	0.0000000000413756	24168800000
0.00000	0.00000	0.00000	-0.0278778	6.36900	-15.8179	6.36900	46772.8	0.000000000148217	6746860000
0.00000	0.00000	0.00000	-0.0712054	6.36884	-15.8699	6.36884	45958.2	0.0000000000656544	15231300000
0.00000	0.00000	0.00000	-0.108489	6.36884	-15.9151	6.36884	45268.9	0.0000000000631614	15832400000
0.00000	0.00000	0.00000	-0.144058	6.36879	-15.9580	6.36879	44620.8	0.0000000000535202	18684500000
0.00000	0.00000	0.00000	-0.181423	6.36898	-16.0037	6.36898	43949.9	0.000000000120176	8321130000
0.00000	0.00000	0.00000	-0.207600	6.36896	-16.0354	6.36896	43485.9	0.000000000100529	9947380000
0.00000	0.00000	0.00000	-0.234756	6.36899	-16.0683	6.36899	43009.8	0.000000000123238	8114400000
0.00000	0.00000	0.00000	-0.253173	6.36901	-16.0907	6.36901	42689.8	0.000000000142844	7000620000
0.00000	0.00000	0.00000	-0.270570	6.36896	-16.1116	6.36896	42389.8	0.0000000000979950	10204600000
0.00000	0.00000	0.00000	-0.281432	6.36895	-16.1247	6.36895	42203.5	0.0000000000939348	10645700000
0.00000	0.00000	0.00000	-0.290743	6.36906	-16.1363	6.36906	42044.4	0.000000000231199	4325280000
0.00000	0.00000	0.00000	-0.296664	6.36881	-16.1429	6.36881	41943.6	0.0000000000546953	18283100000
0.00000	0.00000	0.00000	-0.301075	6.36896	-16.1485	6.36896	41868.6	0.0000000000967902	10331600000
0.00000	0.00000	0.00000	-0.303443	6.36875	-16.1509	6.36875	41828.5	0.0000000000456001	21929800000
0.00000	0.00000	0.00000	-0.306669	6.36879	-16.1549	6.36879	41773.8	0.0000000000511304	19557800000
0.00000	0.00000	0.00000	-0.307608	6.36912	-16.1569	6.36912	41757.9	0.00000000132889	752510000
0.00000	0.00000	0.00000	-0.309691	6.36884	-16.1587	6.36884	41722.6	0.0000000000596035	16777500000
0.00000	0.00000	0.00000	-0.310630	6.36881	-16.1598	6.36881	41706.8	0.0000000000543864	18387000000
0.00000	0.00000	0.00000	-0.311529	6.36891	-16.1611	6.36891	41691.6	0.0000000000782416	12780900000
0.00000	0.00000	0.00000	-0.312550	6.36910	-16.1628	6.36910	41674.4	0.000000000510924	1957240000
0.00000	0.00000	0.00000	-0.313203	6.36884	-16.1630	6.36884	41663.2	0.0000000000595187	16801400000
0.00000	0.00000	0.00000	-0.315531	6.36874	-16.1655	6.36874	41624.0	0.0000000000445651	22439100000
0.00000	0.00000	0.00000	-0.319696	6.36870	-16.1705	6.36870	41553.8	0.0000000000395371	25292700000
0.00000	0.00000	0.00000	-0.321615	6.36890	-16.1733	6.36890	41521.5	0.0000000000733224	13638400000
0.00000	0.00000	0.00000	-0.321656	6.36888	-16.1733	6.36888	41520.8	0.0000000000692341	14443800000
0.00000	0.00000	0.00000	-0.320309	6.36890	-16.1717	6.36890	41543.4	0.0000000000733611	13631200000
0.00000	0.00000	0.00000	-0.318920	6.36880	-16.1698	6.36880	41566.9	0.0000000000519398	19253100000
0.00000	0.00000	0.00000	-0.318716	6.36893	-16.1698	6.36893	41570.2	0.0000000000832356	12014100000
0.00000	0.00000	0.00000	-0.322065	6.36897	-16.1740	6.36897	41513.9	0.000000000104008	9614660000
0.00000	0.00000	0.00000	-0.319451	6.36897	-16.1708	6.36897	41557.9	0.000000000104118	9604480000
0.00000	0.00000	0.00000	-0.322187	6.36886	-16.1739	6.36886	41511.9	0.0000000000622765	16057400000
0.00000	0.00000	0.00000	-0.322391	6.36876	-16.1739	6.36876	41508.4	0.0000000000460909	21696300000
0.00000	0.00000	0.00000	-0.326393	6.36891	-16.1791	6.36891	41441.1	0.0000000000777715	12858200000
0.00000	0.00000	0.00000	-0.325209	6.36886	-16.1775	6.36886	41461.0	0.0000000000622002	16077100000
0.00000	0.00000	0.00000	-0.322800	6.36879	-16.1745	6.36879	41501.5	0.0000000000507972	19686100000
0.00000	0.00000	0.00000	-0.323045	6.36905	-16.1754	6.36905	41497.4	0.000000000192758	5187860000
0.00000	0.00000	0.00000	-0.320594	6.36883	-16.1719	6.36883	41538.6	0.0000000000566360	17656600000
0.00000	0.00000	0.00000	-0.320472	6.36888	-16.1719	6.36888	41540.6	0.0000000000692672	14436800000
0.00000	0.00000	0.00000	-0.320839	6.36892	-16.1724	6.36892	41534.5	0.0000000000804709	12426900000
0.00000	0.00000	0.00000	-0.320880	6.36881	-16.1722	6.36881	41533.8	0.0000000000530055	18866000000
0.00000	0.00000	0.00000	-0.321289	6.36883	-16.1727	6.36883	41527.0	0.0000000000566202	17661600000
0.00000	0.00000	0.00000	-0.323249	6.36885	-16.1751	6.36885	41494.0	0.0000000000607270	16467100000
0.00000	0.00000	0.00000	-0.324882	6.36870	-16.1767	6.36870	41466.5	0.0000000000400917	24942800000
0.00000	0.00000	0.00000	-0.322840	6.36881	-16.1746	6.36881	41500.9	0.0000000000541179	18478200000
0.00000	0.00000	0.00000	-0.320839	6.36901	-16.1726	6.36901	41534.5	0.000000000138979	7195340000
0.00000	0.00000	0.00000	-0.320186	6.36895	-16.1717	6.36895	41545.5	0.0000000000924702	10814300000
0.00000	0.00000	0.00000	-0.318675	6.36864	-16.1691	6.36864	41571.0	0.0000000000350892	28498800000
0.00000	0.00000	0.00000	-0.319002	6.36900	-16.1704	6.36900	41565.5	0.000000000131716	7592100000
0.00000	0.00000	0.00000	-0.318879	6.36896	-16.1701	6.36896	41567.5	0.0000000000999564	10004400000
0.00000	0.00000	0.00000	-0.319696	6.36882	-16.1708	6.36882	41553.8	0.0000000000553942	18052400000
0.00000	0.00000	0.00000	-0.320023	6.36893	-16.1714	6.36893	41548.2	0.0000000000831916	12020400000
0.00000	0.00000	0.00000	-0.321575	6.36880	-16.1730	6.36880	41522.1	0.0000000000518839	19273800000
0.00000	0.00000	0.00000	-0.321615	6.36890	-16.1733	6.36890	41521.5	0.0000000000733224	13638400000
0.00000	0.00000	0.00000	-0.318103	6.36905	-16.1694	6.36905	41580.6	0.000000000193144	5177470000
0.00000	0.00000	0.00000	-0.318634	6.36889	-16.1697	6.36889	41571.6	0.0000000000713063	14024000000
0.00000	0.00000	0.00000	-0.319247	6.36898	-16.1706	6.36898	41561.4	0.000000000108678	9201510000
0.00000	0.00000	0.00000	-0.318920	6.36908	-16.1705	6.36908	41566.9	0.000000000315594	3168630000
0.00000	0.00000	0.00000	-0.318430	6.36903	-16.1698	6.36903	41575.1	0.000000000167162	5982220000
0.00000	0.00000	0.00000	-0.319410	6.36894	-16.1707	6.36894	41558.5	0.0000000000891814	11213100000
0.00000	0.00000	0.00000	-0.319819	6.36873	-16.1707	6.36873	41551.8	0.0000000000429505	23282600000
0.00000	0.00000	0.00000	-0.323208	6.36917	-16.1759	6.36917	41494.6	-0.000000000484874	-2062390000
0.00000	0.00000	0.00000	-0.324025	6.36875	-16.1758	6.36875	41480.9	0.0000000000452211	22113600000
0.00000	0.00000	0.00000	-0.322310	6.36875	-16.1738	6.36875	41509.8	0.0000000000452526	22098200000
0.00000	0.00000	0.00000	-0.322800	6.36898	-16.1749	6.36898	41501.5	0.000000000108521	9214780000
0.00000	0.00000	0.00000	-0.322391	6.36884	-16.1741	6.36884	41508.4	0.0000000000579146	17266800000
0.00000	0.00000	0.00000	-0.323616	6.36888	-16.1757	6.36888	41487.8	0.0000000000691791	14455200000
0.00000	0.00000	0.00000	-0.323167	6.36886	-16.1751	6.36886	41495.4	0.0000000000622518	16063800000
0.00000	0.00000	0.00000	-0.324474	6.36901	-16.1770	6.36901	41473.4	0.000000000138774	7205950000
0.00000	0.00000	0.00000	-0.328843	6.36884	-16.1819	6.36884	41400.0	0.0000000000591427	16908300000
0.00000	0.00000	0.00000	-0.330150	6.36896	-16.1838	6.36896	41378.0	0.0000000000956560	10454100000
0.00000	0.00000	0.00000	-0.332151	6.36893	-16.1861	6.36893	41344.5	0.0000000000856501	11675400000
0.00000	0.00000	0.00000	-0.332682	6.36893	-16.1868	6.36893	41335.6	0.0000000000827658	12082300000
0.00000	0.00000	0.00000	-0.330477	6.36896	-16.1842	6.36896	41372.5	0.0000000000994875	10051500000
0.00000	0.00000	0.00000	-0.329742	6.36900	-16.1834	6.36900	41384.9	0.000000000131144	7625230000
0.00000	0.00000	0.00000	-0.328680	6.36903	-16.1822	6.36903	41402.8	0.000000000166469	6007120000
0.00000	0.00000	0.00000	-0.329864	6.36878	-16.1830	6.36878	41382.8	0.0000000000486608	20550400000
0.00000	0.00000	0.00000	-0.327904	6.36875	-16.1805	6.36875	41415.8	0.0000000000451501	22148400000
0.00000	0.00000	0.00000	-0.329538	6.36884	-16.1827	6.36884	41388.2	0.0000000000577470	17316900000
0.00000	0.00000	0.00000	-0.330763	6.36911	-16.1849	6.36911	41367.8	0.000000000637878	1567700000
0.00000	0.00000	0.00000	-0.333417	6.36870	-16.1871	6.36870	41323.2	0.0000000000399532	25029300000
0.00000	0.00000	0.00000	-0.333499	6.36893	-16.1877	6.36893	41321.9	0.0000000000827383	12086300000
0.00000	0.00000	0.00000	-0.331457	6.36907	-16.1856	6.36907	41356.1	0.000000000250432	3993100000
0.00000	0.00000	0.00000	-0.328803	6.36880	-16.1817	6.36880	41400.6	0.0000000000517321	19330400000
0.00000	0.00000	0.00000	-0.327782	6.36892	-16.1808	6.36892	41417.8	0.0000000000802447	12461900000
0.00000	0.00000	0.00000	-0.327700	6.36868	-16.1801	6.36868	41419.1	0.0000000000381942	26182000000
0.00000	0.00000	0.00000	-0.327292	6.36899	-16.1804	6.36899	41426.0	0.000000000118700	8424620000
0.00000	0.00000	0.00000	-0.326352	6.36889	-16.1790	6.36889	41441.8	0.0000000000710835	14068000000
0.00000	0.00000	0.00000	-0.328803	6.36867	-16.1814	6.36867	41400.6	0.0000000000375976	26597400000
0.00000	0.00000	0.00000	-0.329415	6.36883	-16.1826	6.36883	41390.4	0.0000000000564339	17719900000
0.00000	0.00000	0.00000	-0.329578	6.36885	-16.1828	6.36885	41387.6	0.0000000000605713	16509500000
0.00000	0.00000	0.00000	-0.329538	6.36891	-16.1829	6.36891	41388.2	0.0000000000776723	12874600000
0.00000	0.00000	0.00000	-0.328272	6.36880	-16.1811	6.36880	41409.5	0.0000000000517432	19326200000
0.00000	0.00000	0.00000	-0.327006	6.36878	-16.1795	6.36878	41430.8	0.0000000000487173	20526600000
0.00000	0.00000	0.00000	-0.324882	6.36898	-16.1774	6.36898	41466.5	0.000000000108430	9222560000
0.00000	0.00000	0.00000	-0.324474	6.36872	-16.1763	6.36872	41473.4	0.0000000000421414	23729600000
0.00000	0.00000	0.00000	-0.325168	6.36910	-16.1781	6.36910	41461.6	0.000000000421868	2370410000
0.00000	0.00000	0.00000	-0.323739	6.36891	-16.1759	6.36891	41485.8	0.0000000000778552	12844400000
0.00000	0.00000	0.00000	-0.325862	6.36897	-16.1786	6.36897	41450.0	0.000000000103848	9629480000
0.00000	0.00000	0.00000	-0.326434	6.36881	-16.1789	6.36881	41440.4	0.0000000000540390	18505100000
0.00000	0.00000	0.00000	-0.328639	6.36902	-16.1821	6.36902	41403.4	0.000000000146747	6814430000
0.00000	0.00000	0.00000	-0.325862	6.36912	-16.1790	6.36912	41450.0	0.00000000131909	758099000
0.00000	0.00000	0.00000	-0.325740	6.36893	-16.1783	6.36893	41452.1	0.0000000000829991	12048300000
0.00000	0.00000	0.00000	-0.324678	6.36892	-16.1770	6.36892	41469.9	0.0000000000803457	12446200000
0.00000	0.00000	0.00000	-0.326107	6.36894	-16.1788	6.36894	41445.9	0.0000000000889397	11243600000
0.00000	0.00000	0.00000	-0.325944	6.36916	-16.1792	6.36916	41448.6	-0.000000000794809	-1258160000
0.00000	0.00000	0.00000	-0.326679	6.36877	-16.1791	6.36877	41436.2	0.0000000000468809	21330600000
0.00000	0.00000	0.00000	-0.327251	6.36871	-16.1796	6.36871	41426.8	0.0000000000407112	24563300000
0.00000	0.00000	0.00000	-0.329211	6.36907	-16.1829	6.36907	41393.8	0.000000000250660	3989470000
0.00000	0.00000	0.00000	-0.327986	6.36920	-16.1817	6.36920	41414.4	-0.000000000271684	-3680750000
0.00000	0.00000	0.00000	-0.329946	6.36917	-16.1840	6.36917	41381.5	-0.000000000483552	-2068030000
0.00000	0.00000	0.00000	-0.327455	6.36866	-16.1798	6.36866	41423.2	0.0000000000365098	27389900000
0.00000	0.00000	0.00000	-0.329946	6.36873	-16.1829	6.36873	41381.5	0.0000000000427745	23378400000
0.00000	0.00000	0.00000	-0.329578	6.36897	-16.1831	6.36897	41387.6	0.000000000103692	9643990000
0.00000	0.00000	0.00000	-0.331539	6.36906	-16.1857	6.36906	41354.8	0.000000000227407	4397400000
0.00000	0.00000	0.00000	-0.331702	6.36888	-16.1854	6.36888	41352.0	0.0000000000670830	14906900000
0.00000	0.00000	0.00000	-0.333540	6.36887	-16.1876	6.36887	41321.2	0.0000000000652635	15322500000
0.00000	0.00000	0.00000	-0.336112	6.36898	-16.1910	6.36898	41278.1	0.000000000112870	8859720000
0.00000	0.00000	0.00000	-0.335214	6.36894	-16.1899	6.36894	41293.1	0.0000000000886119	11285200000
0.00000	0.00000	0.00000	-0.335581	6.36888	-16.1902	6.36888	41287.0	0.0000000000688443	14525500000
0.00000	0.00000	0.00000	-0.333376	6.36891	-16.1876	6.36891	41323.9	0.0000000000775514	12894700000
0.00000	0.00000	0.00000	-0.333866	6.36894	-16.1882	6.36894	41315.8	0.0000000000886605	11279000000
0.00000	0.00000	0.00000	-0.332437	6.36870	-16.1859	6.36870	41339.6	0.0000000000393334	25423700000
0.00000	0.00000	0.00000	-0.332886	6.36870	-16.1864	6.36870	41332.1	0.0000000000393262	25428300000
0.00000	0.00000	0.00000	-0.333376	6.36886	-16.1874	6.36886	41323.9	0.0000000000619945	16130500000
0.00000	0.00000	0.00000	-0.333662	6.36891	-16.1879	6.36891	41319.1	0.0000000000751842	13300700000
0.00000	0.00000	0.00000	-0.333050	6.36884	-16.1870	6.36884	41329.4	0.0000000000590418	16937200000
0.00000	0.00000	0.00000	-0.335581	6.36896	-16.1903	6.36896	41287.0	0.0000000000992819	10072300000
0.00000	0.00000	0.00000	-0.335826	6.36889	-16.1905	6.36889	41282.9	0.0000000000708110	14122100000
0.00000	0.00000	0.00000	-0.335296	6.36881	-16.1896	6.36881	41291.8	0.0000000000538452	18571800000
0.00000	0.00000	0.00000	-0.332274	6.36885	-16.1861	6.36885	41342.4	0.0000000000605051	16527500000
0.00000	0.00000	0.00000	-0.333948	6.36894	-16.1883	6.36894	41314.4	0.0000000000886575	11279400000
0.00000	0.00000	0.00000	-0.330967	6.36888	-16.1846	6.36888	41364.4	0.0000000000689733	14498400000
0.00000	0.00000	0.00000	-0.332233	6.36903	-16.1865	6.36903	41343.1	0.000000000155761	6420070000
0.00000	0.00000	0.00000	-0.331049	6.36901	-16.1850	6.36901	41362.9	0.000000000138405	7225200000
0.00000	0.00000	0.00000	-0.331743	6.36900	-16.1858	6.36900	41351.4	0.000000000124446	8035620000
0.00000	0.00000	0.00000	-0.332927	6.36880	-16.1867	6.36880	41331.5	0.0000000000516457	19362700000
0.00000	0.00000	0.00000	-0.333866	6.36901	-16.1884	6.36901	41315.8	0.000000000138247	7233440000
0.00000	0.00000	0.00000	-0.333662	6.36887	-16.1878	6.36887	41319.1	0.0000000000652602	15323300000
0.00000	0.00000	0.00000	-0.329374	6.36891	-16.1827	6.36891	41391.0	0.0000000000753150	13277600000
0.00000	0.00000	0.00000	-0.329374	6.36893	-16.1828	6.36893	41391.0	0.0000000000857464	11662300000
0.00000	0.00000	0.00000	-0.328925	6.36892	-16.1822	6.36892	41398.5	0.0000000000802074	12467700000
0.00000	0.00000	0.00000	-0.327700	6.36914	-16.1812	6.36914	41419.1	-0.0000000206503	-48425400
0.00000	0.00000	0.00000	-0.327618	6.36897	-16.1807	6.36897	41420.5	0.000000000103774	9636330000
0.00000	0.00000	0.00000	-0.329211	6.36903	-16.1828	6.36903	41393.8	0.000000000166433	6008430000
0.00000	0.00000	0.00000	-0.328843	6.36898	-16.1822	6.36898	41400.0	0.000000000113204	8833640000
0.00000	0.00000	0.00000	-0.328394	6.36880	-16.1812	6.36880	41407.5	0.0000000000517407	19327200000
0.00000	0.00000	0.00000	-0.329905	6.36893	-16.1834	6.36893	41382.1	0.0000000000828589	12068700000
0.00000	0.00000	0.00000	-0.329823	6.36913	-16.1838	6.36913	41383.5	0.00000000281353	355425000
0.00000	0.00000	0.00000	-0.327455	6.36890	-16.1804	6.36890	41423.2	0.0000000000731489	13670700000
0.00000	0.00000	0.00000	-0.327537	6.36907	-16.1809	6.36907	41421.9	0.000000000279077	3583240000
0.00000	0.00000	0.00000	-0.329007	6.36903	-16.1826	6.36903	41397.2	0.000000000166447	6007920000
0.00000	0.00000	0.00000	-0.328680	6.36898	-16.1820	6.36898	41402.8	0.000000000113211	8833060000
0.00000	0.00000	0.00000	-0.329456	6.36897	-16.1829	6.36897	41389.6	0.000000000103697	9643520000
0.00000	0.00000	0.00000	-0.329415	6.36867	-16.1822	6.36867	41390.4	0.0000000000375883	26604000000
0.00000	0.00000	0.00000	-0.331743	6.36892	-16.1856	6.36892	41351.4	0.0000000000801161	12481900000
0.00000	0.00000	0.00000	-0.333662	6.36886	-16.1878	6.36886	41319.1	0.0000000000619874	16132300000
0.00000	0.00000	0.00000	-0.335500	6.36896	-16.1903	6.36896	41288.4	0.0000000000992852	10072000000
0.00000	0.00000	0.00000	-0.335459	6.36877	-16.1897	6.36877	41289.0	0.0000000000476148	21001900000
0.00000	0.00000	0.00000	-0.333499	6.36889	-16.1877	6.36889	41321.9	0.0000000000708779	14108800000
0.00000	0.00000	0.00000	-0.333785	6.36896	-16.1882	6.36896	41317.1	0.0000000000955153	10469500000
0.00000	0.00000	0.00000	-0.334642	6.36888	-16.1890	6.36888	41302.8	0.0000000000688706	14520000000
0.00000	0.00000	0.00000	-0.335091	6.36877	-16.1893	6.36877	41295.1	0.0000000000467213	21403500000
0.00000	0.00000	0.00000	-0.335826	6.36895	-16.1906	6.36895	41282.9	0.0000000000918857	10883100000
0.00000	0.00000	0.00000	-0.335826	6.36886	-16.1904	6.36886	41282.9	0.0000000000619330	16146500000
0.00000	0.00000	0.00000	-0.336153	6.36886	-16.1908	6.36886	41277.5	0.0000000000619249	16148600000
0.00000	0.00000	0.00000	-0.337868	6.36891	-16.1930	6.36891	41248.8	0.0000000000750561	13323400000
0.00000	0.00000	0.00000	-0.338072	6.36919	-16.1939	6.36919	41245.4	-0.000000000346579	-2885340000
0.00000	0.00000	0.00000	-0.336888	6.36894	-16.1919	6.36894	41265.1	0.0000000000885518	11292800000
0.00000	0.00000	0.00000	-0.337746	6.36894	-16.1929	6.36894	41250.8	0.0000000000885210	11296800000
0.00000	0.00000	0.00000	-0.335745	6.36887	-16.1903	6.36887	41284.2	0.0000000000652051	15336200000
0.00000	0.00000	0.00000	-0.336766	6.36895	-16.1917	6.36895	41267.1	0.0000000000918506	10887200000
0.00000	0.00000	0.00000	-0.335704	6.36881	-16.1901	6.36881	41285.0	0.0000000000526880	18979600000
0.00000	0.00000	0.00000	-0.336602	6.36872	-16.1910	6.36872	41269.9	0.0000000000419346	23846700000
0.00000	0.00000	0.00000	-0.337378	6.36892	-16.1924	6.36892	41256.9	0.0000000000799330	12510500000
0.00000	0.00000	0.00000	-0.338113	6.36897	-16.1934	6.36897	41244.6	0.000000000103333	9677420000
0.00000	0.00000	0.00000	-0.336847	6.36896	-16.1919	6.36896	41265.9	0.0000000000992311	10077500000
0.00000	0.00000	0.00000	-0.335132	6.36874	-16.1892	6.36874	41294.5	0.0000000000434350	23022900000
0.00000	0.00000	0.00000	-0.333580	6.36872	-16.1873	6.36872	41320.5	0.0000000000412849	24221900000
0.00000	0.00000	0.00000	-0.333744	6.36891	-16.1880	6.36891	41317.8	0.0000000000775400	12896600000
0.00000	0.00000	0.00000	-0.333090	6.36888	-16.1871	6.36888	41328.8	0.0000000000670453	14915300000
0.00000	0.00000	0.00000	-0.332641	6.36880	-16.1864	6.36880	41336.2	0.0000000000516516	19360500000
0.00000	0.00000	0.00000	-0.333131	6.36882	-16.1870	6.36882	41328.0	0.0000000000550933	18151000000
0.00000	0.00000	0.00000	-0.334887	6.36881	-16.1891	6.36881	41298.6	0.0000000000538542	18568700000
0.00000	0.00000	0.00000	-0.333703	6.36875	-16.1876	6.36875	41318.5	0.0000000000450441	22200500000
0.00000	0.00000	0.00000	-0.334928	6.36883	-16.1892	6.36883	41297.9	0.0000000000563078	17759500000
0.00000	0.00000	0.00000	-0.332192	6.36900	-16.1863	6.36900	41343.8	0.000000000131013	7632820000
0.00000	0.00000	0.00000	-0.331130	6.36879	-16.1845	6.36879	41361.6	0.0000000000506260	19752700000
0.00000	0.00000	0.00000	-0.330436	6.36884	-16.1838	6.36884	41373.2	0.0000000000577261	17323200000
0.00000	0.00000	0.00000	-0.329578	6.36905	-16.1833	6.36905	41387.6	0.000000000208430	4797760000
0.00000	0.00000	0.00000	-0.329088	6.36901	-16.1826	6.36901	41395.9	0.000000000138515	7219440000
0.00000	0.00000	0.00000	-0.329619	6.36867	-16.1824	6.36867	41386.9	0.0000000000370232	27010100000
0.00000	0.00000	0.00000	-0.331375	6.36869	-16.1846	6.36869	41357.5	0.0000000000387344	25816900000
0.00000	0.00000	0.00000	-0.330273	6.36903	-16.1841	6.36903	41376.0	0.000000000155885	6414970000
0.00000	0.00000	0.00000	-0.332886	6.36904	-16.1873	6.36904	41332.1	0.000000000178158	5612990000
0.00000	0.00000	0.00000	-0.332968	6.36881	-16.1868	6.36881	41330.8	0.0000000000538961	18554200000
0.00000	0.00000	0.00000	-0.330967	6.36916	-16.1853	6.36916	41364.4	-0.000000000793193	-1260730000
0.00000	0.00000	0.00000	-0.329783	6.36898	-16.1834	6.36898	41384.2	0.000000000113161	8837000000
0.00000	0.00000	0.00000	-0.330885	6.36870	-16.1840	6.36870	41365.6	0.0000000000393581	25407700000
0.00000	0.00000	0.00000	-0.331947	6.36879	-16.1855	6.36879	41347.9	0.0000000000506092	19759300000
0.00000	0.00000	0.00000	-0.332764	6.36900	-16.1870	6.36900	41334.1	0.000000000130983	7634600000
0.00000	0.00000	0.00000	-0.333009	6.36887	-16.1870	6.36887	41330.1	0.0000000000652776	15319200000
0.00000	0.00000	0.00000	-0.335500	6.36899	-16.1903	6.36899	41288.4	0.000000000118305	8452700000
0.00000	0.00000	0.00000	-0.336235	6.36888	-16.1909	6.36888	41276.0	0.0000000000688260	14529400000
0.00000	0.00000	0.00000	-0.337746	6.36891	-16.1928	6.36891	41250.8	0.0000000000750598	13322700000
0.00000	0.00000	0.00000	-0.337092	6.36893	-16.1921	6.36893	41261.8	0.0000000000854786	11698800000
0.00000	0.00000	0.00000	-0.336929	6.36900	-16.1921	6.36900	41264.4	0.000000000124184	8052560000
0.00000	0.00000	0.00000	-0.336807	6.36882	-16.1915	6.36882	41266.5	0.0000000000550113	18178100000
0.00000	0.00000	0.00000	-0.337664	6.36905	-16.1931	6.36905	41252.1	0.000000000191619	5218700000
0.00000	0.00000	0.00000	-0.336725	6.36898	-16.1918	6.36898	41267.9	0.000000000107910	9266950000
0.00000	0.00000	0.00000	-0.337705	6.36890	-16.1928	6.36890	41251.5	0.0000000000728456	13727700000
0.00000	0.00000	0.00000	-0.338032	6.36900	-16.1934	6.36900	41246.0	0.000000000130703	7650910000
0.00000	0.00000	0.00000	-0.339298	6.36902	-16.1950	6.36902	41224.9	0.000000000146115	6843940000
0.00000	0.00000	0.00000	-0.339093	6.36893	-16.1945	6.36893	41228.2	0.0000000000854092	11708300000
0.00000	0.00000	0.00000	-0.339338	6.36897	-16.1949	6.36897	41224.1	0.000000000103282	9682240000
0.00000	0.00000	0.00000	-0.338399	6.36895	-16.1937	6.36895	41239.9	0.0000000000917900	10894400000
0.00000	0.00000	0.00000	-0.338971	6.36879	-16.1940	6.36879	41230.2	0.0000000000504652	19815600000
0.00000	0.00000	0.00000	-0.337297	6.36891	-16.1923	6.36891	41258.2	0.0000000000750734	13320300000
0.00000	0.00000	0.00000	-0.338318	6.36886	-16.1934	6.36886	41241.2	0.0000000000618705	16162800000
0.00000	0.00000	0.00000	-0.337868	6.36886	-16.1929	6.36886	41248.8	0.0000000000618818	16159800000
0.00000	0.00000	0.00000	-0.338399	6.36873	-16.1932	6.36873	41239.9	0.0000000000426281	23458700000
0.00000	0.00000	0.00000	-0.339543	6.36879	-16.1947	6.36879	41220.8	0.0000000000504536	19820200000
0.00000	0.00000	0.00000	-0.338481	6.36879	-16.1934	6.36879	41238.5	0.0000000000504753	19811700000
0.00000	0.00000	0.00000	-0.338399	6.36907	-16.1940	6.36907	41239.9	0.000000000249728	4004350000
0.00000	0.00000	0.00000	-0.337664	6.36897	-16.1929	6.36897	41252.1	0.000000000103352	9675670000
0.00000	0.00000	0.00000	-0.335990	6.36900	-16.1909	6.36900	41280.1	0.000000000124232	8049490000
0.00000	0.00000	0.00000	-0.336684	6.36883	-16.1914	6.36883	41268.5	0.0000000000562677	17772200000
0.00000	0.00000	0.00000	-0.334642	6.36888	-16.1890	6.36888	41302.8	0.0000000000688706	14520000000
0.00000	0.00000	0.00000	-0.335663	6.36859	-16.1895	6.36859	41285.6	0.0000000000317161	31529700000
0.00000	0.00000	0.00000	-0.334642	6.36879	-16.1888	6.36879	41302.8	0.0000000000505539	19780900000
0.00000	0.00000	0.00000	-0.334275	6.36902	-16.1889	6.36902	41308.9	0.000000000146412	6830020000
0.00000	0.00000	0.00000	-0.334969	6.36869	-16.1889	6.36869	41297.2	0.0000000000386779	25854500000
0.00000	0.00000	0.00000	-0.334806	6.36907	-16.1897	6.36907	41300.0	0.000000000278256	3593820000
0.00000	0.00000	0.00000	-0.333785	6.36897	-16.1882	6.36897	41317.1	0.000000000103515	9660440000
0.00000	0.00000	0.00000	-0.333785	6.36898	-16.1882	6.36898	41317.1	0.000000000112977	8851360000
0.00000	0.00000	0.00000	-0.332641	0.00000	-0.332641	0.00000	41336.2	0.00000	0.00000
0.00000	0.00000	0.00000	-0.332315	0.00000	-0.332315	0.00000	41341.8	0.00000	0.00000
