Vload_(V)	ILoad_(I)	RsLoad (ohm)	SunsVoc_Voltage_(V)	SunsVoc_Current_(A)	Model_Voltage_(V)	Model_Current_(I)	Carrier_Density_(cm-3)	Lifetime_(s)	Inverse_Lifetime_(s-1)
4.35463	9.29235	0.00000	38.7520	-0.756905	39.0028	-0.756905	474113000000000	0.0000322633	30994.6
4.36276	9.29445	-0.482404	38.7529	-0.654856	38.9699	-0.654856	474389000000000	0.0000326133	30662.0
4.44355	9.30120	-0.490793	38.6645	-0.191532	38.7281	-0.191532	448844000000000	0.0000323646	30897.7
5.26993	9.29743	-0.579844	38.5468	0.382789	38.4195	0.382789	416896000000000	0.0000319987	31251.0
7.01196	9.29857	-0.767126	38.4145	0.996990	38.0821	0.996990	383586000000000	0.0000316219	31623.4
8.80058	9.28973	1.11366	38.2771	1.58325	37.7480	1.58325	351757000000000	0.0000312032	32047.8
10.6841	9.28947	0.960241	38.1397	2.13196	37.4256	2.13196	322492000000000	0.0000307994	32468.0
12.4980	9.28873	0.873650	38.0006	2.64171	37.1136	2.64171	295296000000000	0.0000303636	32934.0
14.3059	9.28385	0.996952	37.8642	3.11035	36.8175	3.11035	270815000000000	0.0000299574	33380.6
16.1228	9.28160	0.882843	37.7298	3.53830	36.5364	3.53830	248646000000000	0.0000295507	33840.0
17.9356	9.26749	0.993370	37.5961	3.93133	36.2671	3.93133	228351000000000	0.0000291284	34330.7
19.7379	9.26839	0.789245	37.4649	4.29435	36.0100	4.29435	210031000000000	0.0000287374	34797.8
21.5432	9.25413	0.715595	37.3380	4.62258	35.7685	4.62258	193682000000000	0.0000283631	35257.0
23.3521	9.25334	0.525188	37.2120	4.93004	35.5345	4.93004	178689000000000	0.0000280119	35699.1
23.9469	9.24890	0.488299	37.0851	5.21622	35.3065	5.21622	164758000000000	0.0000276412	36177.8
24.5494	9.24592	0.439359	36.9607	5.48183	35.0876	5.48183	152133000000000	0.0000273024	36626.8
25.1465	9.24624	0.373011	36.8364	5.72986	34.8745	5.72986	140482000000000	0.0000269666	37082.8
25.7465	9.23930	0.341565	36.7142	5.95617	34.6706	5.95617	129879000000000	0.0000266224	37562.3
26.3452	9.22959	0.316862	36.5941	6.16555	34.4745	6.16555	120241000000000	0.0000262974	38026.6
26.9417	9.20254	0.333762	36.4751	6.36241	34.2834	6.36241	111382000000000	0.0000259967	38466.4
27.5306	9.16962	0.339334	36.3570	6.54307	34.0987	6.54307	103236000000000	0.0000256787	38942.8
28.1281	9.11626	0.352404	36.2452	6.70706	33.9260	6.70706	96068400000000	0.0000254115	39352.2
28.7146	9.05218	0.354922	36.1337	6.85951	33.7574	6.85951	89411800000000	0.0000251328	39788.6
29.2904	8.96293	0.359803	36.0217	7.00399	33.5909	7.00399	83190600000000	0.0000248605	40224.4
29.8724	8.84537	0.361606	35.9117	7.13773	33.4300	7.13773	77498300000000	0.0000245969	40655.4
30.4486	8.69699	0.360978	35.8020	7.26244	33.2724	7.26244	72205500000000	0.0000243251	41109.9
31.0207	8.50534	0.360496	35.6950	7.37936	33.1201	7.37936	67388500000000	0.0000240898	41511.3
31.6024	8.26678	0.357540	35.5880	7.48785	32.9707	7.48785	62892000000000	0.0000238341	41956.7
32.1692	7.98803	0.352976	35.4816	7.58859	32.8245	7.58859	58718300000000	0.0000235681	42430.1
32.7313	7.64739	0.349959	35.3755	7.68339	32.6805	7.68339	54830200000000	0.0000233043	42910.6
33.2933	7.25771	0.344132	35.2720	7.77310	32.5409	7.77310	51282300000000	0.0000230834	43321.2
33.8464	6.80048	0.340562	35.1701	7.85678	32.4050	7.85678	48014300000000	0.0000228721	43721.4
34.3921	6.27913	0.337268	35.0691	7.93535	32.2718	7.93535	44982200000000	0.0000226684	44114.2
34.9190	5.71455	0.333040	34.9682	8.00861	32.1404	8.00861	42141000000000	0.0000224485	44546.5
35.4461	5.08753	0.329717	34.8697	8.07947	32.0123	8.07947	39540000000000	0.0000222936	44856.0
35.9629	4.41818	0.324085	34.7739	8.14254	31.8897	8.14254	37164600000000	0.0000221036	45241.6
36.4641	3.70821	0.323294	34.6778	8.20306	31.7677	8.20306	34924900000000	0.0000219257	45608.5
36.9357	2.98300	0.326440	34.5824	8.25986	31.6477	8.25986	32835100000000	0.0000217477	45982.0
37.3881	2.24595	0.330986	34.4882	8.31274	31.5302	8.31274	30894100000000	0.0000215666	46368.0
30.3905	8.70914	0.362725	34.3949	8.36275	31.4146	8.36275	29083000000000	0.0000213945	46741.1
38.6241	0.00000	0.00000	34.3030	8.40955	31.3016	8.40955	27403900000000	0.0000212281	47107.3
0.00000	0.00000	0.00000	34.2122	8.45292	31.1910	8.45292	25840400000000	0.0000210510	47503.7
0.00000	0.00000	0.00000	34.1220	8.49424	31.0816	8.49424	24374700000000	0.0000208851	47880.9
0.00000	0.00000	0.00000	34.0333	8.53294	30.9748	8.53294	23014300000000	0.0000207243	48252.6
0.00000	0.00000	0.00000	33.9434	8.56894	30.8675	8.56894	21711800000000	0.0000205246	48722.0
0.00000	0.00000	0.00000	33.8557	8.60407	30.7629	8.60407	20513100000000	0.0000203810	49065.3
0.00000	0.00000	0.00000	33.7667	8.63734	30.6575	8.63734	19364400000000	0.0000202171	49463.1
0.00000	0.00000	0.00000	33.6787	8.66853	30.5539	8.66853	18291400000000	0.0000200515	49871.6
0.00000	0.00000	0.00000	33.5925	8.69766	30.4530	8.69766	17298600000000	0.0000198921	50271.1
0.00000	0.00000	0.00000	33.5062	8.72562	30.3523	8.72562	16358100000000	0.0000197387	50661.9
0.00000	0.00000	0.00000	33.4217	8.75216	30.2539	8.75216	15485800000000	0.0000196042	51009.4
0.00000	0.00000	0.00000	33.3361	8.77671	30.1551	8.77671	14650600000000	0.0000194300	51466.8
0.00000	0.00000	0.00000	33.2514	8.80087	30.0574	8.80087	13868700000000	0.0000192971	51821.3
0.00000	0.00000	0.00000	33.1663	8.82288	29.9600	8.82288	13123900000000	0.0000191167	52310.4
0.00000	0.00000	0.00000	33.0823	8.84451	29.8639	8.84451	12428600000000	0.0000189784	52691.6
0.00000	0.00000	0.00000	32.9978	8.86447	29.7678	8.86447	11766600000000	0.0000188056	53175.7
0.00000	0.00000	0.00000	32.9145	8.88328	29.6735	8.88328	11148400000000	0.0000186370	53656.8
0.00000	0.00000	0.00000	32.8318	8.90130	29.5800	8.90130	10566300000000	0.0000184776	54119.5
0.00000	0.00000	0.00000	32.7502	8.91890	29.4878	8.91890	10022300000000	0.0000183526	54488.1
0.00000	0.00000	0.00000	32.6688	8.93506	29.3963	8.93506	9507190000000	0.0000181967	54955.0
0.00000	0.00000	0.00000	32.5881	8.95080	29.3057	8.95080	9022590000000	0.0000180652	55355.1
0.00000	0.00000	0.00000	32.5073	8.96564	29.2153	8.96564	8561950000000	0.0000179212	55800.0
0.00000	0.00000	0.00000	32.4276	8.97906	29.1266	8.97906	8131010000000	0.0000177484	56343.1
0.00000	0.00000	0.00000	32.3468	8.99247	29.0367	8.99247	7715940000000	0.0000175957	56832.1
0.00000	0.00000	0.00000	32.2673	9.00571	28.9482	9.00571	7328180000000	0.0000174832	57197.6
0.00000	0.00000	0.00000	32.1877	9.01719	28.8603	9.01719	6959970000000	0.0000172977	57811.2
0.00000	0.00000	0.00000	32.1080	9.02881	28.7722	9.02881	6609260000000	0.0000171504	58307.6
0.00000	0.00000	0.00000	32.0278	9.04041	28.6836	9.04041	6274560000000	0.0000170311	58716.1
0.00000	0.00000	0.00000	31.9482	9.04960	28.5964	9.04960	5958760000000	0.0000167865	59571.7
0.00000	0.00000	0.00000	31.8666	9.06021	28.5067	9.06021	5651830000000	0.0000166494	60062.1
0.00000	0.00000	0.00000	31.7873	9.06950	28.4198	9.06950	5368490000000	0.0000164737	60702.8
0.00000	0.00000	0.00000	31.7101	9.07966	28.3349	9.07966	5106380000000	0.0000164185	60906.8
0.00000	0.00000	0.00000	31.6304	9.08682	28.2483	9.08682	4849090000000	0.0000161345	61978.9
0.00000	0.00000	0.00000	31.5522	9.09591	28.1626	9.09591	4609250000000	0.0000160462	62320.2
0.00000	0.00000	0.00000	31.4761	9.10363	28.0797	9.10363	4387350000000	0.0000158980	62901.2
0.00000	0.00000	0.00000	31.3985	9.11073	27.9954	9.11073	4172070000000	0.0000157091	63657.6
0.00000	0.00000	0.00000	31.3211	9.11927	27.9108	9.11927	3967800000000	0.0000156769	63788.1
0.00000	0.00000	0.00000	31.2453	9.12496	27.8289	9.12496	3777580000000	0.0000154332	64795.3
0.00000	0.00000	0.00000	31.1679	9.13137	27.7451	9.13137	3592700000000	0.0000152617	65523.5
0.00000	0.00000	0.00000	31.0916	9.13859	27.6621	9.13859	3419180000000	0.0000152070	65759.0
0.00000	0.00000	0.00000	31.0172	9.14371	27.5818	9.14371	3258050000000	0.0000149897	66712.3
0.00000	0.00000	0.00000	30.9407	9.14957	27.4991	9.14957	3100360000000	0.0000148488	67345.4
0.00000	0.00000	0.00000	30.8650	9.15587	27.4171	9.15587	2951840000000	0.0000147905	67611.1
0.00000	0.00000	0.00000	30.7898	9.16067	27.3362	9.16067	2811440000000	0.0000146009	68488.8
0.00000	0.00000	0.00000	30.7144	9.16448	27.2554	9.16448	2677180000000	0.0000143181	69841.5
0.00000	0.00000	0.00000	30.6393	9.16949	27.1745	9.16949	2549920000000	0.0000141929	70457.6
0.00000	0.00000	0.00000	30.5645	9.17512	27.0936	9.17512	2429180000000	0.0000141709	70567.1
0.00000	0.00000	0.00000	30.4891	9.17940	27.0127	9.17940	2313290000000	0.0000140055	71400.7
0.00000	0.00000	0.00000	30.4141	9.18234	26.9326	9.18234	2203420000000	0.0000136972	73007.5
0.00000	0.00000	0.00000	30.3397	9.18651	26.8527	9.18651	2099620000000	0.0000135658	73714.6
0.00000	0.00000	0.00000	30.2647	9.19126	26.7719	9.19126	1999870000000	0.0000135283	73919.2
0.00000	0.00000	0.00000	30.1890	9.19545	26.6906	9.19545	1904060000000	0.0000134368	74422.3
0.00000	0.00000	0.00000	30.1139	9.19830	26.6105	9.19830	1813550000000	0.0000131870	75832.2
0.00000	0.00000	0.00000	30.0396	9.20082	26.5313	9.20082	1728220000000	0.0000129124	77444.9
0.00000	0.00000	0.00000	29.9654	9.20388	26.4521	9.20388	1647070000000	0.0000127314	78545.7
0.00000	0.00000	0.00000	29.8905	9.20728	26.3719	9.20728	1568930000000	0.0000126128	79284.3
0.00000	0.00000	0.00000	29.8165	9.21109	26.2926	9.21109	1495440000000	0.0000125850	79459.6
0.00000	0.00000	0.00000	29.7416	9.21453	26.2124	9.21453	1424510000000	0.0000125174	79888.8
0.00000	0.00000	0.00000	29.6681	9.21685	26.1341	9.21685	1358140000000	0.0000123021	81287.1
0.00000	0.00000	0.00000	29.5932	9.21870	26.0545	9.21870	1293750000000	0.0000120118	83251.2
0.00000	0.00000	0.00000	29.5180	9.22143	25.9744	9.22143	1232220000000	0.0000118824	84158.4
0.00000	0.00000	0.00000	29.4427	9.22356	25.8943	9.22356	1173450000000	0.0000116654	85723.3
0.00000	0.00000	0.00000	29.3676	9.22629	25.8141	9.22629	1117650000000	0.0000115695	86434.3
0.00000	0.00000	0.00000	29.2925	9.22920	25.7340	9.22920	1064540000000	0.0000115288	86739.1
0.00000	0.00000	0.00000	29.2161	9.23204	25.6524	9.23204	1013060000000	0.0000114865	87058.4
0.00000	0.00000	0.00000	29.1405	9.23429	25.5720	9.23429	964579000000	0.0000113611	88019.7
0.00000	0.00000	0.00000	29.0645	9.23571	25.4914	9.23571	918178000000	0.0000110854	90208.8
0.00000	0.00000	0.00000	28.9885	9.23744	25.4107	9.23744	874000000000	0.0000108854	91866.5
0.00000	0.00000	0.00000	28.9122	9.23888	25.3298	9.23888	831815000000	0.0000106388	93996.0
0.00000	0.00000	0.00000	28.8356	9.24027	25.2487	9.24027	791498000000	0.0000103925	96223.5
0.00000	0.00000	0.00000	28.7599	9.24187	25.1682	9.24187	753535000000	0.0000102090	97952.7
0.00000	0.00000	0.00000	28.6824	9.24396	25.0858	9.24396	716594000000	0.0000101262	98753.4
0.00000	0.00000	0.00000	28.6053	9.24569	25.0040	9.24569	681638000000	0.00000999014	100099
0.00000	0.00000	0.00000	28.5274	9.24789	24.9212	9.24789	648071000000	0.00000996772	100324
0.00000	0.00000	0.00000	28.4488	9.24945	24.8378	9.24945	615856000000	0.00000981775	101856
0.00000	0.00000	0.00000	28.3699	9.25148	24.7539	9.25148	585125000000	0.00000979075	102137
0.00000	0.00000	0.00000	28.2910	9.25285	24.6704	9.25285	555951000000	0.00000962613	103884
0.00000	0.00000	0.00000	28.2117	9.25410	24.5863	9.25410	528064000000	0.00000944142	105916
0.00000	0.00000	0.00000	28.1320	9.25501	24.5021	9.25501	501469000000	0.00000918447	108879
0.00000	0.00000	0.00000	28.0467	9.25591	24.4119	9.25591	474465000000	0.00000890460	112302
0.00000	0.00000	0.00000	27.9629	9.25698	24.3232	9.25698	449368000000	0.00000868838	115096
0.00000	0.00000	0.00000	27.8794	9.25787	24.2350	9.25787	425680000000	0.00000844254	118448
0.00000	0.00000	0.00000	27.7977	9.25894	24.1485	9.25894	403706000000	0.00000826258	121028
0.00000	0.00000	0.00000	27.7155	9.25984	24.0616	9.25984	382745000000	0.00000805010	124222
0.00000	0.00000	0.00000	27.6326	9.26077	23.9739	9.26077	362703000000	0.00000785327	127335
0.00000	0.00000	0.00000	27.5499	9.26215	23.8863	9.26215	343758000000	0.00000778419	128466
0.00000	0.00000	0.00000	27.4647	9.26333	23.7961	9.26333	325278000000	0.00000766621	130442
0.00000	0.00000	0.00000	27.3792	9.26451	23.7056	9.26451	307723000000	0.00000755802	132310
0.00000	0.00000	0.00000	27.2935	9.26585	23.6148	9.26585	291078000000	0.00000751117	133135
0.00000	0.00000	0.00000	27.2072	9.26674	23.5236	9.26674	275240000000	0.00000734868	136079
0.00000	0.00000	0.00000	27.1208	9.26806	23.4321	9.26806	260237000000	0.00000732576	136505
0.00000	0.00000	0.00000	27.0332	9.26883	23.3396	9.26883	245864000000	0.00000714819	139896
0.00000	0.00000	0.00000	26.9447	9.26968	23.2460	9.26968	232141000000	0.00000700414	142773
0.00000	0.00000	0.00000	26.8555	9.27081	23.1516	9.27081	219090000000	0.00000695729	143734
0.00000	0.00000	0.00000	26.7651	9.27150	23.0562	9.27150	206617000000	0.00000677742	147549
0.00000	0.00000	0.00000	26.6733	9.27219	22.9592	9.27219	194672000000	0.00000660322	151441
0.00000	0.00000	0.00000	26.5813	9.27279	22.8621	9.27279	183388000000	0.00000641215	155954
0.00000	0.00000	0.00000	26.4866	9.27338	22.7621	9.27338	172463000000	0.00000621838	160814
0.00000	0.00000	0.00000	26.3916	9.27386	22.6618	9.27386	162150000000	0.00000599701	166750
0.00000	0.00000	0.00000	26.2962	9.27431	22.5612	9.27431	152425000000	0.00000577948	173026
0.00000	0.00000	0.00000	26.1997	9.27510	22.4593	9.27510	143176000000	0.00000567477	176219
0.00000	0.00000	0.00000	26.1019	9.27528	22.3562	9.27528	134373000000	0.00000538213	185800
0.00000	0.00000	0.00000	26.0024	9.27592	22.2512	9.27592	125972000000	0.00000524358	190709
0.00000	0.00000	0.00000	25.9033	9.27587	22.1469	9.27587	118132000000	0.00000490173	204010
0.00000	0.00000	0.00000	25.8023	9.27658	22.0402	9.27658	110641000000	0.00000479689	208469
0.00000	0.00000	0.00000	25.6998	9.27692	21.9321	9.27692	103519000000	0.00000458653	218030
0.00000	0.00000	0.00000	25.5953	9.27701	21.8221	9.27701	96740000000	0.00000431291	231862
0.00000	0.00000	0.00000	25.4891	9.27773	21.7098	9.27773	90294600000	0.00000422334	236780
0.00000	0.00000	0.00000	25.3823	9.27817	21.5973	9.27817	84253700000	0.00000406417	246053
0.00000	0.00000	0.00000	25.2737	9.27847	21.4827	9.27847	78520300000	0.00000386841	258504
0.00000	0.00000	0.00000	25.1639	9.27892	21.3670	9.27892	73125200000	0.00000372452	268491
0.00000	0.00000	0.00000	25.0532	9.27946	21.2501	9.27946	68056700000	0.00000361127	276911
0.00000	0.00000	0.00000	24.9406	9.27958	21.1315	9.27958	63261100000	0.00000338745	295208
0.00000	0.00000	0.00000	24.8259	9.27986	21.0106	9.27986	58726200000	0.00000321650	310897
0.00000	0.00000	0.00000	24.7091	9.28011	20.8875	9.28011	54442500000	0.00000304111	328828
0.00000	0.00000	0.00000	24.5899	9.28086	20.7617	9.28086	50390500000	0.00000299838	333513
0.00000	0.00000	0.00000	24.4687	9.28118	20.6339	9.28118	46580400000	0.00000285300	350509
0.00000	0.00000	0.00000	24.3438	9.28128	20.5023	9.28128	42955800000	0.00000265368	376835
0.00000	0.00000	0.00000	24.2182	9.28222	20.3697	9.28222	39594400000	0.00000267291	374125
0.00000	0.00000	0.00000	24.0890	9.28238	20.2335	9.28238	36410600000	0.00000249710	400464
0.00000	0.00000	0.00000	23.9599	9.28274	20.0974	9.28274	33485400000	0.00000238229	419764
0.00000	0.00000	0.00000	23.8284	9.28301	19.9588	9.28301	30747200000	0.00000225185	444080
0.00000	0.00000	0.00000	23.6935	9.28341	19.8166	9.28341	28171700000	0.00000215589	463846
0.00000	0.00000	0.00000	23.5551	9.28365	19.6707	9.28365	25752300000	0.00000202339	494221
0.00000	0.00000	0.00000	23.4161	9.28427	19.5241	9.28427	23532000000	0.00000199146	502143
0.00000	0.00000	0.00000	23.2737	9.28477	19.3739	9.28477	21455100000	0.00000193450	516929
0.00000	0.00000	0.00000	23.1278	9.28493	19.2202	9.28493	19518100000	0.00000179998	555561
0.00000	0.00000	0.00000	22.9791	9.28534	19.0634	9.28534	17723200000	0.00000172796	578717
0.00000	0.00000	0.00000	22.8272	9.28560	18.9033	9.28560	16059900000	0.00000162706	614607
0.00000	0.00000	0.00000	22.6692	9.28617	18.7367	9.28617	14496000000	0.00000160409	623406
0.00000	0.00000	0.00000	22.5096	9.28614	18.5686	9.28614	13069800000	0.00000143895	694949
0.00000	0.00000	0.00000	22.3460	9.28646	18.3962	9.28646	11753800000	0.00000136361	733349
0.00000	0.00000	0.00000	22.1787	9.28688	18.2198	9.28688	10545000000	0.00000131778	758852
0.00000	0.00000	0.00000	22.0070	9.28709	18.0389	9.28709	9433750000	0.00000122625	815494
0.00000	0.00000	0.00000	21.8307	9.28752	17.8531	9.28752	8414350000	0.00000119180	839068
0.00000	0.00000	0.00000	21.6483	9.28784	17.6609	9.28784	7475430000	0.00000113315	882494
0.00000	0.00000	0.00000	21.4627	9.28779	17.4654	9.28779	6627430000	0.000000993030	1007020
0.00000	0.00000	0.00000	21.2728	9.28829	17.2652	9.28829	5859210000	0.000000987555	1012600
0.00000	0.00000	0.00000	21.0776	9.28867	17.0594	9.28867	5162350000	0.000000960020	1041640
0.00000	0.00000	0.00000	20.8755	9.28851	16.8467	9.28851	4528070000	0.000000807343	1238630
0.00000	0.00000	0.00000	20.6667	9.28843	16.6268	9.28843	3954380000	0.000000689893	1449500
0.00000	0.00000	0.00000	20.4476	9.28869	16.3959	9.28869	3430540000	0.000000641713	1558330
0.00000	0.00000	0.00000	20.2257	9.28863	16.1623	9.28863	2970710000	0.000000546252	1830660
0.00000	0.00000	0.00000	19.9993	9.28945	15.9235	9.28945	2564940000	0.000000605717	1650940
0.00000	0.00000	0.00000	19.7653	9.28974	15.6769	9.28974	2203580000	0.000000577188	1732540
0.00000	0.00000	0.00000	19.5247	9.28952	15.4237	9.28952	1885260000	0.000000455187	2196900
0.00000	0.00000	0.00000	19.2778	9.28977	15.1635	9.28977	1606230000	0.000000425914	2347890
0.00000	0.00000	0.00000	19.0230	9.28962	14.8952	9.28962	1361520000	0.000000341473	2928490
0.00000	0.00000	0.00000	18.7591	9.28998	14.6171	9.28998	1147290000	0.000000331351	3017940
0.00000	0.00000	0.00000	18.4889	9.29025	14.3324	9.29025	962825000	0.000000312953	3195370
0.00000	0.00000	0.00000	18.2116	9.29035	14.0403	9.29035	804298000	0.000000275237	3633230
0.00000	0.00000	0.00000	17.9247	9.29036	13.7382	9.29036	667734000	0.000000229722	4353090
0.00000	0.00000	0.00000	17.6306	9.29021	13.4285	9.29021	551756000	0.000000176693	5659550
0.00000	0.00000	0.00000	17.3301	9.29029	13.1120	9.29029	454041000	0.000000150613	6639520
0.00000	0.00000	0.00000	17.0193	9.29067	12.7845	9.29067	371134000	0.000000150926	6625760
0.00000	0.00000	0.00000	16.6959	9.29045	12.4440	9.29045	300891000	0.000000108115	9249410
0.00000	0.00000	0.00000	16.3694	9.29050	12.1001	9.29050	243468000	0.0000000899773	11113900
0.00000	0.00000	0.00000	16.0373	9.29060	11.7503	9.29060	196280000	0.0000000769262	12999500
0.00000	0.00000	0.00000	15.7009	9.29091	11.3959	9.29091	157801000	0.0000000750003	13333300
0.00000	0.00000	0.00000	15.3603	9.29110	11.0371	9.29110	126519000	0.0000000692791	14434400
0.00000	0.00000	0.00000	15.0122	9.29131	10.6704	9.29131	100944000	0.0000000665165	15033900
0.00000	0.00000	0.00000	14.6625	9.29089	10.3023	9.29089	80455400	0.0000000376872	26534200
0.00000	0.00000	0.00000	14.3093	9.29109	9.93022	9.29109	63982000	0.0000000347423	28783300
0.00000	0.00000	0.00000	13.9524	9.29123	9.55430	9.29123	50759400	0.0000000309320	32329000
0.00000	0.00000	0.00000	13.5954	9.29126	9.17829	9.29126	40265900	0.0000000252499	39604200
0.00000	0.00000	0.00000	13.2355	9.29130	8.79922	9.29130	31881600	0.0000000207973	48083100
0.00000	0.00000	0.00000	12.8687	9.29115	8.41301	9.29115	25131000	0.0000000143688	69595400
0.00000	0.00000	0.00000	12.5085	9.29098	8.03371	9.29098	19894100	0.00000000996750	100326000
0.00000	0.00000	0.00000	12.1499	9.29134	7.65584	9.29134	15764900	0.0000000107154	93323400
0.00000	0.00000	0.00000	11.7951	9.29165	7.28202	9.29165	12523700	0.0000000122335	81742600
0.00000	0.00000	0.00000	11.4419	9.29114	6.91030	9.29114	9959370	0.00000000564455	177162000
0.00000	0.00000	0.00000	11.0913	9.29153	6.54084	9.29153	7933280	0.00000000664728	150438000
0.00000	0.00000	0.00000	10.7458	9.29177	6.17693	9.29177	6340700	0.00000000742494	134681000
0.00000	0.00000	0.00000	10.4031	9.29172	5.81594	9.29172	5076530	0.00000000554389	180379000
0.00000	0.00000	0.00000	10.0651	9.29179	5.46001	9.29179	4077210	0.00000000495343	201880000
0.00000	0.00000	0.00000	9.73312	9.29181	5.11034	9.29181	3287230	0.00000000414926	241007000
0.00000	0.00000	0.00000	9.40439	9.29173	4.76416	9.29173	2655940	0.00000000295017	338963000
0.00000	0.00000	0.00000	9.07433	9.29199	4.41643	9.29199	2144040	0.00000000404602	247157000
0.00000	0.00000	0.00000	8.75708	9.29188	4.08236	9.29188	1745240	0.00000000255068	392053000
0.00000	0.00000	0.00000	8.44641	9.29148	3.75537	9.29148	1426700	0.00000000112284	890600000
0.00000	0.00000	0.00000	8.14402	9.29134	3.43698	9.29134	1172580	0.000000000797010	1254690000
0.00000	0.00000	0.00000	7.84793	9.29176	3.12492	9.29176	967663	0.00000000111302	898454000
0.00000	0.00000	0.00000	7.55766	9.29207	2.81906	9.29207	801584	0.00000000197210	507073000
0.00000	0.00000	0.00000	7.27471	9.29198	2.52111	9.29198	667168	0.00000000122339	817400000
0.00000	0.00000	0.00000	7.00000	9.29177	2.23190	9.29177	558266	0.000000000653731	1529680000
0.00000	0.00000	0.00000	6.73007	9.29221	1.94739	9.29221	468592	0.00000000227633	439303000
0.00000	0.00000	0.00000	6.46740	9.29201	1.67086	9.29201	395182	0.000000000791870	1262830000
0.00000	0.00000	0.00000	6.21324	9.29189	1.40324	9.29189	335114	0.000000000501072	1995720000
0.00000	0.00000	0.00000	5.96596	9.29179	1.14287	9.29179	285449	0.000000000346795	2883550000
0.00000	0.00000	0.00000	5.72490	9.29200	0.888874	9.29200	244126	0.000000000474510	2107440000
0.00000	0.00000	0.00000	5.48829	9.29181	0.639784	9.29181	209390	0.000000000264300	3783580000
0.00000	0.00000	0.00000	5.25800	9.29205	0.397125	9.29205	180335	0.000000000412360	2425060000
0.00000	0.00000	0.00000	5.03696	9.29200	0.164358	9.29200	156245	0.000000000303695	3292780000
0.00000	0.00000	0.00000	4.82251	9.29204	-0.0615255	9.29204	135953	0.000000000300279	3330230000
0.00000	0.00000	0.00000	4.61422	9.29195	-0.280834	9.29195	118771	0.000000000200750	4981320000
0.00000	0.00000	0.00000	4.41192	9.29199	-0.493919	9.29199	104164	0.000000000196569	5087280000
0.00000	0.00000	0.00000	4.21568	9.29234	-0.700783	9.29234	91713.0	0.00000000443529	225464000
0.00000	0.00000	0.00000	4.02443	9.29212	-0.902088	9.29212	81012.0	0.000000000246009	4064880000
0.00000	0.00000	0.00000	3.83737	9.29193	-1.09900	9.29193	71755.0	0.000000000118199	8460290000
0.00000	0.00000	0.00000	3.65558	9.29203	-1.29050	9.29203	63773.0	0.000000000136213	7341450000
0.00000	0.00000	0.00000	3.47890	9.29217	-1.47665	9.29217	56867.0	0.000000000212524	4705350000
0.00000	0.00000	0.00000	3.30742	9.29202	-1.65717	9.29202	50881.0	0.000000000105209	9504880000
0.00000	0.00000	0.00000	3.13934	9.29221	-1.83429	9.29221	45625.0	0.000000000221638	4511860000
0.00000	0.00000	0.00000	2.97552	9.29210	-2.00677	9.29210	41025.0	0.000000000113905	8779210000
0.00000	0.00000	0.00000	2.81387	9.29209	-2.17701	9.29209	36941.0	0.0000000000983524	10167500000
0.00000	0.00000	0.00000	2.65686	9.29182	-2.34222	9.29182	33364.0	0.0000000000429499	23283000000
0.00000	0.00000	0.00000	2.50325	9.29193	-2.50406	9.29193	30199.0	0.0000000000497456	20102300000
0.00000	0.00000	0.00000	2.35224	9.29173	-2.66299	9.29173	27381.0	0.0000000000304144	32879100000
0.00000	0.00000	0.00000	2.20135	9.29205	-2.82207	9.29205	24828.0	0.0000000000567726	17614100000
0.00000	0.00000	0.00000	2.05145	9.29227	-2.98007	9.29227	22527.0	0.000000000198886	5028010000
0.00000	0.00000	0.00000	1.89854	9.29179	-3.14084	9.29179	20400.0	0.0000000000247842	40348400000
0.00000	0.00000	0.00000	1.75744	9.29210	-3.28962	9.29210	18616.0	0.0000000000516871	19347200000
0.00000	0.00000	0.00000	1.63346	9.29245	-3.42038	9.29245	17177.0	-0.000000000115230	-8678260000
0.00000	0.00000	0.00000	1.51589	9.29214	-3.54404	9.29214	15916.0	0.0000000000507084	19720600000
0.00000	0.00000	0.00000	1.40818	9.29200	-3.65740	9.29200	14842.0	0.0000000000288485	34663800000
0.00000	0.00000	0.00000	1.30591	9.29205	-3.76514	9.29205	13889.0	0.0000000000317591	31487000000
0.00000	0.00000	0.00000	1.20968	9.29217	-3.86655	9.29217	13049.0	0.0000000000487669	20505700000
0.00000	0.00000	0.00000	1.11876	9.29248	-3.96247	9.29248	12301.0	-0.0000000000629656	-15881700000
0.00000	0.00000	0.00000	1.03313	9.29239	-4.05260	9.29239	11637.0	-0.000000000206043	-4853370000
0.00000	0.00000	0.00000	0.954694	9.29225	-4.13514	9.29225	11059.0	0.0000000000767301	13032700000
0.00000	0.00000	0.00000	0.882740	9.29235	-4.21097	9.29235	10555.0	0.00000000201176	497077000
0.00000	0.00000	0.00000	0.815458	9.29223	-4.28176	9.29223	10104.0	0.0000000000577401	17319000000
0.00000	0.00000	0.00000	0.753794	9.29237	-4.34678	9.29237	9708.00	-0.000000000378982	-2638650000
0.00000	0.00000	0.00000	0.696411	9.29220	-4.40712	9.29220	9353.00	0.0000000000422667	23659300000
0.00000	0.00000	0.00000	0.643650	9.29251	-4.46287	9.29251	9039.00	-0.0000000000374046	-26734600000
0.00000	0.00000	0.00000	0.594515	9.29210	-4.51439	9.29210	8755.00	0.0000000000243082	41138400000
0.00000	0.00000	0.00000	0.549317	9.29230	-4.56210	9.29230	8502.00	0.000000000126949	7877200000
0.00000	0.00000	0.00000	0.508138	9.29235	-4.60549	9.29235	8278.00	0.00000000157777	633806000
0.00000	0.00000	0.00000	0.469833	9.29242	-4.64587	9.29242	8075.00	-0.0000000000785715	-12727300000
0.00000	0.00000	0.00000	0.434763	9.29197	-4.68256	9.29197	7893.00	0.0000000000140752	71047000000
0.00000	0.00000	0.00000	0.402175	9.29221	-4.71701	9.29221	7728.00	0.0000000000375412	26637400000
0.00000	0.00000	0.00000	0.371499	9.29214	-4.74928	9.29214	7576.00	0.0000000000241371	41429900000
0.00000	0.00000	0.00000	0.343550	9.29237	-4.77884	9.29237	7440.00	-0.000000000290444	-3443010000
0.00000	0.00000	0.00000	0.318101	9.29234	-4.80563	9.29234	7318.00	0.000000000353903	2825630000
0.00000	0.00000	0.00000	0.294334	9.29217	-4.83057	9.29217	7206.00	0.0000000000269304	37132800000
0.00000	0.00000	0.00000	0.272380	9.29241	-4.85382	9.29241	7104.00	-0.0000000000813361	-12294700000
0.00000	0.00000	0.00000	0.252876	9.29214	-4.87421	9.29214	7015.00	0.0000000000223498	44743100000
0.00000	0.00000	0.00000	0.234010	9.29219	-4.89411	9.29219	6929.00	0.0000000000292713	34163100000
0.00000	0.00000	0.00000	0.216532	9.29211	-4.91248	9.29211	6851.00	0.0000000000198732	50319000000
0.00000	0.00000	0.00000	0.199952	9.29230	-4.93004	9.29230	6778.00	0.000000000101207	9880780000
0.00000	0.00000	0.00000	0.184777	9.29214	-4.94593	9.29214	6712.00	0.0000000000213844	46763000000
0.00000	0.00000	0.00000	0.170125	9.29240	-4.96151	9.29240	6648.00	-0.0000000000924490	-10816800000
0.00000	0.00000	0.00000	0.156077	9.29190	-4.97603	9.29190	6588.00	0.0000000000100832	99174600000
0.00000	0.00000	0.00000	0.143630	9.29203	-4.98921	9.29203	6535.00	0.0000000000139581	71642900000
0.00000	0.00000	0.00000	0.131053	9.29197	-5.00242	9.29197	6482.00	0.0000000000115590	86512500000
0.00000	0.00000	0.00000	0.119635	9.29214	-5.01454	9.29214	6434.00	0.0000000000204987	48783500000
0.00000	0.00000	0.00000	0.108021	9.29207	-5.02673	9.29207	6386.00	0.0000000000157112	63648800000
0.00000	0.00000	0.00000	0.0972074	9.29224	-5.03822	9.29224	6341.00	0.0000000000397406	25163200000
0.00000	0.00000	0.00000	0.0872269	9.29237	-5.04880	9.29237	6300.00	-0.000000000245940	-4066030000
0.00000	0.00000	0.00000	0.0771648	9.29186	-5.05911	9.29186	6259.00	0.00000000000875278	114249000000
0.00000	0.00000	0.00000	0.0677724	9.29211	-5.06915	9.29211	6221.00	0.0000000000180457	55414800000
0.00000	0.00000	0.00000	0.0593110	9.29221	-5.07811	9.29221	6187.00	0.0000000000300553	33272000000
0.00000	0.00000	0.00000	0.0507843	9.29223	-5.08710	9.29223	6153.00	0.0000000000351618	28440000000
0.00000	0.00000	0.00000	0.0432867	9.29220	-5.09498	9.29220	6123.00	0.0000000000276702	36140000000
0.00000	0.00000	0.00000	0.0345314	9.29201	-5.10410	9.29201	6088.00	0.0000000000121992	81972600000
0.00000	0.00000	0.00000	0.0273441	9.29244	-5.11191	9.29244	6060.00	-0.0000000000453473	-22052000000
0.00000	0.00000	0.00000	0.0201242	9.29236	-5.11946	9.29236	6032.00	-0.000000000592263	-1688440000
0.00000	0.00000	0.00000	0.0134760	9.29239	-5.12648	9.29239	6006.00	-0.000000000106341	-9403700000
0.00000	0.00000	0.00000	0.00674616	9.29195	-5.13332	9.29195	5980.00	0.0000000000101076	98935900000
0.00000	0.00000	0.00000	-0.000114390	9.29187	-5.14051	9.29187	5953.00	0.00000000000850847	117530000000
0.00000	0.00000	0.00000	-0.00589685	9.29186	-5.14659	9.29186	5931.00	0.00000000000829409	120568000000
0.00000	0.00000	0.00000	-0.0116303	9.29218	-5.15281	9.29218	5909.00	0.0000000000234347	42671800000
0.00000	0.00000	0.00000	-0.0169881	9.29189	-5.15829	9.29189	5888.00	0.00000000000880391	113586000000
0.00000	0.00000	0.00000	-0.0222315	9.29196	-5.16385	9.29196	5868.00	0.0000000000101839	98194500000
0.00000	0.00000	0.00000	-0.0273932	9.29239	-5.16952	9.29239	5849.00	-0.000000000103561	-9656120000
0.00000	0.00000	0.00000	-0.0322936	9.29215	-5.17455	9.29215	5830.00	0.0000000000195348	51190700000
0.00000	0.00000	0.00000	-0.0367203	9.29226	-5.17928	9.29226	5813.00	0.0000000000451680	22139600000
0.00000	0.00000	0.00000	-0.0416534	9.29254	-5.18462	9.29254	5795.00	-0.0000000000212647	-47026300000
0.00000	0.00000	0.00000	-0.0453613	9.29216	-5.18832	9.29216	5781.00	0.0000000000204268	48955300000
0.00000	0.00000	0.00000	-0.0491836	9.29220	-5.19237	9.29220	5767.00	0.0000000000260614	38370900000
0.00000	0.00000	0.00000	-0.0535450	9.29204	-5.19687	9.29204	5750.00	0.0000000000127000	78740000000
0.00000	0.00000	0.00000	-0.0573836	9.29221	-5.20101	9.29221	5736.00	0.0000000000278644	35888000000
0.00000	0.00000	0.00000	-0.0603729	9.29222	-5.20416	9.29222	5725.00	0.0000000000300647	33261600000
0.00000	0.00000	0.00000	-0.0637051	9.29192	-5.20751	9.29192	5712.00	0.00000000000917591	108981000000
0.00000	0.00000	0.00000	-0.0672007	9.29223	-5.21136	9.29223	5700.00	0.0000000000325731	30700200000
0.00000	0.00000	0.00000	-0.0702716	9.29232	-5.21465	9.29232	5688.00	0.000000000157522	6348330000
0.00000	0.00000	0.00000	-0.0728689	9.29220	-5.21731	9.29220	5679.00	0.0000000000256637	38965500000
0.00000	0.00000	0.00000	-0.0755477	9.29246	-5.22028	9.29246	5669.00	-0.0000000000344625	-29017100000
0.00000	0.00000	0.00000	-0.0777856	9.29179	-5.22226	9.29179	5660.00	0.00000000000687639	145425000000
0.00000	0.00000	0.00000	-0.0797457	9.29197	-5.22443	9.29197	5653.00	0.0000000000100807	99199400000
0.00000	0.00000	0.00000	-0.0828657	9.29206	-5.22777	9.29206	5642.00	0.0000000000133731	74777100000
0.00000	0.00000	0.00000	-0.0845808	9.29241	-5.22976	9.29241	5636.00	-0.0000000000645285	-15497000000
0.00000	0.00000	0.00000	-0.0866063	9.29255	-5.23197	9.29255	5628.00	-0.0000000000195452	-51163500000
0.00000	0.00000	0.00000	-0.0881091	9.29199	-5.23325	9.29199	5623.00	0.0000000000106112	94240000000
0.00000	0.00000	0.00000	-0.0902979	9.29198	-5.23555	9.29198	5615.00	0.0000000000102963	97122500000
0.00000	0.00000	0.00000	-0.0912780	9.29195	-5.23656	9.29195	5611.00	0.00000000000948386	105442000000
0.00000	0.00000	0.00000	-0.0932381	9.29231	-5.23883	9.29231	5604.00	0.000000000108730	9197110000
0.00000	0.00000	0.00000	-0.0952800	9.29231	-5.24098	9.29231	5597.00	0.000000000108594	9208610000
0.00000	0.00000	0.00000	-0.0961784	9.29222	-5.24187	9.29222	5593.00	0.0000000000293715	34046600000
0.00000	0.00000	0.00000	-0.0980895	9.29210	-5.24382	9.29210	5586.00	0.0000000000155095	64476700000
0.00000	0.00000	0.00000	-0.0996087	9.29210	-5.24542	9.29210	5581.00	0.0000000000154956	64534500000
0.00000	0.00000	0.00000	-0.100654	9.29184	-5.24638	9.29184	5577.00	0.00000000000747637	133755000000
0.00000	0.00000	0.00000	-0.101389	9.29212	-5.24731	9.29212	5574.00	0.0000000000169266	59078600000
0.00000	0.00000	0.00000	-0.103039	9.29188	-5.24891	9.29188	5569.00	0.00000000000813914	122863000000
0.00000	0.00000	0.00000	-0.103464	9.29204	-5.24945	9.29204	5567.00	0.0000000000122958	81328400000
0.00000	0.00000	0.00000	-0.104427	9.29224	-5.25057	9.29224	5564.00	0.0000000000348709	28677200000
0.00000	0.00000	0.00000	-0.105277	9.29211	-5.25140	9.29211	5560.00	0.0000000000161283	62002800000
0.00000	0.00000	0.00000	-0.106224	9.29185	-5.25225	9.29185	5557.00	0.00000000000760692	131459000000
0.00000	0.00000	0.00000	-0.107041	9.29193	-5.25316	9.29193	5554.00	0.00000000000914889	109303000000
0.00000	0.00000	0.00000	-0.107041	9.29199	-5.25319	9.29199	5554.00	0.0000000000104810	95410800000
0.00000	0.00000	0.00000	-0.108446	9.29198	-5.25466	9.29198	5549.00	0.0000000000101752	98277700000
0.00000	0.00000	0.00000	-0.109409	9.29239	-5.25590	9.29239	5545.00	-0.0000000000981787	-10185500000
0.00000	0.00000	0.00000	-0.109246	9.29227	-5.25567	9.29227	5546.00	0.0000000000489644	20423000000
0.00000	0.00000	0.00000	-0.110014	9.29189	-5.25626	9.29189	5543.00	0.00000000000828806	120655000000
0.00000	0.00000	0.00000	-0.110390	9.29195	-5.25669	9.29195	5542.00	0.00000000000936723	106755000000
0.00000	0.00000	0.00000	-0.110716	9.29173	-5.25692	9.29173	5541.00	0.00000000000615487	162473000000
0.00000	0.00000	0.00000	-0.111696	9.29189	-5.25804	9.29189	5538.00	0.00000000000828058	120764000000
0.00000	0.00000	0.00000	-0.111860	9.29222	-5.25839	9.29222	5537.00	0.0000000000290774	34390900000
0.00000	0.00000	0.00000	-0.112448	9.29211	-5.25895	9.29211	5535.00	0.0000000000160558	62282900000
0.00000	0.00000	0.00000	-0.112415	9.29150	-5.25858	9.29150	5535.00	0.00000000000446460	223984000000
0.00000	0.00000	0.00000	-0.112448	9.29201	-5.25889	9.29201	5535.00	0.0000000000110911	90162400000
0.00000	0.00000	0.00000	-0.113036	9.29247	-5.25977	9.29247	5532.00	-0.0000000000307454	-32525200000
0.00000	0.00000	0.00000	-0.112938	9.29203	-5.25942	9.29203	5533.00	0.0000000000118179	84617100000
0.00000	0.00000	0.00000	-0.112627	9.29254	-5.25937	9.29254	5534.00	-0.0000000000203070	-49244100000
0.00000	0.00000	0.00000	-0.113101	9.29193	-5.25954	9.29193	5532.00	0.00000000000911265	109738000000
0.00000	0.00000	0.00000	-0.113052	9.29212	-5.25959	9.29212	5532.00	0.0000000000167990	59527200000
0.00000	0.00000	0.00000	-0.113444	9.29214	-5.26001	9.29214	5531.00	0.0000000000176218	56748000000
0.00000	0.00000	0.00000	-0.113689	9.29191	-5.26015	9.29191	5530.00	0.00000000000866865	115358000000
0.00000	0.00000	0.00000	-0.113411	9.29209	-5.25995	9.29209	5531.00	0.0000000000147258	67907900000
0.00000	0.00000	0.00000	-0.113803	9.29265	-5.26068	9.29265	5530.00	-0.0000000000125039	-79975000000
0.00000	0.00000	0.00000	-0.113558	9.29230	-5.26023	9.29230	5531.00	0.0000000000825868	12108500000
0.00000	0.00000	0.00000	-0.113640	9.29225	-5.26028	9.29225	5530.00	0.0000000000383685	26063000000
0.00000	0.00000	0.00000	-0.113771	9.29190	-5.26023	9.29190	5530.00	0.00000000000846391	118149000000
0.00000	0.00000	0.00000	-0.113836	9.29218	-5.26045	9.29218	5530.00	0.0000000000219316	45596300000
0.00000	0.00000	0.00000	-0.113493	9.29211	-5.26005	9.29211	5531.00	0.0000000000160442	62327900000
0.00000	0.00000	0.00000	-0.113460	9.29224	-5.26009	9.29224	5531.00	0.0000000000346641	28848300000
0.00000	0.00000	0.00000	-0.113607	9.29217	-5.26020	9.29217	5531.00	0.0000000000206705	48378100000
0.00000	0.00000	0.00000	-0.113722	9.29205	-5.26026	9.29205	5530.00	0.0000000000126451	79082000000
0.00000	0.00000	0.00000	-0.113803	9.29179	-5.26020	9.29179	5530.00	0.00000000000671845	148844000000
0.00000	0.00000	0.00000	-0.113820	9.29211	-5.26040	9.29211	5530.00	0.0000000000160413	62339200000
0.00000	0.00000	0.00000	-0.114032	9.29206	-5.26059	9.29206	5529.00	0.0000000000131052	76305400000
0.00000	0.00000	0.00000	-0.113607	9.29220	-5.26022	9.29220	5531.00	0.0000000000249949	40008200000
0.00000	0.00000	0.00000	-0.114016	9.29225	-5.26068	9.29225	5529.00	0.0000000000383616	26067700000
0.00000	0.00000	0.00000	-0.114097	9.29199	-5.26062	9.29199	5529.00	0.0000000000104338	95842200000
0.00000	0.00000	0.00000	-0.114784	9.29241	-5.26157	9.29241	5526.00	-0.0000000000632691	-15805500000
0.00000	0.00000	0.00000	-0.114669	9.29209	-5.26128	9.29209	5527.00	0.0000000000147152	67957000000
0.00000	0.00000	0.00000	-0.115045	9.29197	-5.26160	9.29197	5526.00	0.00000000000985423	101479000000
0.00000	0.00000	0.00000	-0.115159	9.29219	-5.26185	9.29219	5525.00	0.0000000000233402	42844600000
0.00000	0.00000	0.00000	-0.115584	9.29179	-5.26207	9.29179	5523.00	0.00000000000670994	149033000000
0.00000	0.00000	0.00000	-0.116205	9.29236	-5.26304	9.29236	5521.00	-0.000000000542089	-1844720000
0.00000	0.00000	0.00000	-0.116041	9.29218	-5.26277	9.29218	5522.00	0.0000000000218999	45662400000
0.00000	0.00000	0.00000	-0.116319	9.29230	-5.26313	9.29230	5521.00	0.0000000000824375	12130400000
0.00000	0.00000	0.00000	-0.116776	9.29187	-5.26337	9.29187	5519.00	0.00000000000788816	126772000000
0.00000	0.00000	0.00000	-0.116907	9.29207	-5.26362	9.29207	5519.00	0.0000000000135782	73647600000
0.00000	0.00000	0.00000	-0.117495	9.29209	-5.26425	9.29209	5516.00	0.0000000000146859	68092500000
0.00000	0.00000	0.00000	-0.117871	9.29180	-5.26449	9.29180	5515.00	0.00000000000682824	146451000000
0.00000	0.00000	0.00000	-0.117168	9.29218	-5.26396	9.29218	5518.00	0.0000000000218840	45695500000
0.00000	0.00000	0.00000	-0.117430	9.29202	-5.26414	9.29202	5517.00	0.0000000000114078	87659500000
0.00000	0.00000	0.00000	-0.117315	9.29223	-5.26414	9.29223	5517.00	0.0000000000315273	31718500000
0.00000	0.00000	0.00000	-0.117724	9.29185	-5.26436	9.29185	5516.00	0.00000000000755080	132436000000
0.00000	0.00000	0.00000	-0.117952	9.29180	-5.26457	9.29180	5515.00	0.00000000000682824	146451000000
0.00000	0.00000	0.00000	-0.118050	9.29218	-5.26489	9.29218	5515.00	0.0000000000218721	45720400000
0.00000	0.00000	0.00000	-0.118508	9.29204	-5.26529	9.29204	5513.00	0.0000000000121766	82125000000
0.00000	0.00000	0.00000	-0.118835	9.29211	-5.26568	9.29211	5512.00	0.0000000000159891	62542800000
0.00000	0.00000	0.00000	-0.118949	9.29198	-5.26572	9.29198	5511.00	0.0000000000101056	98955300000
0.00000	0.00000	0.00000	-0.118949	9.29239	-5.26595	9.29239	5511.00	-0.0000000000975767	-10248300000
0.00000	0.00000	0.00000	-0.118786	9.29218	-5.26566	9.29218	5512.00	0.0000000000218602	45745200000
0.00000	0.00000	0.00000	-0.118442	9.29225	-5.26534	9.29225	5513.00	0.0000000000382506	26143400000
0.00000	0.00000	0.00000	-0.118688	9.29225	-5.26560	9.29225	5512.00	0.0000000000382436	26148100000
0.00000	0.00000	0.00000	-0.118622	9.29217	-5.26548	9.29217	5512.00	0.0000000000205995	48544800000
0.00000	0.00000	0.00000	-0.118982	9.29202	-5.26578	9.29202	5511.00	0.0000000000113954	87755000000
0.00000	0.00000	0.00000	-0.117871	9.29200	-5.26460	9.29200	5515.00	0.0000000000107196	93287400000
0.00000	0.00000	0.00000	-0.117871	9.29201	-5.26460	9.29201	5515.00	0.0000000000110510	90489400000
0.00000	0.00000	0.00000	-0.117985	9.29190	-5.26467	9.29190	5515.00	0.00000000000844095	118470000000
0.00000	0.00000	0.00000	-0.118067	9.29205	-5.26483	9.29205	5515.00	0.0000000000126108	79297100000
0.00000	0.00000	0.00000	-0.117675	9.29234	-5.26458	9.29234	5516.00	0.000000000266757	3748730000
0.00000	0.00000	0.00000	-0.118083	9.29195	-5.26479	9.29195	5515.00	0.00000000000932160	107278000000
0.00000	0.00000	0.00000	-0.118018	9.29229	-5.26492	9.29229	5515.00	0.0000000000669270	14941700000
0.00000	0.00000	0.00000	-0.117528	9.29187	-5.26417	9.29187	5516.00	0.00000000000788387	126841000000
0.00000	0.00000	0.00000	-0.117511	9.29199	-5.26421	9.29199	5516.00	0.0000000000104093	96068100000
0.00000	0.00000	0.00000	-0.117952	9.29235	-5.26488	9.29235	5515.00	0.00000000105115	951342000
0.00000	0.00000	0.00000	-0.117952	9.29253	-5.26498	9.29253	5515.00	-0.0000000000214520	-46615700000
0.00000	0.00000	0.00000	-0.117854	9.29240	-5.26480	9.29240	5515.00	-0.0000000000766931	-13039000000
0.00000	0.00000	0.00000	-0.117887	9.29225	-5.26475	9.29225	5515.00	0.0000000000382645	26133900000
0.00000	0.00000	0.00000	-0.117364	9.29237	-5.26427	9.29237	5517.00	-0.000000000215373	-4643100000
0.00000	0.00000	0.00000	-0.117854	9.29216	-5.26467	9.29216	5515.00	0.0000000000194869	51316500000
0.00000	0.00000	0.00000	-0.117185	9.29215	-5.26396	9.29215	5518.00	0.0000000000184894	54085100000
0.00000	0.00000	0.00000	-0.117430	9.29199	-5.26413	9.29199	5517.00	0.0000000000104112	96050700000
0.00000	0.00000	0.00000	-0.117789	9.29187	-5.26444	9.29187	5515.00	0.00000000000788244	126864000000
0.00000	0.00000	0.00000	-0.117087	9.29234	-5.26396	9.29234	5518.00	0.000000000266854	3747370000
0.00000	0.00000	0.00000	-0.117299	9.29225	-5.26414	9.29225	5517.00	0.0000000000382783	26124400000
0.00000	0.00000	0.00000	-0.117724	9.29188	-5.26438	9.29188	5516.00	0.00000000000806168	124044000000
0.00000	0.00000	0.00000	-0.117805	9.29245	-5.26478	9.29245	5515.00	-0.0000000000369969	-27029300000
0.00000	0.00000	0.00000	-0.118099	9.29217	-5.26493	9.29217	5514.00	0.0000000000206070	48527200000
0.00000	0.00000	0.00000	-0.118295	9.29197	-5.26503	9.29197	5514.00	0.00000000000983283	101700000000
0.00000	0.00000	0.00000	-0.118606	9.29177	-5.26524	9.29177	5512.00	0.00000000000645456	154929000000
0.00000	0.00000	0.00000	-0.118851	9.29256	-5.26594	9.29256	5512.00	-0.0000000000181686	-55039900000
0.00000	0.00000	0.00000	-0.118998	9.29192	-5.26574	9.29192	5511.00	0.00000000000885302	112956000000
0.00000	0.00000	0.00000	-0.119243	9.29212	-5.26611	9.29212	5510.00	0.0000000000167322	59764900000
0.00000	0.00000	0.00000	-0.118933	9.29180	-5.26560	9.29180	5511.00	0.00000000000682329	146557000000
0.00000	0.00000	0.00000	-0.119406	9.29202	-5.26623	9.29202	5510.00	0.0000000000113933	87770900000
0.00000	0.00000	0.00000	-0.119635	9.29197	-5.26644	9.29197	5509.00	0.00000000000982392	101792000000
0.00000	0.00000	0.00000	-0.119504	9.29188	-5.26625	9.29188	5509.00	0.00000000000805145	124201000000
0.00000	0.00000	0.00000	-0.119651	9.29216	-5.26656	9.29216	5509.00	0.0000000000194657	51372400000
0.00000	0.00000	0.00000	-0.119619	9.29201	-5.26644	9.29201	5509.00	0.0000000000110390	90587900000
0.00000	0.00000	0.00000	-0.119847	9.29222	-5.26680	9.29222	5508.00	0.0000000000289252	34572000000
0.00000	0.00000	0.00000	-0.119945	9.29221	-5.26690	9.29221	5508.00	0.0000000000267569	37373600000
0.00000	0.00000	0.00000	-0.119994	9.29197	-5.26682	9.29197	5508.00	0.00000000000982214	101811000000
0.00000	0.00000	0.00000	-0.120337	9.29196	-5.26717	9.29196	5506.00	0.00000000000955562	104650000000
0.00000	0.00000	0.00000	-0.120076	9.29224	-5.26705	9.29224	5507.00	0.0000000000345137	28974000000
0.00000	0.00000	0.00000	-0.120256	9.29230	-5.26728	9.29230	5507.00	0.0000000000822285	12161200000
0.00000	0.00000	0.00000	-0.120305	9.29205	-5.26719	9.29205	5507.00	0.0000000000125925	79412300000
0.00000	0.00000	0.00000	-0.119619	9.29221	-5.26655	9.29221	5509.00	0.0000000000267617	37366800000
0.00000	0.00000	0.00000	-0.120550	9.29225	-5.26756	9.29225	5506.00	0.0000000000382020	26176600000
0.00000	0.00000	0.00000	-0.120239	9.29186	-5.26702	9.29186	5507.00	0.00000000000770116	129851000000
0.00000	0.00000	0.00000	-0.120158	9.29202	-5.26702	9.29202	5507.00	0.0000000000113871	87818700000
0.00000	0.00000	0.00000	-0.119602	9.29230	-5.26659	9.29230	5509.00	0.0000000000822583	12156800000
0.00000	0.00000	0.00000	-0.119537	9.29228	-5.26651	9.29228	5509.00	0.0000000000563093	17759000000
0.00000	0.00000	0.00000	-0.119733	9.29180	-5.26645	9.29180	5508.00	0.00000000000681957	146637000000
0.00000	0.00000	0.00000	-0.119831	9.29239	-5.26688	9.29239	5508.00	-0.0000000000975236	-10253900000
0.00000	0.00000	0.00000	-0.119602	9.29185	-5.26634	9.29185	5509.00	0.00000000000754122	132605000000
0.00000	0.00000	0.00000	-0.119472	9.29202	-5.26629	9.29202	5510.00	0.0000000000113933	87770900000
0.00000	0.00000	0.00000	-0.119717	9.29198	-5.26653	9.29198	5508.00	0.0000000000101001	99009200000
0.00000	0.00000	0.00000	-0.118900	9.29203	-5.26570	9.29203	5511.00	0.0000000000117710	84954900000
0.00000	0.00000	0.00000	-0.119096	9.29237	-5.26609	9.29237	5511.00	-0.000000000215139	-4648160000
0.00000	0.00000	0.00000	-0.118491	9.29210	-5.26531	9.29210	5513.00	0.0000000000153068	65330500000
0.00000	0.00000	0.00000	-0.118965	9.29218	-5.26585	9.29218	5511.00	0.0000000000218562	45753500000
0.00000	0.00000	0.00000	-0.118737	9.29204	-5.26553	9.29204	5512.00	0.0000000000121744	82139900000
0.00000	0.00000	0.00000	-0.118884	9.29214	-5.26574	9.29214	5512.00	0.0000000000175612	56943600000
0.00000	0.00000	0.00000	-0.118459	9.29225	-5.26536	9.29225	5513.00	0.0000000000382506	26143400000
0.00000	0.00000	0.00000	-0.118590	9.29221	-5.26547	9.29221	5513.00	0.0000000000267811	37339700000
0.00000	0.00000	0.00000	-0.118622	9.29180	-5.26528	9.29180	5512.00	0.00000000000682452	146530000000
0.00000	0.00000	0.00000	-0.118606	9.29247	-5.26563	9.29247	5512.00	-0.0000000000306343	-32643200000
0.00000	0.00000	0.00000	-0.118590	9.29256	-5.26566	9.29256	5513.00	-0.0000000000181719	-55029900000
0.00000	0.00000	0.00000	-0.118475	9.29210	-5.26529	9.29210	5513.00	0.0000000000153068	65330500000
0.00000	0.00000	0.00000	-0.118263	9.29201	-5.26502	9.29201	5514.00	0.0000000000110490	90505800000
0.00000	0.00000	0.00000	-0.118230	9.29230	-5.26515	9.29230	5514.00	0.0000000000823330	12145800000
0.00000	0.00000	0.00000	-0.118965	9.29222	-5.26587	9.29222	5511.00	0.0000000000289409	34553200000
0.00000	0.00000	0.00000	-0.118998	9.29208	-5.26583	9.29208	5511.00	0.0000000000140936	70954400000
0.00000	0.00000	0.00000	-0.119145	9.29200	-5.26594	9.29200	5511.00	0.0000000000107118	93355100000
0.00000	0.00000	0.00000	-0.119194	9.29238	-5.26620	9.29238	5511.00	-0.000000000134260	-7448250000
0.00000	0.00000	0.00000	-0.119602	9.29214	-5.26650	9.29214	5509.00	0.0000000000175517	56974600000
0.00000	0.00000	0.00000	-0.119733	9.29206	-5.26659	9.29206	5508.00	0.0000000000130555	76596300000
0.00000	0.00000	0.00000	-0.119406	9.29216	-5.26630	9.29216	5510.00	0.0000000000194692	51363100000
0.00000	0.00000	0.00000	-0.120158	9.29207	-5.26705	9.29207	5507.00	0.0000000000135487	73808100000
0.00000	0.00000	0.00000	-0.119782	9.29209	-5.26666	9.29209	5508.00	0.0000000000146646	68191400000
0.00000	0.00000	0.00000	-0.120190	9.29229	-5.26720	9.29229	5507.00	0.0000000000668299	14963400000
0.00000	0.00000	0.00000	-0.120517	9.29211	-5.26745	9.29211	5506.00	0.0000000000159717	62610900000
0.00000	0.00000	0.00000	-0.120778	9.29207	-5.26770	9.29207	5505.00	0.0000000000135437	73834900000
0.00000	0.00000	0.00000	-0.120582	9.29200	-5.26745	9.29200	5506.00	0.0000000000107021	93439900000
0.00000	0.00000	0.00000	-0.120648	9.29174	-5.26738	9.29174	5505.00	0.00000000000622152	160732000000
0.00000	0.00000	0.00000	-0.120484	9.29199	-5.26734	9.29199	5506.00	0.0000000000103904	96242600000
0.00000	0.00000	0.00000	-0.120419	9.29203	-5.26730	9.29203	5506.00	0.0000000000117603	85032000000
0.00000	0.00000	0.00000	-0.120925	9.29249	-5.26809	9.29249	5504.00	-0.0000000000261111	-38297900000
0.00000	0.00000	0.00000	-0.121366	9.29250	-5.26856	9.29250	5503.00	-0.0000000000243255	-41109100000
0.00000	0.00000	0.00000	-0.120680	9.29197	-5.26754	9.29197	5505.00	0.00000000000981679	101866000000
0.00000	0.00000	0.00000	-0.121236	9.29217	-5.26823	9.29217	5503.00	0.0000000000205659	48624200000
0.00000	0.00000	0.00000	-0.120860	9.29227	-5.26790	9.29227	5505.00	0.0000000000486025	20575100000
0.00000	0.00000	0.00000	-0.121170	9.29206	-5.26811	9.29206	5503.00	0.0000000000130436	76665900000
0.00000	0.00000	0.00000	-0.121513	9.29220	-5.26854	9.29220	5502.00	0.0000000000248638	40219000000
0.00000	0.00000	0.00000	-0.120974	9.29187	-5.26780	9.29187	5504.00	0.00000000000786672	127118000000
0.00000	0.00000	0.00000	-0.120648	9.29220	-5.26763	9.29220	5505.00	0.0000000000248774	40197100000
0.00000	0.00000	0.00000	-0.120599	9.29236	-5.26767	9.29236	5506.00	-0.000000000540616	-1849740000
0.00000	0.00000	0.00000	-0.120746	9.29208	-5.26767	9.29208	5505.00	0.0000000000140782	71031700000
0.00000	0.00000	0.00000	-0.120190	9.29190	-5.26699	9.29190	5507.00	0.00000000000842871	118642000000
0.00000	0.00000	0.00000	-0.120468	9.29245	-5.26758	9.29245	5506.00	-0.0000000000369365	-27073500000
0.00000	0.00000	0.00000	-0.120386	9.29196	-5.26722	9.29196	5506.00	0.00000000000955562	104650000000
0.00000	0.00000	0.00000	-0.119766	0.00000	-0.119766	0.00000	5508.00	0.00000	0.00000
0.00000	0.00000	0.00000	-0.119896	0.00000	-0.119896	0.00000	5508.00	0.00000	0.00000
