Vload_(V)	ILoad_(I)	RsLoad (ohm)	SunsVoc_Voltage_(V)	SunsVoc_Current_(A)	Model_Voltage_(V)	Model_Current_(I)	Carrier_Density_(cm-3)	Lifetime_(s)	Inverse_Lifetime_(s-1)
2.70742	6.03994	0.00000	50.3412	0.849826	49.8523	0.849826	6240300000000000	0.000534856	1805.02
2.70946	6.04264	-0.472051	52.0649	0.107719	52.0032	0.107719	10365400000000000	0.000777275	1108.19
2.96100	6.04245	-0.513732	52.6138	-0.191664	52.7235	-0.191664	12139900000000000	0.000866609	909.276
4.58335	6.04036	-0.782925	52.7501	-0.0800331	52.7959	-0.0800331	12623200000000000	0.000917549	825.346
6.51947	6.03962	0.771069	52.7254	0.215441	52.6022	0.215441	12534300000000000	0.000957303	783.801
8.73116	6.03774	2.98464	52.6403	0.562451	52.3186	0.562451	12232600000000000	0.000993444	758.205
10.7193	6.03765	2.68960	52.5291	0.919136	52.0032	0.919136	11848500000000000	0.00102928	738.512
12.7354	6.03459	3.07640	52.4070	1.25755	51.6872	1.25755	11440100000000000	0.00106413	722.481
14.8205	6.03419	2.79110	52.2812	1.56935	51.3826	1.56935	11033100000000000	0.00109784	708.805
17.1363	6.03122	2.78527	52.1556	1.86045	51.0901	1.86045	10640800000000000	0.00113255	695.009
19.4592	6.02796	2.71170	52.0283	2.13295	50.8063	2.13295	10256100000000000	0.00116774	681.741
21.6707	6.03099	2.05905	51.9001	2.38480	50.5334	2.38480	9882220000000000	0.00120270	669.348
23.8593	6.02770	2.00036	51.7718	2.61448	50.2730	2.61448	9520770000000000	0.00123641	658.325
26.0449	6.02215	1.88635	51.6448	2.82917	50.0224	2.82917	9175020000000000	0.00127117	646.934
28.2114	6.01910	1.61299	51.5188	3.02866	49.7815	3.02866	8843810000000000	0.00130646	635.596
30.3266	6.01512	1.36798	51.3916	3.21207	49.5486	3.21207	8520730000000000	0.00134037	625.541
32.4944	6.00965	1.13066	51.2674	3.38214	49.3262	3.38214	8215820000000000	0.00137511	615.167
33.1960	6.00759	1.05021	51.1419	3.54065	49.1090	3.54065	7917970000000000	0.00140930	605.499
33.8993	6.00527	0.972218	51.0166	3.68638	48.8994	3.68638	7630650000000000	0.00144226	596.700
34.5792	5.99722	0.972955	50.8902	3.82295	48.6940	3.82295	7350700000000000	0.00147493	588.303
35.2875	5.99015	0.936894	50.7662	3.95044	48.4960	3.95044	7085180000000000	0.00150840	579.624
35.9869	5.97875	0.927340	50.6410	4.07013	48.3013	4.07013	6826040000000000	0.00154153	571.359
36.6968	5.96974	0.878641	50.5137	4.18256	48.1086	4.18256	6571440000000000	0.00157386	563.694
37.3980	5.95398	0.865249	50.3886	4.28670	47.9229	4.28670	6329860000000000	0.00160605	556.134
38.0938	5.94078	0.820391	50.2666	4.38206	47.7453	4.38206	6101920000000000	0.00163727	548.966
38.8030	5.91834	0.804719	50.1450	4.47236	47.5710	4.47236	5882310000000000	0.00166927	541.627
39.4908	5.89126	0.790311	50.0222	4.55817	47.3980	4.55817	5667850000000000	0.00170155	534.374
40.1926	5.86594	0.749759	49.9000	4.63569	47.2303	4.63569	5461310000000000	0.00173006	528.505
40.8961	5.83998	0.699160	49.7803	4.70875	47.0678	4.70875	5265750000000000	0.00175966	522.264
41.6022	5.80804	0.651879	49.6593	4.77800	46.9061	4.77800	5074570000000000	0.00178882	516.282
42.3052	5.77930	0.588821	49.5392	4.84317	46.7477	4.84317	4890900000000000	0.00181795	510.360
43.0051	5.70671	0.589533	49.4188	4.90428	46.5912	4.90428	4712700000000000	0.00184598	504.850
43.6998	5.62260	0.580735	49.2995	4.96139	46.4381	4.96139	4542000000000000	0.00187333	499.565
44.3980	5.51609	0.571874	49.1794	5.01606	46.2856	5.01606	4375640000000000	0.00190107	494.237
45.0690	5.36689	0.578307	49.0596	5.06864	46.1346	5.06864	4215130000000000	0.00193047	488.515
45.7412	5.17746	0.584230	48.9395	5.11825	45.9851	5.11825	4059520000000000	0.00195927	483.038
46.4215	4.94189	0.588751	48.8204	5.16380	45.8389	5.16380	3910280000000000	0.00198537	478.302
47.0688	4.65241	0.598988	48.7022	5.20654	45.6951	5.20654	3766940000000000	0.00201068	473.790
47.7016	4.31919	0.608030	48.5844	5.24650	45.5533	5.24650	3628590000000000	0.00203436	469.698
48.3252	3.92370	0.623887	48.4671	5.28359	45.4137	5.28359	3495390000000000	0.00205579	466.149
48.9331	3.47344	0.645319	48.3500	5.31936	45.2751	5.31936	3366620000000000	0.00207834	462.337
49.5078	3.02688	0.657528	48.2329	5.35341	45.1375	5.35341	3242090000000000	0.00210073	458.576
43.2841	5.67900	0.580530	48.1164	5.38591	45.0012	5.38591	3122100000000000	0.00212352	454.735
52.3753	0.00000	0.00000	47.9981	5.41666	44.8643	5.41666	3004270000000000	0.00214417	451.398
0.00000	0.00000	0.00000	47.8824	5.44535	44.7311	5.44535	2892790000000000	0.00216424	448.165
0.00000	0.00000	0.00000	47.7676	5.47226	44.5998	5.47226	2785660000000000	0.00218289	445.228
0.00000	0.00000	0.00000	47.6524	5.49757	44.4691	5.49757	2681660000000000	0.00219944	442.723
0.00000	0.00000	0.00000	47.5380	5.52132	44.3401	5.52132	2581670000000000	0.00221440	440.526
0.00000	0.00000	0.00000	47.4252	5.54378	44.2133	5.54378	2486140000000000	0.00222901	438.370
0.00000	0.00000	0.00000	47.3112	5.56464	44.0864	5.56464	2392740000000000	0.00223942	437.041
0.00000	0.00000	0.00000	47.1973	5.58468	43.9600	5.58468	2302440000000000	0.00224975	435.693
0.00000	0.00000	0.00000	47.0838	5.60421	43.8343	5.60421	2215370000000000	0.00226170	433.999
0.00000	0.00000	0.00000	46.9707	5.62237	43.7098	5.62237	2131370000000000	0.00227053	432.885
0.00000	0.00000	0.00000	46.8548	5.64059	43.5824	5.64059	2048070000000000	0.00228139	431.366
0.00000	0.00000	0.00000	46.7408	5.65770	43.4576	5.65770	1968900000000000	0.00229138	429.984
0.00000	0.00000	0.00000	46.6260	5.67394	43.3325	5.67394	1891750000000000	0.00229926	428.982
0.00000	0.00000	0.00000	46.5131	5.68919	43.2097	5.68919	1818320000000000	0.00230607	428.149
0.00000	0.00000	0.00000	46.4007	5.70380	43.0880	5.70380	1747660000000000	0.00231283	427.301
0.00000	0.00000	0.00000	46.2870	5.71809	42.9650	5.71809	1678520000000000	0.00231991	426.374
0.00000	0.00000	0.00000	46.1731	5.73167	42.8424	5.73167	1611610000000000	0.00232558	425.689
0.00000	0.00000	0.00000	46.0616	5.74401	42.7228	5.74401	1548200000000000	0.00232726	425.710
0.00000	0.00000	0.00000	45.9494	5.75583	42.6029	5.75583	1486590000000000	0.00232762	425.955
0.00000	0.00000	0.00000	45.8370	5.76749	42.4828	5.76749	1426890000000000	0.00232971	425.857
0.00000	0.00000	0.00000	45.7252	5.77842	42.3637	5.77842	1369470000000000	0.00232940	426.182
0.00000	0.00000	0.00000	45.6140	5.78864	42.2456	5.78864	1314310000000000	0.00232647	426.969
0.00000	0.00000	0.00000	45.5015	5.79840	42.1265	5.79840	1260360000000000	0.00232116	428.182
0.00000	0.00000	0.00000	45.3902	5.80824	42.0086	5.80824	1208860000000000	0.00232089	428.443
0.00000	0.00000	0.00000	45.2775	5.81713	41.8899	5.81713	1158480000000000	0.00231283	430.142
0.00000	0.00000	0.00000	45.1648	5.82693	41.7705	5.82693	1109820000000000	0.00231770	429.417
0.00000	0.00000	0.00000	45.0528	5.83480	41.6529	5.83480	1063160000000000	0.00230543	431.883
0.00000	0.00000	0.00000	44.9410	5.84352	41.5352	5.84352	1018260000000000	0.00230603	431.925
0.00000	0.00000	0.00000	44.8289	5.85073	41.4180	5.85073	974785000000000	0.00229177	434.767
0.00000	0.00000	0.00000	44.7174	5.85857	41.3010	5.85857	933101000000000	0.00228854	435.515
0.00000	0.00000	0.00000	44.6067	5.86468	41.1858	5.86468	893166000000000	0.00226693	439.802
0.00000	0.00000	0.00000	44.4941	5.87252	41.0677	5.87252	854026000000000	0.00226911	439.491
0.00000	0.00000	0.00000	44.3820	5.87827	40.9513	5.87827	816510000000000	0.00224664	444.003
0.00000	0.00000	0.00000	44.2697	5.88516	40.8341	5.88516	780298000000000	0.00224255	444.909
0.00000	0.00000	0.00000	44.1576	5.89154	40.7173	5.89154	745474000000000	0.00223462	446.581
0.00000	0.00000	0.00000	44.0462	5.89648	40.6021	5.89648	712178000000000	0.00220827	452.001
0.00000	0.00000	0.00000	43.9342	5.90270	40.4856	5.90270	679978000000000	0.00220403	452.948
0.00000	0.00000	0.00000	43.8232	5.90760	40.3708	5.90760	649272000000000	0.00218231	457.529
0.00000	0.00000	0.00000	43.7129	5.91174	40.2572	5.91174	619914000000000	0.00215092	464.280
0.00000	0.00000	0.00000	43.6009	5.91708	40.1411	5.91708	591243000000000	0.00214067	466.564
0.00000	0.00000	0.00000	43.4892	5.92200	40.0256	5.92200	563794000000000	0.00212640	469.751
0.00000	0.00000	0.00000	43.3758	5.92581	39.9090	5.92581	537026000000000	0.00209311	477.280
0.00000	0.00000	0.00000	43.2634	5.92963	39.7935	5.92963	511576000000000	0.00206302	484.291
0.00000	0.00000	0.00000	43.1483	5.93484	39.6743	5.93484	486570000000000	0.00205927	485.215
0.00000	0.00000	0.00000	43.0325	5.93935	39.5550	5.93935	462488000000000	0.00204510	488.618
0.00000	0.00000	0.00000	42.9177	5.94292	39.4371	5.94292	439616000000000	0.00201558	495.815
0.00000	0.00000	0.00000	42.8041	5.94599	39.3207	5.94599	417945000000000	0.00197881	505.063
0.00000	0.00000	0.00000	42.6916	5.94982	39.2050	5.94982	397409000000000	0.00196159	509.529
0.00000	0.00000	0.00000	42.5792	5.95382	39.0894	5.95382	377775000000000	0.00195124	512.258
0.00000	0.00000	0.00000	42.4653	5.95716	38.9725	5.95716	358724000000000	0.00192765	518.552
0.00000	0.00000	0.00000	42.3515	5.95973	38.8563	5.95973	340551000000000	0.00188866	529.284
0.00000	0.00000	0.00000	42.2385	5.96201	38.7411	5.96201	323307000000000	0.00184549	541.688
0.00000	0.00000	0.00000	42.1248	5.96498	38.6247	5.96498	306729000000000	0.00182021	549.230
0.00000	0.00000	0.00000	42.0105	5.96825	38.5074	5.96825	290814000000000	0.00180433	554.081
0.00000	0.00000	0.00000	41.8967	5.97127	38.3910	5.97127	275719000000000	0.00178594	559.804
0.00000	0.00000	0.00000	41.7824	5.97381	38.2742	5.97381	261251000000000	0.00175721	568.970
0.00000	0.00000	0.00000	41.6670	5.97627	38.1564	5.97627	247337000000000	0.00172794	578.624
0.00000	0.00000	0.00000	41.5512	5.97833	38.0384	5.97833	234046000000000	0.00168974	591.717
0.00000	0.00000	0.00000	41.4337	5.98041	37.9187	5.98041	221221000000000	0.00165308	604.850
0.00000	0.00000	0.00000	41.3176	5.98257	37.8003	5.98257	209174000000000	0.00162188	616.494
0.00000	0.00000	0.00000	41.2001	5.98511	37.6804	5.98511	197594000000000	0.00160298	623.775
0.00000	0.00000	0.00000	41.0823	5.98766	37.5601	5.98766	186571000000000	0.00158740	629.902
0.00000	0.00000	0.00000	40.9647	5.98976	37.4403	5.98976	176131000000000	0.00156140	640.398
0.00000	0.00000	0.00000	40.8462	5.99159	37.3196	5.99159	166150000000000	0.00152862	654.140
0.00000	0.00000	0.00000	40.7261	5.99328	37.1976	5.99328	156578000000000	0.00149257	669.945
0.00000	0.00000	0.00000	40.6050	5.99473	37.0746	5.99473	147437000000000	0.00145045	689.404
0.00000	0.00000	0.00000	40.4837	5.99617	36.9515	5.99617	138786000000000	0.00141046	708.957
0.00000	0.00000	0.00000	40.3620	5.99743	36.8280	5.99743	130576000000000	0.00136628	731.887
0.00000	0.00000	0.00000	40.2390	5.99904	36.7030	5.99904	122745000000000	0.00133496	749.064
0.00000	0.00000	0.00000	40.1166	6.00074	36.5786	6.00074	115388000000000	0.00130935	763.718
0.00000	0.00000	0.00000	39.9925	6.00216	36.4526	6.00216	108357000000000	0.00127569	783.873
0.00000	0.00000	0.00000	39.8684	6.00397	36.3264	6.00397	101729000000000	0.00125777	795.040
0.00000	0.00000	0.00000	39.7425	6.00549	36.1985	6.00549	95399200000000	0.00123168	811.881
0.00000	0.00000	0.00000	39.6148	6.00693	36.0690	6.00693	89362400000000	0.00120401	830.543
0.00000	0.00000	0.00000	39.4864	6.00828	35.9386	6.00828	83656500000000	0.00117526	850.861
0.00000	0.00000	0.00000	39.3543	6.00949	35.8047	6.00949	78154200000000	0.00114153	876.009
0.00000	0.00000	0.00000	39.2221	6.01067	35.6707	6.01067	72993500000000	0.00110916	901.575
0.00000	0.00000	0.00000	39.0885	6.01149	35.5355	6.01149	68110900000000	0.00106485	939.092
0.00000	0.00000	0.00000	38.9561	6.01250	35.4013	6.01250	63581000000000	0.00103072	970.186
0.00000	0.00000	0.00000	38.8230	6.01330	35.2667	6.01330	59323000000000	0.000990276	1009.81
0.00000	0.00000	0.00000	38.6869	6.01407	35.1289	6.01407	55252300000000	0.000949745	1052.91
0.00000	0.00000	0.00000	38.5501	6.01488	34.9905	6.01488	51435400000000	0.000912960	1095.33
0.00000	0.00000	0.00000	38.4121	6.01584	34.8508	6.01584	47844500000000	0.000882914	1132.61
0.00000	0.00000	0.00000	38.2731	6.01659	34.7102	6.01659	44474800000000	0.000847045	1180.57
0.00000	0.00000	0.00000	38.1328	6.01774	34.5680	6.01774	41307900000000	0.000827709	1208.15
0.00000	0.00000	0.00000	37.9904	6.01861	34.4239	6.01861	38319300000000	0.000799139	1251.34
0.00000	0.00000	0.00000	37.8472	6.01957	34.2790	6.01957	35526700000000	0.000775647	1289.24
0.00000	0.00000	0.00000	37.7000	6.02054	34.1299	6.02054	32864200000000	0.000753573	1327.01
0.00000	0.00000	0.00000	37.5523	6.02132	33.9805	6.02132	30388300000000	0.000725787	1377.81
0.00000	0.00000	0.00000	37.4036	6.02223	33.8300	6.02223	28082200000000	0.000705108	1418.22
0.00000	0.00000	0.00000	37.2534	6.02307	33.6780	6.02307	25927100000000	0.000683588	1462.87
0.00000	0.00000	0.00000	37.1010	6.02395	33.5238	6.02395	23906900000000	0.000664725	1504.38
0.00000	0.00000	0.00000	36.9466	6.02463	33.3677	6.02463	22018900000000	0.000639606	1563.46
0.00000	0.00000	0.00000	36.7893	6.02536	33.2087	6.02536	20247100000000	0.000617470	1619.51
0.00000	0.00000	0.00000	36.6301	6.02578	33.0479	6.02578	18596500000000	0.000584159	1711.86
0.00000	0.00000	0.00000	36.4694	6.02644	32.8854	6.02644	17065400000000	0.000562294	1778.43
0.00000	0.00000	0.00000	36.3077	6.02684	32.7221	6.02684	15651200000000	0.000531439	1881.68
0.00000	0.00000	0.00000	36.1439	6.02715	32.5568	6.02715	14337300000000	0.000498332	2006.69
0.00000	0.00000	0.00000	35.9779	6.02765	32.3891	6.02765	13116700000000	0.000474759	2106.33
0.00000	0.00000	0.00000	35.8076	6.02797	32.2172	6.02797	11972000000000	0.000444905	2247.67
0.00000	0.00000	0.00000	35.6371	6.02846	32.0449	6.02846	10925100000000	0.000423116	2363.42
0.00000	0.00000	0.00000	35.4610	6.02856	31.8673	6.02856	9939280000000	0.000388304	2575.30
0.00000	0.00000	0.00000	35.2826	6.02898	31.6871	6.02898	9030770000000	0.000366415	2729.15
0.00000	0.00000	0.00000	35.1059	6.02936	31.5087	6.02936	8212240000000	0.000345098	2897.72
0.00000	0.00000	0.00000	34.9253	6.02961	31.3264	6.02961	7452070000000	0.000320910	3116.14
0.00000	0.00000	0.00000	34.7433	6.02999	31.1426	6.02999	6756500000000	0.000301902	3312.33
0.00000	0.00000	0.00000	34.5594	6.03030	30.9570	6.03030	6119790000000	0.000282393	3541.17
0.00000	0.00000	0.00000	34.3735	6.03046	30.7694	6.03046	5536720000000	0.000259572	3852.50
0.00000	0.00000	0.00000	34.1861	6.03084	30.5802	6.03084	5004980000000	0.000244601	4088.29
0.00000	0.00000	0.00000	33.9957	6.03111	30.3880	6.03111	4516870000000	0.000227326	4398.97
0.00000	0.00000	0.00000	33.8030	6.03144	30.1935	6.03144	4071190000000	0.000212888	4697.30
0.00000	0.00000	0.00000	33.6094	6.03172	29.9981	6.03172	3667500000000	0.000198458	5038.85
0.00000	0.00000	0.00000	33.4144	6.03201	29.8012	6.03201	3301380000000	0.000185007	5405.21
0.00000	0.00000	0.00000	33.2173	6.03213	29.6024	6.03213	2968330000000	0.000168916	5920.08
0.00000	0.00000	0.00000	33.0183	6.03250	29.4015	6.03250	2666110000000	0.000159391	6273.86
0.00000	0.00000	0.00000	32.8161	6.03300	29.1974	6.03300	2390570000000	0.000153193	6527.73
0.00000	0.00000	0.00000	32.6136	6.03303	28.9931	6.03303	2143000000000	0.000137921	7250.54
0.00000	0.00000	0.00000	32.4106	6.03336	28.7882	6.03336	1920580000000	0.000129840	7701.78
0.00000	0.00000	0.00000	32.2048	6.03351	28.5806	6.03351	1718570000000	0.000118808	8416.97
0.00000	0.00000	0.00000	31.9963	6.03379	28.3701	6.03379	1535520000000	0.000111038	9005.91
0.00000	0.00000	0.00000	31.7828	6.03389	28.1548	6.03389	1368320000000	0.000100517	9948.61
0.00000	0.00000	0.00000	31.5680	6.03434	27.9379	6.03434	1218430000000	0.0000967206	10339.1
0.00000	0.00000	0.00000	31.3547	6.03448	27.7226	6.03448	1085810000000	0.0000884652	11303.9
0.00000	0.00000	0.00000	31.1385	6.03482	27.5044	6.03482	966121000000	0.0000838522	11925.7
0.00000	0.00000	0.00000	30.9212	6.03504	27.2851	6.03504	859096000000	0.0000779087	12835.5
0.00000	0.00000	0.00000	30.7025	6.03518	27.0646	6.03518	763382000000	0.0000712490	14035.3
0.00000	0.00000	0.00000	30.4818	6.03553	26.8418	6.03553	677568000000	0.0000682556	14650.8
0.00000	0.00000	0.00000	30.2579	6.03555	26.6159	6.03555	600335000000	0.0000608072	16445.4
0.00000	0.00000	0.00000	30.0323	6.03574	26.3883	6.03574	531443000000	0.0000562447	17779.5
0.00000	0.00000	0.00000	29.8050	6.03608	26.1589	6.03608	470011000000	0.0000541231	18476.4
0.00000	0.00000	0.00000	29.5762	6.03629	25.9281	6.03629	415347000000	0.0000505327	19789.2
0.00000	0.00000	0.00000	29.3432	6.03638	25.6931	6.03638	366208000000	0.0000456365	21912.3
0.00000	0.00000	0.00000	29.1065	6.03644	25.4543	6.03644	322229000000	0.0000409128	24442.2
0.00000	0.00000	0.00000	28.8676	6.03669	25.2132	6.03669	283191000000	0.0000387283	25820.9
0.00000	0.00000	0.00000	28.6270	6.03673	24.9705	6.03673	248659000000	0.0000344091	29062.1
0.00000	0.00000	0.00000	28.3821	6.03693	24.7234	6.03693	217828000000	0.0000321817	31073.6
0.00000	0.00000	0.00000	28.1319	6.03723	24.4710	6.03723	190280000000	0.0000311797	32072.2
0.00000	0.00000	0.00000	27.8715	6.03723	24.2084	6.03723	165300000000	0.0000271275	36863.0
0.00000	0.00000	0.00000	27.6151	6.03729	23.9497	6.03729	143903000000	0.0000241184	41462.1
0.00000	0.00000	0.00000	27.3553	6.03747	23.6877	6.03747	125053000000	0.0000225028	44438.9
0.00000	0.00000	0.00000	27.0921	6.03765	23.4221	6.03765	108469000000	0.0000210068	47603.6
0.00000	0.00000	0.00000	26.8256	6.03776	23.1533	6.03776	93916000000	0.0000191484	52223.7
0.00000	0.00000	0.00000	26.5545	6.03769	22.8799	6.03769	81111800000	0.0000159708	62614.3
0.00000	0.00000	0.00000	26.2780	6.03797	22.6009	6.03797	69853700000	0.0000157039	63678.5
0.00000	0.00000	0.00000	25.9982	6.03803	22.3187	6.03803	60047700000	0.0000139800	71530.5
0.00000	0.00000	0.00000	25.7151	6.03817	22.0331	6.03817	51526700000	0.0000129021	77506.6
0.00000	0.00000	0.00000	25.4258	6.03831	21.7413	6.03831	44067500000	0.0000119828	83452.6
0.00000	0.00000	0.00000	25.1326	6.03832	21.4456	6.03832	37607700000	0.0000102753	97321.2
0.00000	0.00000	0.00000	24.8358	6.03832	21.1463	6.03832	32034200000	0.00000879383	113716
0.00000	0.00000	0.00000	24.5333	6.03858	20.8411	6.03858	27202000000	0.00000889186	112462
0.00000	0.00000	0.00000	24.2238	6.03844	20.5291	6.03844	23011100000	0.00000679717	147120
0.00000	0.00000	0.00000	23.9107	6.03851	20.2132	6.03851	19427500000	0.00000600594	166502
0.00000	0.00000	0.00000	23.5939	6.03867	19.8937	6.03867	16369900000	0.00000572260	174746
0.00000	0.00000	0.00000	23.2725	6.03869	19.5696	6.03869	13759400000	0.00000486270	205647
0.00000	0.00000	0.00000	22.9469	6.03869	19.2412	6.03869	11538600000	0.00000410090	243849
0.00000	0.00000	0.00000	22.6144	6.03898	18.9057	6.03898	9640620000	0.00000443937	225257
0.00000	0.00000	0.00000	22.2766	6.03902	18.5651	6.03902	8031560000	0.00000385873	259152
0.00000	0.00000	0.00000	21.9322	6.03908	18.2177	6.03908	6667170000	0.00000342511	291961
0.00000	0.00000	0.00000	21.5793	6.03905	17.8617	6.03905	5509010000	0.00000274676	364065
0.00000	0.00000	0.00000	21.2213	6.03893	17.5008	6.03893	4539750000	0.00000199676	500811
0.00000	0.00000	0.00000	20.8539	6.03919	17.1302	6.03919	3722150000	0.00000220037	454468
0.00000	0.00000	0.00000	20.4737	6.03903	16.7468	6.03903	3030520000	0.00000147896	676151
0.00000	0.00000	0.00000	20.0868	6.03917	16.3566	6.03917	2458600000	0.00000140447	712012
0.00000	0.00000	0.00000	19.6939	6.03931	15.9602	6.03931	1988110000	0.00000139786	715379
0.00000	0.00000	0.00000	19.2960	6.03931	15.5590	6.03931	1603370000	0.00000111582	896203
0.00000	0.00000	0.00000	18.8873	6.03908	15.1470	6.03908	1285550000	0.000000661381	1511990
0.00000	0.00000	0.00000	18.4719	6.03931	14.7280	6.03931	1026990000	0.000000714874	1398850
0.00000	0.00000	0.00000	18.0483	6.03931	14.3008	6.03931	816796000	0.000000568609	1758680
0.00000	0.00000	0.00000	17.6162	6.03929	13.8650	6.03929	646638000	0.000000441031	2267410
0.00000	0.00000	0.00000	17.1771	6.03942	13.4221	6.03942	510002000	0.000000431183	2319200
0.00000	0.00000	0.00000	16.7242	6.03937	12.9654	6.03937	399254000	0.000000310196	3223760
0.00000	0.00000	0.00000	16.2654	6.03945	12.5026	6.03945	311553000	0.000000277424	3604600
0.00000	0.00000	0.00000	15.8029	6.03927	12.0364	6.03927	242640000	0.000000159048	6287400
0.00000	0.00000	0.00000	15.3372	6.03946	11.5666	6.03946	188633000	0.000000172565	5794930
0.00000	0.00000	0.00000	14.8644	6.03955	11.0898	6.03955	146095000	0.000000165204	6053110
0.00000	0.00000	0.00000	14.3899	6.03956	10.6112	6.03956	113037000	0.000000130018	7691250
0.00000	0.00000	0.00000	13.9114	6.03949	10.1287	6.03949	87276400	0.0000000856921	11669700
0.00000	0.00000	0.00000	13.4327	6.03929	9.64609	6.03929	67375800	0.0000000455022	21977000
0.00000	0.00000	0.00000	12.9464	6.03948	9.15552	6.03948	51799700	0.0000000494139	20237200
0.00000	0.00000	0.00000	12.4618	6.03958	8.66675	6.03958	39861900	0.0000000492306	20312600
0.00000	0.00000	0.00000	11.9842	6.03968	8.18511	6.03968	30792500	0.0000000512408	19515700
0.00000	0.00000	0.00000	11.5098	6.03948	7.70678	6.03948	23826500	0.0000000227295	43995700
0.00000	0.00000	0.00000	11.0392	6.03959	7.23212	6.03959	18474700	0.0000000232453	43019500
0.00000	0.00000	0.00000	10.5761	6.03953	6.76520	6.03953	14383700	0.0000000154835	64584900
0.00000	0.00000	0.00000	10.1175	6.03948	6.30268	6.03948	11225000	0.0000000107083	93385800
0.00000	0.00000	0.00000	9.66921	6.03965	5.85052	6.03965	8809440	0.0000000133362	74983700
0.00000	0.00000	0.00000	9.22128	6.03964	5.39881	6.03964	6914930	0.0000000102372	97683400
0.00000	0.00000	0.00000	8.78311	6.03978	4.95684	6.03978	5456540	0.0000000144639	69137700
0.00000	0.00000	0.00000	8.35859	6.03951	4.52889	6.03951	4337630	0.00000000445482	224476000
0.00000	0.00000	0.00000	7.94586	6.03975	4.11252	6.03975	3470210	0.00000000794289	125899000
0.00000	0.00000	0.00000	7.54277	6.03972	3.70603	6.03972	2790760	0.00000000562042	177923000
0.00000	0.00000	0.00000	7.15102	6.03973	3.31096	6.03973	2258140	0.00000000468855	213286000
0.00000	0.00000	0.00000	6.76968	6.03972	2.92641	6.03972	1837490	0.00000000359271	278342000
0.00000	0.00000	0.00000	6.39761	6.03962	2.55125	6.03962	1502700	0.00000000204418	489195000
0.00000	0.00000	0.00000	6.03868	6.03962	2.18927	6.03962	1237670	0.00000000171850	581902000
0.00000	0.00000	0.00000	5.68864	6.03966	1.83625	6.03966	1024300	0.00000000162397	615774000
0.00000	0.00000	0.00000	5.34351	6.03981	1.48810	6.03981	849963	0.00000000280799	356127000
0.00000	0.00000	0.00000	5.01353	6.03973	1.15538	6.03973	711101	0.00000000147646	677297000
0.00000	0.00000	0.00000	4.69246	6.03975	0.831576	6.03975	597796	0.00000000136829	730841000
0.00000	0.00000	0.00000	4.38382	6.03995	0.520193	6.03995	505932	-0.0000000484725	-20630200
0.00000	0.00000	0.00000	4.08669	6.03974	0.220682	6.03974	430860	0.000000000953642	1048610000
0.00000	0.00000	0.00000	3.79788	6.03977	-0.0705921	6.03977	368580	0.000000000939869	1063980000
0.00000	0.00000	0.00000	3.51904	6.03972	-0.351755	6.03972	317008	0.000000000638436	1566330000
0.00000	0.00000	0.00000	3.25045	6.03958	-0.622529	6.03958	274165	0.000000000338614	2953220000
0.00000	0.00000	0.00000	2.98993	6.03984	-0.885422	6.03984	238150	0.00000000104388	957965000
0.00000	0.00000	0.00000	2.73591	6.03977	-1.14155	6.03977	207593	0.000000000529358	1889080000
0.00000	0.00000	0.00000	2.49576	6.03974	-1.38371	6.03974	182319	0.000000000390643	2559880000
0.00000	0.00000	0.00000	2.28027	6.03979	-1.60105	6.03979	162272	0.000000000467067	2141020000
0.00000	0.00000	0.00000	2.07934	6.03969	-1.80362	6.03969	145569	0.000000000254896	3923170000
0.00000	0.00000	0.00000	1.88674	6.03974	-1.99788	6.03974	131176	0.000000000281061	3557950000
0.00000	0.00000	0.00000	1.69969	6.03967	-2.18647	6.03967	118560	0.000000000192522	5194200000
0.00000	0.00000	0.00000	1.52491	6.03979	-2.36281	6.03979	107871	0.000000000310486	3220750000
0.00000	0.00000	0.00000	1.35885	6.03966	-2.53019	6.03966	98609.9	0.000000000156341	6396290000
0.00000	0.00000	0.00000	1.20023	6.03970	-2.69018	6.03970	90506.5	0.000000000162728	6145210000
0.00000	0.00000	0.00000	1.04760	6.03964	-2.84407	6.03964	83338.6	0.000000000120714	8284050000
0.00000	0.00000	0.00000	0.900585	6.03972	-2.99237	6.03972	76972.0	0.000000000150498	6644610000
0.00000	0.00000	0.00000	0.760646	6.03976	-3.13353	6.03976	71364.0	0.000000000175311	5704160000
0.00000	0.00000	0.00000	0.630606	6.03967	-3.26461	6.03967	66519.6	0.000000000108017	9257810000
0.00000	0.00000	0.00000	0.512409	6.03979	-3.38388	6.03979	62402.2	0.000000000179612	5567540000
0.00000	0.00000	0.00000	0.408014	6.03978	-3.48915	6.03978	58978.1	0.000000000156337	6396430000
0.00000	0.00000	0.00000	0.318222	6.03975	-3.57969	6.03975	56183.8	0.000000000128598	7776150000
0.00000	0.00000	0.00000	0.240927	6.03981	-3.65768	6.03981	53884.6	0.000000000178017	5617450000
0.00000	0.00000	0.00000	0.176291	6.03991	-3.72292	6.03991	52034.2	0.000000000658424	1518780000
0.00000	0.00000	0.00000	0.121684	6.03968	-3.77784	6.03968	50520.8	0.0000000000840730	11894400000
0.00000	0.00000	0.00000	0.0764534	6.03993	-3.82362	6.03993	49300.4	0.00000000143752	695642000
0.00000	0.00000	0.00000	0.0389164	6.03963	-3.86128	6.03963	48310.1	0.0000000000684966	14599300000
0.00000	0.00000	0.00000	0.00863201	6.03978	-3.89192	6.03978	47525.8	0.000000000131164	7624040000
0.00000	0.00000	0.00000	-0.0157556	6.03963	-3.91641	6.03963	46903.2	0.0000000000665019	15037200000
0.00000	0.00000	0.00000	-0.0341484	6.03986	-3.93511	6.03986	46439.2	0.000000000253205	3949370000
0.00000	0.00000	0.00000	-0.0499277	6.03988	-3.95104	6.03988	46044.8	0.000000000332039	3011690000
0.00000	0.00000	0.00000	-0.0626850	6.03978	-3.96384	6.03978	45728.4	0.000000000121215	8249790000
0.00000	0.00000	0.00000	-0.0733025	6.03987	-3.97460	6.03987	45466.6	0.000000000269840	3705900000
0.00000	0.00000	0.00000	-0.0808818	6.03973	-3.98216	6.03973	45280.8	0.0000000000940163	10636500000
0.00000	0.00000	0.00000	-0.0880200	6.03988	-3.98945	6.03988	45106.2	0.000000000293692	3404930000
0.00000	0.00000	0.00000	-0.0934431	6.03971	-3.99481	6.03971	44974.2	0.0000000000854439	11703600000
0.00000	0.00000	0.00000	-0.0973144	6.03963	-3.99866	6.03963	44880.2	0.0000000000636336	15715000000
0.00000	0.00000	0.00000	-0.101431	6.03980	-4.00292	6.03980	44780.5	0.000000000134672	7425470000
0.00000	0.00000	0.00000	-0.104306	6.03978	-4.00581	6.03978	44711.0	0.000000000123396	8104010000
0.00000	0.00000	0.00000	-0.106772	6.03988	-4.00836	6.03988	44651.4	0.000000000290730	3439620000
0.00000	0.00000	0.00000	-0.110023	6.03984	-4.01161	6.03984	44573.0	0.000000000183390	5452850000
0.00000	0.00000	0.00000	-0.111411	6.03971	-4.01293	6.03971	44539.5	0.0000000000846180	11817800000
0.00000	0.00000	0.00000	-0.114106	6.03988	-4.01576	6.03988	44474.6	0.000000000289579	3453290000
0.00000	0.00000	0.00000	-0.115446	6.03984	-4.01709	6.03984	44442.5	0.000000000194805	5133350000
0.00000	0.00000	0.00000	-0.117896	6.04005	-4.01969	6.04005	44383.8	-0.000000000189590	-5274530000
0.00000	0.00000	0.00000	-0.119334	6.03986	-4.02102	6.03986	44349.2	0.000000000223628	4471710000
0.00000	0.00000	0.00000	-0.120608	6.03996	-4.02237	6.03996	44318.6	-0.00000000110082	-908417000
0.00000	0.00000	0.00000	-0.122012	6.03969	-4.02361	6.03969	44285.0	0.0000000000775443	12895900000
0.00000	0.00000	0.00000	-0.123875	6.03964	-4.02545	6.03964	44240.5	0.0000000000640813	15605200000
0.00000	0.00000	0.00000	-0.125377	6.03967	-4.02699	6.03967	44204.5	0.0000000000717808	13931300000
0.00000	0.00000	0.00000	-0.126325	6.03968	-4.02795	6.03968	44181.9	0.0000000000735243	13600900000
0.00000	0.00000	0.00000	-0.127256	6.03985	-4.02900	6.03985	44159.6	0.000000000207101	4828570000
0.00000	0.00000	0.00000	-0.128056	6.03969	-4.02970	6.03969	44140.6	0.0000000000772915	12938000000
0.00000	0.00000	0.00000	-0.129298	6.03982	-4.03104	6.03982	44111.0	0.000000000153279	6524070000
0.00000	0.00000	0.00000	-0.130098	6.03964	-4.03173	6.03964	44091.9	0.0000000000638660	15657800000
0.00000	0.00000	0.00000	-0.130425	6.03956	-4.03201	6.03956	44084.1	0.0000000000507114	19719400000
0.00000	0.00000	0.00000	-0.132434	6.03992	-4.03427	6.03992	44036.2	0.000000000894929	1117410000
0.00000	0.00000	0.00000	-0.132581	6.03980	-4.03434	6.03980	44032.8	0.000000000138640	7212930000
0.00000	0.00000	0.00000	-0.133006	6.03974	-4.03473	6.03974	44022.6	0.0000000000943243	10601700000
0.00000	0.00000	0.00000	-0.133953	6.03968	-4.03564	6.03968	44000.1	0.0000000000732219	13657100000
0.00000	0.00000	0.00000	-0.133806	6.03982	-4.03559	6.03982	44003.6	0.000000000161261	6201130000
0.00000	0.00000	0.00000	-0.134133	6.03991	-4.03597	6.03991	43995.9	0.000000000556709	1796270000
0.00000	0.00000	0.00000	-0.133969	6.03985	-4.03577	6.03985	43999.8	0.000000000206351	4846120000
0.00000	0.00000	0.00000	-0.134704	6.03960	-4.03635	6.03960	43982.2	0.0000000000574979	17391900000
0.00000	0.00000	0.00000	-0.134296	6.03964	-4.03596	6.03964	43991.9	0.0000000000637211	15693400000
0.00000	0.00000	0.00000	-0.134508	6.03977	-4.03626	6.03977	43986.9	0.000000000112166	8915390000
0.00000	0.00000	0.00000	-0.134100	6.03970	-4.03581	6.03970	43996.6	0.0000000000812839	12302600000
0.00000	0.00000	0.00000	-0.133300	6.03980	-4.03506	6.03980	44015.6	0.000000000132371	7554500000
0.00000	0.00000	0.00000	-0.133528	6.03977	-4.03527	6.03977	44010.2	0.000000000112225	8910660000
0.00000	0.00000	0.00000	-0.132026	6.03976	-4.03375	6.03976	44046.0	0.000000000104379	9580490000
0.00000	0.00000	0.00000	-0.131813	6.03972	-4.03351	6.03972	44051.0	0.0000000000887163	11271900000
0.00000	0.00000	0.00000	-0.131323	6.03962	-4.03295	6.03962	44062.6	0.0000000000599398	16683400000
0.00000	0.00000	0.00000	-0.131552	6.03988	-4.03335	6.03988	44057.2	0.000000000286861	3486000000
0.00000	0.00000	0.00000	-0.130800	6.03981	-4.03255	6.03981	44075.1	0.000000000145609	6867690000
0.00000	0.00000	0.00000	-0.130425	6.03967	-4.03208	6.03967	44084.1	0.0000000000715854	13969300000
0.00000	0.00000	0.00000	-0.129869	6.03968	-4.03152	6.03968	44097.2	0.0000000000733835	13627000000
0.00000	0.00000	0.00000	-0.129494	6.03960	-4.03109	6.03960	44106.2	0.0000000000565575	17681100000
0.00000	0.00000	0.00000	-0.129461	6.03976	-4.03116	6.03976	44107.1	0.000000000104524	9567220000
0.00000	0.00000	0.00000	-0.129477	6.03961	-4.03109	6.03961	44106.6	0.0000000000588068	17004800000
0.00000	0.00000	0.00000	-0.129004	6.03980	-4.03073	6.03980	44118.0	0.000000000132679	7536970000
0.00000	0.00000	0.00000	-0.129102	6.03990	-4.03090	6.03990	44115.6	0.000000000469617	2129390000
0.00000	0.00000	0.00000	-0.128563	6.03980	-4.03029	6.03980	44128.5	0.000000000138941	7197280000
0.00000	0.00000	0.00000	-0.127926	6.03962	-4.02953	6.03962	44143.6	0.0000000000600500	16652800000
0.00000	0.00000	0.00000	-0.128579	6.03978	-4.03029	6.03978	44128.1	0.000000000121787	8211050000
0.00000	0.00000	0.00000	-0.128089	6.03971	-4.02975	6.03971	44139.8	0.0000000000838585	11924800000
0.00000	0.00000	0.00000	-0.128399	6.03974	-4.03008	6.03974	44132.4	0.0000000000976802	10237500000
0.00000	0.00000	0.00000	-0.128677	6.03994	-4.03049	6.03994	44125.8	0.00000000986422	101376000
0.00000	0.00000	0.00000	-0.129624	6.03978	-4.03135	6.03978	44103.1	0.000000000121718	8215710000
0.00000	0.00000	0.00000	-0.129330	6.03978	-4.03105	6.03978	44110.1	0.000000000121737	8214400000
0.00000	0.00000	0.00000	-0.129886	6.03945	-4.03139	6.03945	44097.0	0.0000000000392741	25462100000
0.00000	0.00000	0.00000	-0.131078	6.03975	-4.03279	6.03975	44068.5	0.000000000100868	9913960000
0.00000	0.00000	0.00000	-0.131634	6.03976	-4.03335	6.03976	44055.2	0.000000000104401	9578480000
0.00000	0.00000	0.00000	-0.132271	6.03996	-4.03413	6.03996	44040.1	-0.00000000173737	-575583000
0.00000	0.00000	0.00000	-0.133365	6.03958	-4.03499	6.03958	44014.0	0.0000000000533774	18734500000
0.00000	0.00000	0.00000	-0.135178	6.03976	-4.03693	6.03976	43971.0	0.000000000108018	9257720000
0.00000	0.00000	0.00000	-0.135946	6.03992	-4.03781	6.03992	43952.8	0.000000000893232	1119530000
0.00000	0.00000	0.00000	-0.136224	6.03960	-4.03789	6.03960	43946.1	0.0000000000574507	17406200000
0.00000	0.00000	0.00000	-0.136861	6.03968	-4.03857	6.03968	43931.0	0.0000000000731069	13678600000
0.00000	0.00000	0.00000	-0.136779	6.03978	-4.03856	6.03978	43932.9	0.000000000116456	8586950000
0.00000	0.00000	0.00000	-0.138216	6.03960	-4.03990	6.03960	43898.8	0.0000000000573888	17425000000
0.00000	0.00000	0.00000	-0.138216	6.03967	-4.03994	6.03967	43898.8	0.0000000000712843	14028300000
0.00000	0.00000	0.00000	-0.139049	6.03956	-4.04071	6.03956	43879.0	0.0000000000513564	19471800000
0.00000	0.00000	0.00000	-0.139654	6.03971	-4.04141	6.03971	43864.6	0.0000000000833358	11999600000
0.00000	0.00000	0.00000	-0.140291	6.03982	-4.04213	6.03982	43849.6	0.000000000160697	6222900000
0.00000	0.00000	0.00000	-0.140487	6.03960	-4.04218	6.03960	43845.0	0.0000000000562225	17786500000
0.00000	0.00000	0.00000	-0.140307	6.03976	-4.04210	6.03976	43849.2	0.000000000103913	9623480000
0.00000	0.00000	0.00000	-0.141614	6.03956	-4.04330	6.03956	43818.2	0.0000000000512852	19498800000
0.00000	0.00000	0.00000	-0.141532	6.03960	-4.04324	6.03960	43820.2	0.0000000000572861	17456200000
0.00000	0.00000	0.00000	-0.141467	6.03965	-4.04320	6.03965	43821.8	0.0000000000663404	15073800000
0.00000	0.00000	0.00000	-0.141304	6.03976	-4.04311	6.03976	43825.6	0.000000000103857	9628670000
0.00000	0.00000	0.00000	-0.141483	6.03974	-4.04328	6.03974	43821.4	0.0000000000938931	10650400000
0.00000	0.00000	0.00000	-0.140797	6.03971	-4.04257	6.03971	43837.6	0.0000000000832845	12007000000
0.00000	0.00000	0.00000	-0.140226	6.03964	-4.04195	6.03964	43851.1	0.0000000000649194	15403700000
0.00000	0.00000	0.00000	-0.139523	6.03970	-4.04128	6.03970	43867.8	0.0000000000810459	12338700000
0.00000	0.00000	0.00000	-0.138772	6.03959	-4.04045	6.03959	43885.6	0.0000000000552188	18109800000
0.00000	0.00000	0.00000	-0.138314	6.03953	-4.03995	6.03953	43896.5	0.0000000000472535	21162500000
0.00000	0.00000	0.00000	-0.137236	6.03977	-4.03901	6.03977	43922.1	0.000000000112000	8928540000
0.00000	0.00000	0.00000	-0.137253	6.03970	-4.03898	6.03970	43921.6	0.0000000000789699	12663100000
0.00000	0.00000	0.00000	-0.136501	6.03982	-4.03830	6.03982	43939.5	0.000000000152683	6549530000
0.00000	0.00000	0.00000	-0.136403	6.03994	-4.03828	6.03994	43941.9	0.00000000226687	441136000
0.00000	0.00000	0.00000	-0.135766	6.03980	-4.03755	6.03980	43957.0	0.000000000132195	7564580000
0.00000	0.00000	0.00000	-0.135603	6.03980	-4.03739	6.03980	43960.9	0.000000000138414	7224720000
0.00000	0.00000	0.00000	-0.135619	6.03980	-4.03740	6.03980	43960.5	0.000000000132206	7563980000
0.00000	0.00000	0.00000	-0.134459	6.03977	-4.03621	6.03977	43988.0	0.000000000112168	8915170000
0.00000	0.00000	0.00000	-0.135292	6.03970	-4.03701	6.03970	43968.2	0.0000000000790537	12649600000
0.00000	0.00000	0.00000	-0.135211	6.03972	-4.03694	6.03972	43970.1	0.0000000000885535	11292600000
0.00000	0.00000	0.00000	-0.134786	6.03966	-4.03647	6.03966	43980.2	0.0000000000681180	14680400000
0.00000	0.00000	0.00000	-0.132989	6.03984	-4.03477	6.03984	44023.0	0.000000000181127	5520980000
0.00000	0.00000	0.00000	-0.132712	6.03966	-4.03438	6.03966	44029.6	0.0000000000681945	14663900000
0.00000	0.00000	0.00000	-0.132777	6.03985	-4.03457	6.03985	44028.1	0.000000000206484	4842990000
0.00000	0.00000	0.00000	-0.132875	6.03944	-4.03440	6.03944	44025.8	0.0000000000386967	25842000000
0.00000	0.00000	0.00000	-0.132793	6.03994	-4.03464	6.03994	44027.8	0.00000000227130	440276000
0.00000	0.00000	0.00000	-0.133610	6.03978	-4.03537	6.03978	44008.2	0.000000000121456	8233420000
0.00000	0.00000	0.00000	-0.134002	6.03976	-4.03575	6.03976	43998.9	0.000000000108086	9251860000
0.00000	0.00000	0.00000	-0.134329	6.03983	-4.03612	6.03983	43991.1	0.000000000170534	5863930000
0.00000	0.00000	0.00000	-0.135766	6.03984	-4.03757	6.03984	43957.0	0.000000000180856	5529270000
0.00000	0.00000	0.00000	-0.135946	6.03968	-4.03765	6.03968	43952.8	0.0000000000731431	13671800000
0.00000	0.00000	0.00000	-0.136501	6.03958	-4.03815	6.03958	43939.5	0.0000000000542684	18426900000
0.00000	0.00000	0.00000	-0.137498	6.04003	-4.03944	6.04003	43915.9	-0.000000000231905	-4312110000
0.00000	0.00000	0.00000	-0.137318	6.03978	-4.03910	6.03978	43920.1	0.000000000121213	8249940000
0.00000	0.00000	0.00000	-0.138135	6.03977	-4.03992	6.03977	43900.8	0.000000000111946	8932890000
0.00000	0.00000	0.00000	-0.139654	6.03969	-4.04140	6.03969	43864.6	0.0000000000768082	13019400000
0.00000	0.00000	0.00000	-0.139981	6.03968	-4.04173	6.03968	43856.9	0.0000000000748406	13361700000
0.00000	0.00000	0.00000	-0.140716	6.03971	-4.04248	6.03971	43839.5	0.0000000000832881	12006500000
0.00000	0.00000	0.00000	-0.141140	6.03959	-4.04284	6.03959	43829.5	0.0000000000551482	18133000000
0.00000	0.00000	0.00000	-0.141516	6.03962	-4.04324	6.03962	43820.5	0.0000000000608446	16435300000
0.00000	0.00000	0.00000	-0.142218	6.03984	-4.04409	6.03984	43804.0	0.000000000192006	5208180000
0.00000	0.00000	0.00000	-0.142643	6.03974	-4.04445	6.03974	43793.9	0.0000000000969310	10316600000
0.00000	0.00000	0.00000	-0.143068	6.03975	-4.04488	6.03975	43783.9	0.000000000100216	9978410000
0.00000	0.00000	0.00000	-0.143362	6.03986	-4.04525	6.03986	43776.9	0.000000000220742	4530170000
0.00000	0.00000	0.00000	-0.143835	6.03957	-4.04554	6.03957	43765.6	0.0000000000521335	19181500000
0.00000	0.00000	0.00000	-0.144587	6.03968	-4.04637	6.03968	43747.9	0.0000000000746546	13395000000
0.00000	0.00000	0.00000	-0.144881	6.03964	-4.04664	6.03964	43740.9	0.0000000000647562	15442500000
0.00000	0.00000	0.00000	-0.144783	6.03974	-4.04660	6.03974	43743.2	0.0000000000937257	10669400000
0.00000	0.00000	0.00000	-0.144538	6.03966	-4.04630	6.03966	43749.0	0.0000000000677598	14758000000
0.00000	0.00000	0.00000	-0.144195	6.03982	-4.04607	6.03982	43757.1	0.000000000160358	6236060000
0.00000	0.00000	0.00000	-0.144489	6.03979	-4.04634	6.03979	43750.2	0.000000000125926	7941150000
0.00000	0.00000	0.00000	-0.144979	6.03959	-4.04671	6.03959	43738.6	0.0000000000550339	18170600000
0.00000	0.00000	0.00000	-0.142904	6.03984	-4.04477	6.03984	43787.8	0.000000000180159	5550640000
0.00000	0.00000	0.00000	-0.142757	6.03984	-4.04463	6.03984	43791.1	0.000000000191949	5209710000
0.00000	0.00000	0.00000	-0.142300	6.03964	-4.04404	6.03964	43802.0	0.0000000000648467	15421000000
0.00000	0.00000	0.00000	-0.141647	6.03965	-4.04338	6.03965	43817.5	0.0000000000663340	15075200000
0.00000	0.00000	0.00000	-0.141255	6.03975	-4.04305	6.03975	43826.8	0.000000000100314	9968650000
0.00000	0.00000	0.00000	-0.140487	6.03956	-4.04215	6.03956	43845.0	0.0000000000504363	19827000000
0.00000	0.00000	0.00000	-0.140552	6.03975	-4.04234	6.03975	43843.4	0.000000000100353	9964870000
0.00000	0.00000	0.00000	-0.139180	6.03986	-4.04103	6.03986	43875.9	0.000000000239228	4180110000
0.00000	0.00000	0.00000	-0.138919	6.03965	-4.04063	6.03965	43882.1	0.0000000000664318	15053000000
0.00000	0.00000	0.00000	-0.138706	6.03950	-4.04032	6.03950	43887.2	0.0000000000437336	22865700000
0.00000	0.00000	0.00000	-0.138788	6.03978	-4.04059	6.03978	43885.2	0.000000000121117	8256490000
0.00000	0.00000	0.00000	-0.137988	6.03976	-4.03977	6.03976	43904.2	0.000000000107854	9271800000
0.00000	0.00000	0.00000	-0.137171	6.03970	-4.03890	6.03970	43923.6	0.0000000000789735	12662500000
0.00000	0.00000	0.00000	-0.137106	6.03968	-4.03883	6.03968	43925.2	0.0000000000749573	13340900000
0.00000	0.00000	0.00000	-0.136877	6.03988	-4.03872	6.03988	43930.6	0.000000000286037	3496050000
0.00000	0.00000	0.00000	-0.136436	6.03977	-4.03821	6.03977	43941.1	0.000000000112049	8924680000
0.00000	0.00000	0.00000	-0.136420	6.03964	-4.03810	6.03964	43941.5	0.0000000000636482	15711400000
0.00000	0.00000	0.00000	-0.136126	6.03987	-4.03796	6.03987	43948.5	0.000000000260830	3833910000
0.00000	0.00000	0.00000	-0.136256	6.03986	-4.03808	6.03986	43945.4	0.000000000221592	4512800000
0.00000	0.00000	0.00000	-0.136011	6.03970	-4.03773	6.03970	43951.1	0.0000000000790229	12654600000
0.00000	0.00000	0.00000	-0.136077	6.03980	-4.03786	6.03980	43949.6	0.000000000132173	7565850000
0.00000	0.00000	0.00000	-0.135832	6.03978	-4.03761	6.03978	43955.5	0.000000000121311	8243300000
0.00000	0.00000	0.00000	-0.137187	6.03973	-4.03894	6.03973	43923.2	0.0000000000911977	10965200000
0.00000	0.00000	0.00000	-0.137710	6.03963	-4.03940	6.03963	43910.9	0.0000000000622591	16061900000
0.00000	0.00000	0.00000	-0.138461	6.03978	-4.04026	6.03978	43893.0	0.000000000121138	8255040000
0.00000	0.00000	0.00000	-0.139343	6.03964	-4.04105	6.03964	43872.1	0.0000000000635477	15736200000
0.00000	0.00000	0.00000	-0.139572	6.03980	-4.04139	6.03980	43866.6	0.000000000131923	7580160000
0.00000	0.00000	0.00000	-0.140144	6.03966	-4.04187	6.03966	43853.1	0.0000000000679211	14723000000
0.00000	0.00000	0.00000	-0.140405	6.03965	-4.04213	6.03965	43846.9	0.0000000000663784	15065100000
0.00000	0.00000	0.00000	-0.141467	6.03969	-4.04323	6.03969	43821.8	0.0000000000767331	13032200000
0.00000	0.00000	0.00000	-0.141990	6.03982	-4.04384	6.03982	43809.4	0.000000000160549	6228620000
0.00000	0.00000	0.00000	-0.142578	6.03962	-4.04430	6.03962	43795.4	0.0000000000595763	16785200000
0.00000	0.00000	0.00000	-0.143443	6.03987	-4.04534	6.03987	43775.0	0.000000000259800	3849110000
0.00000	0.00000	0.00000	-0.143933	6.03970	-4.04572	6.03970	43763.4	0.0000000000786854	12708800000
0.00000	0.00000	0.00000	-0.144228	6.03983	-4.04610	6.03983	43756.4	0.000000000169624	5895390000
0.00000	0.00000	0.00000	-0.144538	6.03978	-4.04638	6.03978	43749.0	0.000000000115968	8623040000
0.00000	0.00000	0.00000	-0.144734	6.03960	-4.04646	6.03960	43744.4	0.0000000000560935	17827400000
0.00000	0.00000	0.00000	-0.145518	6.03970	-4.04732	6.03970	43725.9	0.0000000000786180	12719700000
0.00000	0.00000	0.00000	-0.146008	6.03970	-4.04781	6.03970	43714.2	0.0000000000785971	12723100000
0.00000	0.00000	0.00000	-0.146645	6.03966	-4.04843	6.03966	43699.2	0.0000000000676828	14774800000
0.00000	0.00000	0.00000	-0.146759	6.03977	-4.04862	6.03977	43696.5	0.000000000111425	8974640000
0.00000	0.00000	0.00000	-0.147037	6.03977	-4.04890	6.03977	43690.0	0.000000000111409	8975980000
0.00000	0.00000	0.00000	-0.146400	6.03949	-4.04808	6.03949	43705.0	0.0000000000429143	23302200000
0.00000	0.00000	0.00000	-0.146874	6.03965	-4.04866	6.03965	43693.9	0.0000000000661468	15117900000
0.00000	0.00000	0.00000	-0.145943	6.03979	-4.04781	6.03979	43715.9	0.000000000125827	7947390000
0.00000	0.00000	0.00000	-0.145371	6.03986	-4.04728	6.03986	43729.4	0.000000000238430	4194110000
0.00000	0.00000	0.00000	-0.145583	6.03981	-4.04746	6.03981	43724.4	0.000000000144451	6922780000
0.00000	0.00000	0.00000	-0.144652	6.03963	-4.04640	6.03963	43746.4	0.0000000000620259	16122300000
0.00000	0.00000	0.00000	-0.144424	6.03972	-4.04623	6.03972	43751.8	0.0000000000881137	11349000000
0.00000	0.00000	0.00000	-0.144669	6.03978	-4.04652	6.03978	43746.0	0.000000000120732	8282770000
0.00000	0.00000	0.00000	-0.142790	6.03980	-4.04463	6.03980	43790.4	0.000000000131694	7593360000
0.00000	0.00000	0.00000	-0.142888	6.03979	-4.04473	6.03979	43788.1	0.000000000126035	7934280000
0.00000	0.00000	0.00000	-0.142480	6.03970	-4.04425	6.03970	43797.8	0.0000000000787472	12698900000
0.00000	0.00000	0.00000	-0.141728	6.03971	-4.04351	6.03971	43815.5	0.0000000000832425	12013100000
0.00000	0.00000	0.00000	-0.140993	6.03966	-4.04273	6.03966	43833.0	0.0000000000678899	14729700000
0.00000	0.00000	0.00000	-0.139915	6.03980	-4.04174	6.03980	43858.5	0.000000000138091	7241590000
0.00000	0.00000	0.00000	-0.139948	6.03989	-4.04183	6.03989	43857.8	0.000000000354373	2821890000
0.00000	0.00000	0.00000	-0.139948	6.03980	-4.04177	6.03980	43857.8	0.000000000138089	7241710000
0.00000	0.00000	0.00000	-0.139115	6.03967	-4.04084	6.03967	43877.5	0.0000000000712498	14035100000
0.00000	0.00000	0.00000	-0.138755	6.03968	-4.04049	6.03968	43886.0	0.0000000000730320	13692600000
0.00000	0.00000	0.00000	-0.138347	6.03978	-4.04014	6.03978	43895.8	0.000000000121146	8254520000
0.00000	0.00000	0.00000	-0.138118	6.03989	-4.03998	6.03989	43901.1	0.000000000354723	2819100000
0.00000	0.00000	0.00000	-0.137841	6.03966	-4.03955	6.03966	43907.8	0.0000000000680057	14704600000
0.00000	0.00000	0.00000	-0.137873	6.04000	-4.03980	6.04000	43907.0	-0.000000000382415	-2614960000
0.00000	0.00000	0.00000	-0.137841	6.03981	-4.03965	6.03981	43907.8	0.000000000145057	6893870000
0.00000	0.00000	0.00000	-0.138037	6.03972	-4.03979	6.03972	43903.1	0.0000000000858407	11649500000
0.00000	0.00000	0.00000	-0.137596	6.03984	-4.03942	6.03984	43913.5	0.000000000180677	5534740000
0.00000	0.00000	0.00000	-0.138053	6.03995	-4.03995	6.03995	43902.6	-0.00000000420615	-237747000
0.00000	0.00000	0.00000	-0.138788	6.03961	-4.04048	6.03961	43885.2	0.0000000000585117	17090600000
0.00000	0.00000	0.00000	-0.139180	6.03972	-4.04094	6.03972	43875.9	0.0000000000857874	11656700000
0.00000	0.00000	0.00000	-0.139213	6.03988	-4.04108	6.03988	43875.1	0.000000000316393	3160620000
0.00000	0.00000	0.00000	-0.140340	6.03972	-4.04211	6.03972	43848.4	0.0000000000857337	11664000000
0.00000	0.00000	0.00000	-0.140569	6.03991	-4.04246	6.03991	43843.0	0.000000000554774	1802530000
0.00000	0.00000	0.00000	-0.141336	6.03966	-4.04308	6.03966	43824.9	0.0000000000678773	14732500000
0.00000	0.00000	0.00000	-0.142823	6.03968	-4.04459	6.03968	43789.6	0.0000000000747258	13382300000
0.00000	0.00000	0.00000	-0.142692	6.04007	-4.04471	6.04007	43792.8	-0.000000000157055	-6367180000
0.00000	0.00000	0.00000	-0.143590	6.03990	-4.04550	6.03990	43771.5	0.000000000402125	2486790000
0.00000	0.00000	0.00000	-0.144375	6.03981	-4.04624	6.03981	43752.9	0.000000000144545	6918270000
0.00000	0.00000	0.00000	-0.144685	6.03952	-4.04636	6.03952	43745.5	0.0000000000456262	21917200000
0.00000	0.00000	0.00000	-0.145240	6.03962	-4.04699	6.03962	43732.5	0.0000000000607224	16468400000
0.00000	0.00000	0.00000	-0.145404	6.03964	-4.04716	6.03964	43728.6	0.0000000000633398	15787900000
0.00000	0.00000	0.00000	-0.145943	6.03972	-4.04776	6.03972	43715.9	0.0000000000854746	11699400000
0.00000	0.00000	0.00000	-0.146302	6.03981	-4.04818	6.03981	43707.4	0.000000000144395	6925470000
0.00000	0.00000	0.00000	-0.147119	6.03963	-4.04889	6.03963	43688.0	0.0000000000619431	16143800000
0.00000	0.00000	0.00000	-0.147968	6.03969	-4.04979	6.03969	43668.0	0.0000000000764639	13078100000
0.00000	0.00000	0.00000	-0.147870	6.03970	-4.04969	6.03970	43670.4	0.0000000000785182	12735900000
0.00000	0.00000	0.00000	-0.148311	6.03984	-4.05023	6.03984	43659.9	0.000000000179633	5566900000
0.00000	0.00000	0.00000	-0.147903	6.03965	-4.04969	6.03965	43669.5	0.0000000000661099	15126300000
0.00000	0.00000	0.00000	-0.148017	6.03962	-4.04979	6.03962	43666.9	0.0000000000606313	16493100000
0.00000	0.00000	0.00000	-0.148148	6.03953	-4.04986	6.03953	43663.8	0.0000000000470029	21275300000
0.00000	0.00000	0.00000	-0.148066	6.03974	-4.04992	6.03974	43665.6	0.0000000000966472	10346900000
0.00000	0.00000	0.00000	-0.147494	6.03963	-4.04927	6.03963	43679.2	0.0000000000619307	16147100000
0.00000	0.00000	0.00000	-0.146792	6.03974	-4.04863	6.03974	43695.8	0.0000000000967138	10339800000
0.00000	0.00000	0.00000	-0.145632	6.03952	-4.04732	6.03952	43723.1	0.0000000000456029	21928400000
0.00000	0.00000	0.00000	-0.145845	6.03992	-4.04779	6.03992	43718.1	0.000000000681844	1466610000
0.00000	0.00000	0.00000	-0.145044	6.03962	-4.04679	6.03962	43737.1	0.0000000000594970	16807600000
0.00000	0.00000	0.00000	-0.144881	6.03967	-4.04666	6.03967	43740.9	0.0000000000710280	14079000000
0.00000	0.00000	0.00000	-0.144603	0.00000	-0.144603	0.00000	43747.5	0.00000	0.00000
0.00000	0.00000	0.00000	-0.143607	0.00000	-0.143607	0.00000	43771.1	0.00000	0.00000
