Vload_(V)	ILoad_(I)	RsLoad (ohm)	SunsVoc_Voltage_(V)	SunsVoc_Current_(A)	Model_Voltage_(V)	Model_Current_(I)	Carrier_Density_(cm-3)	Lifetime_(s)	Inverse_Lifetime_(s-1)
4.48959	9.34704	0.00000	39.0590	-0.727087	39.3014	-0.727087	574168000000000	0.0000389755	25656.6
4.51391	9.35484	-0.494429	39.0658	-0.648384	39.2819	-0.648384	576585000000000	0.0000394477	25349.4
4.58020	9.35609	-0.501570	38.9932	-0.231385	39.0704	-0.231385	551148000000000	0.0000393490	25413.1
5.24359	9.35578	-0.572464	38.8878	0.351086	38.7708	0.351086	516100000000000	0.0000392325	25488.6
6.95573	9.35060	-0.755383	38.7644	0.987240	38.4355	0.987240	477813000000000	0.0000390861	25584.2
8.75123	9.34905	-0.947409	38.6359	1.58478	38.1080	1.58478	440856000000000	0.0000388391	25746.9
10.6485	9.34213	1.17994	38.5122	2.12131	37.8057	2.12131	407907000000000	0.0000386047	25903.3
12.4698	9.34019	1.10664	38.3881	2.62776	37.5132	2.62776	377271000000000	0.0000383964	26043.9
14.2672	9.34339	0.676485	38.2648	3.09497	37.2345	3.09497	349027000000000	0.0000381764	26194.0
16.0759	9.34065	0.696342	38.1427	3.52851	36.9683	3.52851	323118000000000	0.0000379759	26332.3
17.8881	9.33571	0.718718	38.0207	3.92291	36.7153	3.92291	299095000000000	0.0000377085	26519.1
19.6890	9.34088	0.296618	37.8997	4.28711	36.4734	4.28711	276999000000000	0.0000374364	26711.9
21.4971	9.33081	0.486374	37.7792	4.62302	36.2415	4.62302	256587000000000	0.0000371434	26922.6
23.3044	9.33285	0.231409	37.6601	4.93283	36.0196	4.93283	237851000000000	0.0000368479	27138.5
23.8927	9.33014	0.248492	37.5427	5.21981	35.8071	5.21981	220716000000000	0.0000365709	27344.0
24.5065	9.32505	0.276325	37.4270	5.48582	35.6032	5.48582	205001000000000	0.0000363071	27542.7
25.0946	9.32132	0.253297	37.3097	5.73639	35.4030	5.73639	190208000000000	0.0000360249	27758.5
25.6911	9.31943	0.207317	37.1953	5.96424	35.2133	5.96424	176796000000000	0.0000357401	27979.7
26.2923	9.31487	0.184539	37.0825	6.17421	35.0311	6.17421	164480000000000	0.0000354508	28208.1
26.9012	9.30063	0.221420	36.9702	6.36886	34.8545	6.36886	153061000000000	0.0000351459	28452.8
27.4905	9.27659	0.259354	36.8587	6.55012	34.6832	6.55012	142502000000000	0.0000348418	28701.1
28.0926	9.24231	0.285672	36.7478	6.71953	34.5164	6.71953	132710000000000	0.0000345398	28952.1
28.6861	9.19763	0.300822	36.6370	6.87856	34.3532	6.87856	123599000000000	0.0000342409	29204.8
29.2712	9.13429	0.314560	36.5269	7.02618	34.1945	7.02618	115156000000000	0.0000339309	29471.6
29.8568	9.04766	0.324568	36.4186	7.16290	34.0413	7.16290	107410000000000	0.0000336298	29735.6
30.4351	8.93845	0.328685	36.3114	7.29106	33.8920	7.29106	100255000000000	0.0000333461	29988.5
31.0126	8.79489	0.331604	36.2057	7.41032	33.7471	7.41032	93657100000000	0.0000330699	30239.0
31.5954	8.60764	0.332891	36.1005	7.52060	33.6058	7.52060	87524800000000	0.0000327707	30515.0
32.1683	8.37677	0.331854	35.9959	7.62332	33.4676	7.62332	81819900000000	0.0000324601	30807.0
32.7421	8.08700	0.331351	35.8932	7.71846	33.3337	7.71846	76578100000000	0.0000321555	31098.9
33.3039	7.73519	0.330486	35.7922	7.80714	33.2038	7.80714	71750300000000	0.0000318632	31384.2
33.8551	7.32665	0.328591	35.6923	7.89115	33.0764	7.89115	67268500000000	0.0000315966	31648.9
34.4020	6.85131	0.326668	35.5892	7.97048	32.9475	7.97048	62942300000000	0.0000312685	31981.1
34.9386	6.31679	0.323570	35.4872	8.04572	32.8210	8.04572	58931000000000	0.0000309685	32290.9
35.4720	5.71082	0.320220	35.3859	8.11811	32.6961	8.11811	55199200000000	0.0000307159	32556.4
35.9930	5.04764	0.316137	35.2877	8.18348	32.5767	8.18348	51806500000000	0.0000304478	32843.1
36.4989	4.33672	0.313760	35.1907	8.24476	32.4599	8.24476	48660100000000	0.0000301883	33125.4
36.9854	3.58872	0.315058	35.0959	8.30164	32.3466	8.30164	45766300000000	0.0000299380	33402.4
37.4497	2.82100	0.319322	35.0009	8.35463	32.2345	8.35463	43040800000000	0.0000296586	33717.0
37.8882	2.05401	0.324638	34.9054	8.40548	32.1226	8.40548	40463900000000	0.0000293885	34026.9
31.0360	8.79119	0.330529	34.8112	8.45325	32.0130	8.45325	38071800000000	0.0000291290	34330.1
38.9495	0.00000	0.00000	34.7172	8.49902	31.9043	8.49902	35827100000000	0.0000288910	34612.9
0.00000	0.00000	0.00000	34.6241	8.54136	31.7976	8.54136	33732200000000	0.0000286312	34927.0
0.00000	0.00000	0.00000	34.5321	8.58148	31.6927	8.58148	31783000000000	0.0000283907	35222.8
0.00000	0.00000	0.00000	34.4409	8.61882	31.5897	8.61882	29963000000000	0.0000281373	35540.0
0.00000	0.00000	0.00000	34.3505	8.65396	31.4881	8.65396	28260000000000	0.0000278836	35863.4
0.00000	0.00000	0.00000	34.2614	8.68750	31.3882	8.68750	26675100000000	0.0000276581	36155.8
0.00000	0.00000	0.00000	34.1721	8.71898	31.2890	8.71898	25177300000000	0.0000274137	36478.2
0.00000	0.00000	0.00000	34.0832	8.74853	31.1907	8.74853	23768700000000	0.0000271577	36822.0
0.00000	0.00000	0.00000	33.9937	8.77708	31.0922	8.77708	22430700000000	0.0000269128	37157.0
0.00000	0.00000	0.00000	33.9063	8.80320	30.9966	8.80320	21197300000000	0.0000266541	37517.7
0.00000	0.00000	0.00000	33.8189	8.82900	30.9011	8.82900	20030100000000	0.0000264411	37820.0
0.00000	0.00000	0.00000	33.7316	8.85266	30.8064	8.85266	18929100000000	0.0000261832	38192.5
0.00000	0.00000	0.00000	33.6463	8.87500	30.7141	8.87500	17911900000000	0.0000259491	38536.9
0.00000	0.00000	0.00000	33.5612	8.89636	30.6224	8.89636	16951000000000	0.0000257208	38879.0
0.00000	0.00000	0.00000	33.4782	8.91604	30.5332	8.91604	16063200000000	0.0000254865	39236.5
0.00000	0.00000	0.00000	33.3955	8.93523	30.4447	8.93523	15225900000000	0.0000252841	39550.6
0.00000	0.00000	0.00000	33.3120	8.95289	30.3558	8.95289	14424100000000	0.0000250258	39958.8
0.00000	0.00000	0.00000	33.2293	8.97058	30.2676	8.97058	13671400000000	0.0000248345	40266.6
0.00000	0.00000	0.00000	33.1473	8.98652	30.1807	8.98652	12963800000000	0.0000245900	40667.0
0.00000	0.00000	0.00000	33.0646	9.00248	30.0932	9.00248	12287500000000	0.0000243870	41005.5
0.00000	0.00000	0.00000	32.9816	9.01714	30.0058	9.01714	11644000000000	0.0000241366	41430.8
0.00000	0.00000	0.00000	32.9000	9.03073	29.9201	9.03073	11044200000000	0.0000238765	41882.1
0.00000	0.00000	0.00000	32.8190	9.04425	29.8350	9.04425	10479200000000	0.0000236666	42253.6
0.00000	0.00000	0.00000	32.7376	9.05770	29.7495	9.05770	9940330000000	0.0000234935	42564.9
0.00000	0.00000	0.00000	32.6571	9.06889	29.6658	9.06889	9435470000000	0.0000231972	43108.7
0.00000	0.00000	0.00000	32.5764	9.08116	29.5814	9.08116	8954330000000	0.0000230309	43420.0
0.00000	0.00000	0.00000	32.4965	9.09253	29.4982	9.09253	8502480000000	0.0000228449	43773.4
0.00000	0.00000	0.00000	32.4166	9.10205	29.4155	9.10205	8073340000000	0.0000225348	44375.8
0.00000	0.00000	0.00000	32.3367	9.11286	29.3325	9.11286	7665760000000	0.0000223853	44672.2
0.00000	0.00000	0.00000	32.2568	9.12184	29.2500	9.12184	7278740000000	0.0000221021	45244.7
0.00000	0.00000	0.00000	32.1778	9.13201	29.1680	9.13201	6915200000000	0.0000219922	45470.8
0.00000	0.00000	0.00000	32.0973	9.13973	29.0854	9.13973	6563700000000	0.0000216516	46186.0
0.00000	0.00000	0.00000	32.0179	9.14835	29.0035	9.14835	6234140000000	0.0000214566	46605.8
0.00000	0.00000	0.00000	31.9371	9.15653	28.9204	9.15653	5916110000000	0.0000212357	47090.5
0.00000	0.00000	0.00000	31.8554	9.16382	28.8368	9.16382	5610960000000	0.0000209422	47750.5
0.00000	0.00000	0.00000	31.7758	9.17229	28.7548	9.17229	5328710000000	0.0000208527	47955.5
0.00000	0.00000	0.00000	31.6954	9.17811	28.6728	9.17811	5057820000000	0.0000204738	48842.8
0.00000	0.00000	0.00000	31.6153	9.18463	28.5910	9.18463	4801850000000	0.0000202184	49459.9
0.00000	0.00000	0.00000	31.5362	9.19199	28.5099	9.19199	4561930000000	0.0000201196	49702.7
0.00000	0.00000	0.00000	31.4584	9.19708	28.4308	9.19708	4337390000000	0.0000197791	50558.5
0.00000	0.00000	0.00000	31.3795	9.20321	28.3502	9.20321	4120890000000	0.0000195919	51041.4
0.00000	0.00000	0.00000	31.3010	9.21011	28.2699	9.21011	3916560000000	0.0000195601	51124.5
0.00000	0.00000	0.00000	31.2216	9.21442	28.1894	9.21442	3719950000000	0.0000191818	52132.8
0.00000	0.00000	0.00000	31.1420	9.21860	28.1088	9.21860	3532720000000	0.0000188092	53165.5
0.00000	0.00000	0.00000	31.0637	9.22396	28.0292	9.22396	3357900000000	0.0000186563	53601.1
0.00000	0.00000	0.00000	30.9855	9.22931	27.9496	9.22931	3191800000000	0.0000185401	53937.2
0.00000	0.00000	0.00000	30.9067	9.23351	27.8698	9.23351	3032720000000	0.0000182674	54742.2
0.00000	0.00000	0.00000	30.8282	9.23690	27.7906	9.23690	2882210000000	0.0000178952	55880.8
0.00000	0.00000	0.00000	30.7495	9.24157	27.7108	9.24157	2738850000000	0.0000177569	56316.2
0.00000	0.00000	0.00000	30.6709	9.24598	27.6311	9.24598	2602730000000	0.0000176121	56779.3
0.00000	0.00000	0.00000	30.5925	9.25019	27.5517	9.25019	2473710000000	0.0000174656	57255.3
0.00000	0.00000	0.00000	30.5142	9.25338	27.4728	9.25338	2351240000000	0.0000171672	58250.6
0.00000	0.00000	0.00000	30.4351	9.25584	27.3932	9.25584	2233590000000	0.0000167468	59713.0
0.00000	0.00000	0.00000	30.3565	9.25895	27.3140	9.25895	2122600000000	0.0000164765	60692.6
0.00000	0.00000	0.00000	30.2766	9.26279	27.2333	9.26279	2015390000000	0.0000163578	61132.8
0.00000	0.00000	0.00000	30.1963	9.26637	27.1522	9.26637	1913090000000	0.0000162160	61667.5
0.00000	0.00000	0.00000	30.1171	9.26921	27.0725	9.26921	1817390000000	0.0000159675	62627.2
0.00000	0.00000	0.00000	30.0381	9.27177	26.9930	9.27177	1726550000000	0.0000156845	63757.3
0.00000	0.00000	0.00000	29.9586	9.27415	26.9132	9.27415	1639830000000	0.0000153844	65001.1
0.00000	0.00000	0.00000	29.8797	9.27637	26.8339	9.27637	1557960000000	0.0000150745	66337.3
0.00000	0.00000	0.00000	29.7999	9.27951	26.7535	9.27951	1479410000000	0.0000149796	66757.4
0.00000	0.00000	0.00000	29.7209	9.28256	26.6739	9.28256	1405500000000	0.0000149050	67091.4
0.00000	0.00000	0.00000	29.6415	9.28526	26.5940	9.28526	1334930000000	0.0000147758	67678.1
0.00000	0.00000	0.00000	29.5617	9.28772	26.5138	9.28772	1267620000000	0.0000146121	68436.2
0.00000	0.00000	0.00000	29.4806	9.28977	26.4325	9.28977	1202680000000	0.0000143609	69633.7
0.00000	0.00000	0.00000	29.4001	9.29145	26.3518	9.29145	1141470000000	0.0000140399	71225.4
0.00000	0.00000	0.00000	29.3182	9.29252	26.2699	9.29252	1082380000000	0.0000135764	73657.5
0.00000	0.00000	0.00000	29.2361	9.29418	26.1877	9.29418	1026270000000	0.0000132771	75317.4
0.00000	0.00000	0.00000	29.1541	9.29576	26.1056	9.29576	973087000000	0.0000129760	77065.1
0.00000	0.00000	0.00000	29.0718	9.29775	26.0231	9.29775	922535000000	0.0000127985	78133.9
0.00000	0.00000	0.00000	28.9898	9.29990	25.9408	9.29990	874748000000	0.0000126886	78810.7
0.00000	0.00000	0.00000	28.9065	9.30176	25.8573	9.30176	828743000000	0.0000125156	79900.4
0.00000	0.00000	0.00000	28.8239	9.30365	25.7745	9.30365	785481000000	0.0000123798	80776.5
0.00000	0.00000	0.00000	28.7407	9.30510	25.6913	9.30510	744241000000	0.0000121346	82409.1
0.00000	0.00000	0.00000	28.6560	9.30704	25.6063	9.30704	704435000000	0.0000120412	83048.2
0.00000	0.00000	0.00000	28.5714	9.30844	25.5217	9.30844	666827000000	0.0000118131	84651.9
0.00000	0.00000	0.00000	28.4858	9.30948	25.4362	9.30948	630820000000	0.0000114856	87065.2
0.00000	0.00000	0.00000	28.3991	9.31046	25.3496	9.31046	596296000000	0.0000111476	89705.6
0.00000	0.00000	0.00000	28.3118	9.31134	25.2624	9.31134	563469000000	0.0000107914	92666.2
0.00000	0.00000	0.00000	28.2242	9.31202	25.1751	9.31202	532366000000	0.0000103943	96206.8
0.00000	0.00000	0.00000	28.1341	9.31322	25.0851	9.31322	502137000000	0.0000101528	98495.3
0.00000	0.00000	0.00000	28.0393	9.31435	24.9904	9.31435	472187000000	0.00000987684	101247
0.00000	0.00000	0.00000	27.9474	9.31523	24.8986	9.31523	444862000000	0.00000956385	104560
0.00000	0.00000	0.00000	27.8547	9.31672	24.8059	9.31672	418900000000	0.00000944787	105844
0.00000	0.00000	0.00000	27.7634	9.31729	24.7149	9.31729	394813000000	0.00000907360	110210
0.00000	0.00000	0.00000	27.6700	9.31841	24.6216	9.31841	371611000000	0.00000887670	112655
0.00000	0.00000	0.00000	27.5767	9.32014	24.5283	9.32014	349786000000	0.00000889002	112486
0.00000	0.00000	0.00000	27.4815	9.32125	24.4331	9.32125	328822000000	0.00000871908	114691
0.00000	0.00000	0.00000	27.3843	9.32240	24.3360	9.32240	308731000000	0.00000856789	116715
0.00000	0.00000	0.00000	27.2882	9.32345	24.2401	9.32345	290089000000	0.00000840981	118909
0.00000	0.00000	0.00000	27.1898	9.32450	24.1419	9.32450	272148000000	0.00000825437	121148
0.00000	0.00000	0.00000	27.0913	9.32540	24.0435	9.32540	255296000000	0.00000806663	123967
0.00000	0.00000	0.00000	26.9908	9.32626	23.9433	9.32626	239190000000	0.00000787102	127048
0.00000	0.00000	0.00000	26.8900	9.32665	23.8429	9.32665	224052000000	0.00000751155	133128
0.00000	0.00000	0.00000	26.7877	9.32739	23.7409	9.32739	209666000000	0.00000729551	137071
0.00000	0.00000	0.00000	26.6840	9.32788	23.6376	9.32788	196027000000	0.00000699524	142954
0.00000	0.00000	0.00000	26.5787	9.32842	23.5325	9.32842	183073000000	0.00000672342	148734
0.00000	0.00000	0.00000	26.4712	9.32903	23.4254	9.32903	170749000000	0.00000648192	154275
0.00000	0.00000	0.00000	26.3628	9.32961	23.3174	9.32961	159150000000	0.00000624445	160142
0.00000	0.00000	0.00000	26.2533	9.33015	23.2082	9.33015	148237000000	0.00000599938	166684
0.00000	0.00000	0.00000	26.1426	9.33040	23.0980	9.33040	137969000000	0.00000566965	176378
0.00000	0.00000	0.00000	26.0303	9.33057	22.9862	9.33057	128272000000	0.00000532591	187761
0.00000	0.00000	0.00000	25.9175	9.33168	22.8737	9.33168	119226000000	0.00000530628	188456
0.00000	0.00000	0.00000	25.8024	9.33149	22.7592	9.33149	110644000000	0.00000486416	205585
0.00000	0.00000	0.00000	25.6849	9.33200	22.6422	9.33200	102528000000	0.00000466029	214579
0.00000	0.00000	0.00000	25.5662	9.33251	22.5239	9.33251	94928200000	0.00000446641	223893
0.00000	0.00000	0.00000	25.4448	9.33287	22.4030	9.33287	87738400000	0.00000423353	236209
0.00000	0.00000	0.00000	25.3223	9.33329	22.2810	9.33329	81038200000	0.00000402815	248253
0.00000	0.00000	0.00000	25.1985	9.33364	22.1577	9.33364	74785400000	0.00000381469	262144
0.00000	0.00000	0.00000	25.0742	9.33421	22.0338	9.33421	68991000000	0.00000367651	271997
0.00000	0.00000	0.00000	24.9473	9.33481	21.9074	9.33481	63540400000	0.00000355072	281633
0.00000	0.00000	0.00000	24.8194	9.33507	21.7800	9.33507	58478900000	0.00000334049	299357
0.00000	0.00000	0.00000	24.6883	9.33522	21.6495	9.33522	53710600000	0.00000310685	321870
0.00000	0.00000	0.00000	24.5546	9.33561	21.5164	9.33561	49248600000	0.00000294680	339351
0.00000	0.00000	0.00000	24.4197	9.33617	21.3820	9.33617	45123300000	0.00000283714	352468
0.00000	0.00000	0.00000	24.2814	9.33688	21.2442	9.33688	41252100000	0.00000277537	360312
0.00000	0.00000	0.00000	24.1419	9.33707	21.1053	9.33707	37681900000	0.00000258388	387015
0.00000	0.00000	0.00000	24.0012	9.33768	20.9651	9.33768	34394400000	0.00000251091	398262
0.00000	0.00000	0.00000	23.8601	9.33786	20.8247	9.33786	31386400000	0.00000233644	428001
0.00000	0.00000	0.00000	23.7155	9.33804	20.6808	9.33804	28577200000	0.00000217006	460818
0.00000	0.00000	0.00000	23.5692	9.33840	20.5351	9.33840	25989400000	0.00000205604	486372
0.00000	0.00000	0.00000	23.4215	9.33875	20.3880	9.33875	23614100000	0.00000194712	513579
0.00000	0.00000	0.00000	23.2725	9.33919	20.2397	9.33919	21439600000	0.00000186581	535962
0.00000	0.00000	0.00000	23.1217	9.33957	20.0895	9.33957	19440800000	0.00000177841	562299
0.00000	0.00000	0.00000	22.9684	9.34000	19.9368	9.34000	17601100000	0.00000170973	584889
0.00000	0.00000	0.00000	22.8123	9.34032	19.7814	9.34032	15905800000	0.00000161832	617926
0.00000	0.00000	0.00000	22.6537	9.34068	19.6235	9.34068	14350900000	0.00000154304	648072
0.00000	0.00000	0.00000	22.4942	9.34091	19.4647	9.34091	12940000000	0.00000144192	693519
0.00000	0.00000	0.00000	22.3310	9.34099	19.3024	9.34099	11640600000	0.00000131538	760238
0.00000	0.00000	0.00000	22.1670	9.34135	19.1390	9.34135	10465200000	0.00000125760	795162
0.00000	0.00000	0.00000	22.0003	9.34160	18.9731	9.34160	9392530000	0.00000117933	847937
0.00000	0.00000	0.00000	21.8294	9.34191	18.8030	9.34191	8407200000	0.00000111889	893741
0.00000	0.00000	0.00000	21.6551	9.34232	18.6294	9.34232	7508280000	0.00000108686	920085
0.00000	0.00000	0.00000	21.4789	9.34264	18.4541	9.34264	6697520000	0.00000103960	961906
0.00000	0.00000	0.00000	21.3000	9.34296	18.2759	9.34296	5963550000	0.000000997828	1002180
0.00000	0.00000	0.00000	21.1173	9.34273	18.0942	9.34273	5296930000	0.000000840472	1189810
0.00000	0.00000	0.00000	20.9286	9.34322	17.9064	9.34322	4686910000	0.000000838725	1192290
0.00000	0.00000	0.00000	20.7356	9.34316	17.7144	9.34316	4135290000	0.000000727903	1373810
0.00000	0.00000	0.00000	20.5334	9.34334	17.5131	9.34334	3626850000	0.000000669524	1493600
0.00000	0.00000	0.00000	20.3279	9.34408	17.3084	9.34408	3174230000	0.000000733016	1364230
0.00000	0.00000	0.00000	20.1203	9.34366	17.1020	9.34366	2774240000	0.000000560325	1784680
0.00000	0.00000	0.00000	19.9049	9.34358	16.8877	9.34358	2412530000	0.000000476816	2097240
0.00000	0.00000	0.00000	19.6848	9.34427	16.6686	9.34427	2091590000	0.000000516363	1936620
0.00000	0.00000	0.00000	19.4580	9.34426	16.4428	9.34426	1805330000	0.000000444002	2252240
0.00000	0.00000	0.00000	19.2249	9.34490	16.2108	9.34490	1552020000	0.000000495121	2019710
0.00000	0.00000	0.00000	18.9836	9.34465	15.9707	9.34465	1327120000	0.000000378411	2642630
0.00000	0.00000	0.00000	18.7345	9.34457	15.7229	9.34457	1129080000	0.000000312277	3202290
0.00000	0.00000	0.00000	18.4786	9.34497	15.4682	9.34497	956407000	0.000000316090	3163660
0.00000	0.00000	0.00000	18.2147	9.34524	15.2056	9.34524	805917000	0.000000305546	3272830
0.00000	0.00000	0.00000	17.9412	9.34509	14.9335	9.34509	674903000	0.000000236403	4230060
0.00000	0.00000	0.00000	17.6597	9.34511	14.6535	9.34511	562278000	0.000000199122	5022050
0.00000	0.00000	0.00000	17.3716	9.34532	14.3668	9.34532	466431000	0.000000185585	5388360
0.00000	0.00000	0.00000	17.0734	9.34528	14.0701	9.34528	384389000	0.000000149257	6699840
0.00000	0.00000	0.00000	16.7606	9.34578	13.7587	9.34578	313795000	0.000000170008	5882090
0.00000	0.00000	0.00000	16.4432	9.34552	13.4430	9.34552	255395000	0.000000114333	8746400
0.00000	0.00000	0.00000	16.1197	9.34554	13.1211	9.34554	207051000	0.0000000939979	10638500
0.00000	0.00000	0.00000	15.7894	9.34577	12.7925	9.34577	167127000	0.0000000897947	11136500
0.00000	0.00000	0.00000	15.4532	9.34593	12.4579	9.34593	134379000	0.0000000825240	12117700
0.00000	0.00000	0.00000	15.1083	9.34620	12.1146	9.34620	107434000	0.0000000866205	11544600
0.00000	0.00000	0.00000	14.7597	9.34618	11.7678	9.34618	85691900	0.0000000682370	14654800
0.00000	0.00000	0.00000	14.4065	9.34603	11.4165	9.34603	68146400	0.0000000457782	21844400
0.00000	0.00000	0.00000	14.0477	9.34620	11.0595	9.34620	53995000	0.0000000435354	22969800
0.00000	0.00000	0.00000	13.6863	9.34601	10.6999	9.34601	42710700	0.0000000283957	35216600
0.00000	0.00000	0.00000	13.3210	9.34631	10.3364	9.34631	33698900	0.0000000315091	31736900
0.00000	0.00000	0.00000	12.9473	9.34625	9.96458	9.34625	26444200	0.0000000227452	43965300
0.00000	0.00000	0.00000	12.5770	9.34655	9.59616	9.34655	20798600	0.0000000285694	35002500
0.00000	0.00000	0.00000	12.2091	9.34609	9.23019	9.34609	16381800	0.0000000117394	85182900
0.00000	0.00000	0.00000	11.8441	9.34651	8.86693	9.34651	12928200	0.0000000166910	59912700
0.00000	0.00000	0.00000	11.4810	9.34618	8.50581	9.34618	10215300	0.00000000813485	122928000
0.00000	0.00000	0.00000	11.1217	9.34629	8.14831	9.34629	8091510	0.00000000735241	136010000
0.00000	0.00000	0.00000	10.7691	9.34659	7.79739	9.34659	6437080	0.00000000966668	103448000
0.00000	0.00000	0.00000	10.4191	9.34657	7.44922	9.34657	5129780	0.00000000736035	135863000
0.00000	0.00000	0.00000	10.0762	9.34623	7.10811	9.34623	4106560	0.00000000344032	290671000
0.00000	0.00000	0.00000	9.73988	9.34675	6.77336	9.34675	3301680	0.00000000762389	131167000
0.00000	0.00000	0.00000	9.40646	9.34638	6.44175	9.34638	2659510	0.00000000272394	367115000
0.00000	0.00000	0.00000	9.07322	9.34647	6.11017	9.34647	2142490	0.00000000256081	390502000
0.00000	0.00000	0.00000	8.75320	9.34667	5.79172	9.34667	1740860	0.00000000321355	311182000
0.00000	0.00000	0.00000	8.43922	9.34637	5.47943	9.34637	1420060	0.00000000143170	698469000
0.00000	0.00000	0.00000	8.13298	9.34681	5.17460	9.34681	1164210	0.00000000342479	291989000
0.00000	0.00000	0.00000	7.83340	9.34664	4.87660	9.34664	958588	0.00000000162945	613705000
0.00000	0.00000	0.00000	7.53760	9.34663	4.58230	9.34663	791219	0.00000000131037	763141000
0.00000	0.00000	0.00000	7.25037	9.34675	4.29650	9.34675	656716	0.00000000151643	659445000
0.00000	0.00000	0.00000	6.97026	9.34677	4.01781	9.34677	547601	0.00000000136211	734155000
0.00000	0.00000	0.00000	6.69426	9.34692	3.74316	9.34692	457832	0.00000000247860	403453000
0.00000	0.00000	0.00000	6.42475	9.34668	3.47510	9.34668	384397	0.000000000730514	1368900000
0.00000	0.00000	0.00000	6.16247	9.34675	3.21412	9.34675	324256	0.000000000748741	1335570000
0.00000	0.00000	0.00000	5.90621	9.34677	2.95916	9.34677	274596	0.000000000683034	1464060000
0.00000	0.00000	0.00000	5.65400	9.34651	2.70832	9.34651	233153	0.000000000301015	3322090000
0.00000	0.00000	0.00000	5.40459	9.34675	2.46010	9.34675	198324	0.000000000457951	2183640000
0.00000	0.00000	0.00000	5.16351	9.34695	2.22018	9.34695	169612	0.00000000122776	814489000
0.00000	0.00000	0.00000	4.93015	9.34658	1.98812	9.34658	145785	0.000000000213942	4674160000
0.00000	0.00000	0.00000	4.70122	9.34695	1.76024	9.34695	125666	0.000000000909653	1099320000
0.00000	0.00000	0.00000	4.47988	9.34680	1.54008	9.34680	108859	0.000000000306251	3265300000
0.00000	0.00000	0.00000	4.26561	9.34665	1.32693	9.34665	94732.0	0.000000000165394	6046190000
0.00000	0.00000	0.00000	4.05741	9.34690	1.11971	9.34690	82764.0	0.000000000383597	2606900000
0.00000	0.00000	0.00000	3.85384	9.34683	0.917207	9.34683	72526.0	0.000000000234795	4259030000
0.00000	0.00000	0.00000	3.65784	9.34664	0.722264	9.34664	63867.0	0.000000000108564	9211160000
0.00000	0.00000	0.00000	3.46748	9.34665	0.532864	9.34665	56447.0	0.0000000000985514	10147000000
0.00000	0.00000	0.00000	3.28293	9.34670	0.349237	9.34670	50078.0	0.000000000101136	9887710000
0.00000	0.00000	0.00000	3.10220	9.34695	0.169353	9.34695	44539.0	0.000000000322403	3101710000
0.00000	0.00000	0.00000	2.92579	9.34693	-0.00615820	9.34693	39723.0	0.000000000234781	4259280000
0.00000	0.00000	0.00000	2.75424	9.34701	-0.176859	9.34701	35539.0	0.000000000789506	1266620000
0.00000	0.00000	0.00000	2.58783	9.34706	-0.342444	9.34706	31902.0	-0.00000000186842	-535213000
0.00000	0.00000	0.00000	2.42870	9.34706	-0.500767	9.34706	28774.0	-0.00000000168522	-593395000
0.00000	0.00000	0.00000	2.27928	9.34709	-0.649431	9.34709	26116.0	-0.000000000410366	-2436850000
0.00000	0.00000	0.00000	2.13567	9.34720	-0.792351	9.34720	23793.0	-0.000000000101513	-9850980000
0.00000	0.00000	0.00000	1.99789	9.34683	-0.929317	9.34683	21758.0	0.0000000000704391	14196700000
0.00000	0.00000	0.00000	1.86151	9.34687	-1.06502	9.34687	19916.0	0.0000000000806962	12392200000
0.00000	0.00000	0.00000	1.73357	9.34700	-1.19234	9.34700	18330.0	0.000000000302793	3302580000
0.00000	0.00000	0.00000	1.61182	9.34691	-1.31345	9.34691	16938.0	0.0000000000845903	11821700000
0.00000	0.00000	0.00000	1.49414	9.34697	-1.43054	9.34697	15693.0	0.000000000146523	6824880000
0.00000	0.00000	0.00000	1.38290	9.34683	-1.54117	9.34683	14601.0	0.0000000000472691	21155500000
0.00000	0.00000	0.00000	1.27480	9.34698	-1.64877	9.34698	13612.0	0.000000000148634	6727940000
0.00000	0.00000	0.00000	1.17109	9.34693	-1.75194	9.34693	12726.0	0.0000000000752166	13294900000
0.00000	0.00000	0.00000	1.06970	9.34678	-1.85277	9.34678	11916.0	0.0000000000308304	32435500000
0.00000	0.00000	0.00000	0.974128	9.34711	-1.94796	9.34711	11200.0	-0.000000000118287	-8454030000
0.00000	0.00000	0.00000	0.881658	9.34677	-2.03985	9.34677	10548.0	0.0000000000262373	38113700000
0.00000	0.00000	0.00000	0.793141	9.34685	-2.12795	9.34685	9959.00	0.0000000000358435	27899000000
0.00000	0.00000	0.00000	0.710291	9.34700	-2.21042	9.34700	9438.00	0.000000000155906	6414110000
0.00000	0.00000	0.00000	0.632865	9.34730	-2.28755	9.34730	8976.00	-0.0000000000239946	-41676000000
0.00000	0.00000	0.00000	0.561434	9.34679	-2.35845	9.34679	8569.00	0.0000000000230983	43293200000
0.00000	0.00000	0.00000	0.496095	9.34681	-2.42347	9.34681	8214.00	0.0000000000241634	41384800000
0.00000	0.00000	0.00000	0.437830	9.34690	-2.48146	9.34690	7909.00	0.0000000000366568	27280000000
0.00000	0.00000	0.00000	0.382390	9.34682	-2.53660	9.34682	7630.00	0.0000000000235194	42518100000
0.00000	0.00000	0.00000	0.333925	9.34709	-2.58490	9.34709	7393.00	-0.000000000116168	-8608250000
0.00000	0.00000	0.00000	0.288547	9.34699	-2.63002	9.34699	7179.00	0.0000000000943878	10594600000
0.00000	0.00000	0.00000	0.248609	9.34700	-2.66976	9.34700	6995.00	0.000000000115550	8654240000
0.00000	0.00000	0.00000	0.211709	9.34681	-2.70641	9.34681	6830.00	0.0000000000200921	49770900000
0.00000	0.00000	0.00000	0.178109	9.34689	-2.73986	9.34689	6683.00	0.0000000000288957	34607200000
0.00000	0.00000	0.00000	0.147808	9.34691	-2.77001	9.34691	6553.00	0.0000000000327264	30556300000
0.00000	0.00000	0.00000	0.121003	9.34650	-2.79656	9.34650	6440.00	0.00000000000815110	122683000000
0.00000	0.00000	0.00000	0.0968932	9.34714	-2.82074	9.34714	6340.00	-0.0000000000448845	-22279400000
0.00000	0.00000	0.00000	0.0754132	9.34694	-2.84205	9.34694	6252.00	0.0000000000406848	24579200000
0.00000	0.00000	0.00000	0.0557626	9.34694	-2.86160	9.34694	6173.00	0.0000000000401707	24893800000
0.00000	0.00000	0.00000	0.0383825	9.34696	-2.87890	9.34696	6104.00	0.0000000000497778	20089300000
0.00000	0.00000	0.00000	0.0234853	9.34696	-2.89372	9.34696	6045.00	0.0000000000492966	20285400000
0.00000	0.00000	0.00000	0.0100746	9.34693	-2.90705	9.34693	5993.00	0.0000000000354214	28231500000
0.00000	0.00000	0.00000	-0.00153932	9.34672	-2.91854	9.34672	5948.00	0.0000000000124011	80637900000
0.00000	0.00000	0.00000	-0.0118955	9.34680	-2.92887	9.34680	5908.00	0.0000000000166208	60165400000
0.00000	0.00000	0.00000	-0.0213859	9.34680	-2.93832	9.34680	5871.00	0.0000000000165168	60544600000
0.00000	0.00000	0.00000	-0.0302556	9.34692	-2.94718	9.34692	5838.00	0.0000000000316057	31639900000
0.00000	0.00000	0.00000	-0.0383739	9.34685	-2.95523	9.34685	5807.00	0.0000000000209000	47846800000
0.00000	0.00000	0.00000	-0.0453978	9.34695	-2.96225	9.34695	5781.00	0.0000000000418467	23896800000
0.00000	0.00000	0.00000	-0.0517357	9.34702	-2.96858	9.34702	5757.00	0.000000000195205	5122820000
0.00000	0.00000	0.00000	-0.0573384	9.34719	-2.97421	9.34719	5736.00	-0.0000000000262083	-38155900000
0.00000	0.00000	0.00000	-0.0627779	9.34692	-2.97953	9.34692	5716.00	0.0000000000309452	32315200000
0.00000	0.00000	0.00000	-0.0665185	9.34694	-2.98326	9.34694	5702.00	0.0000000000371057	26950100000
0.00000	0.00000	0.00000	-0.0712065	9.34689	-2.98791	9.34689	5685.00	0.0000000000245806	40682500000
0.00000	0.00000	0.00000	-0.0746695	9.34706	-2.99141	9.34706	5672.00	-0.000000000332194	-3010290000
0.00000	0.00000	0.00000	-0.0781324	9.34687	-2.99480	9.34687	5659.00	0.0000000000229293	43612300000
0.00000	0.00000	0.00000	-0.0803213	9.34716	-2.99706	9.34716	5651.00	-0.0000000000327982	-30489400000
0.00000	0.00000	0.00000	-0.0831962	9.34711	-2.99991	9.34711	5641.00	-0.0000000000595764	-16785200000
0.00000	0.00000	0.00000	-0.0849440	9.34681	-3.00155	9.34681	5634.00	0.0000000000165738	60336400000
0.00000	0.00000	0.00000	-0.0869205	9.34709	-3.00361	9.34709	5627.00	-0.0000000000884181	-11309900000
0.00000	0.00000	0.00000	-0.0883579	9.34710	-3.00504	9.34710	5622.00	-0.0000000000710181	-14080900000
0.00000	0.00000	0.00000	-0.0899587	9.34722	-3.00667	9.34722	5616.00	-0.0000000000211582	-47262900000
0.00000	0.00000	0.00000	-0.0913961	9.34693	-3.00801	9.34693	5611.00	0.0000000000331636	30153500000
0.00000	0.00000	0.00000	-0.0921802	9.34662	-3.00869	9.34662	5608.00	0.00000000000905489	110438000000
0.00000	0.00000	0.00000	-0.0934380	9.34679	-3.01000	9.34679	5604.00	0.0000000000151060	66199000000
0.00000	0.00000	0.00000	-0.0938137	9.34668	-3.01034	9.34668	5602.00	0.0000000000106461	93930900000
0.00000	0.00000	0.00000	-0.0955615	9.34689	-3.01214	9.34689	5596.00	0.0000000000241958	41329500000
0.00000	0.00000	0.00000	-0.0956922	9.34681	-3.01225	9.34681	5595.00	0.0000000000164590	60756900000
0.00000	0.00000	0.00000	-0.0965089	9.34669	-3.01302	9.34669	5592.00	0.0000000000109501	91323100000
0.00000	0.00000	0.00000	-0.0970479	9.34716	-3.01371	9.34716	5590.00	-0.0000000000324442	-30822200000
0.00000	0.00000	0.00000	-0.0976033	9.34699	-3.01421	9.34699	5588.00	0.0000000000734697	13611000000
0.00000	0.00000	0.00000	-0.0985997	9.34716	-3.01525	9.34716	5585.00	-0.0000000000324152	-30849700000
0.00000	0.00000	0.00000	-0.0988937	9.34706	-3.01551	9.34706	5584.00	-0.000000000327040	-3057730000
0.00000	0.00000	0.00000	-0.0991388	9.34677	-3.01566	9.34677	5583.00	0.0000000000138872	72008500000
0.00000	0.00000	0.00000	-0.100135	9.34664	-3.01661	9.34664	5579.00	0.00000000000948343	105447000000
0.00000	0.00000	0.00000	-0.0999882	9.34706	-3.01660	9.34706	5580.00	-0.000000000326806	-3059920000
0.00000	0.00000	0.00000	-0.100103	9.34758	-3.01687	9.34758	5579.00	-0.00000000000717409	-139390000000
0.00000	0.00000	0.00000	-0.101164	9.34663	-3.01764	9.34663	5575.00	0.00000000000923301	108307000000
0.00000	0.00000	0.00000	-0.101164	9.34677	-3.01768	9.34677	5575.00	0.0000000000138673	72111900000
0.00000	0.00000	0.00000	-0.101393	9.34662	-3.01786	9.34662	5574.00	0.00000000000899999	111111000000
0.00000	0.00000	0.00000	-0.101916	9.34701	-3.01850	9.34701	5573.00	0.000000000123805	8077200000
0.00000	0.00000	0.00000	-0.101834	9.34689	-3.01838	9.34689	5573.00	0.0000000000240963	41500100000
0.00000	0.00000	0.00000	-0.102422	9.34670	-3.01891	9.34670	5571.00	0.0000000000112510	88881100000
0.00000	0.00000	0.00000	-0.102504	9.34700	-3.01908	9.34700	5571.00	0.0000000000920273	10866300000
0.00000	0.00000	0.00000	-0.102373	9.34701	-3.01896	9.34701	5571.00	0.000000000123761	8080100000
0.00000	0.00000	0.00000	-0.103320	9.34697	-3.01989	9.34697	5568.00	0.0000000000519874	19235400000
0.00000	0.00000	0.00000	-0.102732	9.34665	-3.01920	9.34665	5570.00	0.00000000000972472	102831000000
0.00000	0.00000	0.00000	-0.103484	9.34658	-3.01993	9.34658	5567.00	0.00000000000816968	122404000000
0.00000	0.00000	0.00000	-0.103516	9.34668	-3.01999	9.34668	5567.00	0.0000000000105796	94521400000
0.00000	0.00000	0.00000	-0.103435	9.34718	-3.02007	9.34718	5567.00	-0.0000000000273778	-36526000000
0.00000	0.00000	0.00000	-0.103075	9.34672	-3.01956	9.34672	5568.00	0.0000000000116088	86141200000
0.00000	0.00000	0.00000	-0.103516	9.34678	-3.02002	9.34678	5567.00	0.0000000000144036	69427200000
0.00000	0.00000	0.00000	-0.102732	9.34700	-3.01931	9.34700	5570.00	0.0000000000920108	10868300000
0.00000	0.00000	0.00000	-0.102928	9.34675	-3.01943	9.34675	5569.00	0.0000000000128594	77764000000
0.00000	0.00000	0.00000	-0.103059	9.34693	-3.01961	9.34693	5568.00	0.0000000000329095	30386400000
0.00000	0.00000	0.00000	-0.102732	9.34724	-3.01938	9.34724	5570.00	-0.0000000000198255	-50440000000
0.00000	0.00000	0.00000	-0.102308	9.34703	-3.01890	9.34703	5571.00	0.000000000398785	2507620000
0.00000	0.00000	0.00000	-0.102749	9.34706	-3.01934	9.34706	5570.00	-0.000000000326220	-3065420000
0.00000	0.00000	0.00000	-0.102373	9.34697	-3.01894	9.34697	5571.00	0.0000000000520154	19225100000
0.00000	0.00000	0.00000	-0.102618	9.34704	-3.01921	9.34704	5570.00	-0.00000000358842	-278674000
0.00000	0.00000	0.00000	-0.102634	9.34712	-3.01925	9.34712	5570.00	-0.0000000000505411	-19785900000
0.00000	0.00000	0.00000	-0.102177	9.34691	-3.01873	9.34691	5572.00	0.0000000000278272	35936100000
0.00000	0.00000	0.00000	-0.102487	9.34700	-3.01907	9.34700	5571.00	0.0000000000920273	10866300000
0.00000	0.00000	0.00000	-0.102536	9.34670	-3.01902	9.34670	5571.00	0.0000000000112510	88881100000
0.00000	0.00000	0.00000	-0.101769	9.34734	-3.01846	9.34734	5573.00	-0.0000000000127771	-78265300000
0.00000	0.00000	0.00000	-0.102357	9.34674	-3.01885	9.34674	5571.00	0.0000000000124189	80522400000
0.00000	0.00000	0.00000	-0.101883	9.34693	-3.01844	9.34693	5573.00	0.0000000000329390	30359100000
0.00000	0.00000	0.00000	-0.101916	9.34689	-3.01846	9.34689	5573.00	0.0000000000240963	41500100000
0.00000	0.00000	0.00000	-0.101671	9.34701	-3.01826	9.34701	5573.00	0.000000000123805	8077200000
0.00000	0.00000	0.00000	-0.101524	9.34713	-3.01815	9.34713	5574.00	-0.0000000000443333	-22556400000
0.00000	0.00000	0.00000	-0.102144	9.34690	-3.01869	9.34690	5572.00	0.0000000000258252	38721800000
0.00000	0.00000	0.00000	-0.102177	9.34700	-3.01876	9.34700	5572.00	0.0000000000920438	10864400000
0.00000	0.00000	0.00000	-0.102259	9.34700	-3.01884	9.34700	5571.00	0.0000000000920273	10866300000
0.00000	0.00000	0.00000	-0.102471	9.34679	-3.01899	9.34679	5571.00	0.0000000000150170	66591200000
0.00000	0.00000	0.00000	-0.102422	9.34685	-3.01896	9.34685	5571.00	0.0000000000200506	49873700000
0.00000	0.00000	0.00000	-0.102814	9.34695	-3.01938	9.34695	5569.00	0.0000000000403121	24806400000
0.00000	0.00000	0.00000	-0.103484	9.34662	-3.01994	9.34662	5567.00	0.00000000000898869	111251000000
0.00000	0.00000	0.00000	-0.103157	9.34700	-3.01973	9.34700	5568.00	0.0000000000919778	10872200000
0.00000	0.00000	0.00000	-0.103761	9.34675	-3.02026	9.34675	5566.00	0.0000000000128525	77805900000
0.00000	0.00000	0.00000	-0.103631	9.34675	-3.02013	9.34675	5567.00	0.0000000000128548	77792000000
0.00000	0.00000	0.00000	-0.103598	9.34710	-3.02020	9.34710	5567.00	-0.0000000000703233	-14220000000
0.00000	0.00000	0.00000	-0.103631	9.34680	-3.02014	9.34680	5567.00	0.0000000000156615	63850800000
0.00000	0.00000	0.00000	-0.104006	9.34696	-3.02057	9.34696	5565.00	0.0000000000453823	22035000000
0.00000	0.00000	0.00000	-0.103908	9.34685	-3.02044	9.34685	5565.00	0.0000000000200290	49927500000
0.00000	0.00000	0.00000	-0.104448	9.34711	-3.02105	9.34711	5564.00	-0.0000000000587632	-17017500000
0.00000	0.00000	0.00000	-0.104546	9.34691	-3.02109	9.34691	5563.00	0.0000000000277823	35994200000
0.00000	0.00000	0.00000	-0.104415	9.34675	-3.02091	9.34675	5564.00	0.0000000000128479	77833900000
0.00000	0.00000	0.00000	-0.104742	9.34659	-3.02118	9.34659	5563.00	0.00000000000835411	119702000000
0.00000	0.00000	0.00000	-0.104954	9.34675	-3.02144	9.34675	5562.00	0.0000000000128433	77861900000
0.00000	0.00000	0.00000	-0.105003	9.34719	-3.02163	9.34719	5561.00	-0.0000000000254087	-39356600000
0.00000	0.00000	0.00000	-0.105052	9.34727	-3.02170	9.34727	5561.00	-0.0000000000169793	-58895400000
0.00000	0.00000	0.00000	-0.104987	9.34679	-3.02149	9.34679	5561.00	0.0000000000149901	66710900000
0.00000	0.00000	0.00000	-0.105150	9.34696	-3.02170	9.34696	5561.00	0.0000000000453497	22050900000
0.00000	0.00000	0.00000	-0.105085	9.34675	-3.02157	9.34675	5561.00	0.0000000000128409	77875900000
0.00000	0.00000	0.00000	-0.104709	9.34661	-3.02116	9.34661	5563.00	0.00000000000876262	114121000000
0.00000	0.00000	0.00000	-0.104676	9.34678	-3.02118	9.34678	5563.00	0.0000000000143932	69477200000
0.00000	0.00000	0.00000	-0.104791	9.34704	-3.02137	9.34704	5562.00	-0.00000000358327	-279075000
0.00000	0.00000	0.00000	-0.104497	9.34685	-3.02102	9.34685	5563.00	0.0000000000200219	49945400000
0.00000	0.00000	0.00000	-0.104170	9.34701	-3.02074	9.34701	5564.00	0.000000000123605	8090260000
0.00000	0.00000	0.00000	-0.104284	9.34683	-3.02080	9.34683	5564.00	0.0000000000180128	55515900000
0.00000	0.00000	0.00000	-0.104170	9.34670	-3.02065	9.34670	5564.00	0.0000000000112369	88992900000
0.00000	0.00000	0.00000	-0.103974	9.34693	-3.02052	9.34693	5565.00	0.0000000000328917	30402800000
0.00000	0.00000	0.00000	-0.103843	9.34707	-3.02044	9.34707	5566.00	-0.000000000170754	-5856360000
0.00000	0.00000	0.00000	-0.103729	9.34676	-3.02023	9.34676	5566.00	0.0000000000133303	75017200000
0.00000	0.00000	0.00000	-0.103810	9.34712	-3.02042	9.34712	5566.00	-0.0000000000505048	-19800100000
0.00000	0.00000	0.00000	-0.103288	9.34707	-3.01988	9.34707	5568.00	-0.000000000170816	-5854260000
0.00000	0.00000	0.00000	-0.103206	9.34700	-3.01978	9.34700	5568.00	0.0000000000919778	10872200000
0.00000	0.00000	0.00000	-0.103271	9.34658	-3.01972	9.34658	5568.00	0.00000000000817114	122382000000
0.00000	0.00000	0.00000	-0.102994	9.34681	-3.01951	9.34681	5569.00	0.0000000000163825	61040600000
0.00000	0.00000	0.00000	-0.103549	9.34703	-3.02013	9.34703	5567.00	0.000000000398499	2509420000
0.00000	0.00000	0.00000	-0.103222	9.34685	-3.01975	9.34685	5568.00	0.0000000000200398	49900600000
0.00000	0.00000	0.00000	-0.102912	9.34682	-3.01943	9.34682	5569.00	0.0000000000171664	58253300000
0.00000	0.00000	0.00000	-0.103075	9.34717	-3.01971	9.34717	5568.00	-0.0000000000296457	-33731700000
0.00000	0.00000	0.00000	-0.102520	9.34674	-3.01902	9.34674	5571.00	0.0000000000124189	80522400000
0.00000	0.00000	0.00000	-0.103157	9.34686	-3.01969	9.34686	5568.00	0.0000000000212256	47112800000
0.00000	0.00000	0.00000	-0.102863	9.34702	-3.01945	9.34702	5569.00	0.000000000188830	5295760000
0.00000	0.00000	0.00000	-0.102618	9.34728	-3.01928	9.34728	5570.00	-0.0000000000162372	-61587000000
0.00000	0.00000	0.00000	-0.102912	9.34690	-3.01946	9.34690	5569.00	0.0000000000258113	38742700000
0.00000	0.00000	0.00000	-0.102749	9.34714	-3.01937	9.34714	5570.00	-0.0000000000394332	-25359300000
0.00000	0.00000	0.00000	-0.102618	9.34700	-3.01920	9.34700	5570.00	0.0000000000920108	10868300000
0.00000	0.00000	0.00000	-0.102994	9.34675	-3.01949	9.34675	5569.00	0.0000000000128594	77764000000
0.00000	0.00000	0.00000	-0.103271	9.34704	-3.01986	9.34704	5568.00	-0.00000000358713	-278774000
0.00000	0.00000	0.00000	-0.103467	9.34682	-3.01999	9.34682	5567.00	0.0000000000171602	58274300000
0.00000	0.00000	0.00000	-0.103337	9.34703	-3.01992	9.34703	5568.00	0.000000000398570	2508970000
0.00000	0.00000	0.00000	-0.104023	9.34672	-3.02051	9.34672	5565.00	0.0000000000116026	86187700000
0.00000	0.00000	0.00000	-0.104301	9.34699	-3.02087	9.34699	5564.00	0.0000000000731542	13669800000
0.00000	0.00000	0.00000	-0.104170	9.34699	-3.02074	9.34699	5564.00	0.0000000000731542	13669800000
0.00000	0.00000	0.00000	-0.103810	9.34699	-3.02038	9.34699	5566.00	0.0000000000731805	13664800000
0.00000	0.00000	0.00000	-0.104497	9.34696	-3.02105	9.34696	5563.00	0.0000000000453660	22043000000
0.00000	0.00000	0.00000	-0.104219	9.34672	-3.02070	9.34672	5564.00	0.0000000000116005	86203200000
0.00000	0.00000	0.00000	-0.104497	9.34696	-3.02105	9.34696	5563.00	0.0000000000453660	22043000000
0.00000	0.00000	0.00000	-0.104807	9.34672	-3.02129	9.34672	5562.00	0.0000000000115963	86234200000
0.00000	0.00000	0.00000	-0.104595	9.34704	-3.02118	9.34704	5563.00	-0.00000000358391	-279025000
0.00000	0.00000	0.00000	-0.105411	9.34695	-3.02196	9.34695	5560.00	0.0000000000402470	24846600000
0.00000	0.00000	0.00000	-0.104905	9.34691	-3.02144	9.34691	5562.00	0.0000000000277773	36000700000
0.00000	0.00000	0.00000	-0.104987	9.34693	-3.02153	9.34693	5561.00	0.0000000000328681	30424600000
0.00000	0.00000	0.00000	-0.105379	9.34718	-3.02200	9.34718	5560.00	-0.0000000000273433	-36572000000
0.00000	0.00000	0.00000	-0.105215	9.34710	-3.02181	9.34710	5561.00	-0.0000000000702475	-14235400000
0.00000	0.00000	0.00000	-0.105215	9.34699	-3.02178	9.34699	5561.00	0.0000000000731148	13677100000
0.00000	0.00000	0.00000	-0.105787	9.34694	-3.02233	9.34694	5559.00	0.0000000000361751	27643300000
0.00000	0.00000	0.00000	-0.105836	9.34691	-3.02237	9.34691	5559.00	0.0000000000277623	36020100000
0.00000	0.00000	0.00000	-0.105460	9.34685	-3.02198	9.34685	5560.00	0.0000000000200111	49972400000
0.00000	0.00000	0.00000	-0.105656	9.34722	-3.02229	9.34722	5559.00	-0.0000000000209435	-47747600000
0.00000	0.00000	0.00000	-0.105052	9.34691	-3.02159	9.34691	5561.00	0.0000000000277723	36007100000
0.00000	0.00000	0.00000	-0.104823	9.34704	-3.02140	9.34704	5562.00	-0.00000000358327	-279075000
0.00000	0.00000	0.00000	-0.104921	9.34714	-3.02153	9.34714	5562.00	-0.0000000000393766	-25395800000
0.00000	0.00000	0.00000	-0.104562	9.34743	-3.02126	9.34743	5563.00	-0.00000000000992773	-100728000000
0.00000	0.00000	0.00000	-0.104872	9.34695	-3.02142	9.34695	5562.00	0.0000000000402614	24837700000
0.00000	0.00000	0.00000	-0.104627	9.34713	-3.02124	9.34713	5563.00	-0.0000000000442458	-22601000000
0.00000	0.00000	0.00000	-0.104546	9.34687	-3.02108	9.34687	5563.00	0.0000000000225403	44364900000
0.00000	0.00000	0.00000	-0.103533	9.34684	-3.02006	9.34684	5567.00	0.0000000000189761	52697800000
0.00000	0.00000	0.00000	-0.104202	9.34698	-3.02077	9.34698	5564.00	0.0000000000607552	16459500000
0.00000	0.00000	0.00000	-0.103680	9.34679	-3.02019	9.34679	5566.00	0.0000000000150035	66651000000
0.00000	0.00000	0.00000	-0.103549	9.34696	-3.02011	9.34696	5567.00	0.0000000000453986	22027100000
0.00000	0.00000	0.00000	-0.103386	9.34675	-3.01988	9.34675	5567.00	0.0000000000128548	77792000000
0.00000	0.00000	0.00000	-0.103108	9.34703	-3.01970	9.34703	5568.00	0.000000000398570	2508970000
0.00000	0.00000	0.00000	-0.103418	9.34700	-3.01999	9.34700	5567.00	0.0000000000919612	10874100000
0.00000	0.00000	0.00000	-0.103190	9.34699	-3.01976	9.34699	5568.00	0.0000000000732068	13659900000
0.00000	0.00000	0.00000	-0.102879	9.34709	-3.01948	9.34709	5569.00	-0.0000000000875068	-11427700000
0.00000	0.00000	0.00000	-0.103304	9.34722	-3.01995	9.34722	5568.00	-0.0000000000209774	-47670400000
0.00000	0.00000	0.00000	-0.103647	9.34683	-3.02017	9.34683	5567.00	0.0000000000180226	55486000000
0.00000	0.00000	0.00000	-0.102455	9.34717	-3.01909	9.34717	5571.00	-0.0000000000296617	-33713500000
0.00000	0.00000	0.00000	-0.103190	9.34699	-3.01976	9.34699	5568.00	0.0000000000732068	13659900000
0.00000	0.00000	0.00000	-0.103680	9.34715	-3.02030	9.34715	5566.00	-0.0000000000355034	-28166300000
0.00000	0.00000	0.00000	-0.103190	9.34691	-3.01974	9.34691	5568.00	0.0000000000278072	35961900000
0.00000	0.00000	0.00000	-0.102781	9.34697	-3.01935	9.34697	5569.00	0.0000000000519968	19232000000
0.00000	0.00000	0.00000	-0.103582	9.34676	-3.02008	9.34676	5567.00	0.0000000000133327	75003700000
0.00000	0.00000	0.00000	-0.103418	9.34678	-3.01992	9.34678	5567.00	0.0000000000144036	69427200000
0.00000	0.00000	0.00000	-0.103794	9.34692	-3.02034	9.34692	5566.00	0.0000000000301331	33186100000
0.00000	0.00000	0.00000	-0.103647	9.34718	-3.02028	9.34718	5567.00	-0.0000000000273778	-36526000000
0.00000	0.00000	0.00000	-0.104268	9.34706	-3.02086	9.34706	5564.00	-0.000000000325869	-3068720000
0.00000	0.00000	0.00000	-0.104562	9.34707	-3.02115	9.34707	5563.00	-0.000000000170662	-5859520000
0.00000	0.00000	0.00000	-0.104611	9.34704	-3.02119	9.34704	5563.00	-0.00000000358391	-279025000
0.00000	0.00000	0.00000	-0.105068	9.34683	-3.02158	9.34683	5561.00	0.0000000000180031	55545900000
0.00000	0.00000	0.00000	-0.104970	9.34715	-3.02158	9.34715	5561.00	-0.0000000000354715	-28191600000
0.00000	0.00000	0.00000	-0.104905	9.34683	-3.02142	9.34683	5562.00	0.0000000000180064	55535900000
0.00000	0.00000	0.00000	-0.105068	9.34706	-3.02165	9.34706	5561.00	-0.000000000325693	-3070380000
0.00000	0.00000	0.00000	-0.105460	9.34704	-3.02204	9.34704	5560.00	-0.00000000358198	-279175000
0.00000	0.00000	0.00000	-0.104921	9.34669	-3.02139	9.34669	5562.00	0.0000000000108914	91815700000
0.00000	0.00000	0.00000	-0.105183	9.34686	-3.02171	9.34686	5561.00	0.0000000000211990	47172100000
0.00000	0.00000	0.00000	-0.105460	9.34713	-3.02207	9.34713	5560.00	-0.0000000000442220	-22613200000
0.00000	0.00000	0.00000	-0.105624	9.34692	-3.02216	9.34692	5559.00	0.0000000000300952	33227800000
0.00000	0.00000	0.00000	-0.105640	9.34697	-3.02219	9.34697	5559.00	0.0000000000519034	19266600000
0.00000	0.00000	0.00000	-0.105836	9.34691	-3.02237	9.34691	5559.00	0.0000000000277623	36020100000
0.00000	0.00000	0.00000	-0.105526	9.34690	-3.02206	9.34690	5560.00	0.0000000000257696	38805400000
0.00000	0.00000	0.00000	-0.105444	9.34719	-3.02207	9.34719	5560.00	-0.0000000000254041	-39363700000
0.00000	0.00000	0.00000	-0.105558	9.34695	-3.02211	9.34695	5560.00	0.0000000000402470	24846600000
0.00000	0.00000	0.00000	-0.105656	9.34682	-3.02216	9.34682	5559.00	0.0000000000171356	58358100000
0.00000	0.00000	0.00000	-0.105330	9.34693	-3.02187	9.34693	5560.00	0.0000000000328622	30430100000
0.00000	0.00000	0.00000	-0.105836	9.34683	-3.02235	9.34683	5559.00	0.0000000000179967	55565900000
0.00000	0.00000	0.00000	-0.105134	9.34706	-3.02172	9.34706	5561.00	-0.000000000325693	-3070380000
0.00000	0.00000	0.00000	-0.104938	9.34677	-3.02143	9.34677	5562.00	0.0000000000138350	72280400000
0.00000	0.00000	0.00000	-0.104513	9.34693	-3.02106	9.34693	5563.00	0.0000000000328799	30413700000
0.00000	0.00000	0.00000	-0.104872	9.34648	-3.02128	9.34648	5562.00	0.00000000000677366	147631000000
0.00000	0.00000	0.00000	-0.104905	9.34676	-3.02140	9.34676	5562.00	0.0000000000133207	75071200000
0.00000	0.00000	0.00000	-0.104791	9.34663	-3.02124	9.34663	5562.00	0.00000000000921148	108560000000
0.00000	0.00000	0.00000	-0.104546	9.34663	-3.02100	9.34663	5563.00	0.00000000000921314	108541000000
0.00000	0.00000	0.00000	-0.104464	9.34669	-3.02094	9.34669	5563.00	0.0000000000108933	91799100000
0.00000	0.00000	0.00000	-0.104137	9.34693	-3.02069	9.34693	5565.00	0.0000000000328917	30402800000
0.00000	0.00000	0.00000	-0.103500	9.34721	-3.02014	9.34721	5567.00	-0.0000000000222763	-44890700000
0.00000	0.00000	0.00000	-0.104006	9.34698	-3.02057	9.34698	5565.00	0.0000000000607661	16456500000
0.00000	0.00000	0.00000	-0.103647	9.34697	-3.02021	9.34697	5567.00	0.0000000000519781	19238900000
0.00000	0.00000	0.00000	-0.103157	9.34715	-3.01978	9.34715	5568.00	-0.0000000000355162	-28156200000
0.00000	0.00000	0.00000	-0.103484	9.34733	-3.02016	9.34733	5567.00	-0.0000000000132343	-75561400000
0.00000	0.00000	0.00000	-0.103402	9.34676	-3.01990	9.34676	5567.00	0.0000000000133327	75003700000
0.00000	0.00000	0.00000	-0.103271	9.34666	-3.01974	9.34666	5568.00	0.00000000000999201	100080000000
0.00000	0.00000	0.00000	-0.103288	9.34714	-3.01991	9.34714	5568.00	-0.0000000000394190	-25368500000
0.00000	0.00000	0.00000	-0.103157	9.34711	-3.01977	9.34711	5568.00	-0.0000000000588055	-17005200000
0.00000	0.00000	0.00000	-0.103598	9.34690	-3.02014	9.34690	5567.00	0.0000000000258021	38756600000
0.00000	0.00000	0.00000	-0.103206	9.34722	-3.01985	9.34722	5568.00	-0.0000000000209774	-47670400000
0.00000	0.00000	0.00000	-0.104072	9.34715	-3.02069	9.34715	5565.00	-0.0000000000354970	-28171400000
0.00000	0.00000	0.00000	-0.103304	9.34667	-3.01978	9.34667	5568.00	0.0000000000102783	97292200000
0.00000	0.00000	0.00000	-0.103500	9.34670	-3.01998	9.34670	5567.00	0.0000000000112429	88944900000
0.00000	0.00000	0.00000	-0.103320	9.34668	-3.01980	9.34668	5568.00	0.0000000000105815	94504500000
0.00000	0.00000	0.00000	-0.103451	9.34668	-3.01993	9.34668	5567.00	0.0000000000105796	94521400000
0.00000	0.00000	0.00000	-0.103582	9.34698	-3.02015	9.34698	5567.00	0.0000000000607879	16450600000
0.00000	0.00000	0.00000	-0.104104	9.34701	-3.02068	9.34701	5565.00	0.000000000123628	8088810000
0.00000	0.00000	0.00000	-0.104153	9.34732	-3.02082	9.34732	5565.00	-0.0000000000137364	-72799300000
0.00000	0.00000	0.00000	-0.104709	9.34679	-3.02121	9.34679	5563.00	0.0000000000149954	66686900000
0.00000	0.00000	0.00000	-0.104807	9.34696	-3.02136	9.34696	5562.00	0.0000000000453578	22046900000
0.00000	0.00000	0.00000	-0.104938	9.34706	-3.02152	9.34706	5562.00	-0.000000000325752	-3069820000
0.00000	0.00000	0.00000	-0.104889	9.34681	-3.02140	9.34681	5562.00	0.0000000000163620	61117400000
0.00000	0.00000	0.00000	-0.104921	0.00000	-0.104921	0.00000	5562.00	0.00000	0.00000
0.00000	0.00000	0.00000	-0.105183	0.00000	-0.105183	0.00000	5561.00	0.00000	0.00000
