Vload_(V)	ILoad_(I)	RsLoad (ohm)	SunsVoc_Voltage_(V)	SunsVoc_Current_(A)	Model_Voltage_(V)	Model_Current_(I)	Carrier_Density_(cm-3)	Lifetime_(s)	Inverse_Lifetime_(s-1)
2.86537	0.0000718010	0.00000	2.87057	-0.00000631847	0.00000	-0.00000631847	223268	0.00000000127138	786547000
2.86827	0.0000964487	72765.0	2.87057	-0.00000508094	0.00000	-0.00000508094	223268	0.00000000129185	774087000
2.87057	0.00000	0.00000	2.87057	-0.00000174818	0.00000	-0.00000174818	223268	0.00000000135038	740531000
0.00000	0.00000	0.00000	2.87057	0.00000334600	0.00000	0.00000334600	223268	0.00000000145087	689240000
0.00000	0.00000	0.00000	2.87057	0.00000829798	0.00000	0.00000829798	223268	0.00000000156401	639381000
0.00000	0.00000	0.00000	2.87057	0.0000128393	0.00000	0.0000128393	223268	0.00000000168448	593656000
0.00000	0.00000	0.00000	2.87057	0.0000169561	0.00000	0.0000169561	223268	0.00000000181092	552206000
0.00000	0.00000	0.00000	2.87057	0.0000207499	0.00000	0.0000207499	223268	0.00000000194549	514009000
0.00000	0.00000	0.00000	2.87057	0.0000242575	0.00000	0.0000242575	223268	0.00000000208902	478692000
0.00000	0.00000	0.00000	2.87057	0.0000275545	0.00000	0.0000275545	223268	0.00000000224469	445496000
0.00000	0.00000	0.00000	2.87057	0.0000305512	0.00000	0.0000305512	223268	0.00000000240776	415323000
0.00000	0.00000	0.00000	2.87057	0.0000332536	0.00000	0.0000332536	223268	0.00000000257656	388114000
0.00000	0.00000	0.00000	2.87057	0.0000357771	0.00000	0.0000357771	223268	0.00000000275705	362707000
0.00000	0.00000	0.00000	2.87057	0.0000381507	0.00000	0.0000381507	223268	0.00000000295153	338808000
0.00000	0.00000	0.00000	2.87057	0.0000403456	0.00000	0.0000403456	223268	0.00000000315748	316709000
0.00000	0.00000	0.00000	2.87057	0.0000423648	0.00000	0.0000423648	223268	0.00000000337407	296378000
0.00000	0.00000	0.00000	2.87057	0.0000442314	0.00000	0.0000442314	223268	0.00000000360250	277585000
0.00000	0.00000	0.00000	2.87057	0.0000459543	0.00000	0.0000459543	223268	0.00000000384264	260237000
0.00000	0.00000	0.00000	2.87057	0.0000475640	0.00000	0.0000475640	223268	0.00000000409786	244030000
0.00000	0.00000	0.00000	2.87057	0.0000490508	0.00000	0.0000490508	223268	0.00000000436567	229060000
0.00000	0.00000	0.00000	2.87057	0.0000504159	0.00000	0.0000504159	223268	0.00000000464434	215316000
0.00000	0.00000	0.00000	2.87057	0.0000516926	0.00000	0.0000516926	223268	0.00000000493923	202461000
0.00000	0.00000	0.00000	2.87057	0.0000528909	0.00000	0.0000528909	223268	0.00000000525220	190397000
0.00000	0.00000	0.00000	2.87057	0.0000540055	0.00000	0.0000540055	223268	0.00000000558117	179174000
0.00000	0.00000	0.00000	2.87057	0.0000550654	0.00000	0.0000550654	223268	0.00000000593465	168502000
0.00000	0.00000	0.00000	2.87057	0.0000560445	0.00000	0.0000560445	223268	0.00000000630341	158644000
0.00000	0.00000	0.00000	2.87057	0.0000569434	0.00000	0.0000569434	223268	0.00000000668477	149594000
0.00000	0.00000	0.00000	2.87057	0.0000577799	0.00000	0.0000577799	223268	0.00000000708359	141171000
0.00000	0.00000	0.00000	2.87057	0.0000585605	0.00000	0.0000585605	223268	0.00000000750120	133312000
0.00000	0.00000	0.00000	2.87057	0.0000592898	0.00000	0.0000592898	223268	0.00000000793850	125968000
0.00000	0.00000	0.00000	2.87057	0.0000599689	0.00000	0.0000599689	223268	0.00000000839410	119131000
0.00000	0.00000	0.00000	2.87057	0.0000606044	0.00000	0.0000606044	223268	0.00000000887055	112733000
0.00000	0.00000	0.00000	2.87057	0.0000612062	0.00000	0.0000612062	223268	0.00000000937438	106674000
0.00000	0.00000	0.00000	2.87057	0.0000617691	0.00000	0.0000617691	223268	0.00000000990044	101006000
0.00000	0.00000	0.00000	2.87057	0.0000623158	0.00000	0.0000623158	223268	0.0000000104711	95501000
0.00000	0.00000	0.00000	2.87057	0.0000628129	0.00000	0.0000628129	223268	0.0000000110502	90496200
0.00000	0.00000	0.00000	2.87057	0.0000632783	0.00000	0.0000632783	223268	0.0000000116535	85810900
0.00000	0.00000	0.00000	2.87057	0.0000637130	0.00000	0.0000637130	223268	0.0000000122800	81433400
0.00000	0.00000	0.00000	2.87057	0.0000641191	0.00000	0.0000641191	223268	0.0000000129291	77344900
0.00000	0.00000	0.00000	2.87057	0.0000645009	0.00000	0.0000645009	223268	0.0000000136052	73501100
0.00000	0.00000	0.00000	2.87057	0.0000648647	0.00000	0.0000648647	223268	0.0000000143189	69837900
0.00000	0.00000	0.00000	2.87057	0.0000652082	0.00000	0.0000652082	223268	0.0000000150650	66379100
0.00000	0.00000	0.00000	2.87057	0.0000655339	0.00000	0.0000655339	223268	0.0000000158478	63100100
0.00000	0.00000	0.00000	2.87057	0.0000658480	0.00000	0.0000658480	223268	0.0000000166840	59937700
0.00000	0.00000	0.00000	2.87057	0.0000661340	0.00000	0.0000661340	223268	0.0000000175261	57057700
0.00000	0.00000	0.00000	2.87057	0.0000664034	0.00000	0.0000664034	223268	0.0000000184009	54345100
0.00000	0.00000	0.00000	2.87057	0.0000666608	0.00000	0.0000666608	223268	0.0000000193224	51753300
0.00000	0.00000	0.00000	2.87057	0.0000668996	0.00000	0.0000668996	223268	0.0000000202636	49349500
0.00000	0.00000	0.00000	2.87057	0.0000671288	0.00000	0.0000671288	223268	0.0000000212577	47041700
0.00000	0.00000	0.00000	2.87057	0.0000673445	0.00000	0.0000673445	223268	0.0000000222869	44869400
0.00000	0.00000	0.00000	2.87057	0.0000675495	0.00000	0.0000675495	223268	0.0000000233615	42805400
0.00000	0.00000	0.00000	2.87057	0.0000677480	0.00000	0.0000677480	223268	0.0000000245055	40807200
0.00000	0.00000	0.00000	2.87057	0.0000679284	0.00000	0.0000679284	223268	0.0000000256468	38991100
0.00000	0.00000	0.00000	2.87057	0.0000681019	0.00000	0.0000681019	223268	0.0000000268499	37244100
0.00000	0.00000	0.00000	2.87057	0.0000682670	0.00000	0.0000682670	223268	0.0000000281044	35581600
0.00000	0.00000	0.00000	2.87057	0.0000684262	0.00000	0.0000684262	223268	0.0000000294299	33979100
0.00000	0.00000	0.00000	2.87057	0.0000685733	0.00000	0.0000685733	223268	0.0000000307711	32498000
0.00000	0.00000	0.00000	2.87057	0.0000687185	0.00000	0.0000687185	223268	0.0000000322208	31035800
0.00000	0.00000	0.00000	2.87057	0.0000688479	0.00000	0.0000688479	223268	0.0000000336327	29732900
0.00000	0.00000	0.00000	2.87057	0.0000689821	0.00000	0.0000689821	223268	0.0000000352341	28381600
0.00000	0.00000	0.00000	2.87057	0.0000690982	0.00000	0.0000690982	223268	0.0000000367478	27212500
0.00000	0.00000	0.00000	2.87057	0.0000692124	0.00000	0.0000692124	223268	0.0000000383684	26063100
0.00000	0.00000	0.00000	2.87057	0.0000693257	0.00000	0.0000693257	223268	0.0000000401252	24922000
0.00000	0.00000	0.00000	2.87057	0.0000694302	0.00000	0.0000694302	223268	0.0000000418945	23869500
0.00000	0.00000	0.00000	2.87057	0.0000695309	0.00000	0.0000695309	223268	0.0000000437514	22856400
0.00000	0.00000	0.00000	2.87057	0.0000696237	0.00000	0.0000696237	223268	0.0000000456160	21922100
0.00000	0.00000	0.00000	2.87057	0.0000697197	0.00000	0.0000697197	223268	0.0000000477213	20955000
0.00000	0.00000	0.00000	2.87057	0.0000697988	0.00000	0.0000697988	223268	0.0000000496065	20158600
0.00000	0.00000	0.00000	2.87057	0.0000698924	0.00000	0.0000698924	223268	0.0000000520395	19216200
0.00000	0.00000	0.00000	2.87057	0.0000699561	0.00000	0.0000699561	223268	0.0000000538359	18575000
0.00000	0.00000	0.00000	2.87057	0.0000700358	0.00000	0.0000700358	223268	0.0000000562655	17772900
0.00000	0.00000	0.00000	2.87057	0.0000701051	0.00000	0.0000701051	223268	0.0000000585650	17075000
0.00000	0.00000	0.00000	2.87057	0.0000701790	0.00000	0.0000701790	223268	0.0000000612355	16330400
0.00000	0.00000	0.00000	2.87057	0.0000702297	0.00000	0.0000702297	223268	0.0000000632121	15819800
0.00000	0.00000	0.00000	2.87057	0.0000703028	0.00000	0.0000703028	223268	0.0000000662947	15084200
0.00000	0.00000	0.00000	2.87057	0.0000703593	0.00000	0.0000703593	223268	0.0000000688932	14515200
0.00000	0.00000	0.00000	2.87057	0.0000704177	0.00000	0.0000704177	223268	0.0000000718009	13927400
0.00000	0.00000	0.00000	2.87057	0.0000704789	0.00000	0.0000704789	223268	0.0000000751268	13310800
0.00000	0.00000	0.00000	2.87057	0.0000705164	0.00000	0.0000705164	223268	0.0000000773205	12933200
0.00000	0.00000	0.00000	2.87057	0.0000705684	0.00000	0.0000705684	223268	0.0000000805787	12410200
0.00000	0.00000	0.00000	2.87057	0.0000706252	0.00000	0.0000706252	223268	0.0000000844738	11838000
0.00000	0.00000	0.00000	2.87057	0.0000706574	0.00000	0.0000706574	223268	0.0000000868530	11513700
0.00000	0.00000	0.00000	2.87057	0.0000707025	0.00000	0.0000707025	223268	0.0000000904183	11059700
0.00000	0.00000	0.00000	2.87057	0.0000707561	0.00000	0.0000707561	223268	0.0000000950541	10520300
0.00000	0.00000	0.00000	2.87057	0.0000707852	0.00000	0.0000707852	223268	0.0000000977782	10227200
0.00000	0.00000	0.00000	2.87057	0.0000708139	0.00000	0.0000708139	223268	0.000000100621	9938250
0.00000	0.00000	0.00000	2.87057	0.0000708547	0.00000	0.0000708547	223268	0.000000104966	9526930
0.00000	0.00000	0.00000	2.87057	0.0000708992	0.00000	0.0000708992	223268	0.000000110138	9079500
0.00000	0.00000	0.00000	2.87057	0.0000709283	0.00000	0.0000709283	223268	0.000000113812	8786410
0.00000	0.00000	0.00000	2.87057	0.0000709539	0.00000	0.0000709539	223268	0.000000117252	8528620
0.00000	0.00000	0.00000	2.87057	0.0000709890	0.00000	0.0000709890	223268	0.000000122327	8174780
0.00000	0.00000	0.00000	2.87057	0.0000710223	0.00000	0.0000710223	223268	0.000000127554	7839820
0.00000	0.00000	0.00000	2.87057	0.0000710552	0.00000	0.0000710552	223268	0.000000133189	7508140
0.00000	0.00000	0.00000	2.87057	0.0000710779	0.00000	0.0000710779	223268	0.000000137364	7279910
0.00000	0.00000	0.00000	2.87057	0.0000710954	0.00000	0.0000710954	223268	0.000000140778	7103400
0.00000	0.00000	0.00000	2.87057	0.0000711187	0.00000	0.0000711187	223268	0.000000145573	6869420
0.00000	0.00000	0.00000	2.87057	0.0000711452	0.00000	0.0000711452	223268	0.000000151456	6602600
0.00000	0.00000	0.00000	2.87057	0.0000711741	0.00000	0.0000711741	223268	0.000000158450	6311150
0.00000	0.00000	0.00000	2.87057	0.0000711983	0.00000	0.0000711983	223268	0.000000164795	6068140
0.00000	0.00000	0.00000	2.87057	0.0000712191	0.00000	0.0000712191	223268	0.000000170708	5857970
0.00000	0.00000	0.00000	2.87057	0.0000712351	0.00000	0.0000712351	223268	0.000000175529	5697050
0.00000	0.00000	0.00000	2.87057	0.0000712509	0.00000	0.0000712509	223268	0.000000180578	5537780
0.00000	0.00000	0.00000	2.87057	0.0000712698	0.00000	0.0000712698	223268	0.000000186981	5348140
0.00000	0.00000	0.00000	2.87057	0.0000712922	0.00000	0.0000712922	223268	0.000000195222	5122370
0.00000	0.00000	0.00000	2.87057	0.0000713138	0.00000	0.0000713138	223268	0.000000203882	4904810
0.00000	0.00000	0.00000	2.87057	0.0000713362	0.00000	0.0000713362	223268	0.000000213682	4679860
0.00000	0.00000	0.00000	2.87057	0.0000713533	0.00000	0.0000713533	223268	0.000000221855	4507450
0.00000	0.00000	0.00000	2.87057	0.0000713670	0.00000	0.0000713670	223268	0.000000228858	4369530
0.00000	0.00000	0.00000	2.87057	0.0000713773	0.00000	0.0000713773	223268	0.000000234452	4265260
0.00000	0.00000	0.00000	2.87057	0.0000713883	0.00000	0.0000713883	223268	0.000000240659	4155250
0.00000	0.00000	0.00000	2.87057	0.0000714000	0.00000	0.0000714000	223268	0.000000247707	4037030
0.00000	0.00000	0.00000	2.87057	0.0000714117	0.00000	0.0000714117	223268	0.000000255126	3919630
0.00000	0.00000	0.00000	2.87057	0.0000714233	0.00000	0.0000714233	223268	0.000000263004	3802230
0.00000	0.00000	0.00000	2.87057	0.0000714384	0.00000	0.0000714384	223268	0.000000273947	3650350
0.00000	0.00000	0.00000	2.87057	0.0000714570	0.00000	0.0000714570	223268	0.000000288753	3463160
0.00000	0.00000	0.00000	2.87057	0.0000714713	0.00000	0.0000714713	223268	0.000000301325	3318670
0.00000	0.00000	0.00000	2.87057	0.0000714839	0.00000	0.0000714839	223268	0.000000313260	3192240
0.00000	0.00000	0.00000	2.87057	0.0000714915	0.00000	0.0000714915	223268	0.000000320936	3115890
0.00000	0.00000	0.00000	2.87057	0.0000715049	0.00000	0.0000715049	223268	0.000000335430	2981250
0.00000	0.00000	0.00000	2.87057	0.0000715101	0.00000	0.0000715101	223268	0.000000341448	2928700
0.00000	0.00000	0.00000	2.87057	0.0000715195	0.00000	0.0000715195	223268	0.000000352924	2833470
0.00000	0.00000	0.00000	2.87057	0.0000715266	0.00000	0.0000715266	223268	0.000000362051	2762040
0.00000	0.00000	0.00000	2.87057	0.0000715317	0.00000	0.0000715317	223268	0.000000368848	2711140
0.00000	0.00000	0.00000	2.87057	0.0000715424	0.00000	0.0000715424	223268	0.000000384205	2602770
0.00000	0.00000	0.00000	2.87057	0.0000715477	0.00000	0.0000715477	223268	0.000000392121	2550230
0.00000	0.00000	0.00000	2.87057	0.0000715566	0.00000	0.0000715566	223268	0.000000406517	2459920
0.00000	0.00000	0.00000	2.87057	0.0000715624	0.00000	0.0000715624	223268	0.000000416383	2401630
0.00000	0.00000	0.00000	2.87057	0.0000715706	0.00000	0.0000715706	223268	0.000000431121	2319540
0.00000	0.00000	0.00000	2.87057	0.0000715835	0.00000	0.0000715835	223268	0.000000456830	2189000
0.00000	0.00000	0.00000	2.87057	0.0000715892	0.00000	0.0000715892	223268	0.000000468966	2132350
0.00000	0.00000	0.00000	2.87057	0.0000716014	0.00000	0.0000716014	223268	0.000000497709	2009200
0.00000	0.00000	0.00000	2.87057	0.0000716104	0.00000	0.0000716104	223268	0.000000521133	1918900
0.00000	0.00000	0.00000	2.87057	0.0000716193	0.00000	0.0000716193	223268	0.000000546870	1828590
0.00000	0.00000	0.00000	2.87057	0.0000716246	0.00000	0.0000716246	223268	0.000000563309	1775230
0.00000	0.00000	0.00000	2.87057	0.0000716339	0.00000	0.0000716339	223268	0.000000594370	1682450
0.00000	0.00000	0.00000	2.87057	0.0000716387	0.00000	0.0000716387	223268	0.000000612297	1633200
0.00000	0.00000	0.00000	2.87057	0.0000716447	0.00000	0.0000716447	223268	0.000000635621	1573260
0.00000	0.00000	0.00000	2.87057	0.0000716498	0.00000	0.0000716498	223268	0.000000657228	1521540
0.00000	0.00000	0.00000	2.87057	0.0000716533	0.00000	0.0000716533	223268	0.000000672468	1487060
0.00000	0.00000	0.00000	2.87057	0.0000716570	0.00000	0.0000716570	223268	0.000000689991	1449300
0.00000	0.00000	0.00000	2.87057	0.0000716614	0.00000	0.0000716614	223268	0.000000711763	1404960
0.00000	0.00000	0.00000	2.87057	0.0000716653	0.00000	0.0000716653	223268	0.000000732303	1365560
0.00000	0.00000	0.00000	2.87057	0.0000716656	0.00000	0.0000716656	223268	0.000000733626	1363090
0.00000	0.00000	0.00000	2.87057	0.0000716714	0.00000	0.0000716714	223268	0.000000766882	1303980
0.00000	0.00000	0.00000	2.87057	0.0000716739	0.00000	0.0000716739	223268	0.000000781646	1279350
0.00000	0.00000	0.00000	2.87057	0.0000716776	0.00000	0.0000716776	223268	0.000000804889	1242410
0.00000	0.00000	0.00000	2.87057	0.0000716784	0.00000	0.0000716784	223268	0.000000810243	1234200
0.00000	0.00000	0.00000	2.87057	0.0000716838	0.00000	0.0000716838	223268	0.000000848038	1179190
0.00000	0.00000	0.00000	2.87057	0.0000716857	0.00000	0.0000716857	223268	0.000000861839	1160310
0.00000	0.00000	0.00000	2.87057	0.0000716882	0.00000	0.0000716882	223268	0.000000881166	1134860
0.00000	0.00000	0.00000	2.87057	0.0000716912	0.00000	0.0000716912	223268	0.000000904728	1105300
0.00000	0.00000	0.00000	2.87057	0.0000716951	0.00000	0.0000716951	223268	0.000000938177	1065900
0.00000	0.00000	0.00000	2.87057	0.0000716980	0.00000	0.0000716980	223268	0.000000964933	1036340
0.00000	0.00000	0.00000	2.87057	0.0000717016	0.00000	0.0000717016	223268	0.000000999782	1000220
0.00000	0.00000	0.00000	2.87057	0.0000717060	0.00000	0.0000717060	223268	0.00000104615	955885
0.00000	0.00000	0.00000	2.87057	0.0000717060	0.00000	0.0000717060	223268	0.00000104615	955885
0.00000	0.00000	0.00000	2.87057	0.0000717097	0.00000	0.0000717097	223268	0.00000108821	918941
0.00000	0.00000	0.00000	2.87057	0.0000717134	0.00000	0.0000717134	223268	0.00000113379	881997
0.00000	0.00000	0.00000	2.87057	0.0000717166	0.00000	0.0000717166	223268	0.00000117764	849158
0.00000	0.00000	0.00000	2.87057	0.0000717188	0.00000	0.0000717188	223268	0.00000120920	826991
0.00000	0.00000	0.00000	2.87057	0.0000717216	0.00000	0.0000717216	223268	0.00000125144	799078
0.00000	0.00000	0.00000	2.87057	0.0000717244	0.00000	0.0000717244	223268	0.00000129674	771164
0.00000	0.00000	0.00000	2.87057	0.0000717292	0.00000	0.0000717292	223268	0.00000138365	722727
0.00000	0.00000	0.00000	2.87057	0.0000717296	0.00000	0.0000717296	223268	0.00000139155	718622
0.00000	0.00000	0.00000	2.87057	0.0000717358	0.00000	0.0000717358	223268	0.00000152386	656227
0.00000	0.00000	0.00000	2.87057	0.0000717341	0.00000	0.0000717341	223268	0.00000148485	673468
0.00000	0.00000	0.00000	2.87057	0.0000717377	0.00000	0.0000717377	223268	0.00000157103	636523
0.00000	0.00000	0.00000	2.87057	0.0000717418	0.00000	0.0000717418	223268	0.00000167933	595474
0.00000	0.00000	0.00000	2.87057	0.0000717424	0.00000	0.0000717424	223268	0.00000169570	589728
0.00000	0.00000	0.00000	2.87057	0.0000717490	0.00000	0.0000717490	223268	0.00000191121	523228
0.00000	0.00000	0.00000	2.87057	0.0000717483	0.00000	0.0000717483	223268	0.00000188460	530617
0.00000	0.00000	0.00000	2.87057	0.0000717504	0.00000	0.0000717504	223268	0.00000196359	509271
0.00000	0.00000	0.00000	2.87057	0.0000717505	0.00000	0.0000717505	223268	0.00000196676	508450
0.00000	0.00000	0.00000	2.87057	0.0000717541	0.00000	0.0000717541	223268	0.00000212086	471506
0.00000	0.00000	0.00000	2.87057	0.0000717555	0.00000	0.0000717555	223268	0.00000218556	457549
0.00000	0.00000	0.00000	2.87057	0.0000717601	0.00000	0.0000717601	223268	0.00000242969	411575
0.00000	0.00000	0.00000	2.87057	0.0000717590	0.00000	0.0000717590	223268	0.00000236828	422247
0.00000	0.00000	0.00000	2.87057	0.0000717633	0.00000	0.0000717633	223268	0.00000263466	379556
0.00000	0.00000	0.00000	2.87057	0.0000717611	0.00000	0.0000717611	223268	0.00000249438	400902
0.00000	0.00000	0.00000	2.87057	0.0000717650	0.00000	0.0000717650	223268	0.00000276629	361495
0.00000	0.00000	0.00000	2.87057	0.0000717651	0.00000	0.0000717651	223268	0.00000277259	360674
0.00000	0.00000	0.00000	2.87057	0.0000717668	0.00000	0.0000717668	223268	0.00000291178	343433
0.00000	0.00000	0.00000	2.87057	0.0000717703	0.00000	0.0000717703	223268	0.00000323675	308952
0.00000	0.00000	0.00000	2.87057	0.0000717709	0.00000	0.0000717709	223268	0.00000330705	302384
0.00000	0.00000	0.00000	2.87057	0.0000717727	0.00000	0.0000717727	223268	0.00000351713	284322
0.00000	0.00000	0.00000	2.87057	0.0000717756	0.00000	0.0000717756	223268	0.00000392515	254767
0.00000	0.00000	0.00000	2.87057	0.0000717756	0.00000	0.0000717756	223268	0.00000391255	255588
0.00000	0.00000	0.00000	2.87057	0.0000717772	0.00000	0.0000717772	223268	0.00000418115	239168
0.00000	0.00000	0.00000	2.87057	0.0000717786	0.00000	0.0000717786	223268	0.00000444027	225212
0.00000	0.00000	0.00000	2.87057	0.0000717798	0.00000	0.0000717798	223268	0.00000469711	212897
0.00000	0.00000	0.00000	2.87057	0.0000717793	0.00000	0.0000717793	223268	0.00000459089	217823
0.00000	0.00000	0.00000	2.87057	0.0000717801	0.00000	0.0000717801	223268	0.00000475208	210434
0.00000	0.00000	0.00000	2.87057	0.0000717827	0.00000	0.0000717827	223268	0.00000542998	184163
0.00000	0.00000	0.00000	2.87057	0.0000717845	0.00000	0.0000717845	223268	0.00000602043	166101
0.00000	0.00000	0.00000	2.87057	0.0000717814	0.00000	0.0000717814	223268	0.00000506847	197298
0.00000	0.00000	0.00000	2.87057	0.0000717848	0.00000	0.0000717848	223268	0.00000614186	162817
0.00000	0.00000	0.00000	2.87057	0.0000717838	0.00000	0.0000717838	223268	0.00000579143	172669
0.00000	0.00000	0.00000	2.87057	0.0000717867	0.00000	0.0000717867	223268	0.00000698746	143114
0.00000	0.00000	0.00000	2.87057	0.0000717863	0.00000	0.0000717863	223268	0.00000679263	147218
0.00000	0.00000	0.00000	2.87057	0.0000717874	0.00000	0.0000717874	223268	0.00000732356	136546
0.00000	0.00000	0.00000	2.87057	0.0000717891	0.00000	0.0000717891	223268	0.00000838187	119305
0.00000	0.00000	0.00000	2.87057	0.0000717900	0.00000	0.0000717900	223268	0.00000906830	110274
0.00000	0.00000	0.00000	2.87057	0.0000717885	0.00000	0.0000717885	223268	0.00000794452	125873
0.00000	0.00000	0.00000	2.87057	0.0000717904	0.00000	0.0000717904	223268	0.00000941891	106169
0.00000	0.00000	0.00000	2.87057	0.0000717899	0.00000	0.0000717899	223268	0.00000900129	111095
0.00000	0.00000	0.00000	2.87057	0.0000717933	0.00000	0.0000717933	223268	0.0000129141	77435.0
0.00000	0.00000	0.00000	2.87057	0.0000717917	0.00000	0.0000717917	223268	0.0000107488	93033.6
0.00000	0.00000	0.00000	2.87057	0.0000717898	0.00000	0.0000717898	223268	0.00000893526	111916
0.00000	0.00000	0.00000	2.87057	0.0000717917	0.00000	0.0000717917	223268	0.0000107488	93033.6
0.00000	0.00000	0.00000	2.87057	0.0000717910	0.00000	0.0000717910	223268	0.00000995793	100422
0.00000	0.00000	0.00000	2.87057	0.0000717918	0.00000	0.0000717918	223268	0.0000108445	92212.7
0.00000	0.00000	0.00000	2.87057	0.0000717936	0.00000	0.0000717936	223268	0.0000134860	74151.1
0.00000	0.00000	0.00000	2.87057	0.0000717928	0.00000	0.0000717928	223268	0.0000121417	82360.9
0.00000	0.00000	0.00000	2.87057	0.0000717912	0.00000	0.0000717912	223268	0.0000102083	97959.5
0.00000	0.00000	0.00000	2.87057	0.0000717915	0.00000	0.0000717915	223268	0.0000104716	95496.6
0.00000	0.00000	0.00000	2.87057	0.0000717902	0.00000	0.0000717902	223268	0.00000927546	107811
0.00000	0.00000	0.00000	2.87057	0.0000717946	0.00000	0.0000717946	223268	0.0000157534	63478.3
0.00000	0.00000	0.00000	2.87057	0.0000717962	0.00000	0.0000717962	223268	0.0000208857	47879.6
0.00000	0.00000	0.00000	2.87057	0.0000717963	0.00000	0.0000717963	223268	0.0000212501	47058.7
0.00000	0.00000	0.00000	2.87057	0.0000717951	0.00000	0.0000717951	223268	0.0000168426	59373.4
0.00000	0.00000	0.00000	2.87057	0.0000717945	0.00000	0.0000717945	223268	0.0000153562	65120.3
0.00000	0.00000	0.00000	2.87057	0.0000717944	0.00000	0.0000717944	223268	0.0000151650	65941.2
0.00000	0.00000	0.00000	2.87057	0.0000717945	0.00000	0.0000717945	223268	0.0000153562	65120.3
0.00000	0.00000	0.00000	2.87057	0.0000717916	0.00000	0.0000717916	223268	0.0000106548	93854.6
0.00000	0.00000	0.00000	2.87057	0.0000717964	0.00000	0.0000717964	223268	0.0000220183	45416.7
0.00000	0.00000	0.00000	2.87057	0.0000717936	0.00000	0.0000717936	223268	0.0000134860	74151.1
0.00000	0.00000	0.00000	2.87057	0.0000717941	0.00000	0.0000717941	223268	0.0000144456	69225.2
0.00000	0.00000	0.00000	2.87057	0.0000717959	0.00000	0.0000717959	223268	0.0000195452	51163.6
0.00000	0.00000	0.00000	2.87057	0.0000717959	0.00000	0.0000717959	223268	0.0000195452	51163.6
0.00000	0.00000	0.00000	2.87057	0.0000717976	0.00000	0.0000717976	223268	0.0000294786	33923.0
0.00000	0.00000	0.00000	2.87057	0.0000717947	0.00000	0.0000717947	223268	0.0000159598	62657.3
0.00000	0.00000	0.00000	2.87057	0.0000717947	0.00000	0.0000717947	223268	0.0000159598	62657.3
0.00000	0.00000	0.00000	2.87057	0.0000717952	0.00000	0.0000717952	223268	0.0000173216	57731.4
0.00000	0.00000	0.00000	2.87057	0.0000717962	0.00000	0.0000717962	223268	0.0000208857	47879.6
0.00000	0.00000	0.00000	2.87057	0.0000717941	0.00000	0.0000717941	223268	0.0000144456	69225.2
0.00000	0.00000	0.00000	2.87057	0.0000717952	0.00000	0.0000717952	223268	0.0000173216	57731.4
0.00000	0.00000	0.00000	2.87057	0.0000717958	0.00000	0.0000717958	223268	0.0000192365	51984.6
0.00000	0.00000	0.00000	2.87057	0.0000717963	0.00000	0.0000717963	223268	0.0000212501	47058.7
0.00000	0.00000	0.00000	2.87057	0.0000717980	0.00000	0.0000717980	223268	0.0000335367	29818.1
0.00000	0.00000	0.00000	2.87057	0.0000717958	0.00000	0.0000717958	223268	0.0000192365	51984.6
0.00000	0.00000	0.00000	2.87057	0.0000717980	0.00000	0.0000717980	223268	0.0000335367	29818.1
0.00000	0.00000	0.00000	2.87057	0.0000717973	0.00000	0.0000717973	223268	0.0000268767	37206.9
0.00000	0.00000	0.00000	2.87057	0.0000717963	0.00000	0.0000717963	223268	0.0000212501	47058.7
0.00000	0.00000	0.00000	2.87057	0.0000717966	0.00000	0.0000717966	223268	0.0000228442	43774.7
0.00000	0.00000	0.00000	2.87057	0.0000717974	0.00000	0.0000717974	223268	0.0000281176	35564.9
0.00000	0.00000	0.00000	2.87057	0.0000717977	0.00000	0.0000717977	223268	0.0000309780	32281.0
0.00000	0.00000	0.00000	2.87057	0.0000717980	0.00000	0.0000717980	223268	0.0000335151	29837.3
0.00000	0.00000	0.00000	2.87057	0.0000717978	0.00000	0.0000717978	223268	0.0000316835	31562.1
0.00000	0.00000	0.00000	2.87057	0.0000717953	0.00000	0.0000717953	223268	0.0000175062	57122.7
0.00000	0.00000	0.00000	2.87057	0.0000717973	0.00000	0.0000717973	223268	0.0000272515	36695.3
0.00000	0.00000	0.00000	2.80634	0.0000717979	0.00000	0.0000717979	215649	0.0000311756	32076.4
0.00000	0.00000	0.00000	2.56270	0.0000717966	0.00000	0.0000717966	189037	0.0000192151	52042.5
0.00000	0.00000	0.00000	2.31769	0.0000717982	0.00000	0.0000717982	165588	0.0000268763	37207.5
0.00000	0.00000	0.00000	2.08476	0.0000717989	0.00000	0.0000717989	145996	0.0000311564	32096.1
0.00000	0.00000	0.00000	1.86366	0.0000717984	0.00000	0.0000717984	129549	0.0000224190	44604.9
0.00000	0.00000	0.00000	1.65410	0.0000717959	0.00000	0.0000717959	115674	0.0000102625	97442.5
0.00000	0.00000	0.00000	1.45541	0.0000717989	0.00000	0.0000717989	103894	0.0000222575	44928.8
0.00000	0.00000	0.00000	1.26731	0.0000717997	0.00000	0.0000717997	93848.9	0.0000331559	30160.5
0.00000	0.00000	0.00000	1.09019	0.0000717965	0.00000	0.0000717965	85279.8	0.00000854903	116972
0.00000	0.00000	0.00000	0.924301	0.0000717990	0.00000	0.0000717990	77965.1	0.0000181749	55020.8
0.00000	0.00000	0.00000	0.771169	0.0000717997	0.00000	0.0000717997	71771.1	0.0000254477	39296.3
0.00000	0.00000	0.00000	0.632365	0.0000717977	0.00000	0.0000717977	66582.9	0.00000922583	108391
0.00000	0.00000	0.00000	0.510769	0.0000717991	0.00000	0.0000717991	62347.0	0.0000152107	65743.2
0.00000	0.00000	0.00000	0.406489	0.0000718012	0.00000	0.0000718012	58929.6	-0.0000881529	-11343.9
0.00000	0.00000	0.00000	0.318020	0.0000717989	0.00000	0.0000717989	56177.6	0.0000120919	82700.2
0.00000	0.00000	0.00000	0.244103	0.0000717996	0.00000	0.0000717996	53977.1	0.0000180211	55490.4
0.00000	0.00000	0.00000	0.183029	0.0000718006	0.00000	0.0000718006	52224.2	0.0000657049	15219.6
0.00000	0.00000	0.00000	0.132326	0.0000718004	0.00000	0.0000718004	50812.2	0.0000437735	22844.9
0.00000	0.00000	0.00000	0.0910538	0.0000718008	0.00000	0.0000718008	49691.1	0.000203795	4906.90
0.00000	0.00000	0.00000	0.0574282	0.0000717999	0.00000	0.0000717999	48796.0	0.0000199733	50066.7
0.00000	0.00000	0.00000	0.0305128	0.0000717995	0.00000	0.0000717995	48091.1	0.0000143159	69852.6
0.00000	0.00000	0.00000	0.00850677	0.0000717982	0.00000	0.0000717982	47522.5	0.00000777965	128541
0.00000	0.00000	0.00000	-0.0101123	0.0000717982	0.00000	0.0000717982	47046.5	0.00000770193	129838
0.00000	0.00000	0.00000	-0.0256138	0.0000717981	0.00000	0.0000717981	46653.9	0.00000720537	138785
0.00000	0.00000	0.00000	-0.0390866	0.0000717991	0.00000	0.0000717991	46315.4	0.0000113188	88348.4
0.00000	0.00000	0.00000	-0.0504882	0.0000717990	0.00000	0.0000717990	46030.9	0.0000103245	96856.9
0.00000	0.00000	0.00000	-0.0604107	0.0000717991	0.00000	0.0000717991	45784.5	0.0000111895	89369.5
0.00000	0.00000	0.00000	-0.0691946	0.0000718008	0.00000	0.0000718008	45567.6	0.000107043	9342.01
0.00000	0.00000	0.00000	-0.0770867	0.0000717977	0.00000	0.0000717977	45373.6	0.00000613904	162892
0.00000	0.00000	0.00000	-0.0838868	0.0000717979	0.00000	0.0000717979	45207.2	0.00000660824	151326
0.00000	0.00000	0.00000	-0.0898024	0.0000718002	0.00000	0.0000718002	45062.9	0.0000263737	37916.6
0.00000	0.00000	0.00000	-0.0949682	0.0000718007	0.00000	0.0000718007	44937.2	0.0000738129	13547.8
0.00000	0.00000	0.00000	-0.0993427	0.0000717998	0.00000	0.0000717998	44831.1	0.0000170781	58554.4
0.00000	0.00000	0.00000	-0.103230	0.0000717981	0.00000	0.0000717981	44736.9	0.00000690990	144720
0.00000	0.00000	0.00000	-0.106714	0.0000717999	0.00000	0.0000717999	44652.8	0.0000197718	50577.2
0.00000	0.00000	0.00000	-0.109608	0.0000717975	0.00000	0.0000717975	44583.0	0.00000574719	173998
0.00000	0.00000	0.00000	-0.112503	0.0000718003	0.00000	0.0000718003	44513.2	0.0000291858	34263.3
0.00000	0.00000	0.00000	-0.114740	0.0000717991	0.00000	0.0000717991	44459.5	0.0000104008	96146.8
0.00000	0.00000	0.00000	-0.116639	0.0000717989	0.00000	0.0000717989	44413.9	0.00000956944	104499
0.00000	0.00000	0.00000	-0.118373	0.0000717971	0.00000	0.0000717971	44372.2	0.00000511567	195478
0.00000	0.00000	0.00000	-0.119904	0.0000718016	0.00000	0.0000718016	44335.5	-0.0000314959	-31750.2
0.00000	0.00000	0.00000	-0.121151	0.0000717975	0.00000	0.0000717975	44305.6	0.00000571149	175086
0.00000	0.00000	0.00000	-0.122191	0.0000717976	0.00000	0.0000717976	44280.8	0.00000584644	171044
0.00000	0.00000	0.00000	-0.123343	0.0000717964	0.00000	0.0000717964	44253.1	0.00000428666	233282
0.00000	0.00000	0.00000	-0.124533	0.0000717999	0.00000	0.0000717999	44224.8	0.0000195834	51063.7
0.00000	0.00000	0.00000	-0.125344	0.0000717995	0.00000	0.0000717995	44205.4	0.0000131640	75965.0
0.00000	0.00000	0.00000	-0.125908	0.0000717986	0.00000	0.0000717986	44191.9	0.00000822275	121614
0.00000	0.00000	0.00000	-0.126450	0.0000717976	0.00000	0.0000717976	44178.9	0.00000583303	171437
0.00000	0.00000	0.00000	-0.126760	0.0000717956	0.00000	0.0000717956	44171.5	0.00000368924	271059
0.00000	0.00000	0.00000	-0.126892	0.0000717982	0.00000	0.0000717982	44168.4	0.00000702111	142428
0.00000	0.00000	0.00000	-0.126804	0.0000717995	0.00000	0.0000717995	44170.5	0.0000131538	76023.8
0.00000	0.00000	0.00000	-0.126420	0.0000717986	0.00000	0.0000717986	44179.6	0.00000851081	117498
0.00000	0.00000	0.00000	-0.126024	0.0000717991	0.00000	0.0000717991	44189.1	0.0000103378	96732.0
0.00000	0.00000	0.00000	-0.125457	0.0000717976	0.00000	0.0000717976	44202.6	0.00000583619	171345
0.00000	0.00000	0.00000	-0.125229	0.0000717992	0.00000	0.0000717992	44208.1	0.0000113125	88397.9
0.00000	0.00000	0.00000	-0.124823	0.0000717968	0.00000	0.0000717968	44217.8	0.00000479400	208594
0.00000	0.00000	0.00000	-0.124286	0.0000717979	0.00000	0.0000717979	44230.6	0.00000646582	154659
0.00000	0.00000	0.00000	-0.124003	0.0000717960	0.00000	0.0000717960	44237.4	0.00000400101	249937
0.00000	0.00000	0.00000	-0.123440	0.0000718000	0.00000	0.0000718000	44250.9	0.0000213266	46889.8
0.00000	0.00000	0.00000	-0.122757	0.0000717985	0.00000	0.0000717985	44267.2	0.00000796517	125547
0.00000	0.00000	0.00000	-0.122318	0.0000717982	0.00000	0.0000717982	44277.8	0.00000724973	137936
0.00000	0.00000	0.00000	-0.122065	0.0000717994	0.00000	0.0000717994	44283.8	0.0000125049	79968.7
0.00000	0.00000	0.00000	-0.121712	0.0000717990	0.00000	0.0000717990	44292.2	0.00000993587	100645
0.00000	0.00000	0.00000	-0.121377	0.0000717985	0.00000	0.0000717985	44300.2	0.00000797111	125453
0.00000	0.00000	0.00000	-0.121108	0.0000717977	0.00000	0.0000717977	44306.8	0.00000614749	162668
0.00000	0.00000	0.00000	-0.120924	0.0000717974	0.00000	0.0000717974	44311.1	0.00000558040	179198
0.00000	0.00000	0.00000	-0.120604	0.0000718007	0.00000	0.0000718007	44318.8	0.0000728282	13730.9
0.00000	0.00000	0.00000	-0.119892	0.0000717975	0.00000	0.0000717975	44335.8	0.00000571543	174965
0.00000	0.00000	0.00000	-0.119783	0.0000717976	0.00000	0.0000717976	44338.5	0.00000585411	170820
0.00000	0.00000	0.00000	-0.119579	0.0000717999	0.00000	0.0000717999	44343.2	0.0000181619	55060.4
0.00000	0.00000	0.00000	-0.119672	0.0000717991	0.00000	0.0000717991	44341.1	0.0000103733	96401.7
0.00000	0.00000	0.00000	-0.119785	0.0000717976	0.00000	0.0000717976	44338.4	0.00000585406	170822
0.00000	0.00000	0.00000	-0.119980	0.0000717989	0.00000	0.0000717989	44333.8	0.00000955225	104687
0.00000	0.00000	0.00000	-0.120543	0.0000717995	0.00000	0.0000717995	44320.2	0.0000139600	71633.1
0.00000	0.00000	0.00000	-0.121323	0.0000717987	0.00000	0.0000717987	44301.5	0.00000884653	113039
0.00000	0.00000	0.00000	-0.122284	0.0000717987	0.00000	0.0000717987	44278.5	0.00000884194	113097
0.00000	0.00000	0.00000	-0.123178	0.0000717982	0.00000	0.0000717982	44257.1	0.00000724627	138002
0.00000	0.00000	0.00000	-0.124113	0.0000717999	0.00000	0.0000717999	44234.8	0.0000181172	55196.2
0.00000	0.00000	0.00000	-0.124801	0.0000718008	0.00000	0.0000718008	44218.4	0.000182717	5472.95
0.00000	0.00000	0.00000	-0.125556	0.0000717974	0.00000	0.0000717974	44200.2	0.00000556639	179650
0.00000	0.00000	0.00000	-0.126321	0.0000717979	0.00000	0.0000717979	44182.0	0.00000645864	154831
0.00000	0.00000	0.00000	-0.126903	0.0000718017	0.00000	0.0000718017	44168.1	-0.0000277614	-36021.2
0.00000	0.00000	0.00000	-0.127910	0.0000717988	0.00000	0.0000717988	44144.0	0.00000915003	109289
0.00000	0.00000	0.00000	-0.128567	0.0000717976	0.00000	0.0000717976	44128.4	0.00000582634	171634
0.00000	0.00000	0.00000	-0.129065	0.0000717975	0.00000	0.0000717975	44116.5	0.00000568714	175835
0.00000	0.00000	0.00000	-0.129678	0.0000717968	0.00000	0.0000717968	44101.9	0.00000468823	213300
0.00000	0.00000	0.00000	-0.130052	0.0000717992	0.00000	0.0000717992	44093.0	0.0000112829	88630.0
0.00000	0.00000	0.00000	-0.130494	0.0000717990	0.00000	0.0000717990	44082.5	0.00000988871	101125
0.00000	0.00000	0.00000	-0.130805	0.0000717968	0.00000	0.0000717968	44075.0	0.00000477849	209271
0.00000	0.00000	0.00000	-0.131238	0.0000717998	0.00000	0.0000717998	44064.8	0.0000167874	59568.4
0.00000	0.00000	0.00000	-0.131929	0.0000717977	0.00000	0.0000717977	44048.2	0.00000596001	167785
0.00000	0.00000	0.00000	-0.132330	0.0000718002	0.00000	0.0000718002	44038.8	0.0000257785	38792.1
0.00000	0.00000	0.00000	-0.132599	0.0000717975	0.00000	0.0000717975	44032.2	0.00000567630	176171
0.00000	0.00000	0.00000	-0.132820	0.0000718004	0.00000	0.0000718004	44027.0	0.0000328134	30475.3
0.00000	0.00000	0.00000	-0.132834	0.0000717977	0.00000	0.0000717977	44026.8	0.00000595714	167866
0.00000	0.00000	0.00000	-0.132876	0.0000717972	0.00000	0.0000717972	44025.8	0.00000518537	192850
0.00000	0.00000	0.00000	-0.132527	0.0000717977	0.00000	0.0000717977	44034.0	0.00000610966	163675
0.00000	0.00000	0.00000	-0.132121	0.0000717977	0.00000	0.0000717977	44043.6	0.00000595943	167801
0.00000	0.00000	0.00000	-0.131550	0.0000718004	0.00000	0.0000718004	44057.2	0.0000380324	26293.4
0.00000	0.00000	0.00000	-0.130904	0.0000717985	0.00000	0.0000717985	44072.6	0.00000793017	126101
0.00000	0.00000	0.00000	-0.130364	0.0000717988	0.00000	0.0000717988	44085.5	0.00000913804	109433
0.00000	0.00000	0.00000	-0.129856	0.0000717986	0.00000	0.0000717986	44097.6	0.00000849503	117716
0.00000	0.00000	0.00000	-0.129404	0.0000717995	0.00000	0.0000717995	44108.4	0.0000131353	76130.6
0.00000	0.00000	0.00000	-0.128905	0.0000718007	0.00000	0.0000718007	44120.4	0.0000725051	13792.1
0.00000	0.00000	0.00000	-0.128390	0.0000718007	0.00000	0.0000718007	44132.6	0.0000725248	13788.4
0.00000	0.00000	0.00000	-0.127634	0.0000718002	0.00000	0.0000718002	44150.6	0.0000258445	38693.0
0.00000	0.00000	0.00000	-0.127067	0.0000717995	0.00000	0.0000717995	44164.1	0.0000131519	76034.8
0.00000	0.00000	0.00000	-0.126677	0.0000717995	0.00000	0.0000717995	44173.5	0.0000139142	71869.2
0.00000	0.00000	0.00000	-0.126256	0.0000717996	0.00000	0.0000717996	44183.5	0.0000147701	67704.4
0.00000	0.00000	0.00000	-0.125944	0.0000718002	0.00000	0.0000718002	44191.0	0.0000258681	38657.7
0.00000	0.00000	0.00000	-0.125637	0.0000717968	0.00000	0.0000717968	44198.4	0.00000479189	208686
0.00000	0.00000	0.00000	-0.125271	0.0000717990	0.00000	0.0000717990	44207.1	0.00000991679	100839
0.00000	0.00000	0.00000	-0.124995	0.0000718021	0.00000	0.0000718021	44213.8	-0.0000176323	-56714.3
0.00000	0.00000	0.00000	-0.124385	0.0000717988	0.00000	0.0000717988	44228.2	0.00000916758	109080
0.00000	0.00000	0.00000	-0.124007	0.0000717996	0.00000	0.0000717996	44237.2	0.0000147880	67622.6
0.00000	0.00000	0.00000	-0.123891	0.0000717979	0.00000	0.0000717979	44240.1	0.00000646717	154627
0.00000	0.00000	0.00000	-0.123686	0.0000718003	0.00000	0.0000718003	44245.0	0.0000290118	34468.7
0.00000	0.00000	0.00000	-0.123729	0.0000717992	0.00000	0.0000717992	44244.0	0.0000113215	88327.6
0.00000	0.00000	0.00000	-0.123911	0.0000717999	0.00000	0.0000717999	44239.6	0.0000195899	51046.8
0.00000	0.00000	0.00000	-0.124228	0.0000717997	0.00000	0.0000717997	44232.0	0.0000157510	63487.9
0.00000	0.00000	0.00000	-0.124925	0.0000718004	0.00000	0.0000718004	44215.4	0.0000381659	26201.4
0.00000	0.00000	0.00000	-0.125841	0.0000717962	0.00000	0.0000717962	44193.5	0.00000413408	241892
0.00000	0.00000	0.00000	-0.126715	0.0000717966	0.00000	0.0000717966	44172.6	0.00000451961	221258
0.00000	0.00000	0.00000	-0.127552	0.0000717969	0.00000	0.0000717969	44152.6	0.00000488395	204752
0.00000	0.00000	0.00000	-0.128288	0.0000717998	0.00000	0.0000717998	44135.0	0.0000168141	59474.0
0.00000	0.00000	0.00000	-0.128886	0.0000717999	0.00000	0.0000717999	44120.8	0.0000180705	55338.8
0.00000	0.00000	0.00000	-0.129652	0.0000717956	0.00000	0.0000717956	44102.5	0.00000368346	271484
0.00000	0.00000	0.00000	-0.130319	0.0000717974	0.00000	0.0000717974	44086.6	0.00000555209	180112
0.00000	0.00000	0.00000	-0.131035	0.0000717977	0.00000	0.0000717977	44069.5	0.00000596287	167704
0.00000	0.00000	0.00000	-0.131798	0.0000717952	0.00000	0.0000717952	44051.4	0.00000341759	292604
0.00000	0.00000	0.00000	-0.132192	0.0000717988	0.00000	0.0000717988	44042.0	0.00000912890	109542
0.00000	0.00000	0.00000	-0.132733	0.0000717960	0.00000	0.0000717960	44029.1	0.00000398215	251120
0.00000	0.00000	0.00000	-0.133233	0.0000717964	0.00000	0.0000717964	44017.2	0.00000434090	230367
0.00000	0.00000	0.00000	-0.133611	0.0000717964	0.00000	0.0000717964	44008.2	0.00000426295	234579
0.00000	0.00000	0.00000	-0.133938	0.0000717971	0.00000	0.0000717971	44000.5	0.00000507284	197128
0.00000	0.00000	0.00000	-0.134164	0.0000717989	0.00000	0.0000717989	43995.1	0.00000947935	105492
0.00000	0.00000	0.00000	-0.134729	0.0000717987	0.00000	0.0000717987	43981.6	0.00000878272	113860
0.00000	0.00000	0.00000	-0.135267	0.0000717974	0.00000	0.0000717974	43968.9	0.00000553728	180594
0.00000	0.00000	0.00000	-0.135481	0.0000717985	0.00000	0.0000717985	43963.8	0.00000791053	126414
0.00000	0.00000	0.00000	-0.135700	0.0000717995	0.00000	0.0000717995	43958.5	0.0000138464	72220.9
0.00000	0.00000	0.00000	-0.135927	0.0000717982	0.00000	0.0000717982	43953.2	0.00000698692	143125
0.00000	0.00000	0.00000	-0.135809	0.0000717964	0.00000	0.0000717964	43956.0	0.00000433488	230687
0.00000	0.00000	0.00000	-0.135383	0.0000717982	0.00000	0.0000717982	43966.1	0.00000698897	143083
0.00000	0.00000	0.00000	-0.134986	0.0000717969	0.00000	0.0000717969	43975.5	0.00000486440	205575
0.00000	0.00000	0.00000	-0.134349	0.0000718008	0.00000	0.0000718008	43990.6	0.000103454	9666.14
0.00000	0.00000	0.00000	-0.133807	0.0000717979	0.00000	0.0000717979	44003.6	0.00000643264	155457
0.00000	0.00000	0.00000	-0.133329	0.0000717986	0.00000	0.0000717986	44015.0	0.00000847912	117937
0.00000	0.00000	0.00000	-0.132709	0.0000717975	0.00000	0.0000717975	44029.6	0.00000567599	176181
0.00000	0.00000	0.00000	-0.132321	0.0000717993	0.00000	0.0000717993	44038.9	0.0000118238	84575.1
0.00000	0.00000	0.00000	-0.131694	0.0000717973	0.00000	0.0000717973	44053.9	0.00000542284	184405
0.00000	0.00000	0.00000	-0.131123	0.0000717991	0.00000	0.0000717991	44067.5	0.0000103094	96998.8
0.00000	0.00000	0.00000	-0.130615	0.0000717995	0.00000	0.0000717995	44079.6	0.0000138846	72022.0
0.00000	0.00000	0.00000	-0.129755	0.0000717999	0.00000	0.0000717999	44100.0	0.0000180625	55363.2
0.00000	0.00000	0.00000	-0.129376	0.0000718006	0.00000	0.0000718006	44109.1	0.0000557056	17951.5
0.00000	0.00000	0.00000	-0.128997	0.0000717982	0.00000	0.0000717982	44118.1	0.00000722360	138435
0.00000	0.00000	0.00000	-0.128491	0.0000718001	0.00000	0.0000718001	44130.2	0.0000233293	42864.5
0.00000	0.00000	0.00000	-0.128237	0.0000717982	0.00000	0.0000717982	44136.2	0.00000701601	142531
0.00000	0.00000	0.00000	-0.127848	0.0000717979	0.00000	0.0000717979	44145.5	0.00000645337	154958
0.00000	0.00000	0.00000	-0.127613	0.0000717996	0.00000	0.0000717996	44151.1	0.0000147593	67754.0
0.00000	0.00000	0.00000	-0.127055	0.0000717974	0.00000	0.0000717974	44164.5	0.00000556193	179794
0.00000	0.00000	0.00000	-0.126489	0.0000717982	0.00000	0.0000717982	44178.0	0.00000723338	138248
0.00000	0.00000	0.00000	-0.126279	0.0000717986	0.00000	0.0000717986	44183.0	0.00000851142	117489
0.00000	0.00000	0.00000	-0.126131	0.0000717969	0.00000	0.0000717969	44186.5	0.00000488772	204595
0.00000	0.00000	0.00000	-0.126079	0.0000717983	0.00000	0.0000717983	44187.8	0.00000745879	134070
0.00000	0.00000	0.00000	-0.126170	0.0000718011	0.00000	0.0000718011	44185.6	-0.000143507	-6968.32
0.00000	0.00000	0.00000	-0.126473	0.0000717992	0.00000	0.0000717992	44178.4	0.0000113046	88459.2
0.00000	0.00000	0.00000	-0.126989	0.0000718018	0.00000	0.0000718018	44166.0	-0.0000225615	-44323.2
0.00000	0.00000	0.00000	-0.127820	0.0000717972	0.00000	0.0000717972	44146.2	0.00000519951	192326
0.00000	0.00000	0.00000	-0.128703	0.0000717977	0.00000	0.0000717977	44125.1	0.00000612223	163339
0.00000	0.00000	0.00000	-0.129469	0.0000717968	0.00000	0.0000717968	44106.9	0.00000478194	209120
0.00000	0.00000	0.00000	-0.130233	0.0000717973	0.00000	0.0000717973	44088.6	0.00000530731	188419
0.00000	0.00000	0.00000	-0.130851	0.0000717991	0.00000	0.0000717991	44074.0	0.0000103107	96986.3
0.00000	0.00000	0.00000	-0.131568	0.0000717969	0.00000	0.0000717969	44056.9	0.00000487336	205197
0.00000	0.00000	0.00000	-0.132091	0.0000717988	0.00000	0.0000717988	44044.4	0.00000912937	109537
0.00000	0.00000	0.00000	-0.132873	0.0000717978	0.00000	0.0000717978	44025.9	0.00000626788	159544
0.00000	0.00000	0.00000	-0.133584	0.0000717986	0.00000	0.0000717986	44008.9	0.00000847783	117955
0.00000	0.00000	0.00000	-0.134082	0.0000718008	0.00000	0.0000718008	43997.0	0.000103454	9666.15
0.00000	0.00000	0.00000	-0.134530	0.0000717977	0.00000	0.0000717977	43986.4	0.00000610300	163854
0.00000	0.00000	0.00000	-0.135115	0.0000717996	0.00000	0.0000717996	43972.5	0.0000146993	68030.2
0.00000	0.00000	0.00000	-0.135361	0.0000717956	0.00000	0.0000717956	43966.6	0.00000367211	272323
0.00000	0.00000	0.00000	-0.135779	0.0000717971	0.00000	0.0000717971	43956.8	0.00000506780	197324
0.00000	0.00000	0.00000	-0.135949	0.0000717982	0.00000	0.0000717982	43952.6	0.00000719645	138957
0.00000	0.00000	0.00000	-0.136375	0.0000717966	0.00000	0.0000717966	43942.5	0.00000449608	222416
0.00000	0.00000	0.00000	-0.136988	0.0000717977	0.00000	0.0000717977	43927.9	0.00000609490	164072
0.00000	0.00000	0.00000	-0.137264	0.0000717979	0.00000	0.0000717979	43921.4	0.00000642058	155749
0.00000	0.00000	0.00000	-0.137401	0.0000717977	0.00000	0.0000717977	43918.1	0.00000594243	168281
0.00000	0.00000	0.00000	-0.137581	0.0000717977	0.00000	0.0000717977	43913.9	0.00000609298	164123
0.00000	0.00000	0.00000	-0.137484	0.0000717955	0.00000	0.0000717955	43916.1	0.00000361261	276808
0.00000	0.00000	0.00000	-0.137368	0.0000717968	0.00000	0.0000717968	43918.9	0.00000476159	210014
0.00000	0.00000	0.00000	-0.136951	0.0000717973	0.00000	0.0000717973	43928.9	0.00000528813	189103
0.00000	0.00000	0.00000	-0.136412	0.0000717955	0.00000	0.0000717955	43941.6	0.00000361471	276648
0.00000	0.00000	0.00000	-0.135742	0.0000717990	0.00000	0.0000717990	43957.5	0.00000986082	101411
0.00000	0.00000	0.00000	-0.135140	0.0000717951	0.00000	0.0000717951	43971.9	0.00000336360	297300
0.00000	0.00000	0.00000	-0.134548	0.0000717990	0.00000	0.0000717990	43985.9	0.00000986718	101346
0.00000	0.00000	0.00000	-0.134094	0.0000717982	0.00000	0.0000717982	43996.8	0.00000720375	138817
0.00000	0.00000	0.00000	-0.133536	0.0000717971	0.00000	0.0000717971	44010.0	0.00000507398	197084
0.00000	0.00000	0.00000	-0.132966	0.0000717982	0.00000	0.0000717982	44023.5	0.00000699810	142896
0.00000	0.00000	0.00000	-0.132370	0.0000718002	0.00000	0.0000718002	44037.8	0.0000257785	38792.0
0.00000	0.00000	0.00000	-0.131635	0.0000717984	0.00000	0.0000717984	44055.2	0.00000767393	130311
0.00000	0.00000	0.00000	-0.131145	0.0000717986	0.00000	0.0000717986	44066.9	0.00000819956	121958
0.00000	0.00000	0.00000	-0.130758	0.0000717976	0.00000	0.0000717976	44076.1	0.00000581949	171837
0.00000	0.00000	0.00000	-0.130285	0.0000717990	0.00000	0.0000717990	44087.4	0.00000988993	101113
0.00000	0.00000	0.00000	-0.129966	0.0000717999	0.00000	0.0000717999	44095.0	0.0000195265	51212.5
0.00000	0.00000	0.00000	-0.129518	0.0000717979	0.00000	0.0000717979	44105.6	0.00000644754	155098
0.00000	0.00000	0.00000	-0.129303	0.0000717991	0.00000	0.0000717991	44110.9	0.0000107819	92748.2
0.00000	0.00000	0.00000	-0.128763	0.0000717970	0.00000	0.0000717970	44123.8	0.00000498180	200731
0.00000	0.00000	0.00000	-0.128096	0.0000717977	0.00000	0.0000717977	44139.6	0.00000612429	163284
0.00000	0.00000	0.00000	-0.127932	0.0000717991	0.00000	0.0000717991	44143.5	0.0000107898	92680.2
0.00000	0.00000	0.00000	-0.127689	0.0000717990	0.00000	0.0000717990	44149.4	0.00000990376	100972
0.00000	0.00000	0.00000	-0.127602	0.0000717975	0.00000	0.0000717975	44151.4	0.00000569164	175696
0.00000	0.00000	0.00000	-0.127657	0.0000718021	0.00000	0.0000718021	44150.1	-0.0000176073	-56794.7
0.00000	0.00000	0.00000	-0.127826	0.0000717995	0.00000	0.0000717995	44146.1	0.0000131462	76067.5
0.00000	0.00000	0.00000	-0.128277	0.0000717995	0.00000	0.0000717995	44135.2	0.0000139018	71933.2
0.00000	0.00000	0.00000	-0.129052	0.0000717965	0.00000	0.0000717965	44116.8	0.00000443080	225693
0.00000	0.00000	0.00000	-0.129888	0.0000718012	0.00000	0.0000718012	44096.9	-0.0000897744	-11139.0
0.00000	0.00000	0.00000	-0.130753	0.0000717966	0.00000	0.0000717966	44076.2	0.00000450975	221742
0.00000	0.00000	0.00000	-0.131399	0.0000718002	0.00000	0.0000718002	44060.9	0.0000257909	38773.4
0.00000	0.00000	0.00000	-0.132048	0.0000717999	0.00000	0.0000717999	44045.5	0.0000180397	55433.3
0.00000	0.00000	0.00000	-0.132627	0.0000717991	0.00000	0.0000717991	44031.6	0.0000107623	92916.8
0.00000	0.00000	0.00000	-0.133373	0.0000717979	0.00000	0.0000717979	44013.9	0.00000643407	155423
0.00000	0.00000	0.00000	-0.133944	0.0000717979	0.00000	0.0000717979	44000.2	0.00000643208	155471
0.00000	0.00000	0.00000	-0.134812	0.0000717976	0.00000	0.0000717976	43979.6	0.00000580670	172215
0.00000	0.00000	0.00000	-0.135320	0.0000717991	0.00000	0.0000717991	43967.6	0.0000102859	97220.6
0.00000	0.00000	0.00000	-0.135731	0.0000717982	0.00000	0.0000717982	43957.9	0.00000719731	138941
0.00000	0.00000	0.00000	-0.136219	0.0000717991	0.00000	0.0000717991	43946.2	0.0000107415	93096.7
0.00000	0.00000	0.00000	-0.136541	0.0000717979	0.00000	0.0000717979	43938.5	0.00000642306	155689
0.00000	0.00000	0.00000	-0.136884	0.0000717992	0.00000	0.0000717992	43930.5	0.0000112413	88957.7
0.00000	0.00000	0.00000	-0.137211	0.0000717980	0.00000	0.0000717980	43922.6	0.00000659752	151572
0.00000	0.00000	0.00000	-0.137414	0.0000718004	0.00000	0.0000718004	43917.9	0.0000379102	26378.1
0.00000	0.00000	0.00000	-0.138128	0.0000717975	0.00000	0.0000717975	43900.9	0.00000565935	176699
0.00000	0.00000	0.00000	-0.138325	0.0000717973	0.00000	0.0000717973	43896.2	0.00000528418	189244
0.00000	0.00000	0.00000	-0.138576	0.0000717976	0.00000	0.0000717976	43890.2	0.00000579493	172565
0.00000	0.00000	0.00000	-0.138794	0.0000717985	0.00000	0.0000717985	43885.1	0.00000789641	126640
0.00000	0.00000	0.00000	-0.138862	0.0000717971	0.00000	0.0000717971	43883.5	0.00000505939	197652
0.00000	0.00000	0.00000	-0.138574	0.0000717979	0.00000	0.0000717979	43890.4	0.00000641608	155858
0.00000	0.00000	0.00000	-0.138103	0.0000717994	0.00000	0.0000717994	43901.5	0.0000123970	80664.6
0.00000	0.00000	0.00000	-0.137576	0.0000717978	0.00000	0.0000717978	43914.0	0.00000625201	159949
0.00000	0.00000	0.00000	-0.136923	0.0000717986	0.00000	0.0000717986	43929.5	0.00000846264	118166
0.00000	0.00000	0.00000	-0.136369	0.0000717986	0.00000	0.0000717986	43942.6	0.00000817645	122302
0.00000	0.00000	0.00000	-0.135910	0.0000717970	0.00000	0.0000717970	43953.5	0.00000496259	201508
0.00000	0.00000	0.00000	-0.135365	0.0000717998	0.00000	0.0000717998	43966.5	0.0000167504	59700.0
0.00000	0.00000	0.00000	-0.134946	0.0000718005	0.00000	0.0000718005	43976.5	0.0000450991	22173.4
0.00000	0.00000	0.00000	-0.134242	0.0000717977	0.00000	0.0000717977	43993.2	0.00000595262	167993
0.00000	0.00000	0.00000	-0.133713	0.0000717996	0.00000	0.0000717996	44005.8	0.0000147107	67977.5
0.00000	0.00000	0.00000	-0.132997	0.0000717989	0.00000	0.0000717989	44022.9	0.00000948544	105425
0.00000	0.00000	0.00000	-0.132319	0.0000717988	0.00000	0.0000717988	44039.0	0.00000912839	109548
0.00000	0.00000	0.00000	-0.131987	0.0000717993	0.00000	0.0000717993	44046.9	0.0000118259	84560.0
0.00000	0.00000	0.00000	-0.131499	0.00000	0.00000	0.00000	44058.5	0.00000	0.00000
0.00000	0.00000	0.00000	-0.131044	0.00000	0.00000	0.00000	44069.4	0.00000	0.00000
