Vload_(V)	ILoad_(I)	RsLoad (ohm)	SunsVoc_Voltage_(V)	SunsVoc_Current_(A)	Model_Voltage_(V)	Model_Current_(I)	Carrier_Density_(cm-3)	Lifetime_(s)	Inverse_Lifetime_(s-1)
3.16429	6.41628	0.00000	65.6982	-0.579601	65.8613	-0.579601	4505730000000000	0.000270363	3665.03
3.16350	6.42354	-0.517243	65.7279	-0.426224	65.8472	-0.426224	4536900000000000	0.000278336	3558.61
5.77712	6.41190	4.92757	65.5697	0.0513040	65.5549	0.0513040	4372730000000000	0.000288390	3435.78
8.66866	6.40553	5.93551	65.3847	0.509517	65.2335	0.509517	4187470000000000	0.000297596	3331.16
11.4244	6.40525	5.54091	65.1944	0.936850	64.9076	0.936850	4004210000000000	0.000306765	3233.21
14.1792	6.40077	5.43125	65.0159	1.31572	64.6016	1.31572	3838720000000000	0.000315932	3140.78
17.0506	6.40244	4.90548	64.8352	1.66907	64.2949	1.66907	3677410000000000	0.000325183	3052.74
19.9005	6.40085	4.53393	64.6542	1.99469	63.9908	1.99469	3521770000000000	0.000334354	2970.25
22.8151	6.39720	4.18947	64.4785	2.29541	63.6954	2.29541	3376300000000000	0.000343935	2888.60
26.0577	6.35456	4.28847	64.3015	2.56915	63.4027	2.56915	3235010000000000	0.000352990	2815.57
28.9934	6.34344	3.90712	64.1314	2.82144	63.1208	2.82144	3104090000000000	0.000362476	2742.81
31.9097	6.34408	3.44301	63.9550	3.05816	62.8332	3.05816	2973240000000000	0.000371670	2675.88
34.8582	6.34528	2.97004	63.7840	3.27633	62.5548	3.27633	2850960000000000	0.000381147	2610.16
37.7252	6.33975	2.55385	63.6145	3.47792	62.2807	3.47792	2734030000000000	0.000390591	2547.81
40.6060	6.33350	2.13634	63.4473	3.66231	62.0128	3.66231	2622760000000000	0.000399783	2489.94
43.3200	6.36097	1.52144	63.2825	3.83763	61.7484	3.83763	2516890000000000	0.000409729	2430.12
46.1915	6.34635	1.17718	63.1159	3.99970	61.4843	3.99970	2413570000000000	0.000419260	2375.48
47.1163	6.33557	1.09661	62.9564	4.14603	61.2327	4.14603	2318090000000000	0.000428627	2324.11
48.0526	6.32436	1.00818	62.7939	4.28529	60.9782	4.28529	2224160000000000	0.000438136	2274.18
48.9887	6.30647	0.940477	62.6382	4.41332	60.7346	4.41332	2137180000000000	0.000447911	2225.00
49.9237	6.28610	0.868669	62.4808	4.53141	60.4913	4.53141	2052200000000000	0.000457049	2180.96
50.8779	6.25301	0.818287	62.3252	4.64041	60.2524	4.64041	1970970000000000	0.000465901	2139.93
51.8250	6.21711	0.757199	62.1721	4.74288	60.0181	4.74288	1893770000000000	0.000475064	2099.02
52.7547	6.16348	0.716723	62.0185	4.83945	59.7842	4.83945	1818840000000000	0.000484211	2059.73
53.7039	6.09462	0.675228	61.8657	4.92966	59.5527	4.92966	1746770000000000	0.000493242	2022.34
54.6236	6.00870	0.636567	61.7138	5.01407	59.3240	5.01407	1677550000000000	0.000502212	1986.52
55.5461	5.89798	0.600088	61.5627	5.09216	59.0980	5.09216	1610990000000000	0.000510727	1953.69
56.4537	5.75284	0.570375	61.4150	5.16486	58.8777	5.16486	1548040000000000	0.000519284	1921.75
57.3754	5.56434	0.541546	61.2684	5.23273	58.6601	5.23273	1487590000000000	0.000527619	1891.63
58.2781	5.32813	0.517132	61.1212	5.29727	58.4427	5.29727	1428930000000000	0.000536042	1862.13
59.1667	5.03587	0.492817	60.9713	5.35778	58.2228	5.35778	1371150000000000	0.000543771	1835.89
60.0469	4.67122	0.472402	60.8260	5.41457	58.0097	5.41457	1316980000000000	0.000551901	1809.04
60.9027	4.23435	0.455365	60.6849	5.46746	57.8033	5.46746	1266120000000000	0.000560162	1782.54
61.7261	3.72715	0.437287	60.5437	5.51773	57.5975	5.51773	1216870000000000	0.000568492	1756.58
62.5256	3.14937	0.420565	60.3970	5.56592	57.3850	5.56592	1167370000000000	0.000576277	1733.02
63.2759	2.52152	0.416748	60.2607	5.60969	57.1877	5.60969	1122930000000000	0.000584416	1709.02
63.9701	1.86177	0.421225	60.1223	5.65154	56.9880	5.65154	1079200000000000	0.000592398	1686.12
54.2958	6.04482	0.646302	59.9876	5.68995	56.7944	5.68995	1038030000000000	0.000599926	1665.08
65.5605	0.00000	0.00000	59.8494	5.72664	56.5968	5.72664	997133000000000	0.000606951	1645.93
0.00000	0.00000	0.00000	59.7175	5.76096	56.4082	5.76096	959363000000000	0.000614543	1625.70
0.00000	0.00000	0.00000	59.5809	5.79334	56.2143	5.79334	921518000000000	0.000620981	1608.95
0.00000	0.00000	0.00000	59.4506	5.82378	56.0291	5.82378	886568000000000	0.000628123	1590.74
0.00000	0.00000	0.00000	59.3154	5.85328	55.8377	5.85328	851464000000000	0.000634870	1573.92
0.00000	0.00000	0.00000	59.1830	5.87991	55.6514	5.87991	818238000000000	0.000640378	1560.47
0.00000	0.00000	0.00000	59.0537	5.90559	55.4692	5.90559	786811000000000	0.000646748	1545.17
0.00000	0.00000	0.00000	58.9264	5.92963	55.2905	5.92963	756897000000000	0.000652887	1530.71
0.00000	0.00000	0.00000	58.7994	5.95288	55.1121	5.95288	727965000000000	0.000659443	1515.55
0.00000	0.00000	0.00000	58.6697	5.97450	54.9310	5.97450	699396000000000	0.000664570	1503.92
0.00000	0.00000	0.00000	58.5448	5.99540	54.7564	5.99540	672782000000000	0.000671028	1489.50
0.00000	0.00000	0.00000	58.4168	6.01476	54.5785	6.01476	646401000000000	0.000675794	1479.05
0.00000	0.00000	0.00000	58.2938	6.03284	54.4075	6.03284	621847000000000	0.000680776	1468.27
0.00000	0.00000	0.00000	58.1688	6.05094	54.2338	6.05094	597718000000000	0.000686789	1455.46
0.00000	0.00000	0.00000	58.0457	6.06738	54.0634	6.06738	574736000000000	0.000691487	1445.61
0.00000	0.00000	0.00000	57.9243	6.08288	53.8957	6.08288	552810000000000	0.000696036	1436.20
0.00000	0.00000	0.00000	57.8022	6.09776	53.7273	6.09776	531471000000000	0.000700437	1427.21
0.00000	0.00000	0.00000	57.6857	6.11118	53.5670	6.11118	511772000000000	0.000704131	1419.76
0.00000	0.00000	0.00000	57.5643	6.12450	53.4000	6.12450	491888000000000	0.000707662	1412.70
0.00000	0.00000	0.00000	57.4472	6.13687	53.2394	6.13687	473355000000000	0.000711152	1405.80
0.00000	0.00000	0.00000	57.3298	6.14922	53.0782	6.14922	455378000000000	0.000715790	1396.71
0.00000	0.00000	0.00000	57.2103	6.16030	52.9149	6.16030	437675000000000	0.000717733	1392.96
0.00000	0.00000	0.00000	57.0950	6.17125	52.7571	6.17125	421165000000000	0.000721522	1385.67
0.00000	0.00000	0.00000	56.9741	6.18231	52.5919	6.18231	404433000000000	0.000725618	1377.86
0.00000	0.00000	0.00000	56.8574	6.19213	52.4328	6.19213	388826000000000	0.000728182	1373.03
0.00000	0.00000	0.00000	56.7391	6.20154	52.2718	6.20154	373541000000000	0.000730207	1369.24
0.00000	0.00000	0.00000	56.6231	6.21101	52.1136	6.21101	359057000000000	0.000734258	1361.71
0.00000	0.00000	0.00000	56.5111	6.21949	51.9614	6.21949	345550000000000	0.000737096	1356.48
0.00000	0.00000	0.00000	56.3931	6.22721	51.8017	6.22721	331801000000000	0.000736689	1357.24
0.00000	0.00000	0.00000	56.2815	6.23554	51.6499	6.23554	319238000000000	0.000741440	1348.56
0.00000	0.00000	0.00000	56.1692	6.24206	51.4984	6.24206	307018000000000	0.000739729	1351.69
0.00000	0.00000	0.00000	56.0531	6.25005	51.3407	6.25005	294824000000000	0.000744532	1342.98
0.00000	0.00000	0.00000	55.9456	6.25610	51.1957	6.25610	283918000000000	0.000744056	1343.85
0.00000	0.00000	0.00000	55.8300	6.26357	51.0390	6.26357	272594000000000	0.000749333	1334.40
0.00000	0.00000	0.00000	55.7194	6.26872	50.8906	6.26872	262135000000000	0.000745695	1340.92
0.00000	0.00000	0.00000	55.6126	6.27526	50.7458	6.27526	252374000000000	0.000751242	1331.02
0.00000	0.00000	0.00000	55.5001	6.28051	50.5947	6.28051	242450000000000	0.000749634	1333.89
0.00000	0.00000	0.00000	55.3919	6.28599	50.4489	6.28599	233234000000000	0.000751434	1330.70
0.00000	0.00000	0.00000	55.2840	6.29172	50.3032	6.29172	224356000000000	0.000756090	1322.51
0.00000	0.00000	0.00000	55.1728	6.29576	50.1545	6.29576	215530000000000	0.000750713	1331.99
0.00000	0.00000	0.00000	55.0650	6.30086	50.0094	6.30086	207278000000000	0.000753867	1326.42
0.00000	0.00000	0.00000	54.9558	6.30556	49.8626	6.30556	199206000000000	0.000755264	1323.97
0.00000	0.00000	0.00000	54.8463	6.30922	49.7163	6.30922	191402000000000	0.000750462	1332.45
0.00000	0.00000	0.00000	54.7397	6.31356	49.5733	6.31356	184079000000000	0.000752225	1329.33
0.00000	0.00000	0.00000	54.6298	6.31846	49.4253	6.31846	176794000000000	0.000758651	1318.08
0.00000	0.00000	0.00000	54.5233	6.32133	49.2834	6.32133	169985000000000	0.000751490	1330.64
0.00000	0.00000	0.00000	54.4140	6.32439	49.1378	6.32439	163253000000000	0.000745750	1340.89
0.00000	0.00000	0.00000	54.3066	6.32815	48.9939	6.32815	156876000000000	0.000747200	1338.29
0.00000	0.00000	0.00000	54.2007	6.33211	48.8518	6.33211	150813000000000	0.000752128	1329.52
0.00000	0.00000	0.00000	54.0941	6.33489	48.7098	6.33489	144934000000000	0.000747526	1337.71
0.00000	0.00000	0.00000	53.9862	6.33741	48.5662	6.33741	139194000000000	0.000740847	1349.77
0.00000	0.00000	0.00000	53.8824	6.34046	48.4276	6.34046	133880000000000	0.000741230	1349.08
0.00000	0.00000	0.00000	53.7754	6.34423	48.2840	6.34423	128593000000000	0.000749168	1334.79
0.00000	0.00000	0.00000	53.6679	6.34689	48.1409	6.34689	123485000000000	0.000746994	1338.67
0.00000	0.00000	0.00000	53.5655	6.34894	48.0048	6.34894	118791000000000	0.000740518	1350.38
0.00000	0.00000	0.00000	53.4555	6.35101	47.8588	6.35101	113939000000000	0.000732776	1364.65
0.00000	0.00000	0.00000	53.3520	6.35315	47.7212	6.35315	109545000000000	0.000728366	1372.92
0.00000	0.00000	0.00000	53.2496	6.35585	47.5845	6.35585	105355000000000	0.000731799	1366.48
0.00000	0.00000	0.00000	53.1417	6.35876	47.4405	6.35876	101104000000000	0.000737804	1355.36
0.00000	0.00000	0.00000	53.0377	6.36073	47.3022	6.36073	97157600000000	0.000734135	1362.13
0.00000	0.00000	0.00000	52.9308	6.36231	47.1605	6.36231	93255500000000	0.000725306	1378.71
0.00000	0.00000	0.00000	52.8218	6.36388	47.0161	6.36388	89430800000000	0.000716384	1395.89
0.00000	0.00000	0.00000	52.7179	6.36594	46.8780	6.36594	85925900000000	0.000716478	1395.70
0.00000	0.00000	0.00000	52.6101	6.36772	46.7350	6.36772	82426000000000	0.000712452	1403.59
0.00000	0.00000	0.00000	52.5022	6.36974	46.5914	6.36974	79057500000000	0.000713119	1402.28
0.00000	0.00000	0.00000	52.3978	6.37208	46.4523	6.37208	75927600000000	0.000721151	1386.66
0.00000	0.00000	0.00000	52.2902	6.37384	46.3095	6.37384	72824300000000	0.000720365	1388.18
0.00000	0.00000	0.00000	52.1827	6.37500	46.1674	6.37500	69846100000000	0.000710150	1408.14
0.00000	0.00000	0.00000	52.0762	6.37634	46.0263	6.37634	67010800000000	0.000704291	1419.86
0.00000	0.00000	0.00000	51.9679	6.37712	45.8834	6.37712	64240300000000	0.000688678	1452.05
0.00000	0.00000	0.00000	51.8653	6.37810	45.7478	6.37810	61718900000000	0.000678486	1473.86
0.00000	0.00000	0.00000	51.7588	6.37934	45.6068	6.37934	59202400000000	0.000672786	1486.35
0.00000	0.00000	0.00000	51.6462	6.38071	45.4577	6.38071	56649000000000	0.000668560	1495.75
0.00000	0.00000	0.00000	51.5329	6.38217	45.3076	6.38217	54189200000000	0.000666761	1499.78
0.00000	0.00000	0.00000	51.4235	6.38366	45.1624	6.38366	51909600000000	0.000668009	1496.98
0.00000	0.00000	0.00000	51.3147	6.38496	45.0184	6.38496	49737600000000	0.000666665	1500.00
0.00000	0.00000	0.00000	51.2089	6.38624	44.8782	6.38624	47708300000000	0.000666658	1500.02
0.00000	0.00000	0.00000	51.0956	6.38743	44.7283	6.38743	45626400000000	0.000663719	1506.66
0.00000	0.00000	0.00000	50.9805	6.38856	44.5761	6.38856	43601400000000	0.000660138	1514.83
0.00000	0.00000	0.00000	50.8712	6.38921	44.4318	6.38921	41758400000000	0.000647397	1544.64
0.00000	0.00000	0.00000	50.7569	6.39026	44.2807	6.39026	39913900000000	0.000643858	1553.14
0.00000	0.00000	0.00000	50.6485	6.39070	44.1379	6.39070	38236700000000	0.000627486	1593.66
0.00000	0.00000	0.00000	50.5332	6.39119	43.9860	6.39119	36529700000000	0.000611074	1636.46
0.00000	0.00000	0.00000	50.4189	6.39194	43.8352	6.39194	34911300000000	0.000601921	1661.35
0.00000	0.00000	0.00000	50.3042	6.39256	43.6839	6.39256	33357300000000	0.000590173	1694.42
0.00000	0.00000	0.00000	50.1829	6.39325	43.5239	6.39325	31787400000000	0.000579325	1726.14
0.00000	0.00000	0.00000	50.0674	6.39404	43.3714	6.39404	30361100000000	0.000572895	1745.52
0.00000	0.00000	0.00000	49.9446	6.39487	43.2092	6.39487	28911900000000	0.000566855	1764.12
0.00000	0.00000	0.00000	49.8175	6.39588	43.0412	6.39588	27484600000000	0.000565422	1768.59
0.00000	0.00000	0.00000	49.6951	6.39686	42.8794	6.39686	26175600000000	0.000565703	1767.71
0.00000	0.00000	0.00000	49.5678	6.39779	42.7112	6.39779	24878900000000	0.000564821	1770.47
0.00000	0.00000	0.00000	49.4423	6.39848	42.5456	6.39848	23662900000000	0.000557837	1792.64
0.00000	0.00000	0.00000	49.3087	6.39926	42.3693	6.39926	22432900000000	0.000553298	1807.34
0.00000	0.00000	0.00000	49.1793	6.39994	42.1986	6.39994	21301400000000	0.000547237	1827.36
0.00000	0.00000	0.00000	49.0405	6.40083	42.0153	6.40083	20150400000000	0.000547259	1827.29
0.00000	0.00000	0.00000	48.9035	6.40118	41.8349	6.40118	19074600000000	0.000530116	1886.38
0.00000	0.00000	0.00000	48.7599	6.40175	41.6458	6.40175	18008400000000	0.000520154	1922.51
0.00000	0.00000	0.00000	48.6161	6.40223	41.4563	6.40223	16999400000000	0.000507777	1969.37
0.00000	0.00000	0.00000	48.4650	6.40258	41.2574	6.40258	15999200000000	0.000490114	2040.34
0.00000	0.00000	0.00000	48.3114	6.40302	41.0551	6.40302	15042200000000	0.000475953	2101.05
0.00000	0.00000	0.00000	48.1507	6.40319	40.8438	6.40319	14101800000000	0.000452283	2211.01
0.00000	0.00000	0.00000	47.9851	6.40380	40.6256	6.40380	13193900000000	0.000443762	2253.46
0.00000	0.00000	0.00000	47.8086	6.40405	40.3934	6.40405	12289900000000	0.000421851	2370.51
0.00000	0.00000	0.00000	47.6259	6.40437	40.1530	6.40437	11418700000000	0.000402364	2485.31
0.00000	0.00000	0.00000	47.4296	6.40446	39.8950	6.40446	10551000000000	0.000374587	2669.61
0.00000	0.00000	0.00000	47.2252	6.40466	39.6262	6.40466	9716730000000	0.000350819	2850.47
0.00000	0.00000	0.00000	47.0127	6.40513	39.3465	6.40513	8919400000000	0.000335760	2978.32
0.00000	0.00000	0.00000	46.7885	6.40542	39.0516	6.40542	8148290000000	0.000314947	3175.14
0.00000	0.00000	0.00000	46.5497	6.40582	38.7373	6.40582	7399740000000	0.000296833	3368.90
0.00000	0.00000	0.00000	46.2954	6.40598	38.4031	6.40598	6678140000000	0.000271989	3676.62
0.00000	0.00000	0.00000	46.0239	6.40625	38.0460	6.40625	5984650000000	0.000250484	3992.27
0.00000	0.00000	0.00000	45.7299	6.40663	37.6592	6.40663	5314390000000	0.000231147	4326.24
0.00000	0.00000	0.00000	45.4101	6.40687	37.2387	6.40687	4670070000000	0.000208253	4801.85
0.00000	0.00000	0.00000	45.0652	6.40725	36.7850	6.40725	4062140000000	0.000188757	5297.81
0.00000	0.00000	0.00000	44.6962	6.40774	36.2996	6.40774	3499010000000	0.000171993	5814.17
0.00000	0.00000	0.00000	44.3121	6.40806	35.7945	6.40806	2995430000000	0.000152948	6538.17
0.00000	0.00000	0.00000	43.9078	6.40836	35.2628	6.40836	2543220000000	0.000134784	7419.28
0.00000	0.00000	0.00000	43.4820	6.40866	34.7030	6.40866	2140600000000	0.000117920	8480.35
0.00000	0.00000	0.00000	43.0319	6.40881	34.1114	6.40881	1783950000000	0.000100217	9978.34
0.00000	0.00000	0.00000	42.5520	6.40916	33.4803	6.40916	1468820000000	0.0000865100	11559.4
0.00000	0.00000	0.00000	42.0383	6.40979	32.8043	6.40979	1192840000000	0.0000771845	12956.0
0.00000	0.00000	0.00000	41.5074	6.41015	32.1061	6.41015	961974000000	0.0000658844	15178.1
0.00000	0.00000	0.00000	40.9650	6.41036	31.3931	6.41036	772183000000	0.0000546947	18283.3
0.00000	0.00000	0.00000	40.4008	6.41051	30.6515	6.41051	614357000000	0.0000446731	22384.8
0.00000	0.00000	0.00000	39.8328	6.41099	29.9044	6.41099	488028000000	0.0000386788	25854.0
0.00000	0.00000	0.00000	39.2612	6.41133	29.1526	6.41133	387098000000	0.0000328045	30483.6
0.00000	0.00000	0.00000	38.6852	6.41138	28.3956	6.41138	306494000000	0.0000262347	38117.5
0.00000	0.00000	0.00000	38.0959	6.41157	27.6209	6.41157	241370000000	0.0000215089	46492.5
0.00000	0.00000	0.00000	37.4955	6.41173	26.8317	6.41173	189227000000	0.0000174624	57265.9
0.00000	0.00000	0.00000	36.8856	6.41203	26.0297	6.41203	147777000000	0.0000145758	68606.7
0.00000	0.00000	0.00000	36.2666	6.41225	25.2159	6.41225	114980000000	0.0000119599	83613.1
0.00000	0.00000	0.00000	35.6302	6.41243	24.3792	6.41243	88831600000	0.00000967972	103309
0.00000	0.00000	0.00000	34.9711	6.41287	23.5122	6.41287	68001700000	0.00000837249	119439
0.00000	0.00000	0.00000	34.2896	6.41283	22.6166	6.41283	51585000000	0.00000626992	159492
0.00000	0.00000	0.00000	33.5809	6.41315	21.6847	6.41315	38703000000	0.00000518678	192798
0.00000	0.00000	0.00000	32.8371	6.41323	20.7070	6.41323	28627300000	0.00000393833	253914
0.00000	0.00000	0.00000	32.0759	6.41341	19.7063	6.41341	21025500000	0.00000307259	325458
0.00000	0.00000	0.00000	31.3155	6.41357	18.7066	6.41357	15447600000	0.00000239416	417682
0.00000	0.00000	0.00000	30.5403	6.41355	17.6880	6.41355	11281700000	0.00000173144	577555
0.00000	0.00000	0.00000	29.7548	6.41382	16.6550	6.41382	8204670000	0.00000139647	716091
0.00000	0.00000	0.00000	28.9501	6.41427	15.5965	6.41427	5920620000	0.00000123806	807715
0.00000	0.00000	0.00000	28.1279	6.41412	14.5163	6.41412	4242310000	0.000000823763	1213940
0.00000	0.00000	0.00000	27.2947	6.41421	13.4211	6.41421	3026200000	0.000000613762	1629300
0.00000	0.00000	0.00000	26.4449	6.41427	12.3041	6.41427	2144230000	0.000000447139	2236440
0.00000	0.00000	0.00000	25.5837	6.41454	11.1716	6.41454	1512260000	0.000000365263	2737760
0.00000	0.00000	0.00000	24.7202	6.41473	10.0363	6.41473	1065560000	0.000000287730	3475480
0.00000	0.00000	0.00000	23.8492	6.41457	8.89201	6.41457	748561000	0.000000183064	5462580
0.00000	0.00000	0.00000	22.9575	6.41485	7.71937	6.41485	521456000	0.000000153341	6521420
0.00000	0.00000	0.00000	22.0847	6.41482	6.57229	6.41482	366041000	0.000000105051	9519180
0.00000	0.00000	0.00000	21.2187	6.41496	5.43380	6.41496	257661000	0.0000000818340	12219900
0.00000	0.00000	0.00000	20.3643	6.41502	4.31073	6.41502	182226000	0.0000000607940	16449000
0.00000	0.00000	0.00000	19.5213	6.41516	3.20234	6.41516	129469000	0.0000000483371	20688100
0.00000	0.00000	0.00000	18.6860	6.41539	2.10394	6.41539	92276700	0.0000000434348	23023000
0.00000	0.00000	0.00000	17.8703	6.41536	1.03191	6.41536	66292400	0.0000000302483	33059800
0.00000	0.00000	0.00000	17.0696	6.41526	-0.0201784	6.41526	47916000	0.0000000197462	50642600
0.00000	0.00000	0.00000	16.2851	6.41539	-1.05161	6.41539	34861500	0.0000000164097	60939400
0.00000	0.00000	0.00000	15.5270	6.41565	-2.04864	6.41565	25637200	0.0000000170533	58639700
0.00000	0.00000	0.00000	14.7930	6.41576	-3.01370	6.41576	19038000	0.0000000152114	65740100
0.00000	0.00000	0.00000	14.0760	6.41561	-3.95568	6.41561	14235500	0.00000000887467	112680000
0.00000	0.00000	0.00000	13.3785	6.41585	-4.87309	6.41585	10729000	0.0000000103829	96312600
0.00000	0.00000	0.00000	12.7150	6.41577	-5.74489	6.41577	8198560	0.00000000673127	148560000
0.00000	0.00000	0.00000	12.0721	6.41557	-6.58938	6.41557	6317200	0.00000000370560	269862000
0.00000	0.00000	0.00000	11.4571	6.41568	-7.39791	6.41568	4923240	0.00000000342798	291717000
0.00000	0.00000	0.00000	10.8695	6.41564	-8.17008	6.41564	3879610	0.00000000252429	396150000
0.00000	0.00000	0.00000	10.3056	6.41576	-8.91160	6.41576	3086710	0.00000000246631	405464000
0.00000	0.00000	0.00000	9.76083	6.41587	-9.62800	6.41587	2474960	0.00000000251782	397169000
0.00000	0.00000	0.00000	9.24220	6.41590	-10.3098	6.41590	2005630	0.00000000223083	448263000
0.00000	0.00000	0.00000	8.74616	6.41590	-10.9617	6.41590	1640240	0.00000000182442	548119000
0.00000	0.00000	0.00000	8.27335	6.41602	-11.5835	6.41602	1354120	0.00000000220652	453201000
0.00000	0.00000	0.00000	7.82142	6.41604	-12.1776	6.41604	1127410	0.00000000194341	514559000
0.00000	0.00000	0.00000	7.38908	6.41584	-12.7452	6.41584	946140	0.000000000900984	1109900000
0.00000	0.00000	0.00000	6.98582	6.41606	-13.2759	6.41606	803434	0.00000000151660	659369000
0.00000	0.00000	0.00000	6.62715	6.41590	-13.7468	6.41590	694699	0.000000000758544	1318320000
0.00000	0.00000	0.00000	6.31426	6.41607	-14.1586	6.41607	611933	0.00000000119291	838284000
0.00000	0.00000	0.00000	6.02844	6.41608	-14.5343	6.41608	544977	0.00000000113678	879675000
0.00000	0.00000	0.00000	5.75014	6.41613	-14.9002	6.41613	486828	0.00000000134519	743388000
0.00000	0.00000	0.00000	5.47572	6.41617	-15.2610	6.41617	435568	0.00000000156694	638185000
0.00000	0.00000	0.00000	5.20775	6.41616	-15.6132	6.41616	390726	0.00000000132558	754387000
0.00000	0.00000	0.00000	4.94497	6.41598	-15.9580	6.41598	351238	0.000000000491653	2033960000
0.00000	0.00000	0.00000	4.67577	6.41607	-16.3121	6.41607	314922	0.000000000613914	1628890000
0.00000	0.00000	0.00000	4.43284	6.41583	-16.6307	6.41583	285382	0.000000000267486	3738510000
0.00000	0.00000	0.00000	4.19839	6.41602	-16.9394	6.41602	259505	0.000000000422862	2364840000
0.00000	0.00000	0.00000	3.97089	6.41613	-17.2388	6.41613	236640	0.000000000653880	1529330000
0.00000	0.00000	0.00000	3.75740	6.41620	-17.5196	6.41620	217019	0.00000000111840	894134000
0.00000	0.00000	0.00000	3.55571	6.41635	-17.7852	6.41635	199979	-0.00000000126203	-792373000
0.00000	0.00000	0.00000	3.35736	6.41613	-18.0452	6.41613	184527	0.000000000509881	1961240000
0.00000	0.00000	0.00000	3.16694	6.41605	-18.2952	6.41605	170817	0.000000000312539	3199600000
0.00000	0.00000	0.00000	2.98649	6.41637	-18.5335	6.41637	158766	-0.000000000760316	-1315240000
0.00000	0.00000	0.00000	2.80713	6.41625	-18.7688	6.41625	147630	0.00000000192872	518479000
0.00000	0.00000	0.00000	2.63950	6.41638	-18.9895	6.41638	137930	-0.000000000611390	-1635620000
0.00000	0.00000	0.00000	2.47893	6.41619	-19.2000	6.41619	129237	0.000000000567787	1761230000
0.00000	0.00000	0.00000	2.32575	6.41631	-19.4017	6.41631	121455	-0.00000000162964	-613634000
0.00000	0.00000	0.00000	2.17600	6.41629	-19.5985	6.41629	114300	-0.00000000472873	-211473000
0.00000	0.00000	0.00000	2.03483	6.41626	-19.7839	6.41626	107942	0.00000000180634	553607000
0.00000	0.00000	0.00000	1.89946	6.41616	-19.9615	6.41616	102177	0.000000000346648	2884770000
0.00000	0.00000	0.00000	1.77062	6.41624	-20.1311	6.41624	96977.0	0.00000000103909	962382000
0.00000	0.00000	0.00000	1.64672	6.41617	-20.2937	6.41617	92225.9	0.000000000331781	3014040000
0.00000	0.00000	0.00000	1.53042	6.41602	-20.4461	6.41602	87978.1	0.000000000143360	6975460000
0.00000	0.00000	0.00000	1.41420	6.41633	-20.5999	6.41633	83928.8	-0.000000000672042	-1488000000
0.00000	0.00000	0.00000	1.30435	6.41610	-20.7435	6.41610	80272.8	0.000000000187097	5344830000
0.00000	0.00000	0.00000	1.19776	6.41610	-20.8835	6.41610	76877.9	0.000000000172438	5799200000
0.00000	0.00000	0.00000	1.08955	6.41636	-21.0267	6.41636	73577.8	-0.000000000419860	-2381750000
0.00000	0.00000	0.00000	0.986923	6.41645	-21.1619	6.41645	70579.2	-0.000000000172042	-5812540000
0.00000	0.00000	0.00000	0.884096	6.41625	-21.2963	6.41625	67697.4	0.000000000884434	1130670000
0.00000	0.00000	0.00000	0.778860	6.41655	-21.4357	6.41655	64869.8	-0.000000000103220	-9688020000
0.00000	0.00000	0.00000	0.679587	6.41645	-21.5659	6.41645	62310.6	-0.000000000151887	-6583860000
0.00000	0.00000	0.00000	0.572799	6.41635	-21.7058	6.41635	59670.4	-0.000000000376570	-2655550000
0.00000	0.00000	0.00000	0.465644	6.41644	-21.8470	6.41644	57133.6	-0.000000000151680	-6592840000
0.00000	0.00000	0.00000	0.351465	6.41641	-21.9970	6.41641	54549.0	-0.000000000186337	-5366630000
0.00000	0.00000	0.00000	0.190691	6.41635	-22.2081	6.41635	51106.8	-0.000000000322526	-3100530000
0.00000	0.00000	0.00000	0.0825558	6.41620	-22.3497	6.41620	48914.5	0.000000000252080	3967000000
0.00000	0.00000	0.00000	0.00909078	6.41648	-22.4472	6.41648	47479.1	-0.0000000000994561	-10054700000
0.00000	0.00000	0.00000	-0.0384838	6.41648	-22.5097	6.41648	46572.1	-0.000000000101111	-9890080000
0.00000	0.00000	0.00000	-0.0741750	6.41626	-22.5559	6.41626	45903.0	0.000000000768156	1301820000
0.00000	0.00000	0.00000	-0.0965126	6.41634	-22.5855	6.41634	45489.1	-0.000000000321088	-3114410000
0.00000	0.00000	0.00000	-0.118115	6.41644	-22.6143	6.41644	45092.5	-0.000000000119713	-8353340000
0.00000	0.00000	0.00000	-0.132898	6.41657	-22.6342	6.41657	44823.1	-0.0000000000644378	-15518800000
0.00000	0.00000	0.00000	-0.143883	6.41639	-22.6480	6.41639	44623.9	-0.000000000172178	-5807930000
0.00000	0.00000	0.00000	-0.150662	6.41629	-22.6565	6.41629	44501.4	-0.00000000602531	-165967000
0.00000	0.00000	0.00000	-0.154786	6.41653	-22.6628	6.41653	44427.0	-0.0000000000746813	-13390200000
0.00000	0.00000	0.00000	-0.158788	6.41644	-22.6677	6.41644	44355.0	-0.000000000117755	-8492230000
0.00000	0.00000	0.00000	-0.160259	6.41651	-22.6699	6.41651	44328.6	-0.0000000000814070	-12284000000
0.00000	0.00000	0.00000	-0.162055	6.41660	-22.6726	6.41660	44296.2	-0.0000000000593815	-16840300000
0.00000	0.00000	0.00000	-0.162260	6.41636	-22.6720	6.41636	44292.6	-0.000000000252749	-3956500000
0.00000	0.00000	0.00000	-0.164506	6.41631	-22.6748	6.41631	44252.4	-0.000000000766367	-1304860000
0.00000	0.00000	0.00000	-0.165486	6.41638	-22.6763	6.41638	44234.8	-0.000000000182497	-5479550000
0.00000	0.00000	0.00000	-0.167160	6.41629	-22.6782	6.41629	44204.8	-0.00000000598515	-167080000
0.00000	0.00000	0.00000	-0.167854	6.41631	-22.6792	6.41631	44192.2	-0.000000000592955	-1686470000
0.00000	0.00000	0.00000	-0.168426	6.41645	-22.6804	6.41645	44182.0	-0.000000000112291	-8905410000
0.00000	0.00000	0.00000	-0.166547	6.41637	-22.6777	6.41637	44215.8	-0.000000000211746	-4722640000
0.00000	0.00000	0.00000	-0.167691	6.41636	-22.6792	6.41636	44195.1	-0.000000000230148	-4345030000
0.00000	0.00000	0.00000	-0.167772	6.41634	-22.6792	6.41634	44193.8	-0.000000000311944	-3205700000
0.00000	0.00000	0.00000	-0.169978	6.41614	-22.6814	6.41614	44154.2	0.000000000134481	7435970000
0.00000	0.00000	0.00000	-0.171080	6.41626	-22.6833	6.41626	44134.5	0.000000000738561	1353980000
0.00000	0.00000	0.00000	-0.171734	6.41612	-22.6836	6.41612	44122.9	0.000000000111570	8962990000
0.00000	0.00000	0.00000	-0.169569	6.41636	-22.6816	6.41636	44161.5	-0.000000000252001	-3968240000
0.00000	0.00000	0.00000	-0.170835	6.41632	-22.6832	6.41632	44138.9	-0.000000000483371	-2068800000
0.00000	0.00000	0.00000	-0.170304	6.41629	-22.6823	6.41629	44148.4	-0.00000000597751	-167294000
0.00000	0.00000	0.00000	-0.170468	6.41632	-22.6827	6.41632	44145.5	-0.000000000483444	-2068490000
0.00000	0.00000	0.00000	-0.170794	6.41657	-22.6840	6.41657	44139.6	-0.0000000000634552	-15759100000
0.00000	0.00000	0.00000	-0.169814	6.41626	-22.6816	6.41626	44157.1	0.000000000738940	1353290000
0.00000	0.00000	0.00000	-0.170427	6.41617	-22.6821	6.41617	44146.2	0.000000000169022	5916400000
0.00000	0.00000	0.00000	-0.168998	6.41636	-22.6809	6.41636	44171.8	-0.000000000230026	-4347330000
0.00000	0.00000	0.00000	-0.169324	6.41635	-22.6813	6.41635	44165.9	-0.000000000278723	-3587790000
0.00000	0.00000	0.00000	-0.167732	6.41619	-22.6786	6.41619	44194.5	0.000000000194163	5150310000
0.00000	0.00000	0.00000	-0.168222	6.41650	-22.6803	6.41650	44185.6	-0.0000000000864758	-11563900000
0.00000	0.00000	0.00000	-0.168058	6.41620	-22.6791	6.41620	44188.6	0.000000000227725	4391260000
0.00000	0.00000	0.00000	-0.167527	6.41646	-22.6793	6.41646	44198.1	-0.000000000103501	-9661730000
0.00000	0.00000	0.00000	-0.167527	6.41629	-22.6787	6.41629	44198.1	-0.00000000598425	-167105000
0.00000	0.00000	0.00000	-0.167446	6.41617	-22.6782	6.41617	44199.6	0.000000000159007	6289020000
0.00000	0.00000	0.00000	-0.167772	6.41633	-22.6792	6.41633	44193.8	-0.000000000353872	-2825880000
0.00000	0.00000	0.00000	-0.167282	6.41633	-22.6785	6.41633	44202.5	-0.000000000353942	-2825320000
0.00000	0.00000	0.00000	-0.167691	6.41617	-22.6785	6.41617	44195.1	0.000000000158991	6289670000
0.00000	0.00000	0.00000	-0.168099	6.41637	-22.6797	6.41637	44187.9	-0.000000000211612	-4725620000
0.00000	0.00000	0.00000	-0.167364	6.41643	-22.6790	6.41643	44201.0	-0.000000000128828	-7762300000
0.00000	0.00000	0.00000	-0.166670	6.41625	-22.6774	6.41625	44213.5	0.000000000577628	1731220000
0.00000	0.00000	0.00000	-0.166139	6.41647	-22.6775	6.41647	44223.0	-0.0000000000996426	-10035900000
0.00000	0.00000	0.00000	-0.166629	6.41617	-22.6771	6.41617	44214.2	0.000000000159060	6286940000
0.00000	0.00000	0.00000	-0.166711	6.41643	-22.6781	6.41643	44212.8	-0.000000000128862	-7760240000
0.00000	0.00000	0.00000	-0.167527	6.41638	-22.6790	6.41638	44198.1	-0.000000000195913	-5104310000
0.00000	0.00000	0.00000	-0.167201	6.41635	-22.6785	6.41635	44204.0	-0.000000000278964	-3584690000
0.00000	0.00000	0.00000	-0.166956	6.41633	-22.6781	6.41633	44208.4	-0.000000000408956	-2445250000
0.00000	0.00000	0.00000	-0.166466	6.41642	-22.6778	6.41642	44217.1	-0.000000000135504	-7379850000
0.00000	0.00000	0.00000	-0.167037	6.41638	-22.6784	6.41638	44206.9	-0.000000000182382	-5483010000
0.00000	0.00000	0.00000	-0.168263	6.41633	-22.6798	6.41633	44185.0	-0.000000000408740	-2446540000
0.00000	0.00000	0.00000	-0.168222	6.41630	-22.6796	6.41630	44185.6	-0.00000000107882	-926937000
0.00000	0.00000	0.00000	-0.168140	6.41638	-22.6798	6.41638	44187.1	-0.000000000195864	-5105580000
0.00000	0.00000	0.00000	-0.169365	6.41629	-22.6811	6.41629	44165.2	-0.00000000182716	-547297000
0.00000	0.00000	0.00000	-0.169569	6.41638	-22.6817	6.41638	44161.5	-0.000000000195751	-5108540000
0.00000	0.00000	0.00000	-0.168222	6.41620	-22.6793	6.41620	44185.6	0.000000000227710	4391560000
0.00000	0.00000	0.00000	-0.169651	6.41650	-22.6822	6.41650	44160.1	-0.0000000000836770	-11950700000
0.00000	0.00000	0.00000	-0.170182	6.41643	-22.6827	6.41643	44150.6	-0.000000000122679	-8151350000
0.00000	0.00000	0.00000	-0.171039	6.41619	-22.6830	6.41619	44135.2	0.000000000193903	5157220000
0.00000	0.00000	0.00000	-0.170509	6.41620	-22.6823	6.41620	44144.8	0.000000000227499	4395620000
0.00000	0.00000	0.00000	-0.170018	6.41620	-22.6817	6.41620	44153.5	0.000000000227544	4394750000
0.00000	0.00000	0.00000	-0.172101	6.41638	-22.6850	6.41638	44116.2	-0.000000000195550	-5113780000
0.00000	0.00000	0.00000	-0.170958	6.41641	-22.6836	6.41641	44136.8	-0.000000000150769	-6632660000
0.00000	0.00000	0.00000	-0.172510	6.41638	-22.6856	6.41638	44108.9	-0.000000000181977	-5495190000
0.00000	0.00000	0.00000	-0.172632	6.41632	-22.6855	6.41632	44106.8	-0.000000000483019	-2070310000
0.00000	0.00000	0.00000	-0.173163	6.41642	-22.6866	6.41642	44097.2	-0.000000000135137	-7399910000
0.00000	0.00000	0.00000	-0.172877	6.41614	-22.6852	6.41614	44102.4	0.000000000134323	7444720000
0.00000	0.00000	0.00000	-0.173449	6.41622	-22.6862	6.41622	44092.1	0.000000000274765	3639470000
0.00000	0.00000	0.00000	-0.173898	6.41628	-22.6870	6.41628	44084.1	0.00000000468978	213230000
0.00000	0.00000	0.00000	-0.175368	6.41648	-22.6897	6.41648	44057.9	-0.0000000000922895	-10835500000
0.00000	0.00000	0.00000	-0.174020	6.41626	-22.6871	6.41626	44081.9	0.000000000737681	1355600000
0.00000	0.00000	0.00000	-0.173735	6.41628	-22.6868	6.41628	44087.0	0.00000000469009	213216000
0.00000	0.00000	0.00000	-0.173204	6.41629	-22.6862	6.41629	44096.5	-0.00000000182432	-548151000
0.00000	0.00000	0.00000	-0.172387	6.41641	-22.6855	6.41641	44111.1	-0.000000000142510	-7017050000
0.00000	0.00000	0.00000	-0.173326	6.41623	-22.6861	6.41623	44094.4	0.000000000347472	2877930000
0.00000	0.00000	0.00000	-0.171693	6.41622	-22.6839	6.41622	44123.5	0.000000000307082	3256460000
0.00000	0.00000	0.00000	-0.172428	6.41612	-22.6845	6.41612	44110.4	0.000000000111538	8965530000
0.00000	0.00000	0.00000	-0.171734	6.41638	-22.6846	6.41638	44122.9	-0.000000000182035	-5493450000
0.00000	0.00000	0.00000	-0.171039	6.41639	-22.6837	6.41639	44135.2	-0.000000000170293	-5872230000
0.00000	0.00000	0.00000	-0.172632	6.41645	-22.6860	6.41645	44106.8	-0.000000000107513	-9301170000
0.00000	0.00000	0.00000	-0.170468	6.41631	-22.6826	6.41631	44145.5	-0.000000000592328	-1688260000
0.00000	0.00000	0.00000	-0.171529	6.41624	-22.6838	6.41624	44126.5	0.000000000472806	2115030000
0.00000	0.00000	0.00000	-0.170590	6.41636	-22.6830	6.41636	44143.2	-0.000000000229878	-4350140000
0.00000	0.00000	0.00000	-0.169855	6.41645	-22.6823	6.41645	44156.4	-0.000000000107634	-9290720000
0.00000	0.00000	0.00000	-0.170182	6.41633	-22.6823	6.41633	44150.6	-0.000000000353527	-2828640000
0.00000	0.00000	0.00000	-0.169733	6.41632	-22.6817	6.41632	44158.6	-0.000000000483588	-2067880000
0.00000	0.00000	0.00000	-0.169978	6.41635	-22.6821	6.41635	44154.2	-0.000000000278650	-3588730000
0.00000	0.00000	0.00000	-0.167936	6.41648	-22.6799	6.41648	44190.9	-0.0000000000925681	-10802900000
0.00000	0.00000	0.00000	-0.167936	6.41631	-22.6793	6.41631	44190.9	-0.000000000592936	-1686520000
0.00000	0.00000	0.00000	-0.168793	6.41650	-22.6811	6.41650	44175.5	-0.0000000000837061	-11946600000
0.00000	0.00000	0.00000	-0.168712	6.41647	-22.6809	6.41647	44176.9	-0.0000000000995387	-10046300000
0.00000	0.00000	0.00000	-0.169406	6.41645	-22.6817	6.41645	44164.5	-0.000000000112247	-8908940000
0.00000	0.00000	0.00000	-0.169733	6.41625	-22.6815	6.41625	44158.6	0.000000000576911	1733370000
0.00000	0.00000	0.00000	-0.170018	6.41636	-22.6822	6.41636	44153.5	-0.000000000251955	-3968960000
0.00000	0.00000	0.00000	-0.168140	6.41636	-22.6798	6.41636	44187.1	-0.000000000230106	-4345820000
0.00000	0.00000	0.00000	-0.169161	6.41622	-22.6806	6.41622	44168.9	0.000000000307398	3253110000
0.00000	0.00000	0.00000	-0.169978	6.41638	-22.6822	6.41638	44154.2	-0.000000000182165	-5489540000
0.00000	0.00000	0.00000	-0.171897	6.41622	-22.6842	6.41622	44119.9	0.000000000274938	3637180000
0.00000	0.00000	0.00000	-0.171570	6.41633	-22.6841	6.41633	44125.8	-0.000000000408192	-2449830000
0.00000	0.00000	0.00000	-0.170590	6.41619	-22.6824	6.41619	44143.2	0.000000000193938	5156290000
0.00000	0.00000	0.00000	-0.171325	6.41633	-22.6838	6.41633	44130.1	-0.000000000353363	-2829950000
0.00000	0.00000	0.00000	-0.171979	6.41626	-22.6844	6.41626	44118.4	0.000000000738292	1354480000
0.00000	0.00000	0.00000	-0.171815	6.41607	-22.6836	6.41607	44121.4	0.0000000000889207	11246000000
0.00000	0.00000	0.00000	-0.173000	6.41622	-22.6856	6.41622	44100.2	0.000000000274816	3638800000
0.00000	0.00000	0.00000	-0.172836	6.41633	-22.6858	6.41633	44103.1	-0.000000000407983	-2451080000
0.00000	0.00000	0.00000	-0.173040	6.41629	-22.6859	6.41629	44099.5	-0.00000000597089	-167479000
0.00000	0.00000	0.00000	-0.173245	6.41633	-22.6863	6.41633	44095.9	-0.000000000407916	-2451490000
0.00000	0.00000	0.00000	-0.173898	6.41627	-22.6870	6.41627	44084.1	0.00000000168351	593997000
0.00000	0.00000	0.00000	-0.174592	6.41637	-22.6883	6.41637	44071.8	-0.000000000211056	-4738070000
0.00000	0.00000	0.00000	-0.174347	6.41616	-22.6872	6.41616	44076.1	0.000000000149533	6687480000
0.00000	0.00000	0.00000	-0.174388	6.41631	-22.6878	6.41631	44075.4	-0.000000000763301	-1310100000
0.00000	0.00000	0.00000	-0.173653	6.41659	-22.6878	6.41659	44088.5	-0.0000000000604636	-16538900000
0.00000	0.00000	0.00000	-0.175286	6.41642	-22.6893	6.41642	44059.2	-0.000000000135020	-7406290000
0.00000	0.00000	0.00000	-0.175858	6.41638	-22.6900	6.41638	44049.1	-0.000000000181731	-5502640000
0.00000	0.00000	0.00000	-0.174306	6.41624	-22.6874	6.41624	44076.9	0.000000000472274	2117410000
0.00000	0.00000	0.00000	-0.175654	6.41619	-22.6890	6.41619	44052.8	0.000000000208950	4785840000
0.00000	0.00000	0.00000	-0.174511	6.41622	-22.6876	6.41622	44073.1	0.000000000274647	3641040000
0.00000	0.00000	0.00000	-0.174715	6.41616	-22.6877	6.41616	44069.5	0.000000000149511	6688490000
0.00000	0.00000	0.00000	-0.175041	6.41629	-22.6886	6.41629	44063.6	-0.00000000182296	-548560000
0.00000	0.00000	0.00000	-0.174470	6.41626	-22.6877	6.41626	44073.9	0.000000000737547	1355850000
0.00000	0.00000	0.00000	-0.174511	6.41637	-22.6882	6.41637	44073.1	-0.000000000211063	-4737920000
0.00000	0.00000	0.00000	-0.174306	6.41616	-22.6871	6.41616	44076.9	0.000000000149536	6687370000
0.00000	0.00000	0.00000	-0.173735	6.41621	-22.6866	6.41621	44087.0	0.000000000248717	4020640000
0.00000	0.00000	0.00000	-0.172224	6.41625	-22.6847	6.41625	44114.0	0.000000000576328	1735120000
0.00000	0.00000	0.00000	-0.171979	6.41619	-22.6842	6.41619	44118.4	0.000000000209261	4778720000
0.00000	0.00000	0.00000	-0.171407	6.41620	-22.6835	6.41620	44128.8	0.000000000227417	4397220000
0.00000	0.00000	0.00000	-0.172183	6.41621	-22.6845	6.41621	44114.8	0.000000000248873	4018110000
0.00000	0.00000	0.00000	-0.170386	6.41631	-22.6825	6.41631	44146.9	-0.000000000592346	-1688200000
0.00000	0.00000	0.00000	-0.172265	6.41641	-22.6854	6.41641	44113.4	-0.000000000142517	-7016690000
0.00000	0.00000	0.00000	-0.170713	6.41641	-22.6833	6.41641	44141.1	-0.000000000142607	-7012280000
0.00000	0.00000	0.00000	-0.169937	6.41626	-22.6817	6.41626	44155.0	0.000000000738905	1353350000
0.00000	0.00000	0.00000	-0.170549	6.41636	-22.6829	6.41636	44144.0	-0.000000000251901	-3969820000
0.00000	0.00000	0.00000	-0.171162	6.41626	-22.6834	6.41626	44133.0	0.000000000738536	1354030000
0.00000	0.00000	0.00000	-0.171121	6.41643	-22.6839	6.41643	44133.8	-0.000000000122632	-8154470000
0.00000	0.00000	0.00000	-0.171162	6.41637	-22.6838	6.41637	44133.0	-0.000000000211350	-4731500000
0.00000	0.00000	0.00000	-0.169692	6.41629	-22.6815	6.41629	44159.4	-0.00000000597900	-167252000
0.00000	0.00000	0.00000	-0.168957	6.41641	-22.6810	6.41641	44172.5	-0.000000000150891	-6627290000
0.00000	0.00000	0.00000	-0.169651	6.41636	-22.6817	6.41636	44160.1	-0.000000000251993	-3968370000
0.00000	0.00000	0.00000	-0.170018	6.41626	-22.6819	6.41626	44153.5	0.00000000102750	973232000
0.00000	0.00000	0.00000	-0.170549	6.41648	-22.6833	6.41648	44144.0	-0.0000000000958398	-10434100000
0.00000	0.00000	0.00000	-0.170999	6.41637	-22.6835	6.41637	44136.0	-0.000000000211364	-4731170000
0.00000	0.00000	0.00000	-0.170345	6.41633	-22.6825	6.41633	44147.8	-0.000000000408396	-2448610000
0.00000	0.00000	0.00000	-0.169406	6.41634	-22.6813	6.41634	44164.5	-0.000000000311738	-3207830000
0.00000	0.00000	0.00000	-0.170549	6.41626	-22.6826	6.41626	44144.0	0.00000000102728	973441000
0.00000	0.00000	0.00000	-0.171366	6.41616	-22.6833	6.41616	44129.4	0.000000000149714	6679410000
0.00000	0.00000	0.00000	-0.173653	6.41655	-22.6877	6.41655	44088.5	-0.0000000000683283	-14635200000
0.00000	0.00000	0.00000	-0.173285	6.41643	-22.6868	6.41643	44095.0	-0.000000000122525	-8161630000
0.00000	0.00000	0.00000	-0.171652	6.41643	-22.6846	6.41643	44124.2	-0.000000000122606	-8156220000
0.00000	0.00000	0.00000	-0.172469	6.41619	-22.6848	6.41619	44109.8	0.000000000193791	5160200000
0.00000	0.00000	0.00000	-0.172224	6.41636	-22.6851	6.41636	44114.0	-0.000000000229725	-4353020000
0.00000	0.00000	0.00000	-0.173735	6.41626	-22.6868	6.41626	44087.0	0.00000000102596	974700000
0.00000	0.00000	0.00000	-0.174470	6.41620	-22.6875	6.41620	44073.9	0.000000000227134	4402690000
0.00000	0.00000	0.00000	-0.174225	6.41616	-22.6870	6.41616	44078.2	0.000000000149540	6687160000
0.00000	0.00000	0.00000	-0.175368	6.41628	-22.6890	6.41628	44057.9	0.00000000468699	213357000
0.00000	0.00000	0.00000	-0.175736	6.41624	-22.6893	6.41624	44051.2	0.000000000400049	2499700000
0.00000	0.00000	0.00000	-0.174511	6.41623	-22.6877	6.41623	44073.1	0.000000000347305	2879320000
0.00000	0.00000	0.00000	-0.176675	6.41618	-22.6903	6.41618	44034.5	0.000000000180173	5550220000
0.00000	0.00000	0.00000	-0.175613	6.41634	-22.6895	6.41634	44053.5	-0.000000000310954	-3215910000
0.00000	0.00000	0.00000	-0.176144	6.41634	-22.6902	6.41634	44044.0	-0.000000000310887	-3216600000
0.00000	0.00000	0.00000	-0.176634	6.41642	-22.6911	6.41642	44035.2	-0.000000000134947	-7410330000
0.00000	0.00000	0.00000	-0.177002	6.41627	-22.6911	6.41627	44028.8	0.00000000168140	594744000
0.00000	0.00000	0.00000	-0.176144	6.41615	-22.6895	6.41615	44044.0	0.000000000141373	7073470000
0.00000	0.00000	0.00000	-0.176512	6.41639	-22.6909	6.41639	44037.4	-0.000000000169915	-5885280000
0.00000	0.00000	0.00000	-0.177124	6.41641	-22.6917	6.41641	44026.5	-0.000000000150392	-6649270000
0.00000	0.00000	0.00000	-0.175981	6.41649	-22.6905	6.41649	44046.9	-0.0000000000891324	-11219300000
0.00000	0.00000	0.00000	-0.175327	6.41617	-22.6885	6.41617	44058.6	0.000000000158500	6309150000
0.00000	0.00000	0.00000	-0.175940	6.41625	-22.6896	6.41625	44047.6	0.000000000575461	1737740000
0.00000	0.00000	0.00000	-0.175858	6.41630	-22.6897	6.41630	44049.1	-0.00000000107549	-929810000
0.00000	0.00000	0.00000	-0.174347	6.41626	-22.6875	6.41626	44076.1	0.000000000737585	1355780000
0.00000	0.00000	0.00000	-0.173571	6.41631	-22.6867	6.41631	44090.0	-0.000000000591583	-1690380000
0.00000	0.00000	0.00000	-0.172387	6.41628	-22.6850	6.41628	44111.1	0.00000000469265	213099000
0.00000	0.00000	0.00000	-0.173000	6.41612	-22.6853	6.41612	44100.2	0.000000000116456	8586960000
0.00000	0.00000	0.00000	-0.173980	6.41644	-22.6877	6.41644	44082.6	-0.000000000117032	-8544700000
0.00000	0.00000	0.00000	-0.171611	6.41657	-22.6850	6.41657	44125.0	-0.0000000000650028	-15384000000
0.00000	0.00000	0.00000	-0.172428	6.41660	-22.6862	6.41660	44110.4	-0.0000000000578310	-17291800000
0.00000	0.00000	0.00000	-0.171897	6.41643	-22.6849	6.41643	44119.9	-0.000000000122594	-8157030000
0.00000	0.00000	0.00000	-0.172019	6.41630	-22.6846	6.41630	44117.8	-0.00000000107716	-928363000
0.00000	0.00000	0.00000	-0.170713	6.41643	-22.6834	6.41643	44141.1	-0.000000000122653	-8153100000
0.00000	0.00000	0.00000	-0.171774	6.41638	-22.6846	6.41638	44122.1	-0.000000000195576	-5113100000
0.00000	0.00000	0.00000	-0.171244	6.41643	-22.6841	6.41643	44131.6	-0.000000000122626	-8154860000
0.00000	0.00000	0.00000	-0.170141	6.41638	-22.6824	6.41638	44151.4	-0.000000000195706	-5109710000
0.00000	0.00000	0.00000	-0.170223	6.41627	-22.6822	6.41627	44149.9	0.00000000168602	593112000
0.00000	0.00000	0.00000	-0.171284	6.41620	-22.6833	6.41620	44130.9	0.000000000227428	4397000000
0.00000	0.00000	0.00000	-0.171244	6.41645	-22.6842	6.41645	44131.6	-0.000000000107574	-9295930000
0.00000	0.00000	0.00000	-0.172550	6.41629	-22.6853	6.41629	44108.2	-0.00000000597208	-167446000
0.00000	0.00000	0.00000	-0.172101	6.41638	-22.6850	6.41638	44116.2	-0.000000000195550	-5113780000
0.00000	0.00000	0.00000	-0.169733	6.41614	-22.6811	6.41614	44158.6	0.000000000134495	7435240000
0.00000	0.00000	0.00000	-0.170999	6.41641	-22.6837	6.41641	44136.0	-0.000000000142590	-7013090000
0.00000	0.00000	0.00000	-0.170958	6.41645	-22.6838	6.41645	44136.8	-0.000000000112176	-8914540000
0.00000	0.00000	0.00000	-0.172305	6.41638	-22.6853	6.41638	44112.6	-0.000000000195534	-5114200000
0.00000	0.00000	0.00000	-0.172877	6.41601	-22.6847	6.41601	44102.4	0.0000000000681371	14676300000
0.00000	0.00000	0.00000	-0.172550	6.41618	-22.6849	6.41618	44108.2	0.000000000180475	5540940000
0.00000	0.00000	0.00000	-0.173898	6.41645	-22.6876	6.41645	44084.1	-0.000000000112043	-8925180000
0.00000	0.00000	0.00000	-0.171938	6.41629	-22.6845	6.41629	44119.2	-0.00000000597357	-167404000
0.00000	0.00000	0.00000	-0.171570	6.41632	-22.6841	6.41632	44125.8	-0.000000000483227	-2069420000
0.00000	0.00000	0.00000	-0.174756	6.41634	-22.6884	6.41634	44068.8	-0.000000000311062	-3214800000
0.00000	0.00000	0.00000	-0.175613	6.41629	-22.6893	6.41629	44053.5	-0.00000000596467	-167654000
0.00000	0.00000	0.00000	-0.174470	6.41616	-22.6874	6.41616	44073.9	0.000000000149525	6687820000
0.00000	0.00000	0.00000	-0.175572	6.41636	-22.6895	6.41636	44054.2	-0.000000000251389	-3977900000
0.00000	0.00000	0.00000	-0.173939	6.41624	-22.6870	6.41624	44083.4	0.000000000472344	2117100000
0.00000	0.00000	0.00000	-0.174960	6.41639	-22.6888	6.41639	44065.1	-0.000000000170022	-5881580000
0.00000	0.00000	0.00000	-0.176348	6.41643	-22.6908	6.41643	44040.4	-0.000000000122373	-8171760000
0.00000	0.00000	0.00000	-0.176062	6.41648	-22.6906	6.41648	44045.5	-0.0000000000956260	-10457400000
0.00000	0.00000	0.00000	-0.177206	6.41641	-22.6918	6.41641	44025.0	-0.000000000142232	-7030770000
0.00000	0.00000	0.00000	-0.177982	6.41623	-22.6922	6.41623	44011.1	0.000000000346816	2883370000
0.00000	0.00000	0.00000	-0.176471	6.41630	-22.6905	6.41630	44038.1	-0.00000000107522	-930042000
0.00000	0.00000	0.00000	-0.177900	6.41638	-22.6926	6.41638	44012.6	-0.000000000195091	-5125820000
0.00000	0.00000	0.00000	-0.177042	6.41622	-22.6909	6.41622	44028.0	0.000000000274365	3644770000
0.00000	0.00000	0.00000	-0.176348	6.41631	-22.6903	6.41631	44040.4	-0.000000000762695	-1311140000
0.00000	0.00000	0.00000	-0.177206	6.41643	-22.6919	6.41643	44025.0	-0.000000000128315	-7793330000
0.00000	0.00000	0.00000	-0.176593	6.41645	-22.6912	6.41645	44036.0	-0.000000000111920	-8934930000
0.00000	0.00000	0.00000	-0.176757	6.41644	-22.6914	6.41644	44033.0	-0.000000000116900	-8554330000
0.00000	0.00000	0.00000	-0.176552	6.41628	-22.6905	6.41628	44036.8	0.00000000468474	213459000
0.00000	0.00000	0.00000	-0.176307	6.41619	-22.6899	6.41619	44041.1	0.000000000193489	5168240000
0.00000	0.00000	0.00000	-0.175409	6.41636	-22.6893	6.41636	44057.1	-0.000000000251405	-3977640000
0.00000	0.00000	0.00000	-0.173816	6.41639	-22.6873	6.41639	44085.6	-0.000000000170101	-5878840000
0.00000	0.00000	0.00000	-0.175001	6.41629	-22.6885	6.41629	44064.4	-0.00000000596614	-167613000
0.00000	0.00000	0.00000	-0.174347	6.41624	-22.6875	6.41624	44076.1	0.000000000400275	2498290000
0.00000	0.00000	0.00000	-0.175041	6.41622	-22.6883	6.41622	44063.6	0.000000000274587	3641830000
0.00000	0.00000	0.00000	-0.172918	6.41638	-22.6861	6.41638	44101.6	-0.000000000181947	-5496090000
0.00000	0.00000	0.00000	-0.172795	6.41629	-22.6856	6.41629	44103.9	-0.00000000597149	-167462000
0.00000	0.00000	0.00000	-0.171203	6.41622	-22.6833	6.41622	44132.4	0.000000000307144	3255800000
0.00000	0.00000	0.00000	-0.172224	6.41617	-22.6845	6.41617	44114.0	0.000000000168898	5920720000
0.00000	0.00000	0.00000	-0.171979	6.41622	-22.6843	6.41622	44118.4	0.000000000274929	3637310000
0.00000	0.00000	0.00000	-0.173122	6.41627	-22.6860	6.41627	44098.0	0.00000000168404	593810000
0.00000	0.00000	0.00000	-0.172101	6.41635	-22.6849	6.41635	44116.2	-0.000000000278410	-3591820000
0.00000	0.00000	0.00000	-0.171121	6.41621	-22.6831	6.41621	44133.8	0.000000000248981	4016380000
0.00000	0.00000	0.00000	-0.170468	6.41643	-22.6831	6.41643	44145.5	-0.000000000122665	-8152300000
0.00000	0.00000	0.00000	-0.170794	6.41629	-22.6830	6.41629	44139.6	-0.00000000597633	-167327000
0.00000	0.00000	0.00000	-0.171203	6.41642	-22.6840	6.41642	44132.4	-0.000000000135244	-7394020000
0.00000	0.00000	0.00000	-0.170794	6.41634	-22.6832	6.41634	44139.6	-0.000000000311562	-3209630000
0.00000	0.00000	0.00000	-0.173081	6.41627	-22.6859	6.41627	44098.8	0.00000000168407	593800000
0.00000	0.00000	0.00000	-0.171448	6.41628	-22.6838	6.41628	44127.9	0.00000000469444	213018000
0.00000	0.00000	0.00000	-0.170182	6.41651	-22.6830	6.41651	44150.6	-0.0000000000810801	-12333500000
0.00000	0.00000	0.00000	-0.170835	6.41645	-22.6836	6.41645	44138.9	-0.000000000107592	-9294400000
0.00000	0.00000	0.00000	-0.171529	6.41636	-22.6842	6.41636	44126.5	-0.000000000251801	-3971390000
0.00000	0.00000	0.00000	-0.172959	6.41625	-22.6857	6.41625	44100.9	0.000000000576157	1735640000
0.00000	0.00000	0.00000	-0.174184	6.41622	-22.6872	6.41622	44079.0	0.000000000274683	3640560000
0.00000	0.00000	0.00000	-0.174020	6.41648	-22.6879	6.41648	44081.9	-0.0000000000957049	-10448800000
0.00000	0.00000	0.00000	-0.174225	6.41612	-22.6869	6.41612	44078.2	0.000000000111457	8972070000
0.00000	0.00000	0.00000	-0.174143	6.41639	-22.6877	6.41639	44079.8	-0.000000000170079	-5879630000
0.00000	0.00000	0.00000	-0.173898	6.41630	-22.6871	6.41630	44084.1	-0.00000000107634	-929072000
0.00000	0.00000	0.00000	-0.175368	6.41626	-22.6889	6.41626	44057.9	0.000000000737279	1356340000
0.00000	0.00000	0.00000	-0.175082	6.41631	-22.6887	6.41631	44063.0	-0.000000000763087	-1310470000
0.00000	0.00000	0.00000	-0.176348	0.00000	-0.176348	0.00000	44040.4	0.00000	0.00000
0.00000	0.00000	0.00000	-0.176512	0.00000	-0.176512	0.00000	44037.4	0.00000	0.00000
