Vload_(V)	ILoad_(I)	RsLoad (ohm)	SunsVoc_Voltage_(V)	SunsVoc_Current_(A)	Model_Voltage_(V)	Model_Current_(I)	Carrier_Density_(cm-3)	Lifetime_(s)	Inverse_Lifetime_(s-1)
3.41446	6.02515	0.00000	51.8705	-0.675984	52.1845	-0.675984	9797600000000000	0.000650399	1378.17
2.93919	6.02550	-0.508578	52.3646	-0.897345	52.7733	-0.897345	11301300000000000	0.000726226	1164.97
3.79732	6.02528	-0.487562	52.4775	-0.742877	52.8143	-0.742877	11674200000000000	0.000767313	1077.01
6.09921	6.02092	4.04090	52.4469	-0.413631	52.6347	-0.413631	11572000000000000	0.000799490	1028.50
8.72695	6.01357	4.41597	52.3615	-0.0314083	52.3758	-0.0314083	11291200000000000	0.000829322	994.169
10.8597	6.00132	4.50239	52.2534	0.349504	52.0935	0.349504	10945200000000000	0.000857856	966.834
13.0022	5.97404	4.58267	52.1387	0.685848	51.8234	0.685848	10588700000000000	0.000882201	947.407
15.2036	5.97256	4.22929	52.0240	1.00003	51.5622	1.00003	10243300000000000	0.000906779	928.628
17.4601	5.97328	3.84492	51.9085	1.29812	51.3064	1.29812	9906260000000000	0.000932244	909.779
19.7362	5.97203	3.47600	51.7908	1.57958	51.0548	1.57958	9573440000000000	0.000957962	891.742
22.1110	5.97265	3.07180	51.6738	1.84474	50.8103	1.84474	9252910000000000	0.000984618	873.499
24.6827	5.97133	2.65507	51.5574	2.08857	50.5752	2.08857	8943960000000000	0.00101069	856.630
26.9909	5.97029	2.27802	51.4397	2.31713	50.3452	2.31713	8641660000000000	0.00103672	840.612
29.3453	5.96410	1.94029	51.3235	2.53151	50.1223	2.53151	8352160000000000	0.00106348	824.512
31.6644	5.96224	1.56704	51.2064	2.73372	49.9034	2.73372	8069670000000000	0.00109063	808.799
33.9783	5.95908	1.20480	51.0881	2.92442	49.6879	2.92442	7793420000000000	0.00111808	793.569
36.2868	5.94834	0.895803	50.9700	3.09862	49.4798	3.09862	7526370000000000	0.00114404	780.063
37.0408	5.93998	0.822485	50.8524	3.25772	49.2786	3.25772	7268800000000000	0.00116841	768.159
37.7938	5.92764	0.765976	50.7373	3.40803	49.0838	3.40803	7024580000000000	0.00119400	755.606
38.5620	5.91209	0.712928	50.6205	3.55342	48.8888	3.55342	6784380000000000	0.00122100	742.591
39.3157	5.88930	0.680957	50.5010	3.69108	48.6942	3.69108	6546610000000000	0.00124770	730.330
40.0660	5.86171	0.648256	50.3833	3.81811	48.5061	3.81811	6319750000000000	0.00127379	718.761
40.8318	5.82466	0.622611	50.2682	3.93623	48.3247	3.93623	6104890000000000	0.00130006	707.328
41.5822	5.77807	0.599934	50.1537	4.04672	48.1471	4.04672	5897680000000000	0.00132607	696.366
42.3307	5.71620	0.583495	50.0392	4.15028	47.9726	4.15028	5697070000000000	0.00135173	685.917
43.0820	5.63645	0.568505	49.9250	4.24661	47.8016	4.24661	5503040000000000	0.00137640	676.260
43.8165	5.53306	0.557625	49.8130	4.33479	47.6367	4.33479	5318650000000000	0.00139969	667.487
44.5687	5.39946	0.544155	49.7021	4.41875	47.4746	4.41875	5141420000000000	0.00142376	658.485
45.2932	5.22646	0.537262	49.5904	4.49970	47.3129	4.49970	4968360000000000	0.00144885	649.228
46.0078	5.01227	0.527715	49.4788	4.57560	47.1536	4.57560	4800720000000000	0.00147327	640.505
46.7200	4.74070	0.521603	49.3681	4.64522	46.9981	4.64522	4639420000000000	0.00149559	632.901
47.4156	4.41663	0.515583	49.2580	4.71051	46.8453	4.71051	4483900000000000	0.00151725	625.712
48.0875	4.03901	0.509666	49.1478	4.77277	46.6936	4.77277	4332820000000000	0.00153902	618.601
48.7451	3.60001	0.505056	49.0371	4.83202	46.5427	4.83202	4185630000000000	0.00156056	611.714
49.3770	3.11689	0.500416	48.9266	4.88926	46.3928	4.88926	4043200000000000	0.00158343	604.405
49.9811	2.59724	0.495301	48.8163	4.94336	46.2444	4.94336	3905150000000000	0.00160585	597.409
50.5585	2.05313	0.498197	48.7062	4.99388	46.0980	4.99388	3771620000000000	0.00162691	591.047
51.0828	1.50910	0.507474	48.5962	5.04152	45.9531	5.04152	3642260000000000	0.00164720	585.069
51.5637	0.982431	0.485539	48.4889	5.08621	45.8124	5.08621	3519830000000000	0.00166761	579.096
51.9888	0.494883	0.371948	48.3807	5.12939	45.6714	5.12939	3400040000000000	0.00168850	573.050
52.2927	0.144914	-0.359803	48.2719	5.16952	45.5311	5.16952	3283120000000000	0.00170691	567.962
52.4061	0.0233849	-6.30077	48.1638	5.20781	45.3924	5.20781	3170490000000000	0.00172557	562.832
42.9788	5.64999	0.568193	48.0549	5.24413	45.2538	5.24413	3060390000000000	0.00174310	558.143
52.2739	0.00000	0.00000	47.9463	5.27885	45.1161	5.27885	2953870000000000	0.00176069	553.476
0.00000	0.00000	0.00000	47.8390	5.31108	44.9811	5.31108	2851860000000000	0.00177663	549.363
0.00000	0.00000	0.00000	47.7310	5.34196	44.8460	5.34196	2752270000000000	0.00179209	545.432
0.00000	0.00000	0.00000	47.6241	5.37110	44.7128	5.37110	2656550000000000	0.00180682	541.742
0.00000	0.00000	0.00000	47.5173	5.39893	44.5805	5.39893	2563900000000000	0.00182129	538.148
0.00000	0.00000	0.00000	47.4092	5.42601	44.4470	5.42601	2472890000000000	0.00183604	534.501
0.00000	0.00000	0.00000	47.3016	5.45146	44.3147	5.45146	2385020000000000	0.00184937	531.283
0.00000	0.00000	0.00000	47.1943	5.47493	44.1839	5.47493	2300150000000000	0.00185962	528.962
0.00000	0.00000	0.00000	47.0866	5.49710	44.0532	5.49710	2217500000000000	0.00186809	527.142
0.00000	0.00000	0.00000	46.9809	5.51863	43.9249	5.51863	2138810000000000	0.00187839	524.778
0.00000	0.00000	0.00000	46.8728	5.53922	43.7945	5.53922	2060830000000000	0.00188660	523.004
0.00000	0.00000	0.00000	46.7667	5.55935	43.6664	5.55935	1986630000000000	0.00189724	520.529
0.00000	0.00000	0.00000	46.6591	5.57786	43.5375	5.57786	1913670000000000	0.00190319	519.353
0.00000	0.00000	0.00000	46.5537	5.59577	43.4114	5.59577	1844480000000000	0.00191092	517.662
0.00000	0.00000	0.00000	46.4486	5.61245	43.2862	5.61245	1777510000000000	0.00191597	516.683
0.00000	0.00000	0.00000	46.3442	5.62877	43.1618	5.62877	1713000000000000	0.00192245	515.297
0.00000	0.00000	0.00000	46.2381	5.64403	43.0361	5.64403	1649500000000000	0.00192529	514.886
0.00000	0.00000	0.00000	46.1327	5.65887	42.9115	5.65887	1588400000000000	0.00192909	514.190
0.00000	0.00000	0.00000	46.0283	5.67304	42.7882	5.67304	1529720000000000	0.00193260	513.553
0.00000	0.00000	0.00000	45.9233	5.68644	42.6647	5.68644	1472550000000000	0.00193399	513.465
0.00000	0.00000	0.00000	45.8184	5.69917	42.5415	5.69917	1417170000000000	0.00193394	513.744
0.00000	0.00000	0.00000	45.7132	5.71165	42.4182	5.71165	1363450000000000	0.00193469	513.793
0.00000	0.00000	0.00000	45.6083	5.72346	42.2955	5.72346	1311520000000000	0.00193382	514.257
0.00000	0.00000	0.00000	45.5031	5.73459	42.1729	5.73459	1261130000000000	0.00193077	515.288
0.00000	0.00000	0.00000	45.3984	5.74525	42.0511	5.74525	1212610000000000	0.00192720	516.447
0.00000	0.00000	0.00000	45.2925	5.75580	41.9278	5.75580	1165050000000000	0.00192412	517.466
0.00000	0.00000	0.00000	45.1858	5.76649	41.8037	5.76649	1118760000000000	0.00192405	517.659
0.00000	0.00000	0.00000	45.0797	5.77581	41.6809	5.77581	1074230000000000	0.00191650	519.868
0.00000	0.00000	0.00000	44.9745	5.78518	41.5591	5.78518	1031530000000000	0.00191221	521.190
0.00000	0.00000	0.00000	44.8690	5.79439	41.4370	5.79439	990151000000000	0.00190871	522.287
0.00000	0.00000	0.00000	44.7643	5.80214	41.3166	5.80214	950433000000000	0.00189585	525.968
0.00000	0.00000	0.00000	44.6581	5.81057	41.1942	5.81057	911539000000000	0.00188968	527.810
0.00000	0.00000	0.00000	44.5528	5.81777	41.0734	5.81777	874277000000000	0.00187541	531.948
0.00000	0.00000	0.00000	44.4464	5.82569	40.9509	5.82569	837894000000000	0.00186867	533.975
0.00000	0.00000	0.00000	44.3393	5.83264	40.8283	5.83264	802583000000000	0.00185458	538.135
0.00000	0.00000	0.00000	44.2322	5.84022	40.7051	5.84022	768484000000000	0.00184852	539.992
0.00000	0.00000	0.00000	44.1247	5.84677	40.5822	5.84677	735508000000000	0.00183416	544.311
0.00000	0.00000	0.00000	44.0172	5.85389	40.4590	5.85389	703737000000000	0.00182799	546.228
0.00000	0.00000	0.00000	43.9102	5.85949	40.3371	5.85949	673223000000000	0.00180780	552.407
0.00000	0.00000	0.00000	43.8040	5.86527	40.2160	5.86527	644063000000000	0.00179206	557.328
0.00000	0.00000	0.00000	43.6973	5.87151	40.0941	5.87151	615854000000000	0.00178308	560.196
0.00000	0.00000	0.00000	43.5900	5.87660	39.9721	5.87660	588524000000000	0.00176242	566.826
0.00000	0.00000	0.00000	43.4828	5.88237	39.8498	5.88237	562241000000000	0.00175174	570.337
0.00000	0.00000	0.00000	43.3740	5.88711	39.7264	5.88711	536599000000000	0.00172926	577.803
0.00000	0.00000	0.00000	43.2663	5.89127	39.6046	5.89127	512214000000000	0.00170194	587.128
0.00000	0.00000	0.00000	43.1570	5.89678	39.4801	5.89678	488423000000000	0.00169247	590.456
0.00000	0.00000	0.00000	43.0454	5.90205	39.3532	5.90205	465114000000000	0.00168076	594.610
0.00000	0.00000	0.00000	42.9359	5.90595	39.2295	5.90595	443177000000000	0.00165384	604.328
0.00000	0.00000	0.00000	42.8258	5.91050	39.1046	5.91050	422018000000000	0.00163745	610.411
0.00000	0.00000	0.00000	42.7171	5.91500	38.9813	5.91500	401986000000000	0.00162337	615.735
0.00000	0.00000	0.00000	42.6085	5.91866	38.8588	5.91866	382816000000000	0.00159920	625.069
0.00000	0.00000	0.00000	42.4985	5.92182	38.7348	5.92182	364187000000000	0.00156780	637.617
0.00000	0.00000	0.00000	42.3875	5.92560	38.6094	5.92560	346208000000000	0.00154705	646.192
0.00000	0.00000	0.00000	42.2782	5.92979	38.4856	5.92979	329265000000000	0.00153596	650.879
0.00000	0.00000	0.00000	42.1683	5.93349	38.3614	5.93349	312973000000000	0.00151893	658.197
0.00000	0.00000	0.00000	42.0576	5.93629	38.2370	5.93629	297282000000000	0.00148820	671.807
0.00000	0.00000	0.00000	41.9474	5.93914	38.1130	5.93914	282356000000000	0.00146038	684.622
0.00000	0.00000	0.00000	41.8363	5.94231	37.9877	5.94231	267978000000000	0.00143908	694.769
0.00000	0.00000	0.00000	41.7257	5.94611	37.8627	5.94611	254326000000000	0.00143139	698.513
0.00000	0.00000	0.00000	41.6142	5.94911	37.7372	5.94911	241198000000000	0.00141094	708.651
0.00000	0.00000	0.00000	41.5023	5.95146	37.6115	5.95146	228626000000000	0.00138019	724.453
0.00000	0.00000	0.00000	41.3896	5.95368	37.4852	5.95368	216573000000000	0.00134795	741.790
0.00000	0.00000	0.00000	41.2784	5.95582	37.3605	5.95582	205249000000000	0.00131684	759.323
0.00000	0.00000	0.00000	41.1667	5.95864	37.2348	5.95864	194412000000000	0.00130029	768.999
0.00000	0.00000	0.00000	41.0550	5.96154	37.1090	5.96154	184094000000000	0.00128749	776.650
0.00000	0.00000	0.00000	40.9436	5.96406	36.9839	5.96406	174318000000000	0.00126927	787.804
0.00000	0.00000	0.00000	40.8318	5.96637	36.8583	5.96637	164976000000000	0.00124861	800.849
0.00000	0.00000	0.00000	40.7196	5.96823	36.7327	5.96823	156074000000000	0.00121983	819.748
0.00000	0.00000	0.00000	40.6074	5.96984	36.6071	5.96984	147614000000000	0.00118728	842.225
0.00000	0.00000	0.00000	40.4942	5.97174	36.4803	5.97174	139510000000000	0.00116188	860.640
0.00000	0.00000	0.00000	40.3814	5.97357	36.3540	5.97357	131856000000000	0.00113724	879.293
0.00000	0.00000	0.00000	40.2689	5.97569	36.2278	5.97569	124605000000000	0.00112057	892.379
0.00000	0.00000	0.00000	40.1552	5.97803	36.1001	5.97803	117662000000000	0.00111068	900.326
0.00000	0.00000	0.00000	40.0426	5.97986	35.9740	5.97986	111146000000000	0.00109156	916.096
0.00000	0.00000	0.00000	39.9294	5.98147	35.8473	5.98147	104937000000000	0.00106863	935.758
0.00000	0.00000	0.00000	39.8155	5.98272	35.7202	5.98272	99024300000000	0.00103828	963.116
0.00000	0.00000	0.00000	39.7005	5.98403	35.5917	5.98403	93370300000000	0.00101006	990.030
0.00000	0.00000	0.00000	39.5847	5.98497	35.4626	5.98497	87989100000000	0.000974153	1026.52
0.00000	0.00000	0.00000	39.4698	5.98654	35.3340	5.98654	82943700000000	0.000955684	1046.36
0.00000	0.00000	0.00000	39.3496	5.98754	35.2001	5.98754	77964600000000	0.000922033	1084.55
0.00000	0.00000	0.00000	39.2313	5.98914	35.0677	5.98914	73339700000000	0.000905971	1103.78
0.00000	0.00000	0.00000	39.1110	5.99048	34.9334	5.99048	68910300000000	0.000884100	1131.09
0.00000	0.00000	0.00000	38.9933	5.99194	34.8017	5.99194	64823300000000	0.000868154	1151.86
0.00000	0.00000	0.00000	38.8744	5.99374	34.6686	5.99374	60933500000000	0.000862878	1158.91
0.00000	0.00000	0.00000	38.7547	5.99450	34.5353	5.99450	57247000000000	0.000830779	1203.68
0.00000	0.00000	0.00000	38.6331	5.99604	34.3992	5.99604	53720100000000	0.000820805	1218.31
0.00000	0.00000	0.00000	38.5121	5.99711	34.2643	5.99711	50423100000000	0.000800058	1249.90
0.00000	0.00000	0.00000	38.3904	5.99807	34.1286	5.99807	47303800000000	0.000777123	1286.79
0.00000	0.00000	0.00000	38.2679	5.99883	33.9920	5.99883	44352300000000	0.000749575	1334.09
0.00000	0.00000	0.00000	38.1447	5.99947	33.8549	5.99947	41567200000000	0.000720082	1388.73
0.00000	0.00000	0.00000	38.0198	6.00017	33.7159	6.00017	38919000000000	0.000693157	1442.67
0.00000	0.00000	0.00000	37.8939	6.00095	33.5756	6.00095	36413500000000	0.000669282	1494.14
0.00000	0.00000	0.00000	37.7671	6.00186	33.4343	6.00186	34051900000000	0.000650250	1537.87
0.00000	0.00000	0.00000	37.6382	6.00275	33.2906	6.00275	31804200000000	0.000631471	1583.60
0.00000	0.00000	0.00000	37.5092	6.00340	33.1470	6.00340	29701200000000	0.000607506	1646.07
0.00000	0.00000	0.00000	37.3786	6.00422	33.0015	6.00422	27712200000000	0.000589018	1697.74
0.00000	0.00000	0.00000	37.2473	6.00520	32.8551	6.00520	25843600000000	0.000576292	1735.23
0.00000	0.00000	0.00000	37.1148	6.00593	32.7075	6.00593	24083900000000	0.000557319	1794.30
0.00000	0.00000	0.00000	36.9804	6.00693	32.5576	6.00693	22419200000000	0.000547438	1826.69
0.00000	0.00000	0.00000	36.8441	6.00756	32.4059	6.00756	20847500000000	0.000527195	1896.83
0.00000	0.00000	0.00000	36.7058	6.00852	32.2518	6.00852	19363800000000	0.000517921	1930.80
0.00000	0.00000	0.00000	36.5670	6.00932	32.0972	6.00932	17980400000000	0.000505156	1979.58
0.00000	0.00000	0.00000	36.4255	6.00980	31.9398	6.00980	16669800000000	0.000482945	2070.63
0.00000	0.00000	0.00000	36.2839	6.01071	31.7819	6.01071	15452900000000	0.000476038	2100.67
0.00000	0.00000	0.00000	36.1398	6.01133	31.6216	6.01133	14305300000000	0.000460379	2172.12
0.00000	0.00000	0.00000	35.9940	6.01173	31.4595	6.01173	13230400000000	0.000438457	2280.72
0.00000	0.00000	0.00000	35.8446	6.01231	31.2933	6.01231	12212000000000	0.000423015	2363.98
0.00000	0.00000	0.00000	35.6940	6.01256	31.1259	6.01256	11263500000000	0.000397834	2513.61
0.00000	0.00000	0.00000	35.5396	6.01302	30.9543	6.01302	10368000000000	0.000380216	2630.08
0.00000	0.00000	0.00000	35.3822	6.01325	30.7794	6.01325	9527270000000	0.000356103	2808.17
0.00000	0.00000	0.00000	35.2245	6.01371	30.6041	6.01371	8753070000000	0.000340339	2938.25
0.00000	0.00000	0.00000	35.0655	6.01410	30.4273	6.01410	8035670000000	0.000323454	3091.63
0.00000	0.00000	0.00000	34.9023	6.01431	30.2460	6.01431	7360350000000	0.000301972	3311.56
0.00000	0.00000	0.00000	34.7381	6.01456	30.0636	6.01456	6737920000000	0.000283129	3531.96
0.00000	0.00000	0.00000	34.5718	6.01502	29.8787	6.01502	6160720000000	0.000270564	3695.98
0.00000	0.00000	0.00000	34.4021	6.01538	29.6901	6.01538	5622630000000	0.000256103	3904.68
0.00000	0.00000	0.00000	34.2301	6.01549	29.4991	6.01549	5125110000000	0.000236049	4236.40
0.00000	0.00000	0.00000	34.0554	6.01598	29.3049	6.01598	4664670000000	0.000226347	4418.00
0.00000	0.00000	0.00000	33.8762	6.01622	29.1058	6.01622	4235130000000	0.000210955	4740.34
0.00000	0.00000	0.00000	33.6953	6.01642	28.9049	6.01642	3841540000000	0.000195709	5109.63
0.00000	0.00000	0.00000	33.5116	6.01689	28.7006	6.01689	3479160000000	0.000187286	5339.44
0.00000	0.00000	0.00000	33.3255	6.01721	28.4938	6.01721	3146850000000	0.000176379	5669.61
0.00000	0.00000	0.00000	33.1355	6.01749	28.2828	6.01749	2840280000000	0.000165006	6060.37
0.00000	0.00000	0.00000	32.9407	6.01782	28.0663	6.01782	2556870000000	0.000155099	6447.49
0.00000	0.00000	0.00000	32.7428	6.01810	27.8464	6.01810	2297780000000	0.000145062	6893.59
0.00000	0.00000	0.00000	32.5434	6.01853	27.6247	6.01853	2063280000000	0.000138584	7215.86
0.00000	0.00000	0.00000	32.3402	6.01862	27.3991	6.01862	1848890000000	0.000125905	7942.52
0.00000	0.00000	0.00000	32.1314	6.01893	27.1672	6.01893	1651790000000	0.000118197	8460.45
0.00000	0.00000	0.00000	31.9170	6.01932	26.9289	6.01932	1471180000000	0.000112274	8906.77
0.00000	0.00000	0.00000	31.6981	6.01938	26.6858	6.01938	1307110000000	0.000100812	9919.41
0.00000	0.00000	0.00000	31.4755	6.01991	26.4384	6.01991	1159070000000	0.0000983230	10170.6
0.00000	0.00000	0.00000	31.2505	6.02016	26.1885	6.02016	1026400000000	0.0000914233	10938.1
0.00000	0.00000	0.00000	31.0202	6.02029	25.9327	6.02029	906315000000	0.0000829775	12051.5
0.00000	0.00000	0.00000	30.7876	6.02057	25.6743	6.02057	799275000000	0.0000776492	12878.4
0.00000	0.00000	0.00000	30.5501	6.02088	25.4105	6.02088	703026000000	0.0000732927	13643.9
0.00000	0.00000	0.00000	30.3076	6.02087	25.1413	6.02087	616683000000	0.0000640796	15605.6
0.00000	0.00000	0.00000	30.0589	6.02146	24.8648	6.02146	539130000000	0.0000650669	15368.8
0.00000	0.00000	0.00000	29.8066	6.02142	24.5848	6.02142	470413000000	0.0000561225	17818.2
0.00000	0.00000	0.00000	29.5498	6.02173	24.2996	6.02173	409467000000	0.0000532485	18779.9
0.00000	0.00000	0.00000	29.2873	6.02179	24.0082	6.02179	355310000000	0.0000469599	21294.8
0.00000	0.00000	0.00000	29.0188	6.02202	23.7099	6.02202	307306000000	0.0000437273	22869.0
0.00000	0.00000	0.00000	28.7468	6.02225	23.4078	6.02225	265299000000	0.0000406867	24578.1
0.00000	0.00000	0.00000	28.4691	6.02242	23.0994	6.02242	228317000000	0.0000372237	26864.6
0.00000	0.00000	0.00000	28.1845	6.02258	22.7834	6.02258	195762000000	0.0000338835	29512.9
0.00000	0.00000	0.00000	27.8860	6.02267	22.4520	6.02267	166596000000	0.0000299027	33441.8
0.00000	0.00000	0.00000	27.5906	6.02297	22.1239	6.02297	142015000000	0.0000289528	34538.9
0.00000	0.00000	0.00000	27.2893	6.02303	21.7895	6.02303	120671000000	0.0000253412	39461.4
0.00000	0.00000	0.00000	26.9845	6.02301	21.4512	6.02301	102340000000	0.0000212603	47036.0
0.00000	0.00000	0.00000	26.6753	6.02338	21.1076	6.02338	86588500000	0.0000218011	45869.3
0.00000	0.00000	0.00000	26.3587	6.02345	20.7562	6.02345	72968600000	0.0000191190	52303.9
0.00000	0.00000	0.00000	26.0384	6.02318	20.4009	6.02318	61367800000	0.0000138756	72068.9
0.00000	0.00000	0.00000	25.7141	6.02351	20.0406	6.02351	51499800000	0.0000139661	71602.2
0.00000	0.00000	0.00000	25.3820	6.02380	19.6717	6.02380	43036500000	0.0000142156	70345.5
0.00000	0.00000	0.00000	25.0474	6.02364	19.3005	6.02364	35915800000	0.0000105732	94578.7
0.00000	0.00000	0.00000	24.7068	6.02383	18.9222	6.02383	29875700000	0.0000100377	99624.8
0.00000	0.00000	0.00000	24.3588	6.02375	18.5361	6.02375	24752600000	0.00000785119	127369
0.00000	0.00000	0.00000	24.0042	6.02392	18.1423	6.02392	20435100000	0.00000735687	135927
0.00000	0.00000	0.00000	23.6475	6.02417	17.7461	6.02417	16851000000	0.00000767955	130216
0.00000	0.00000	0.00000	23.2870	6.02416	17.3460	6.02416	13867200000	0.00000623939	160272
0.00000	0.00000	0.00000	22.9227	6.02421	16.9417	6.02421	11388800000	0.00000538013	185869
0.00000	0.00000	0.00000	22.5527	6.02436	16.5308	6.02436	9323970000	0.00000525965	190127
0.00000	0.00000	0.00000	22.1797	6.02430	16.1169	6.02430	7621680000	0.00000396768	252037
0.00000	0.00000	0.00000	21.8030	6.02424	15.6988	6.02424	6217320000	0.00000304847	328033
0.00000	0.00000	0.00000	21.4202	6.02436	15.2738	6.02436	5055270000	0.00000285541	350212
0.00000	0.00000	0.00000	21.0365	6.02438	14.8478	6.02438	4108090000	0.00000238130	419938
0.00000	0.00000	0.00000	20.6448	6.02444	14.4130	6.02444	3324200000	0.00000207065	482939
0.00000	0.00000	0.00000	20.2449	6.02463	13.9690	6.02463	2677990000	0.00000228391	437845
0.00000	0.00000	0.00000	19.8468	6.02457	13.5271	6.02457	2159440000	0.00000165290	604996
0.00000	0.00000	0.00000	19.4472	6.02466	13.0835	6.02466	1739900000	0.00000158543	630743
0.00000	0.00000	0.00000	19.0437	6.02453	12.6358	6.02453	1398950000	0.00000100249	997516
0.00000	0.00000	0.00000	18.6367	6.02461	12.1839	6.02461	1122640000	0.000000922951	1083480
0.00000	0.00000	0.00000	18.2290	6.02474	11.7313	6.02474	900597000	0.000000965381	1035860
0.00000	0.00000	0.00000	17.8165	6.02474	11.2734	6.02474	720577000	0.000000772501	1294500
0.00000	0.00000	0.00000	17.4028	6.02468	10.8144	6.02468	576205000	0.000000547726	1825730
0.00000	0.00000	0.00000	16.9855	6.02456	10.3513	6.02456	459828000	0.000000348263	2871390
0.00000	0.00000	0.00000	16.5594	6.02483	9.87798	6.02483	365220000	0.000000504597	1981780
0.00000	0.00000	0.00000	16.1359	6.02474	9.40808	6.02474	290498000	0.000000316584	3158720
0.00000	0.00000	0.00000	15.7126	6.02487	8.93808	6.02487	231080000	0.000000364349	2744620
0.00000	0.00000	0.00000	15.2888	6.02488	8.46766	6.02488	183766000	0.000000304061	3288810
0.00000	0.00000	0.00000	14.8628	6.02482	7.99492	6.02482	145969000	0.000000193728	5161880
0.00000	0.00000	0.00000	14.4370	6.02471	7.52235	6.02471	115952000	0.000000116881	8555700
0.00000	0.00000	0.00000	14.0094	6.02481	7.04769	6.02481	92024900	0.000000119769	8349380
0.00000	0.00000	0.00000	13.5832	6.02480	6.57463	6.02480	73087900	0.0000000933135	10716600
0.00000	0.00000	0.00000	13.1535	6.02486	6.09760	6.02486	57937700	0.0000000872632	11459600
0.00000	0.00000	0.00000	12.7185	6.02497	5.61464	6.02497	45797100	0.000000111586	8961730
0.00000	0.00000	0.00000	12.2889	6.02496	5.13776	6.02496	36305200	0.0000000824668	12126100
0.00000	0.00000	0.00000	11.8608	6.02501	4.66257	6.02501	28805500	0.0000000941286	10623800
0.00000	0.00000	0.00000	11.4336	6.02501	4.18835	6.02501	22864900	0.0000000712455	14036000
0.00000	0.00000	0.00000	11.0062	6.02499	3.71399	6.02499	18148200	0.0000000517407	19327200
0.00000	0.00000	0.00000	10.5810	6.02503	3.24199	6.02503	14421400	0.0000000522158	19151300
0.00000	0.00000	0.00000	10.1554	6.02495	2.76969	6.02495	11457500	0.0000000251737	39723900
0.00000	0.00000	0.00000	9.73391	6.02501	2.30178	6.02501	9123010	0.0000000284274	35177300
0.00000	0.00000	0.00000	9.30737	6.02520	1.82810	6.02520	7244320	-0.0000000649476	-15397000
0.00000	0.00000	0.00000	8.87884	6.02504	1.35265	6.02504	5746360	0.0000000233252	42872000
0.00000	0.00000	0.00000	8.45785	6.02506	0.885337	6.02506	4576740	0.0000000226999	44053100
0.00000	0.00000	0.00000	8.04181	6.02519	0.423386	6.02519	3654950	-0.0000000447263	-22358200
0.00000	0.00000	0.00000	7.62784	6.02501	-0.0358860	6.02501	2922090	0.00000000954913	104722000
0.00000	0.00000	0.00000	7.21676	6.02509	-0.492260	6.02509	2339830	0.0000000164814	60674500
0.00000	0.00000	0.00000	6.81119	6.02505	-0.942388	6.02505	1879180	0.00000000867859	115226000
0.00000	0.00000	0.00000	6.40790	6.02507	-1.39004	6.02507	1511080	0.00000000809342	123557000
0.00000	0.00000	0.00000	6.01274	6.02507	-1.82866	6.02507	1220440	0.00000000653671	152982000
0.00000	0.00000	0.00000	5.61922	6.02503	-2.26540	6.02503	986572	0.00000000357221	279939000
0.00000	0.00000	0.00000	5.22869	6.02496	-2.69878	6.02496	798811	0.00000000187821	532422000
0.00000	0.00000	0.00000	4.84871	6.02511	-3.12074	6.02511	650484	0.00000000790216	126548000
0.00000	0.00000	0.00000	4.48063	6.02505	-3.52921	6.02505	533116	0.00000000230345	434131000
0.00000	0.00000	0.00000	4.14582	6.02502	-3.90081	6.02502	444854	0.00000000152823	654354000
0.00000	0.00000	0.00000	3.83815	6.02516	-4.24249	6.02516	376693	-0.0000000170678	-58589700
0.00000	0.00000	0.00000	3.54794	6.02502	-4.56443	6.02502	321998	0.00000000110617	904018000
0.00000	0.00000	0.00000	3.27043	6.02516	-4.87264	6.02516	277142	-0.0000000125572	-79635700
0.00000	0.00000	0.00000	3.00234	6.02521	-5.17027	6.02521	239753	-0.00000000189591	-527451000
0.00000	0.00000	0.00000	2.74243	6.02513	-5.45866	6.02513	208326	0.00000000396871	251971000
0.00000	0.00000	0.00000	2.49117	6.02525	-5.73772	6.02525	181867	-0.000000000787832	-1269310000
0.00000	0.00000	0.00000	2.25000	6.02521	-6.00535	6.02521	159638	-0.00000000112922	-885568000
0.00000	0.00000	0.00000	2.01852	6.02525	-6.26233	6.02525	140862	-0.000000000652339	-1532940000
0.00000	0.00000	0.00000	1.79482	6.02515	-6.51050	6.02515	124817	0.0000000160960	62127200
0.00000	0.00000	0.00000	1.59061	6.02509	-6.73710	6.02509	111771	0.000000000879710	1136740000
0.00000	0.00000	0.00000	1.40660	6.02510	-6.94135	6.02510	101188	0.000000000902322	1108250000
0.00000	0.00000	0.00000	1.24276	6.02521	-7.12336	6.02521	92611.6	-0.000000000655099	-1526490000
0.00000	0.00000	0.00000	1.09655	6.02525	-7.28569	6.02525	85573.5	-0.000000000396297	-2523360000
0.00000	0.00000	0.00000	0.965823	6.02518	-7.43070	6.02518	79735.0	-0.00000000119350	-837875000
0.00000	0.00000	0.00000	0.850713	6.02503	-7.55827	6.02503	74924.5	0.000000000286774	3487070000
0.00000	0.00000	0.00000	0.748572	6.02509	-7.67172	6.02509	70899.8	0.000000000558027	1792030000
0.00000	0.00000	0.00000	0.658274	6.02529	-7.77222	6.02529	67522.0	-0.000000000221088	-4523090000
0.00000	0.00000	0.00000	0.577549	6.02507	-7.86153	6.02507	64638.8	0.000000000376262	2657720000
0.00000	0.00000	0.00000	0.507702	6.02516	-7.93917	6.02516	62243.6	-0.00000000282022	-354582000
0.00000	0.00000	0.00000	0.446855	6.02523	-8.00681	6.02523	60229.6	-0.000000000323627	-3089970000
0.00000	0.00000	0.00000	0.394764	6.02510	-8.06445	6.02510	58557.2	0.000000000522171	1915080000
0.00000	0.00000	0.00000	0.349615	6.02523	-8.11474	6.02523	57145.4	-0.000000000333802	-2995790000
0.00000	0.00000	0.00000	0.312617	6.02527	-8.15586	6.02527	56013.8	-0.000000000214883	-4653690000
0.00000	0.00000	0.00000	0.279834	6.02508	-8.19199	6.02508	55029.9	0.000000000350778	2850800000
0.00000	0.00000	0.00000	0.249500	6.02513	-8.22573	6.02513	54134.9	0.00000000144054	694182000
0.00000	0.00000	0.00000	0.221862	6.02508	-8.25633	6.02508	53332.0	0.000000000339955	2941560000
0.00000	0.00000	0.00000	0.198634	6.02532	-8.28245	6.02532	52666.6	-0.000000000138607	-7214630000
0.00000	0.00000	0.00000	0.176125	6.02496	-8.30692	6.02496	52029.6	0.000000000118191	8460890000
0.00000	0.00000	0.00000	0.154939	6.02503	-8.33055	6.02503	51437.1	0.000000000196876	5079340000
0.00000	0.00000	0.00000	0.135648	6.02515	-8.35212	6.02515	50903.5	0.00000000656438	152337000
0.00000	0.00000	0.00000	0.117565	6.02516	-8.37221	6.02516	50408.4	-0.00000000228397	-437834000
0.00000	0.00000	0.00000	0.100512	6.02523	-8.39124	6.02523	49945.8	-0.000000000268370	-3726200000
0.00000	0.00000	0.00000	0.0852065	6.02523	-8.40823	6.02523	49534.2	-0.000000000266159	-3757160000
0.00000	0.00000	0.00000	0.0711587	6.02531	-8.42393	6.02531	49159.5	-0.000000000140397	-7122640000
0.00000	0.00000	0.00000	0.0580747	6.02519	-8.43828	6.02519	48813.0	-0.000000000597317	-1674150000
0.00000	0.00000	0.00000	0.0458563	6.02531	-8.45201	6.02531	48491.8	-0.000000000138490	-7220720000
0.00000	0.00000	0.00000	0.0348958	6.02517	-8.46398	6.02517	48205.2	-0.00000000130344	-767198000
0.00000	0.00000	0.00000	0.0248337	6.02511	-8.47507	6.02511	47943.8	0.000000000582429	1716950000
0.00000	0.00000	0.00000	0.0156209	6.02515	-8.48536	6.02515	47705.5	-0.00000000666465	-150046000
0.00000	0.00000	0.00000	0.00760063	6.02520	-8.49432	6.02520	47499.1	-0.000000000425828	-2348370000
0.00000	0.00000	0.00000	0.000348053	6.02511	-8.50224	6.02511	47313.4	0.000000000486616	2055010000
0.00000	0.00000	0.00000	-0.00644715	6.02515	-8.50984	6.02515	47139.9	0.00000000607904	164500000
0.00000	0.00000	0.00000	-0.0126543	6.02517	-8.51677	6.02517	46981.9	-0.000000000905317	-1104580000
0.00000	0.00000	0.00000	-0.0175874	6.02512	-8.52217	6.02512	46856.8	0.000000000695158	1438520000
0.00000	0.00000	0.00000	-0.0226021	6.02522	-8.52788	6.02522	46730.0	-0.000000000299009	-3344380000
0.00000	0.00000	0.00000	-0.0271758	6.02510	-8.53278	6.02510	46614.6	0.000000000415675	2405720000
0.00000	0.00000	0.00000	-0.0311451	6.02534	-8.53753	6.02534	46514.6	-0.000000000109521	-9130630000
0.00000	0.00000	0.00000	-0.0345591	6.02514	-8.54104	6.02514	46428.9	0.00000000204830	488209000
0.00000	0.00000	0.00000	-0.0381363	6.02521	-8.54510	6.02521	46339.1	-0.000000000366439	-2728970000
0.00000	0.00000	0.00000	-0.0414359	6.02515	-8.54868	6.02515	46256.6	0.00000000596514	167641000
0.00000	0.00000	0.00000	-0.0446539	6.02516	-8.55227	6.02516	46176.2	-0.00000000209222	-477962000
0.00000	0.00000	0.00000	-0.0478555	6.02508	-8.55571	6.02508	46096.4	0.000000000293833	3403290000
0.00000	0.00000	0.00000	-0.0506160	6.02502	-8.55869	6.02502	46027.6	0.000000000158121	6324290000
0.00000	0.00000	0.00000	-0.0527558	6.02511	-8.56120	6.02511	45974.4	0.000000000558504	1790500000
0.00000	0.00000	0.00000	-0.0554837	6.02513	-8.56425	6.02513	45906.6	0.00000000122159	818607000
0.00000	0.00000	0.00000	-0.0580483	6.02523	-8.56723	6.02523	45843.1	-0.000000000267782	-3734370000
0.00000	0.00000	0.00000	-0.0606291	6.02527	-8.57016	6.02527	45779.1	-0.000000000166117	-6019840000
0.00000	0.00000	0.00000	-0.0628180	6.02524	-8.57254	6.02524	45725.0	-0.000000000227464	-4396290000
0.00000	0.00000	0.00000	-0.0650558	6.02499	-8.57468	6.02499	45669.8	0.000000000130209	7679960000
0.00000	0.00000	0.00000	-0.0674407	6.02529	-8.57775	6.02529	45610.9	-0.000000000142391	-7022890000
0.00000	0.00000	0.00000	-0.0698255	6.02527	-8.58036	6.02527	45552.1	-0.000000000174750	-5722460000
0.00000	0.00000	0.00000	-0.0723574	6.02510	-8.58293	6.02510	45489.9	0.000000000405646	2465210000
0.00000	0.00000	0.00000	-0.0747259	6.02514	-8.58562	6.02514	45431.6	0.00000000200431	498925000
0.00000	0.00000	0.00000	-0.0768984	6.02521	-8.58812	6.02521	45378.4	-0.000000000358842	-2786740000
0.00000	0.00000	0.00000	-0.0780909	6.02515	-8.58937	6.02515	45349.0	-0.00000000633543	-157842000
0.00000	0.00000	0.00000	-0.0804431	6.02509	-8.59190	6.02509	45291.4	0.000000000356472	2805270000
0.00000	0.00000	0.00000	-0.0825666	6.02526	-8.59449	6.02526	45239.5	-0.000000000184082	-5432370000
0.00000	0.00000	0.00000	-0.0841510	6.02533	-8.59635	6.02533	45200.8	-0.000000000110301	-9066120000
0.00000	0.00000	0.00000	-0.0862582	6.02527	-8.59861	6.02527	45149.2	-0.000000000163832	-6103820000
0.00000	0.00000	0.00000	-0.0883163	6.02518	-8.60076	6.02518	45099.1	-0.000000000675056	-1481360000
0.00000	0.00000	0.00000	-0.0905542	6.02495	-8.60292	6.02495	45044.6	0.0000000000989711	10104000000
0.00000	0.00000	0.00000	-0.0925634	6.02528	-8.60562	6.02528	44995.6	-0.000000000154893	-6456080000
0.00000	0.00000	0.00000	-0.0942948	6.02515	-8.60736	6.02515	44953.6	-0.00000000628020	-159231000
0.00000	0.00000	0.00000	-0.0964347	6.02547	-8.61017	6.02547	44901.6	-0.0000000000634163	-15768800000
0.00000	0.00000	0.00000	-0.0978721	6.02511	-8.61126	6.02511	44866.8	0.000000000461452	2167070000
0.00000	0.00000	0.00000	-0.0995546	6.02515	-8.61320	6.02515	44826.0	-0.00000000626237	-159684000
0.00000	0.00000	0.00000	-0.100502	6.02521	-8.61432	6.02521	44803.0	-0.000000000354292	-2822530000
0.00000	0.00000	0.00000	-0.102250	6.02501	-8.61599	6.02501	44760.6	0.000000000146274	6836460000
0.00000	0.00000	0.00000	-0.103491	6.02507	-8.61745	6.02507	44730.6	0.000000000260377	3840590000
0.00000	0.00000	0.00000	-0.105206	6.02525	-8.61961	6.02525	44689.1	-0.000000000193589	-5165580000
0.00000	0.00000	0.00000	-0.106219	6.02517	-8.62061	6.02517	44664.8	-0.00000000120771	-828013000
0.00000	0.00000	0.00000	-0.107624	6.02514	-8.62214	6.02514	44630.9	0.00000000196898	507877000
0.00000	0.00000	0.00000	-0.108669	6.02521	-8.62339	6.02521	44605.6	-0.000000000352731	-2835020000
0.00000	0.00000	0.00000	-0.109698	6.02525	-8.62459	6.02525	44580.8	-0.000000000206457	-4843640000
0.00000	0.00000	0.00000	-0.110662	6.02509	-8.62543	6.02509	44557.6	0.000000000313859	3186140000
0.00000	0.00000	0.00000	-0.111757	6.02519	-8.62679	6.02519	44531.2	-0.000000000544922	-1835130000
0.00000	0.00000	0.00000	-0.112328	6.02509	-8.62729	6.02509	44517.5	0.000000000350381	2854030000
0.00000	0.00000	0.00000	-0.112345	6.02526	-8.62754	6.02526	44517.0	-0.000000000181142	-5520540000
0.00000	0.00000	0.00000	-0.113014	6.02517	-8.62816	6.02517	44501.0	-0.00000000120328	-831060000
0.00000	0.00000	0.00000	-0.112884	6.02519	-8.62805	6.02519	44504.1	-0.000000000460548	-2171330000
0.00000	0.00000	0.00000	-0.113145	6.02529	-8.62847	6.02529	44497.9	-0.000000000145700	-6863430000
0.00000	0.00000	0.00000	-0.113194	6.02513	-8.62830	6.02513	44496.6	0.000000000847684	1179680000
0.00000	0.00000	0.00000	-0.113112	6.02521	-8.62832	6.02521	44498.6	-0.000000000351885	-2841840000
0.00000	0.00000	0.00000	-0.113112	6.02511	-8.62818	6.02511	44498.6	0.000000000457666	2185000000
0.00000	0.00000	0.00000	-0.113227	6.02497	-8.62812	6.02497	44495.9	0.000000000112511	8888000000
0.00000	0.00000	0.00000	-0.112884	6.02521	-8.62807	6.02521	44504.1	-0.000000000351928	-2841490000
0.00000	0.00000	0.00000	-0.112835	6.02524	-8.62806	6.02524	44505.2	-0.000000000221397	-4516780000
0.00000	0.00000	0.00000	-0.113014	6.02517	-8.62817	6.02517	44501.0	-0.000000000857512	-1166160000
0.00000	0.00000	0.00000	-0.112590	6.02517	-8.62768	6.02517	44511.2	-0.00000000120356	-830868000
0.00000	0.00000	0.00000	-0.112916	6.02511	-8.62796	6.02511	44503.4	0.000000000457715	2184770000
0.00000	0.00000	0.00000	-0.112165	6.02535	-8.62748	6.02535	44521.4	-0.0000000000979498	-10209300000
0.00000	0.00000	0.00000	-0.111985	6.02525	-8.62713	6.02525	44525.8	-0.000000000206202	-4849620000
0.00000	0.00000	0.00000	-0.112328	6.02520	-8.62744	6.02520	44517.5	-0.000000000399097	-2505650000
0.00000	0.00000	0.00000	-0.112459	6.02513	-8.62749	6.02513	44514.2	0.00000000118454	844212000
0.00000	0.00000	0.00000	-0.112263	6.02508	-8.62720	6.02508	44519.0	0.000000000283778	3523880000
0.00000	0.00000	0.00000	-0.112508	6.02517	-8.62760	6.02517	44513.1	-0.000000000857746	-1165850000
0.00000	0.00000	0.00000	-0.112181	6.02504	-8.62705	6.02504	44521.0	0.000000000180719	5533440000
0.00000	0.00000	0.00000	-0.113259	6.02525	-8.62855	6.02525	44495.1	-0.000000000192749	-5188100000
0.00000	0.00000	0.00000	-0.113374	6.02519	-8.62859	6.02519	44492.4	-0.000000000460427	-2171900000
0.00000	0.00000	0.00000	-0.112982	6.02522	-8.62819	6.02522	44501.8	-0.000000000284751	-3511840000
0.00000	0.00000	0.00000	-0.113733	6.02516	-8.62894	6.02516	44483.6	-0.00000000201553	-496149000
0.00000	0.00000	0.00000	-0.114158	6.02518	-8.62944	6.02518	44473.5	-0.000000000665692	-1502200000
0.00000	0.00000	0.00000	-0.115040	6.02521	-8.63047	6.02521	44452.2	-0.000000000314438	-3180280000
0.00000	0.00000	0.00000	-0.115824	6.02517	-8.63127	6.02517	44433.4	-0.00000000120145	-832324000
0.00000	0.00000	0.00000	-0.116151	6.02502	-8.63143	6.02502	44425.6	0.000000000152617	6552340000
0.00000	0.00000	0.00000	-0.116510	6.02531	-8.63224	6.02531	44417.0	-0.000000000121671	-8218880000
0.00000	0.00000	0.00000	-0.117343	6.02504	-8.63278	6.02504	44396.9	0.000000000180215	5548910000
0.00000	0.00000	0.00000	-0.117996	6.02503	-8.63350	6.02503	44381.2	0.000000000169869	5886870000
0.00000	0.00000	0.00000	-0.119025	6.02486	-8.63440	6.02486	44356.6	0.0000000000683470	14631200000
0.00000	0.00000	0.00000	-0.119189	6.02514	-8.63497	6.02514	44352.6	0.00000000195671	511063000
0.00000	0.00000	0.00000	-0.120071	6.02529	-8.63616	6.02529	44331.5	-0.000000000145155	-6889180000
0.00000	0.00000	0.00000	-0.120349	6.02528	-8.63646	6.02528	44324.9	-0.000000000152584	-6553780000
0.00000	0.00000	0.00000	-0.121247	6.02509	-8.63719	6.02509	44303.4	0.000000000348696	2867830000
0.00000	0.00000	0.00000	-0.121345	6.02513	-8.63736	6.02513	44301.0	0.00000000117886	848276000
0.00000	0.00000	0.00000	-0.121492	6.02507	-8.63743	6.02507	44297.5	0.000000000257856	3878140000
0.00000	0.00000	0.00000	-0.121933	6.02504	-8.63788	6.02504	44287.0	0.000000000179769	5562680000
0.00000	0.00000	0.00000	-0.122766	6.02509	-8.63888	6.02509	44267.0	0.000000000348410	2870180000
0.00000	0.00000	0.00000	-0.123959	6.02513	-8.64026	6.02513	44238.5	0.00000000117720	849475000
0.00000	0.00000	0.00000	-0.123877	6.02525	-8.64033	6.02525	44240.4	-0.000000000191645	-5217980000
0.00000	0.00000	0.00000	-0.124547	6.02501	-8.64074	6.02501	44224.4	0.000000000144522	6919360000
0.00000	0.00000	0.00000	-0.124890	6.02533	-8.64157	6.02533	44216.2	-0.000000000107898	-9267980000
0.00000	0.00000	0.00000	-0.125233	6.02511	-8.64164	6.02511	44208.0	0.000000000537046	1862040000
0.00000	0.00000	0.00000	-0.125314	6.02509	-8.64170	6.02509	44206.0	0.000000000311382	3211490000
0.00000	0.00000	0.00000	-0.124677	6.02516	-8.64109	6.02516	44221.2	-0.00000000200364	-499092000
0.00000	0.00000	0.00000	-0.124792	6.02511	-8.64114	6.02511	44218.5	0.000000000454785	2198840000
0.00000	0.00000	0.00000	-0.124677	6.02504	-8.64092	6.02504	44221.2	0.000000000179503	5570950000
0.00000	0.00000	0.00000	-0.124187	6.02519	-8.64059	6.02519	44233.0	-0.000000000541272	-1847500000
0.00000	0.00000	0.00000	-0.123632	6.02513	-8.63988	6.02513	44246.2	0.000000000842915	1186360000
0.00000	0.00000	0.00000	-0.123076	6.02511	-8.63925	6.02511	44259.6	0.000000000537673	1859870000
0.00000	0.00000	0.00000	-0.123191	6.02521	-8.63951	6.02521	44256.9	-0.000000000349973	-2857360000
0.00000	0.00000	0.00000	-0.122554	6.02517	-8.63875	6.02517	44272.1	-0.000000000853102	-1172190000
0.00000	0.00000	0.00000	-0.122064	6.02525	-8.63832	6.02525	44283.8	-0.000000000191833	-5212870000
0.00000	0.00000	0.00000	-0.121476	6.02521	-8.63761	6.02521	44297.9	-0.000000000313346	-3191360000
0.00000	0.00000	0.00000	-0.120904	6.02525	-8.63704	6.02525	44311.6	-0.000000000191954	-5209590000
0.00000	0.00000	0.00000	-0.120528	6.02528	-8.63666	6.02528	44320.6	-0.000000000152569	-6554410000
0.00000	0.00000	0.00000	-0.120528	6.02496	-8.63621	6.02496	44320.6	0.000000000104209	9596080000
0.00000	0.00000	0.00000	-0.119924	6.02519	-8.63585	6.02519	44335.1	-0.000000000542522	-1843240000
0.00000	0.00000	0.00000	-0.119205	6.02527	-8.63518	6.02527	44352.2	-0.000000000160940	-6213500000
0.00000	0.00000	0.00000	-0.119107	6.02528	-8.63508	6.02528	44354.6	-0.000000000152686	-6549380000
0.00000	0.00000	0.00000	-0.119172	6.02514	-8.63495	6.02514	44353.1	0.00000000195673	511057000
0.00000	0.00000	0.00000	-0.119499	6.02538	-8.63565	6.02538	44345.2	-0.0000000000862441	-11595000000
0.00000	0.00000	0.00000	-0.119516	6.02535	-8.63563	6.02535	44344.9	-0.0000000000975615	-10250000000
0.00000	0.00000	0.00000	-0.119499	6.02525	-8.63548	6.02525	44345.2	-0.000000000192099	-5205640000
0.00000	0.00000	0.00000	-0.119434	6.02521	-8.63534	6.02521	44346.8	-0.000000000350684	-2851570000
0.00000	0.00000	0.00000	-0.119189	6.02526	-8.63514	6.02526	44352.6	-0.000000000180473	-5541000000
0.00000	0.00000	0.00000	-0.119270	6.02518	-8.63512	6.02518	44350.8	-0.000000000663854	-1506350000
0.00000	0.00000	0.00000	-0.119401	6.02524	-8.63535	6.02524	44347.6	-0.000000000220613	-4532830000
0.00000	0.00000	0.00000	-0.120283	6.02527	-8.63637	6.02527	44326.4	-0.000000000160846	-6217130000
0.00000	0.00000	0.00000	-0.120822	6.02518	-8.63684	6.02518	44313.5	-0.000000000663297	-1507620000
0.00000	0.00000	0.00000	-0.121084	6.02535	-8.63738	6.02535	44307.2	-0.0000000000974787	-10258700000
0.00000	0.00000	0.00000	-0.122096	6.02518	-8.63826	6.02518	44283.0	-0.000000000662840	-1508660000
0.00000	0.00000	0.00000	-0.122521	6.02530	-8.63890	6.02530	44272.9	-0.000000000132066	-7571970000
0.00000	0.00000	0.00000	-0.123174	6.02525	-8.63956	6.02525	44257.2	-0.000000000191718	-5215990000
0.00000	0.00000	0.00000	-0.123763	6.02533	-8.64032	6.02533	44243.1	-0.000000000107964	-9262350000
0.00000	0.00000	0.00000	-0.123975	6.02523	-8.64041	6.02523	44238.0	-0.000000000258406	-3869870000
0.00000	0.00000	0.00000	-0.124155	6.02534	-8.64076	6.02534	44233.8	-0.000000000104151	-9601440000
0.00000	0.00000	0.00000	-0.124612	6.02519	-8.64107	6.02519	44222.9	-0.000000000457638	-2185130000
0.00000	0.00000	0.00000	-0.125265	6.02517	-8.64176	6.02517	44207.2	-0.000000000851852	-1173910000
0.00000	0.00000	0.00000	-0.126327	6.02525	-8.64305	6.02525	44181.9	-0.000000000204609	-4887360000
0.00000	0.00000	0.00000	-0.126164	6.02517	-8.64275	6.02517	44185.8	-0.00000000119476	-836989000
0.00000	0.00000	0.00000	-0.126262	6.02519	-8.64290	6.02519	44183.4	-0.000000000457229	-2187090000
0.00000	0.00000	0.00000	-0.126523	6.02523	-8.64323	6.02523	44177.1	-0.000000000258051	-3875200000
0.00000	0.00000	0.00000	-0.127095	6.02515	-8.64376	6.02515	44163.5	0.00000000569521	175586000
0.00000	0.00000	0.00000	-0.127732	6.02514	-8.64445	6.02514	44148.4	0.00000000194769	513427000
0.00000	0.00000	0.00000	-0.128418	6.02509	-8.64514	6.02509	44131.9	0.000000000310860	3216880000
0.00000	0.00000	0.00000	-0.128696	6.02519	-8.64559	6.02519	44125.2	-0.000000000539954	-1852010000
0.00000	0.00000	0.00000	-0.129088	6.02501	-8.64577	6.02501	44116.0	0.000000000137469	7274390000
0.00000	0.00000	0.00000	-0.129104	6.02509	-8.64591	6.02509	44115.6	0.000000000347218	2880030000
0.00000	0.00000	0.00000	-0.129251	6.02527	-8.64632	6.02527	44112.1	-0.000000000169226	-5909270000
0.00000	0.00000	0.00000	-0.128679	6.02501	-8.64533	6.02501	44125.8	0.000000000144200	6934820000
0.00000	0.00000	0.00000	-0.127813	6.02514	-8.64454	6.02514	44146.4	0.00000000194761	513451000
0.00000	0.00000	0.00000	-0.128140	6.02531	-8.64515	6.02531	44138.5	-0.000000000120908	-8270730000
0.00000	0.00000	0.00000	-0.127830	6.02521	-8.64466	6.02521	44146.0	-0.000000000349096	-2864540000
0.00000	0.00000	0.00000	-0.127552	6.02509	-8.64419	6.02509	44152.6	0.000000000347510	2877620000
0.00000	0.00000	0.00000	-0.127144	6.02512	-8.64377	6.02512	44162.4	0.000000000655185	1526290000
0.00000	0.00000	0.00000	-0.127013	6.02527	-8.64384	6.02527	44165.5	-0.000000000160262	-6239780000
0.00000	0.00000	0.00000	-0.126670	6.02519	-8.64334	6.02519	44173.6	-0.000000000540546	-1849980000
0.00000	0.00000	0.00000	-0.125559	6.02506	-8.64193	6.02506	44200.1	0.000000000219228	4561460000
0.00000	0.00000	0.00000	-0.125216	6.02532	-8.64192	6.02532	44208.4	-0.000000000116347	-8594980000
0.00000	0.00000	0.00000	-0.124547	6.02510	-8.64086	6.02510	44224.4	0.000000000394361	2535750000
0.00000	0.00000	0.00000	-0.124612	6.02521	-8.64109	6.02521	44222.9	-0.000000000349704	-2859560000
0.00000	0.00000	0.00000	-0.124383	6.02513	-8.64072	6.02513	44228.4	0.000000000842574	1186840000
0.00000	0.00000	0.00000	-0.123714	6.02509	-8.63993	6.02509	44244.2	0.000000000348231	2871660000
0.00000	0.00000	0.00000	-0.123844	6.02541	-8.64051	6.02541	44241.2	-0.0000000000770978	-12970500000
0.00000	0.00000	0.00000	-0.123125	6.02525	-8.63949	6.02525	44258.4	-0.000000000204964	-4878920000
0.00000	0.00000	0.00000	-0.122913	6.02521	-8.63921	6.02521	44263.5	-0.000000000313103	-3193840000
0.00000	0.00000	0.00000	-0.122831	6.02537	-8.63933	6.02537	44265.4	-0.0000000000913898	-10942100000
0.00000	0.00000	0.00000	-0.122276	6.02513	-8.63839	6.02513	44278.8	0.00000000117827	848702000
0.00000	0.00000	0.00000	-0.122586	6.02520	-8.63883	6.02520	44271.2	-0.000000000396890	-2519590000
0.00000	0.00000	0.00000	-0.122423	6.02517	-8.63860	6.02517	44275.2	-0.00000000119718	-835297000
0.00000	0.00000	0.00000	-0.122652	6.02507	-8.63872	6.02507	44269.8	0.000000000257694	3880570000
0.00000	0.00000	0.00000	-0.122978	6.02515	-8.63920	6.02515	44261.9	-0.00000000618356	-161719000
0.00000	0.00000	0.00000	-0.123207	6.02519	-8.63950	6.02519	44256.4	-0.000000000541558	-1846520000
0.00000	0.00000	0.00000	-0.123599	6.02515	-8.63988	6.02515	44247.0	0.00000000570598	175255000
0.00000	0.00000	0.00000	-0.123910	6.02526	-8.64038	6.02526	44239.6	-0.000000000180013	-5555150000
0.00000	0.00000	0.00000	-0.124057	6.02513	-8.64037	6.02513	44236.1	0.00000000117714	849520000
0.00000	0.00000	0.00000	-0.125053	6.02511	-8.64144	6.02511	44212.2	0.000000000537098	1861860000
0.00000	0.00000	0.00000	-0.124890	6.02537	-8.64163	6.02537	44216.2	-0.0000000000885618	-11291600000
0.00000	0.00000	0.00000	-0.125543	6.02517	-8.64206	6.02517	44200.6	-0.00000000119516	-836707000
0.00000	0.00000	0.00000	-0.126049	6.02525	-8.64275	6.02525	44188.5	-0.000000000191420	-5224110000
0.00000	0.00000	0.00000	-0.126980	6.02513	-8.64360	6.02513	44166.2	0.000000000841391	1188510000
0.00000	0.00000	0.00000	-0.127307	6.02515	-8.64400	6.02515	44158.5	-0.00000000616911	-162098000
0.00000	0.00000	0.00000	-0.127617	6.02508	-8.64424	6.02508	44151.0	0.000000000281433	3553250000
0.00000	0.00000	0.00000	-0.128222	6.02513	-8.64499	6.02513	44136.6	0.00000000117449	851435000
0.00000	0.00000	0.00000	-0.128418	6.02506	-8.64510	6.02506	44131.9	0.000000000218890	4568510000
0.00000	0.00000	0.00000	-0.128500	6.02519	-8.64538	6.02519	44130.0	-0.000000000456677	-2189730000
0.00000	0.00000	0.00000	-0.128941	6.02517	-8.64583	6.02517	44119.5	-0.00000000119297	-838246000
0.00000	0.00000	0.00000	-0.129398	6.02517	-8.64634	6.02517	44108.6	-0.00000000119267	-838452000
0.00000	0.00000	0.00000	-0.130117	6.02507	-8.64701	6.02507	44091.5	0.000000000256656	3896260000
0.00000	0.00000	0.00000	-0.131048	6.02525	-8.64828	6.02525	44069.2	-0.000000000204088	-4899850000
0.00000	0.00000	0.00000	-0.130754	6.02513	-8.64780	6.02513	44076.2	0.00000000117288	852602000
0.00000	0.00000	0.00000	-0.130574	6.02504	-8.64747	6.02504	44080.5	0.000000000178931	5588740000
0.00000	0.00000	0.00000	-0.131276	6.02492	-8.64807	6.02492	44063.8	0.0000000000831875	12021000000
0.00000	0.00000	0.00000	-0.131636	6.02506	-8.64868	6.02506	44055.2	0.000000000218510	4576460000
0.00000	0.00000	0.00000	-0.131603	6.02521	-8.64885	6.02521	44056.0	-0.000000000311635	-3208880000
0.00000	0.00000	0.00000	-0.131358	6.02509	-8.64840	6.02509	44061.9	0.000000000310367	3221990000
0.00000	0.00000	0.00000	-0.131260	6.02505	-8.64824	6.02505	44064.1	0.000000000190390	5252390000
0.00000	0.00000	0.00000	-0.131097	6.02539	-8.64855	6.02539	44068.1	-0.0000000000810064	-12344700000
0.00000	0.00000	0.00000	-0.130313	6.02543	-8.64773	6.02543	44086.8	-0.0000000000695942	-14369000000
0.00000	0.00000	0.00000	-0.130427	6.02533	-8.64772	6.02533	44084.0	-0.000000000107576	-9295780000
0.00000	0.00000	0.00000	-0.129561	6.02505	-8.64635	6.02505	44104.8	0.000000000190565	5247550000
0.00000	0.00000	0.00000	-0.129202	6.02517	-8.64612	6.02517	44113.2	-0.00000000119280	-838364000
0.00000	0.00000	0.00000	-0.128745	6.02517	-8.64563	6.02517	44124.1	-0.000000000850250	-1176120000
0.00000	0.00000	0.00000	-0.128140	6.02513	-8.64490	6.02513	44138.5	0.00000000117454	851399000
0.00000	0.00000	0.00000	-0.128042	6.02521	-8.64489	6.02521	44140.9	-0.000000000349056	-2864870000
0.00000	0.00000	0.00000	-0.127095	6.02528	-8.64394	6.02528	44163.5	-0.000000000152028	-6577720000
0.00000	0.00000	0.00000	-0.127029	6.02527	-8.64386	6.02527	44165.1	-0.000000000160261	-6239830000
0.00000	0.00000	0.00000	-0.126196	6.02502	-8.64258	6.02502	44185.0	0.000000000151791	6588020000
0.00000	0.00000	0.00000	-0.125804	6.02527	-8.64249	6.02527	44194.4	-0.000000000169541	-5898270000
0.00000	0.00000	0.00000	-0.125984	6.02514	-8.64251	6.02514	44190.0	0.00000000194953	512944000
0.00000	0.00000	0.00000	-0.125886	6.02512	-8.64238	6.02512	44192.4	0.000000000655630	1525250000
0.00000	0.00000	0.00000	-0.125461	6.02504	-8.64179	6.02504	44202.5	0.000000000179426	5573310000
0.00000	0.00000	0.00000	-0.125069	6.02522	-8.64161	6.02522	44211.9	-0.000000000282896	-3534860000
0.00000	0.00000	0.00000	-0.124530	6.02513	-8.64089	6.02513	44224.8	0.00000000117683	849739000
0.00000	0.00000	0.00000	-0.124269	6.02515	-8.64062	6.02515	44231.0	0.00000000570392	175318000
0.00000	0.00000	0.00000	-0.125020	6.02515	-8.64146	6.02515	44213.0	-0.00000000617673	-161898000
0.00000	0.00000	0.00000	-0.125086	6.02526	-8.64169	6.02526	44211.5	-0.000000000179899	-5558690000
0.00000	0.00000	0.00000	-0.124792	0.00000	-0.124792	0.00000	44218.5	0.00000	0.00000
0.00000	0.00000	0.00000	-0.125282	0.00000	-0.125282	0.00000	44206.9	0.00000	0.00000
