Vload_(V)	ILoad_(A)	RsLoad (ohm)	SunsVoc_Voltage_(V)	SunsVoc_Current_(A)	Model_Voltage_(V)	Model_Current_(A)	Carrier_Density_(cm-3)	Lifetime_(s)	Inverse_Lifetime_(s-1)	Efficiency_(%)	Intensity_(suns)	Dark_IV_Voltage_(V)	Dark_IV_Current_(A)
5.272399	9.797229	0	39.983915	-1.839681	40.527688	-1.839681	1.012048E+15	6.103736E-5	16381.708787	17.950579	1.195308	0	0
5.274513	9.801978	-0.528662	39.932869	-1.410741	40.350018	-1.410741	9.813296E+14	6.144973E-5	16271.864623	17.894902	1.195202	0	0
5.294037	9.80041	-0.531304	39.842179	-0.772412	40.070735	-0.772412	9.288978E+14	6.167935E-5	16211.450436	17.849412	1.194065	0	0
5.369077	9.798594	-0.539716	39.739761	-0.120736	39.775514	-0.120736	8.728539E+14	6.176622E-5	16188.814242	17.865901	1.192254	0	0
6.005348	9.799108	-0.604434	39.634729	0.509314	39.483787	0.509314	8.186995E+14	6.186405E-5	16163.363076	17.898848	1.18838	0	0
7.575034	9.789728	1.885801	39.524618	1.100114	39.198311	1.100114	7.653451E+14	6.176097E-5	16190.482063	17.872404	1.185127	0	0
9.442395	9.770734	2.023529	39.418524	1.655293	38.927151	1.655293	7.170696E+14	6.181098E-5	16177.50165	17.865095	1.182986	0	0
11.457634	9.769421	1.825416	39.306877	2.181529	38.658743	2.181529	6.69401E+14	6.168912E-5	16209.56884	17.883533	1.181333	0	0
13.341139	9.767041	1.646352	39.200506	2.672251	38.40594	2.672251	6.268081E+14	6.174234E-5	16195.688387	17.906579	1.178834	0	0
15.144555	9.761817	1.495548	39.092566	3.129316	38.161339	3.129316	5.862433E+14	6.170496E-5	16205.583348	17.867818	1.17537	0	0
16.950644	9.761446	1.313618	38.985362	3.556187	37.92625	3.556187	5.484533E+14	6.167578E-5	16213.321832	17.865349	1.170623	0	0
18.751941	9.731109	1.256494	38.878354	3.949363	37.701196	3.949363	5.130732E+14	6.157636E-5	16239.562317	17.865928	1.165903	0	0
20.550449	9.719183	1.104323	38.7728	4.31385	37.485979	4.31385	4.803336E+14	6.147899E-5	16265.336342	17.904259	1.161606	0	0
22.347793	9.719622	0.91827	38.669728	4.646484	37.282608	4.646484	4.503156E+14	6.13591E-5	16297.164655	17.887375	1.15756	0	0
24.141602	9.721121	0.729816	38.567849	4.957039	37.086885	4.957039	4.224323E+14	6.125291E-5	16325.459917	17.900707	1.153726	0	0
25.942216	9.711239	0.568458	38.465529	5.247132	36.896691	5.247132	3.961156E+14	6.109889E-5	16366.649361	17.888765	1.149918	0	0
26.540115	9.712628	0.503649	38.363976	5.516595	36.713314	5.516595	3.715734E+14	6.092122E-5	16414.413109	17.917183	1.145383	0	0
27.134724	9.718687	0.428112	38.264531	5.766294	36.537866	5.766294	3.489766E+14	6.076067E-5	16457.811222	17.895281	1.139883	0	0
27.732265	9.7097	0.387658	38.165086	6.003632	36.366012	6.003632	3.277206E+14	6.062959E-5	16493.418002	17.904803	1.134158	0	0
28.341147	9.706229	0.332864	38.065396	6.222778	36.199259	6.222778	3.076818E+14	6.041218E-5	16552.796386	17.900929	1.128856	0	0
28.940014	9.692163	0.299335	37.968302	6.424137	36.04038	6.424137	2.89318E+14	6.019762E-5	16611.814041	17.929905	1.123885	0	0
29.526543	9.650997	0.303621	37.870262	6.613748	35.88398	6.613748	2.718641E+14	5.993516E-5	16684.574418	17.922327	1.118556	0	0
30.124137	9.593612	0.305345	37.773692	6.792776	35.73217	6.792776	2.556818E+14	5.972641E-5	16742.904875	17.925306	1.113188	0	0
30.716523	9.521783	0.302595	37.67668	6.961425	35.582956	6.961425	2.403776E+14	5.94908E-5	16809.225462	17.927597	1.107543	0	0
31.306039	9.416062	0.305148	37.579816	7.119864	35.43689	7.119864	2.259949E+14	5.924109E-5	16880.091819	17.935169	1.101805	0	0
31.88993	9.272059	0.308457	37.48501	7.26542	35.296728	7.26542	2.127379E+14	5.897201E-5	16957.121892	17.945439	1.095564	0	0
32.474612	9.098257	0.305686	37.392	7.401515	35.161182	7.401515	2.004766E+14	5.873011E-5	17026.975858	17.93055	1.089575	0	0
33.050395	8.870063	0.304758	37.299334	7.527606	35.028946	7.527606	1.889531E+14	5.842952E-5	17114.57609	17.953708	1.083717	0	0
33.614208	8.580661	0.304025	37.207435	7.646843	34.899506	7.646843	1.781703E+14	5.815019E-5	17196.796653	17.942331	1.078164	0	0
34.168012	8.228524	0.302778	37.115634	7.760533	34.771793	7.760533	1.680055E+14	5.789345E-5	17273.063405	17.969451	1.072043	0	0
34.719189	7.805855	0.30047	37.023344	7.867477	34.645573	7.867477	1.583637E+14	5.759519E-5	17362.51941	17.944736	1.066067	0	0
35.263996	7.297503	0.299625	36.931167	7.968296	34.521277	7.968296	1.492798E+14	5.728429E-5	17456.757207	17.966501	1.05976	0	0
35.798842	6.721231	0.298076	36.841882	8.061287	34.402252	8.061287	1.409725E+14	5.699429E-5	17545.582945	17.950618	1.05377	0	0
36.324184	6.072506	0.295181	36.751927	8.148859	34.284149	8.148859	1.330655E+14	5.66556E-5	17650.477983	17.987222	1.047689	0	0
36.832269	5.357976	0.293727	36.664259	8.231289	34.169897	8.231289	1.257822E+14	5.637366E-5	17738.753631	17.967783	1.041858	0	0
37.332501	4.578136	0.293285	36.576363	8.308623	34.056926	8.308623	1.188764E+14	5.604644E-5	17842.324243	17.990529	1.035921	0	0
37.813522	3.759359	0.293526	36.490688	8.38197	33.947397	8.38197	1.12507E+14	5.57925E-5	17923.534426	17.969851	1.029972	0	0
38.266774	2.928993	0.297539	36.405552	8.449952	33.840018	8.449952	1.06513E+14	5.548528E-5	18022.779621	17.994828	1.023744	0	0
38.698956	2.096719	0.305355	36.320546	8.51639	33.733216	8.51639	1.008442E+14	5.525715E-5	18097.189971	17.972303	1.017675	0	0
39.080769	1.323482	0.319897	36.235573	8.579236	33.627513	8.579236	9.547689E+13	5.501555E-5	18176.664623	17.996907	1.011911	0	0
39.381019	0.70433	0.340908	36.150356	8.637739	33.522858	8.637739	9.037895E+13	5.470566E-5	18279.630153	17.984999	1.00645	0	0
32.039892	9.234047	0.307034	36.06455	8.693172	33.418515	8.693172	8.551896E+13	5.436295E-5	18394.868474	18.010189	1.000884	0	0
39.759179	0	0	35.979969	8.745311	33.316403	8.745311	8.098256E+13	5.403083E-5	18507.94082	18.000175	0.995238	0	0
0	0	0	35.897022	8.794675	33.216783	8.794675	7.676614E+13	5.373956E-5	18608.255155	18.011869	0.989632	0	0
0	0	0	35.813601	8.840997	33.117589	8.840997	7.274577E+13	5.339206E-5	18729.36815	18.004704	0.983841	0	0
0	0	0	35.729249	8.885133	33.018095	8.885133	6.88934E+13	5.301138E-5	18863.867599	18.013118	0.978315	0	0
0	0	0	35.648114	8.926492	32.922715	8.926492	6.537962E+13	5.269717E-5	18976.345634	18.01127	0.972537	0	0
0	0	0	35.564857	8.966096	32.825689	8.966096	6.195918E+13	5.231995E-5	19113.160669	18.014013	0.967156	0	0
0	0	0	35.485373	9.003344	32.733219	9.003344	5.886007E+13	5.203498E-5	19217.836164	18.018085	0.961814	0	0
0	0	0	35.406444	9.038189	32.642037	9.038189	5.593535E+13	5.171941E-5	19335.093785	18.016573	0.956962	0	0
0	0	0	35.32807	9.070848	32.552078	9.070848	5.317441E+13	5.137721E-5	19463.878678	18.028215	0.951726	0	0
0	0	0	35.248586	9.103089	32.461102	9.103089	5.051295E+13	5.107258E-5	19579.97227	18.014035	0.946728	0	0
0	0	0	35.17098	9.133464	32.372603	9.133464	4.804246E+13	5.079755E-5	19685.985104	18.026892	0.941281	0	0
0	0	0	35.090319	9.162154	32.281493	9.162154	4.560225E+13	5.039568E-5	19842.967232	18.010551	0.936257	0	0
0	0	0	35.01353	9.189515	32.194732	9.189515	4.339401E+13	5.011443E-5	19954.330473	18.029527	0.930994	0	0
0	0	0	34.936529	9.215943	32.10803	9.215943	4.128669E+13	4.984852E-5	20060.771586	18.00916	0.926261	0	0
0	0	0	34.860132	9.24004	32.022653	9.24004	3.929673E+13	4.949777E-5	20202.925863	18.032679	0.921343	0	0
0	0	0	34.783816	9.263922	31.937416	9.263922	3.740438E+13	4.922406E-5	20315.265005	18.011691	0.916477	0	0
0	0	0	34.708677	9.285886	31.853961	9.285886	3.563E+13	4.890305E-5	20448.622164	18.031493	0.911413	0	0
0	0	0	34.63473	9.306541	31.772119	9.306541	3.396574E+13	4.85812E-5	20584.094312	18.011214	0.906362	0	0
0	0	0	34.560179	9.3265	31.689867	9.3265	3.236637E+13	4.825641E-5	20722.633163	18.028145	0.901312	0	0
0	0	0	34.488094	9.345408	31.610451	9.345408	3.089139E+13	4.798471E-5	20839.969679	18.014626	0.896301	0	0
0	0	0	34.414964	9.363414	31.530239	9.363414	2.946352E+13	4.766633E-5	20979.169193	18.023758	0.891184	0	0
0	0	0	34.343108	9.380922	31.451475	9.380922	2.812469E+13	4.741397E-5	21090.830444	18.02392	0.886028	0	0
0	0	0	34.271546	9.396747	31.373525	9.396747	2.685167E+13	4.705656E-5	21251.019698	18.018073	0.881017	0	0
0	0	0	34.198938	9.412671	31.294472	9.412671	2.561882E+13	4.67551E-5	21388.040484	18.021087	0.876072	0	0
0	0	0	34.127654	9.427836	31.216999	9.427836	2.44634E+13	4.647937E-5	21514.920024	18.015731	0.871074	0	0
0	0	0	34.055292	9.442658	31.138527	9.442658	2.33437E+13	4.620606E-5	21642.183407	18.026004	0.866116	0	0
0	0	0	33.985657	9.455342	31.063496	9.455342	2.231453E+13	4.580753E-5	21830.470134	18.009008	0.861449	0	0
0	0	0	33.915369	9.468573	30.987624	9.468573	2.132164E+13	4.553146E-5	21962.837436	18.029991	0.856543	0	0
0	0	0	33.845375	9.481892	30.912022	9.481892	2.037673E+13	4.535151E-5	22049.980958	18.008072	0.851704	0	0
0	0	0	33.776704	9.493023	30.838444	9.493023	1.949033E+13	4.496587E-5	22239.087307	18.026676	0.846839	0	0
0	0	0	33.707396	9.505023	30.763943	9.505023	1.863474E+13	4.475754E-5	22342.601436	17.992345	0.842304	0	0
0	0	0	33.640179	9.515893	30.691923	9.515893	1.78408E+13	4.450622E-5	22468.769662	18.01771	0.837451	0	0
0	0	0	33.572048	9.526002	30.619202	9.526002	1.707053E+13	4.417183E-5	22638.860736	17.995583	0.832969	0	0
0	0	0	33.502903	9.536767	30.54524	9.536767	1.632275E+13	4.398266E-5	22736.234476	18.013839	0.828328	0	0
0	0	0	33.436552	9.545198	30.474852	9.545198	1.563596E+13	4.354146E-5	22966.614821	17.987734	0.823833	0	0
0	0	0	33.367636	9.555054	30.401399	9.555054	1.495316E+13	4.333471E-5	23076.19009	18.001794	0.819272	0	0
0	0	0	33.300272	9.563973	30.32982	9.563973	1.431454E+13	4.307013E-5	23217.944617	17.980684	0.81475	0	0
0	0	0	33.232647	9.572616	30.258057	9.572616	1.370083E+13	4.280987E-5	23359.100705	17.996299	0.810228	0	0
0	0	0	33.164564	9.581405	30.185778	9.581405	1.310953E+13	4.263039E-5	23457.445026	17.980272	0.805785	0	0
0	0	0	33.097755	9.587773	30.115551	9.587773	1.255408E+13	4.206529E-5	23772.567722	17.986999	0.801237	0	0
0	0	0	33.030538	9.596964	30.044027	9.596964	1.201896E+13	4.212063E-5	23741.333888	17.974092	0.796795	0	0
0	0	0	32.965102	9.603594	29.975116	9.603594	1.151991E+13	4.175395E-5	23949.829177	17.972665	0.792432	0	0
0	0	0	32.898244	9.610299	29.904728	9.610299	1.10314E+13	4.141756E-5	24144.348779	17.965227	0.787897	0	0
0	0	0	32.833297	9.618497	29.835826	9.618497	1.057669E+13	4.153167E-5	24078.013127	17.952813	0.783652	0	0
0	0	0	32.76711	9.623135	29.766762	9.623135	1.013254E+13	4.084773E-5	24481.162732	17.957335	0.778972	0	0
0	0	0	32.702506	9.629342	29.698826	9.629342	9.717006E+12	4.062083E-5	24617.912222	17.940418	0.774648	0	0
0	0	0	32.637069	9.636688	29.629683	9.636688	9.313469E+12	4.07152E-5	24560.852587	17.948409	0.77014	0	0
0	0	0	32.571551	9.641708	29.561179	9.641708	8.926206E+12	4.028181E-5	24825.101724	17.929723	0.765816	0	0
0	0	0	32.507144	9.646023	29.494029	9.646023	8.561197E+12	3.973737E-5	25165.229681	17.938433	0.761467	0	0
0	0	0	32.441332	9.652994	29.424613	9.652994	8.20363E+12	3.991783E-5	25051.464991	17.907848	0.757434	0	0
0	0	0	32.377708	9.65886	29.357777	9.65886	7.87215E+12	3.99289E-5	25044.518136	17.924746	0.753163	0	0
0	0	0	32.312321	9.662034	29.289978	9.662034	7.545421E+12	3.917001E-5	25529.732602	17.899063	0.749038	0	0
0	0	0	32.247962	9.665706	29.223074	9.665706	7.237072E+12	3.861847E-5	25894.346356	17.916755	0.744913	0	0
0	0	0	32.182558	9.670818	29.15465	9.670818	6.936614E+12	3.851202E-5	25965.916131	17.88847	0.740907	0	0
0	0	0	32.118657	9.67677	29.087497	9.67677	6.655104E+12	3.877463E-5	25790.058552	17.895267	0.736729	0	0
0	0	0	32.050231	9.680112	29.016538	9.680112	6.366309E+12	3.815042E-5	26212.028533	17.879197	0.732511	0	0
0	0	0	31.986771	9.683035	28.950782	9.683035	6.109679E+12	3.754989E-5	26631.236867	17.878321	0.728531	0	0
0	0	0	31.922756	9.686805	28.884192	9.686805	5.861278E+12	3.725297E-5	26843.494799	17.872119	0.724446	0	0
0	0	0	31.857907	9.691815	28.816361	9.691815	5.619936E+12	3.741663E-5	26726.087343	17.860514	0.720625	0	0
0	0	0	31.792814	9.696003	28.748536	9.696003	5.387671E+12	3.735436E-5	26770.633421	17.865264	0.716592	0	0
0	0	0	31.729174	9.69928	28.682481	9.69928	5.169872E+12	3.704336E-5	26995.39428	17.840757	0.712851	0	0
0	0	0	31.667004	9.701326	28.618314	9.701326	4.965605E+12	3.633884E-5	27518.767369	17.857376	0.708725	0	0
0	0	0	31.602973	9.703349	28.552252	9.703349	4.763651E+12	3.561206E-5	28080.375279	17.830064	0.704851	0	0
0	0	0	31.54015	9.707088	28.486884	9.707088	4.57349E+12	3.560877E-5	28082.968707	17.840152	0.700964	0	0
0	0	0	31.476249	9.710731	28.420444	9.710731	4.38785E+12	3.560233E-5	28088.052263	17.805929	0.697328	0	0
0	0	0	31.414324	9.714599	28.355951	9.714599	4.215141E+12	3.580191E-5	27931.469427	17.824822	0.693468	0	0
0	0	0	31.348936	9.717519	28.288218	9.717519	4.040145E+12	3.557253E-5	28111.582283	17.792963	0.68962	0	0
0	0	0	31.286783	9.719441	28.224102	9.719441	3.880542E+12	3.501164E-5	28561.929796	17.805864	0.685746	0	0
0	0	0	31.224222	9.721278	28.159596	9.721278	3.726255E+12	3.443257E-5	29042.265995	17.771301	0.682123	0	0
0	0	0	31.161235	9.723145	28.094646	9.723145	3.577116E+12	3.388782E-5	29509.128042	17.783237	0.678369	0	0
0	0	0	31.098281	9.725802	28.02948	9.725802	3.434017E+12	3.37419E-5	29636.744401	17.74891	0.674825	0	0
0	0	0	31.035393	9.728727	27.964295	9.728727	3.29678E+12	3.37767E-5	29606.211687	17.760746	0.671031	0	0
0	0	0	30.972831	9.73175	27.899412	9.73175	3.165698E+12	3.393115E-5	29471.445579	17.739354	0.667315	0	0
0	0	0	30.908849	9.734545	27.833148	9.734545	3.037025E+12	3.400352E-5	29408.716087	17.739652	0.663666	0	0
0	0	0	30.846434	9.736831	27.768646	9.736831	2.916546E+12	3.389077E-5	29506.555179	17.719422	0.660057	0	0
0	0	0	30.783088	9.738318	27.703445	9.738318	2.799155E+12	3.334765E-5	29987.120436	17.716011	0.6565	0	0
0	0	0	30.721425	9.739481	27.640066	9.739481	2.689421E+12	3.268548E-5	30594.623328	17.701097	0.65289	0	0
0	0	0	30.656969	9.740612	27.573842	9.740612	2.57931E+12	3.197352E-5	31275.880596	17.687565	0.6494	0	0
0	0	0	30.593982	9.742012	27.509034	9.742012	2.476067E+12	3.147187E-5	31774.40873	17.680061	0.645724	0	0
0	0	0	30.52946	9.743748	27.442551	9.743748	2.37459E+12	3.116149E-5	32090.891851	17.666884	0.642207	0	0
0	0	0	30.466294	9.745665	27.377396	9.745665	2.279274E+12	3.102303E-5	32234.116006	17.671347	0.638439	0	0
0	0	0	30.40125	9.747249	27.310425	9.747249	2.185119E+12	3.068405E-5	32590.22348	17.643657	0.635054	0	0
0	0	0	30.337006	9.749847	27.243951	9.749847	2.095941E+12	3.10452E-5	32211.095244	17.651426	0.631445	0	0
0	0	0	30.273284	9.751613	27.178274	9.751613	2.011084E+12	3.094149E-5	32319.064604	17.613084	0.628166	0	0
0	0	0	30.208158	9.753885	27.111	9.753885	1.927904E+12	3.121705E-5	32033.776442	17.625858	0.62453	0	0
0	0	0	30.143996	9.755478	27.044927	9.755478	1.84932E+12	3.108687E-5	32167.916588	17.596981	0.621264	0	0
0	0	0	30.079	9.756747	26.978104	9.756747	1.77298E+12	3.073786E-5	32533.165783	17.60446	0.61784	0	0
0	0	0	30.01425	9.758015	26.911532	9.758015	1.700061E+12	3.042708E-5	32865.456519	17.572528	0.614429	0	0
0	0	0	29.94749	9.75909	26.842968	9.75909	1.628018E+12	2.995831E-5	33379.71793	17.572933	0.61111	0	0
0	0	0	29.88287	9.759385	26.776838	9.759385	1.561193E+12	2.895282E-5	34538.94717	17.550799	0.607739	0	0
0	0	0	29.817156	9.760372	26.709369	9.760372	1.496048E+12	2.8488E-5	35102.498649	17.542988	0.604605	0	0
0	0	0	29.750609	9.761262	26.64108	9.761262	1.432847E+12	2.795942E-5	35766.125746	17.530401	0.601154	0	0
0	0	0	29.683588	9.762302	26.572259	9.762302	1.371893E+12	2.756743E-5	36274.687504	17.510213	0.597955	0	0
0	0	0	29.615358	9.763343	26.502201	9.763343	1.312503E+12	2.718388E-5	36786.506212	17.512611	0.594702	0	0
0	0	0	29.549464	9.764123	26.434614	9.764123	1.257588E+12	2.666068E-5	37508.422658	17.484332	0.591635	0	0
0	0	0	29.480025	9.765812	26.363114	9.765812	1.202203E+12	2.685636E-5	37235.122224	17.493793	0.588395	0	0
0	0	0	29.410391	9.767187	26.291514	9.767187	1.149111E+12	2.68453E-5	37250.46166	17.457327	0.5855	0	0
0	0	0	29.341393	9.76895	26.22044	9.76895	1.098817E+12	2.727087E-5	36669.166011	17.466318	0.582366	0	0
0	0	0	29.271007	9.769753	26.148253	9.769753	1.049778E+12	2.681487E-5	37292.744433	17.430121	0.579325	0	0
0	0	0	29.201128	9.7713	26.076346	9.7713	1.003258E+12	2.715545E-5	36825.026879	17.445605	0.576218	0	0
0	0	0	29.130138	9.77235	26.003462	9.77235	9.581077E+11	2.702857E-5	36997.882483	17.406568	0.573389	0	0
0	0	0	29.058429	9.773368	25.929854	9.773368	9.14563E+11	2.690051E-5	37174.021598	17.412558	0.570387	0	0
0	0	0	28.986768	9.774515	25.856254	9.774515	8.73025E+11	2.697553E-5	37070.629725	17.372636	0.567518	0	0
0	0	0	28.91372	9.775176	25.78139	9.775176	8.326232E+11	2.649853E-5	37737.942006	17.375103	0.56453	0	0
0	0	0	28.841276	9.775913	25.70712	9.775913	7.944024E+11	2.615565E-5	38232.660983	17.349525	0.561436	0	0
0	0	0	28.765467	9.776596	25.629427	9.776596	7.562835E+11	2.572497E-5	38872.731233	17.34252	0.55866	0	0
0	0	0	28.690654	9.777289	25.55275	9.777289	7.204591E+11	2.535861E-5	39434.342642	17.323484	0.555579	0	0
0	0	0	28.613751	9.777659	25.47404	9.777659	6.854013E+11	2.458035E-5	40682.90702	17.307948	0.552869	0	0
0	0	0	28.535965	9.778222	25.394365	9.778222	6.516764E+11	2.40629E-5	41557.747928	17.288055	0.549788	0	0
0	0	0	28.458327	9.778483	25.314938	9.778483	6.1967E+11	2.319945E-5	43104.478113	17.265861	0.547038	0	0
0	0	0	28.378679	9.778906	25.233406	9.778906	5.88468E+11	2.253998E-5	44365.60938	17.263165	0.544037	0	0
0	0	0	28.298035	9.779437	25.15082	9.779437	5.584759E+11	2.203036E-5	45391.90072	17.237366	0.54122	0	0
0	0	0	28.210367	9.779797	25.061111	9.779797	5.27603E+11	2.124192E-5	47076.715322	17.234938	0.538166	0	0
0	0	0	28.12706	9.779962	24.975922	9.779962	4.998489E+11	2.031623E-5	49221.738248	17.188952	0.535469	0	0
0	0	0	28.040699	9.780374	24.887531	9.780374	4.726173E+11	1.967983E-5	50813.446583	17.193161	0.532521	0	0
0	0	0	27.955563	9.780873	24.800365	9.780873	4.472244E+11	1.918989E-5	52110.761543	17.156073	0.529757	0	0
0	0	0	27.869594	9.781166	24.712413	9.781166	4.229672E+11	1.848047E-5	54111.180463	17.161012	0.526849	0	0
0	0	0	27.782824	9.781438	24.62365	9.781438	3.998181E+11	1.776966E-5	56275.690052	17.118828	0.524178	0	0
0	0	0	27.693964	9.781969	24.532666	9.781969	3.774236E+11	1.735793E-5	57610.54306	17.130849	0.521282	0	0
0	0	0	27.601787	9.782359	24.438339	9.782359	3.555179E+11	1.678002E-5	59594.674143	17.092111	0.518638	0	0
0	0	0	27.510722	9.783376	24.344944	9.783376	3.351249E+11	1.697791E-5	58900.073787	17.09213	0.515848	0	0
0	0	0	27.417794	9.783259	24.250013	9.783259	3.155203E+11	1.585081E-5	63088.27436	17.063276	0.513098	0	0
0	0	0	27.322857	9.783822	24.152808	9.783822	2.966757E+11	1.552993E-5	64391.775573	17.046119	0.51052	0	0
0	0	0	27.226728	9.784784	24.054255	9.784784	2.787408E+11	1.571931E-5	63616.03672	17.03092	0.507717	0	0
0	0	0	27.127822	9.785174	23.953049	9.785174	2.614188E+11	1.521967E-5	65704.445537	17.011551	0.505152	0	0
0	0	0	27.028572	9.785704	23.851447	9.785704	2.451187E+11	1.492733E-5	66991.204996	17.013477	0.502441	0	0
0	0	0	26.926399	9.78617	23.746878	9.78617	2.293994E+11	1.45582E-5	68689.827856	16.974974	0.499995	0	0
0	0	0	26.822005	9.786776	23.639992	9.786776	2.14379E+11	1.439357E-5	69475.462332	16.977528	0.497219	0	0
0	0	0	26.71663	9.787015	23.532224	9.787015	2.002148E+11	1.375683E-5	72691.181038	16.937311	0.494879	0	0
0	0	0	26.6066	9.78761	23.419582	9.78761	1.864225E+11	1.360166E-5	73520.429198	16.943894	0.492155	0	0
0	0	0	26.495606	9.787946	23.306039	9.787946	1.734719E+11	1.311486E-5	76249.393249	16.892429	0.489643	0	0
0	0	0	26.382276	9.788249	23.19012	9.788249	1.611765E+11	1.259723E-5	79382.542455	16.902558	0.487051	0	0
0	0	0	26.265386	9.789125	23.070374	9.789125	1.494071E+11	1.293909E-5	77285.188034	16.856046	0.484579	0	0
0	0	0	26.14709	9.789266	22.949433	9.789266	1.383709E+11	1.219619E-5	81992.834026	16.8555	0.482146	0	0
0	0	0	26.026655	9.78998	22.826117	9.78998	1.279722E+11	1.238995E-5	80710.585132	16.825818	0.479502	0	0
0	0	0	25.902479	9.790121	22.699165	9.790121	1.180681E+11	1.165856E-5	85773.894797	16.814392	0.477188	0	0
0	0	0	25.775003	9.79063	22.568721	9.79063	1.086976E+11	1.15603E-5	86502.976068	16.781497	0.474663	0	0
0	0	0	25.643085	9.791052	22.433764	9.791052	9.978277E+10	1.133744E-5	88203.300291	16.775401	0.472137	0	0
0	0	0	25.509811	9.791582	22.297386	9.791582	9.151857E+10	1.137438E-5	87916.914168	16.747932	0.469678	0	0
0	0	0	25.371946	9.791356	22.156564	9.791356	8.368925E+10	1.000161E-5	99983.909705	16.727685	0.467378	0	0
0	0	0	25.23124	9.792199	22.012487	9.792199	7.638876E+10	1.065908E-5	93816.712369	16.714953	0.464958	0	0
0	0	0	25.08823	9.792675	21.866177	9.792675	6.962101E+10	1.072977E-5	93198.675662	16.677541	0.462697	0	0
0	0	0	24.939944	9.792859	21.714569	9.792859	6.323605E+10	1.015698E-5	98454.445018	16.668351	0.460132	0	0
0	0	0	24.787199	9.793044	21.558405	9.793044	5.727075E+10	9.604143E-6	104121.736706	16.628067	0.457845	0	0
0	0	0	24.630403	9.793304	21.398075	9.793304	5.173206E+10	9.249914E-6	108109.11387	16.625746	0.455439	0	0
0	0	0	24.466714	9.793553	21.230704	9.793553	4.652052E+10	8.881859E-6	112589.037571	16.58118	0.453125	0	0
0	0	0	24.3001	9.793629	21.060401	9.793629	4.175473E+10	8.141112E-6	122833.339482	16.589532	0.450666	0	0
0	0	0	24.130416	9.793803	20.886928	9.793803	3.740258E+10	7.661797E-6	130517.688794	16.549631	0.448378	0	0
0	0	0	23.957677	9.793858	20.710373	9.793858	3.343774E+10	6.960753E-6	143662.617979	16.538337	0.446117	0	0
0	0	0	23.777441	9.794333	20.526015	9.794333	2.974816E+10	7.209959E-6	138697.040816	16.499507	0.443724	0	0
0	0	0	23.595195	9.794539	20.339693	9.794539	2.643121E+10	6.895975E-6	145012.117699	16.481575	0.441609	0	0
0	0	0	23.408082	9.794874	20.148353	9.794874	2.341008E+10	6.97727E-6	143322.53985	16.464962	0.439216	0	0
0	0	0	23.218078	9.79481	19.954191	9.79481	2.069541E+10	6.004457E-6	166542.945138	16.435877	0.43706	0	0
0	0	0	23.022519	9.794854	19.754317	9.794854	1.822974E+10	5.38642E-6	185652.060614	16.427118	0.434879	0	0
0	0	0	22.820819	9.795178	19.548073	9.795178	1.599398E+10	5.473175E-6	182709.320221	16.402678	0.432697	0	0
0	0	0	22.615999	9.795599	19.338607	9.795599	1.400406E+10	6.03165E-6	165792.117823	16.401517	0.43041	0	0
0	0	0	22.408141	9.79519	19.126314	9.79519	1.223757E+10	4.211657E-6	237436.229318	16.349209	0.42848	0	0
0	0	0	22.194696	9.795697	18.908005	9.795697	1.065522E+10	4.882802E-6	204800.431579	16.351195	0.426285	0	0
0	0	0	21.977446	9.795622	18.686001	9.795622	9.254602E+9	4.042454E-6	247374.476886	16.300354	0.424235	0	0
0	0	0	21.754674	9.79573	18.458293	9.79573	8.009354E+9	3.751293E-6	266574.765944	16.309231	0.421895	0	0
0	0	0	21.528815	9.79558	18.227517	9.79558	6.917792E+9	2.943705E-6	339708.004078	16.266446	0.420044	0	0
0	0	0	21.301323	9.796087	17.994849	9.796087	5.968666E+9	3.669E-6	272553.809804	16.260218	0.417902	0	0
0	0	0	21.069207	9.795526	17.757818	9.795526	5.134341E+9	2.116167E-6	472552.571237	16.223521	0.4158	0	0
0	0	0	20.830395	9.795839	17.513647	9.795839	4.397496E+9	2.22107E-6	450233.513742	16.201108	0.413817	0	0
0	0	0	20.585261	9.796088	17.263037	9.796088	3.750984E+9	2.307063E-6	433451.565584	16.16623	0.411754	0	0
0	0	0	20.341924	9.796066	17.014355	9.796066	3.203252E+9	1.933866E-6	517099.019741	16.139836	0.409916	0	0
0	0	0	20.095826	9.795937	16.762888	9.795937	2.730608E+9	1.483409E-6	674122.952456	16.126072	0.407801	0	0
0	0	0	19.847115	9.796142	16.508637	9.796142	2.32376E+9	1.50079E-6	666315.751729	16.095138	0.405976	0	0
0	0	0	19.596297	9.796261	16.252261	9.796261	1.97483E+9	1.432054E-6	698297.487667	16.07941	0.403874	0	0
0	0	0	19.345299	9.79638	15.995701	9.79638	1.678098E+9	1.387201E-6	720875.807549	16.033883	0.402076	0	0
0	0	0	19.088813	9.79665	15.73348	9.79665	1.420884E+9	1.722142E-6	580672.096464	16.026049	0.399908	0	0
0	0	0	18.831509	9.796423	15.470595	9.796423	1.202459E+9	1.047471E-6	954680.36531	15.98296	0.398057	0	0
0	0	0	18.573422	9.796553	15.206786	9.796553	1.017093E+9	1.05583E-6	947121.969576	15.974946	0.396179	0	0
0	0	0	18.313538	9.796348	14.941256	9.796348	8.593001E+8	6.844443E-7	1461039.203279	15.939611	0.394077	0	0
0	0	0	18.050681	9.796618	14.672524	9.796618	7.245887E+8	8.320066E-7	1201913.50006	15.931198	0.392226	0	0
0	0	0	17.787171	9.796704	14.403187	9.796704	6.10737E+8	8.16716E-7	1224415.886183	15.89225	0.390269	0	0
0	0	0	17.523824	9.79651	14.134114	9.79651	5.148288E+8	5.024665E-7	1990182.603759	15.867369	0.388431	0	0
0	0	0	17.257373	9.796564	13.861784	9.796564	4.33109E+8	4.570294E-7	2188042.849701	15.858885	0.386078	0	0
0	0	0	16.986006	9.796855	13.584346	9.796855	3.632004E+8	6.822604E-7	1465716.127644	15.825385	0.384333	0	0
0	0	0	16.712989	9.796639	13.305398	9.796639	3.042501E+8	3.622312E-7	2760667.595296	15.81603	0.382363	0	0
0	0	0	16.443402	9.796693	13.029863	9.796693	2.554356E+8	3.347751E-7	2987080.161485	15.767085	0.380604	0	0
0	0	0	16.171316	9.796834	12.751742	9.796834	2.141056E+8	3.802685E-7	2629721.139763	15.779665	0.378621	0	0
0	0	0	15.900096	9.79678	12.474575	9.79678	1.795637E+8	2.806013E-7	3563775.550795	15.736653	0.376809	0	0
0	0	0	15.627307	9.796888	12.195748	9.796888	1.504414E+8	3.09484E-7	3231185.13211	15.733451	0.374932	0	0
0	0	0	15.352297	9.796834	11.914707	9.796834	1.258607E+8	2.235555E-7	4473161.981923	15.680542	0.373134	0	0
0	0	0	15.076062	9.796931	11.632362	9.796931	1.052127E+8	2.478161E-7	4035250.470804	15.677304	0.37123	0	0
0	0	0	14.799305	9.796985	11.349497	9.796985	8.792221E+7	2.52906E-7	3954037.984435	15.632473	0.369471	0	0
0	0	0	14.521224	9.797017	11.065287	9.797017	7.34102E+7	2.434843E-7	4107040.904854	15.611834	0.367607	0	0
0	0	0	14.238569	9.796899	10.776457	9.796899	6.111188E+7	1.298374E-7	7701941.006415	15.578058	0.365796	0	0
0	0	0	13.955702	9.797039	10.487318	9.797039	5.086687E+7	1.878903E-7	5322253.453038	15.553953	0.364011	0	0
0	0	0	13.671578	9.796726	10.197054	9.796726	4.230485E+7	5.902221E-8	1.694277E+7	15.541975	0.362041	0	0
0	0	0	13.383418	9.797136	9.90241	9.797136	3.509203E+7	2.652612E-7	3769869.249201	15.484367	0.360586	0	0
0	0	0	13.086961	9.797255	9.599389	9.797255	2.895271E+7	-7.846645E-7	-1274430.09717	15.47498	0.35859	0	0
0	0	0	12.794016	9.796877	9.300134	9.796877	2.394194E+7	4.774803E-8	2.094327E+7	15.412272	0.35699	0	0
0	0	0	12.499339	9.797233	8.998848	9.797233	1.977614E+7	-3.219983E-6	-310560.686978	15.410952	0.355139	0	0
0	0	0	12.203127	9.797071	8.696177	9.797071	1.631891E+7	7.266854E-8	1.376111E+7	15.361304	0.353526	0	0
0	0	0	11.906735	9.797104	8.393253	9.797104	1.34645E+7	7.546401E-8	1.325135E+7	15.348876	0.351688	0	0
0	0	0	11.607304	9.797039	8.087259	9.797039	1.10875E+7	4.095777E-8	2.441539E+7	15.316548	0.349771	0	0
0	0	0	11.313477	9.796985	7.786988	9.796985	9163365	2.636122E-8	3.793452E+7	15.288366	0.348264	0	0
0	0	0	11.024403	9.797168	7.491488	9.797168	7596538	8.819272E-8	1.13388E+7	15.255984	0.346479	0	0
0	0	0	10.736946	9.797147	7.197716	9.797147	6304229	5.393009E-8	1.854252E+7	15.2241	0.344932	0	0
0	0	0	10.448672	9.797017	6.903147	9.797017	5228995	1.734535E-8	5.765234E+7	15.213549	0.343081	0	0
0	0	0	10.16329	9.797007	6.611491	9.797007	4345292	1.371429E-8	7.291662E+7	15.178756	0.341468	0	0
0	0	0	9.877597	9.797222	6.319435	9.797222	3610208	3.911269E-7	2556715.084516	15.174024	0.33967	0	0
0	0	0	9.591218	9.796899	6.026874	9.796899	2998142	6.370216E-9	1.569805E+8	15.131902	0.338057	0	0
0	0	0	9.298371	9.797341	5.727424	9.797341	2479419	-1.550047E-8	-6.451418E+7	15.119865	0.336457	0	0
0	0	0	9.012237	9.796931	5.435145	9.796931	2059392	4.85125E-9	2.061324E+8	15.078804	0.334699	0	0
0	0	0	8.727525	9.797115	5.144102	9.797115	1712097	1.050135E-8	9.522588E+7	15.046021	0.333271	0	0
0	0	0	8.44487	9.797115	4.85523	9.797115	1425272	8.74208E-9	1.143892E+8	15.011015	0.331552	0	0
0	0	0	8.164306	9.797514	4.568347	9.797514	1188108	-2.926021E-9	-3.41761E+8	14.971663	0.330071	0	0
0	0	0	7.882763	9.797082	4.280769	9.797082	989779	4.731765E-9	2.113377E+8	14.960259	0.32818	0	0
0	0	0	7.60184	9.797276	3.993594	9.797276	824888	-1.218905E-8	-8.204086E+7	14.903528	0.326845	0	0
0	0	0	7.323367	9.796953	3.709115	9.796953	688561	1.748747E-9	5.718381E+8	14.888024	0.325073	0	0
0	0	0	7.045629	9.797471	3.425076	9.797471	575038	-1.669067E-9	-5.991372E+8	14.82154	0.323685	0	0
0	0	0	6.768283	9.797309	3.141688	9.797309	480354	-4.220417E-9	-2.369434E+8	14.81571	0.322019	0	0
0	0	0	6.494106	9.797352	2.861464	9.797352	402086	-2.293187E-9	-4.360744E+8	14.776199	0.320472	0	0
0	0	0	6.224209	9.796931	2.585786	9.796931	337507	7.950572E-10	1.257771E+9	14.747631	0.319018	0	0
0	0	0	5.957219	9.79719	2.312827	9.79719	283834	5.126084E-9	1.950807E+8	14.706186	0.317471	0	0
0	0	0	5.695849	9.797125	2.04573	9.797125	239569	1.622497E-9	6.163339E+8	14.677203	0.316135	0	0
0	0	0	5.44147	9.79719	1.785731	9.79719	203126	3.668489E-9	2.725918E+8	14.674597	0.314324	0	0
0	0	0	5.200125	9.797363	1.539013	9.797363	173689	-9.107006E-10	-1.098056E+9	14.628402	0.313028	0	0
0	0	0	4.967373	9.797406	1.301124	9.797406	149348	-5.920801E-10	-1.688961E+9	14.62038	0.311468	0	0
0	0	0	4.746268	9.797168	1.075244	9.797168	129393	1.502268E-9	6.656603E+8	14.575338	0.309987	0	0
0	0	0	4.535387	9.797125	0.859741	9.797125	112850	7.642845E-10	1.308413E+9	14.559391	0.308559	0	0
0	0	0	4.333736	9.797179	0.653633	9.797179	99012	1.399441E-9	7.14571E+8	14.518842	0.307079	0	0
0	0	0	4.139975	9.797147	0.455622	9.797147	87318	7.469902E-10	1.338706E+9	14.491304	0.30569	0	0
0	0	0	3.954201	9.797287	0.265708	9.797287	77404	-9.319542E-10	-1.073014E+9	14.457787	0.30413	0	0
0	0	0	3.777918	9.797147	0.0856	9.797147	69040	5.906252E-10	1.693121E+9	14.397187	0.303046	0	0
0	0	0	3.610455	9.797136	-0.085543	9.797136	61933	4.682184E-10	2.135756E+9	14.387297	0.301287	0	0
0	0	0	3.450065	9.797244	-0.249502	9.797244	55813	-2.591985E-9	-3.858047E+8	14.336212	0.300137	0	0
0	0	0	3.296536	9.797298	-0.406429	9.797298	50523	-5.13256E-10	-1.948345E+9	14.326812	0.29859	0	0
0	0	0	3.149573	9.797309	-0.556628	9.797309	45928	-4.035252E-10	-2.47816E+9	14.26913	0.297255	0	0
0	0	0	3.007821	9.79705	-0.701401	9.79705	41893	1.64081E-10	6.094552E+9	14.238189	0.295906	0	0
0	0	0	2.873845	9.797287	-0.838415	9.797287	38406	-4.624132E-10	-2.162568E+9	14.208085	0.294439	0	0
0	0	0	2.745373	9.797222	-0.969688	9.797222	35335	3.828938E-9	2.61169E+8	14.160808	0.293275	0	0
0	0	0	2.623974	9.797255	-1.09377	9.797255	32660	-8.847689E-10	-1.130239E+9	14.146918	0.291728	0	0
0	0	0	2.507328	9.79732	-1.213006	9.79732	30279	-2.343619E-10	-4.266904E+9	14.111194	0.290406	0	0
0	0	0	2.395517	9.797309	-1.327273	9.797309	28161	-2.474236E-10	-4.041651E+9	14.100833	0.288965	0	0
0	0	0	2.287856	9.797374	-1.437327	9.797374	26261	-1.274182E-10	-7.848175E+9	14.050018	0.287748	0	0
0	0	0	2.184948	9.797374	-1.542499	9.797374	24565	-1.191892E-10	-8.390024E+9	14.029235	0.286453	0	0
0	0	0	2.084931	9.797363	-1.644712	9.797363	23022	-1.207108E-10	-8.284262E+9	14.003025	0.284946	0	0
0	0	0	1.985959	9.797384	-1.745869	9.797384	21590	-9.747988E-11	-1.025853E+10	13.955737	0.283848	0	0
0	0	0	1.896478	9.79733	-1.837299	9.79733	20373	-1.409133E-10	-7.096563E+9	13.925192	0.282341	0	0
0	0	0	1.810966	9.797168	-1.92463	9.797168	19273	2.237619E-10	4.469036E+9	13.871307	0.28123	0	0
0	0	0	1.726712	9.797287	-2.010783	9.797287	18249	-2.197203E-10	-4.551241E+9	13.845137	0.279842	0	0
0	0	0	1.648551	9.797298	-2.090667	9.797298	17346	-1.762155E-10	-5.674868E+9	13.792127	0.278546	0	0
0	0	0	1.574343	9.797136	-2.166446	9.797136	16531	1.249757E-10	8.001557E+9	13.780081	0.277145	0	0
0	0	0	1.501686	9.797611	-2.240882	9.797611	15770	-2.896365E-11	-3.452604E+10	13.725436	0.275902	0	0
0	0	0	1.433947	9.797244	-2.309972	9.797244	15092	-7.008799E-10	-1.426778E+9	13.703987	0.274633	0	0
0	0	0	1.36704	9.797341	-2.378388	9.797341	14451	-9.034194E-11	-1.106906E+10	13.676764	0.273231	0	0
0	0	0	1.303972	9.797028	-2.442724	9.797028	13872	4.848986E-11	2.062287E+10	13.635659	0.272107	0	0
0	0	0	1.242407	9.797352	-2.505767	9.797352	13329	-7.601819E-11	-1.315475E+10	13.618536	0.270706	0	0
0	0	0	1.185268	9.797201	-2.564105	9.797201	12844	3.211824E-10	3.113495E+9	13.573976	0.269489	0	0
0	0	0	1.128538	9.797212	-2.622087	9.797212	12380	5.030666E-10	1.987808E+9	13.557679	0.268207	0	0
0	0	0	1.076577	9.797255	-2.675207	9.797255	11969	-3.242436E-10	-3.084101E+9	13.515782	0.266924	0	0
0	0	0	1.024241	9.797546	-2.728806	9.797546	11570	-2.55865E-11	-3.908311E+10	13.472559	0.265827	0	0
0	0	0	0.977785	9.797179	-2.776143	9.797179	11226	1.58669E-10	6.302429E+9	13.449745	0.264465	0	0
0	0	0	0.929419	9.797406	-2.825661	9.797406	10880	-4.313302E-11	-2.318409E+10	13.389421	0.263421	0	0
0	0	0	0.884792	9.797309	-2.871232	9.797309	10569	-9.285964E-11	-1.076894E+10	13.362255	0.261966	0	0
0	0	0	0.842175	9.797255	-2.914766	9.797255	10281	-2.785152E-10	-3.590468E+9	13.303337	0.260842	0	0
0	0	0	0.801453	9.797287	-2.956396	9.797287	10013	-1.205578E-10	-8.294777E+9	13.284489	0.25952	0	0
0	0	0	0.762283	9.797255	-2.996416	9.797255	9762	-2.644554E-10	-3.781356E+9	13.239182	0.25837	0	0
0	0	0	0.724974	9.797082	-3.034479	9.797082	9528	4.554992E-11	2.195393E+10	13.203423	0.257154	0	0
0	0	0	0.688956	9.797428	-3.071421	9.797428	9308	-3.288996E-11	-3.040441E+10	13.188445	0.255871	0	0
0	0	0	0.654474	9.797395	-3.10665	9.797395	9102	-3.842739E-11	-2.60231E+10	13.137956	0.254787	0	0
0	0	0	0.621772	9.797222	-3.140005	9.797222	8911	9.656061E-10	1.035619E+9	13.125687	0.253584	0	0
0	0	0	0.588956	9.79732	-3.173581	9.79732	8724	-6.752447E-11	-1.480945E+10	13.092893	0.252328	0	0
0	0	0	0.557691	9.79719	-3.205483	9.79719	8548	1.543785E-10	6.477586E+9	13.045066	0.251349	0	0
0	0	0	0.529498	9.797449	-3.234396	9.797449	8394	-2.675245E-11	-3.737975E+10	13.018804	0.250133	0	0
0	0	0	0.502529	9.797471	-3.261966	9.797471	8248	-2.394007E-11	-4.177097E+10	12.953228	0.249075	0	0
0	0	0	0.475463	9.797125	-3.289496	9.797125	8104	5.488492E-11	1.821994E+10	12.933443	0.247859	0	0
0	0	0	0.449295	9.797168	-3.316256	9.797168	7968	9.250946E-11	1.080971E+10	12.864097	0.246748	0	0
0	0	0	0.425021	9.797492	-3.341188	9.797492	7844	-2.090127E-11	-4.784399E+10	12.831386	0.245585	0	0
0	0	0	0.404521	9.797244	-3.362043	9.797244	7740	-3.594494E-10	-2.782033E+9	12.806974	0.244382	0	0
0	0	0	0.382992	9.796996	-3.38395	9.796996	7632	2.297256E-11	4.353019E+10	12.770298	0.243258	0	0
0	0	0	0.361725	9.797276	-3.405794	9.797276	7528	-1.112376E-10	-8.989763E+9	12.747826	0.2422	0	0
0	0	0	0.342973	9.797255	-3.42495	9.797255	7437	-2.014705E-10	-4.963507E+9	12.694748	0.241089	0	0
0	0	0	0.324629	9.797168	-3.443664	9.797168	7349	8.532279E-11	1.17202E+10	12.678562	0.239965	0	0
0	0	0	0.307151	9.797255	-3.46156	9.797255	7266	-1.96838E-10	-5.080319E+9	12.633837	0.238921	0	0
0	0	0	0.292597	9.797233	-3.476426	9.797233	7198	-1.169975E-9	-8.547189E+8	12.590961	0.23785	0	0
0	0	0	0.275788	9.797395	-3.493667	9.797395	7120	-3.005966E-11	-3.326717E+10	12.557905	0.236779	0	0
0	0	0	0.264354	9.797222	-3.505286	9.797222	7067	7.657882E-10	1.305844E+9	12.500644	0.235642	0	0
0	0	0	0.249767	9.797244	-3.520202	9.797244	7001	-3.251299E-10	-3.075694E+9	12.460291	0.234743	0	0
0	0	0	0.238398	9.79733	-3.531854	9.79733	6949	-4.806393E-11	-2.080562E+10	12.413253	0.233619	0	0
0	0	0	0.228728	9.79732	-3.541733	9.79732	6906	-5.3453E-11	-1.870802E+10	12.364395	0.232667	0	0
0	0	0	0.215219	9.797384	-3.555564	9.797384	6846	-3.091002E-11	-3.235197E+10	12.344404	0.23153	0	0
0	0	0	0.20746	9.797287	-3.563456	9.797287	6811	-8.20053E-11	-1.219433E+10	12.307467	0.230525	0	0
0	0	0	0.199701	9.79719	-3.571348	9.79719	6777	1.223939E-10	8.170341E+9	12.285719	0.229401	0	0
0	0	0	0.189182	9.797255	-3.582124	9.797255	6731	-1.823447E-10	-5.484118E+9	12.24618	0.22837	0	0
0	0	0	0.181766	9.797589	-3.589832	9.797589	6699	-1.304032E-11	-7.668522E+10	12.204294	0.227431	0	0
0	0	0	0.177388	9.79719	-3.594152	9.79719	6679	1.20624E-10	8.290223E+9	12.173795	0.226374	0	0
0	0	0	0.171639	9.797266	-3.600058	9.797266	6655	-1.272606E-10	-7.857892E+9	12.117105	0.22521	0	0
0	0	0	0.164304	9.797492	-3.60764	9.797492	6623	-1.764777E-11	-5.666439E+10	12.070552	0.224377	0	0
0	0	0	0.156072	9.797244	-3.615959	9.797244	6588	-3.059499E-10	-3.268508E+9	12.033054	0.223253	0	0
0	0	0	0.151155	9.797384	-3.621037	9.797384	6567	-2.965032E-11	-3.372645E+10	11.993804	0.222262	0	0
0	0	0	0.148345	9.797406	-3.623917	9.797406	6555	-2.598685E-11	-3.8481E+10	11.963911	0.22127	0	0
0	0	0	0.145062	9.797471	-3.627298	9.797471	6541	-1.898545E-11	-5.267191E+10	11.92665	0.220252	0	0
0	0	0	0.139574	9.797352	-3.632861	9.797352	6518	-3.717358E-11	-2.690083E+10	11.880545	0.219419	0	0
0	0	0	0.133873	9.797309	-3.638671	9.797309	6494	-5.705653E-11	-1.752648E+10	11.853922	0.218375	0	0
0	0	0	0.127943	9.797298	-3.644726	9.797298	6469	-6.571765E-11	-1.521661E+10	11.799032	0.217383	0	0
0	0	0	0.123745	9.797276	-3.649008	9.797276	6451	-9.532333E-11	-1.049061E+10	11.753992	0.216444	0	0
0	0	0	0.121557	9.797266	-3.651241	9.797266	6442	-1.231875E-10	-8.117707E+9	11.712018	0.215413	0	0
0	0	0	0.119286	9.797406	-3.653616	9.797406	6432	-2.549923E-11	-3.921688E+10	11.66762	0.21458	0	0
0	0	0	0.117081	9.797471	-3.655894	9.797471	6423	-1.864295E-11	-5.363957E+10	11.648015	0.213469	0	0
0	0	0	0.114402	9.797179	-3.65852	9.797179	6412	9.062761E-11	1.103417E+10	11.610361	0.212517	0	0
0	0	0	0.111772	9.79733	-3.661266	9.79733	6401	-4.42736E-11	-2.258683E+10	11.571958	0.211711	0	0
0	0	0	0.108767	9.797643	-3.664458	9.797643	6389	-1.081749E-11	-9.244289E+10	11.541453	0.210719	0	0
0	0	0	0.105598	9.797255	-3.667547	9.797255	6376	-1.727277E-10	-5.789461E+9	11.484454	0.209714	0	0
0	0	0	0.102951	9.797276	-3.67026	9.797276	6365	-9.405255E-11	-1.063235E+10	11.442304	0.208842	0	0
0	0	0	0.101171	9.797125	-3.672021	9.797125	6357	4.305324E-11	2.322706E+10	11.386715	0.20789	0	0
0	0	0	0.099309	9.796888	-3.673833	9.796888	6350	1.306506E-11	7.654001E+10	11.342606	0.206951	0	0
0	0	0	0.097038	9.797374	-3.67634	9.797374	6340	-3.076163E-11	-3.250803E+10	11.317308	0.205959	0	0
0	0	0	0.095339	9.797212	-3.678014	9.797212	6333	2.573442E-10	3.885847E+9	11.267348	0.20506	0	0
0	0	0	0.094425	9.797233	-3.678957	9.797233	6330	-1.028889E-9	-9.719221E+8	11.238391	0.204188	0	0
0	0	0	0.093265	9.797352	-3.680188	9.797352	6325	-3.607285E-11	-2.772168E+10	11.20304	0.20317	0	0
0	0	0	0.092563	9.79719	-3.680844	9.79719	6322	1.141765E-10	8.758368E+9	11.136538	0.202456	0	0
0	0	0	0.092334	9.797341	-3.681136	9.797341	6321	-3.951639E-11	-2.530595E+10	11.101446	0.201372	0	0
0	0	0	0.091681	9.797503	-3.681866	9.797503	6318	-1.617226E-11	-6.183427E+10	11.051826	0.200499	0	0
0	0	0	0.091697	9.797136	-3.681708	9.797136	6318	4.776458E-11	2.093601E+10	10.998462	0.199838	0	0
0	0	0	0.091239	9.797115	-3.682167	9.797115	6316	3.874013E-11	2.581303E+10	10.982814	0.198833	0	0
0	0	0	0.091011	9.797363	-3.682496	9.797363	6316	-3.311656E-11	-3.019637E+10	10.943867	0.197775	0	0
0	0	0	0.091043	9.797546	-3.682534	9.797546	6316	-1.396753E-11	-7.159462E+10	10.892921	0.196956	0	0
0	0	0	0.090913	9.797136	-3.682509	9.797136	6315	4.77419E-11	2.094596E+10	10.855495	0.196017	0	0
0	0	0	0.090864	9.797287	-3.682618	9.797287	6315	-7.60334E-11	-1.315211E+10	10.811928	0.195065	0	0
0	0	0	0.09106	9.797471	-3.682488	9.797471	6316	-1.833238E-11	-5.454828E+10	10.761018	0.194324	0	0
0	0	0	0.090815	9.797352	-3.682693	9.797352	6315	-3.601582E-11	-2.776557E+10	10.721443	0.193505	0	0
0	0	0	0.091076	9.797212	-3.682371	9.797212	6316	2.566534E-10	3.896306E+9	10.672073	0.192619	0	0
0	0	0	0.090717	9.797179	-3.682726	9.797179	6314	8.924247E-11	1.120543E+10	10.64656	0.191759	0	0
0	0	0	0.090945	9.797309	-3.682542	9.797309	6315	-5.548383E-11	-1.802327E+10	10.60754	0.191006	0	0
0	0	0	0.090847	9.797201	-3.682601	9.797201	6315	1.579155E-10	6.3325E+9	10.55605	0.190041	0	0
0	0	0	0.091043	9.797093	-3.682359	9.797093	6316	3.25909E-11	3.068341E+10	10.515721	0.189036	0	0
0	0	0	0.090913	9.797546	-3.682667	9.797546	6315	-1.396532E-11	-7.160596E+10	10.456514	0.188309	0	0
0	0	0	0.091485	9.797352	-3.682008	9.797352	6318	-3.603293E-11	-2.775239E+10	10.415125	0.187489	0	0
0	0	0	0.091207	9.797417	-3.682317	9.797417	6316	-2.360031E-11	-4.237233E+10	10.384695	0.186669	0	0
0	0	0	0.091386	9.797028	-3.681984	9.797028	6317	2.20812E-11	4.528738E+10	10.34563	0.185849	0	0
0	0	0	0.091419	9.797406	-3.682096	9.797406	6317	-2.504332E-11	-3.993081E+10	10.300671	0.185069	0	0
0	0	0	0.09119	9.797395	-3.682325	9.797395	6316	-2.666528E-11	-3.750194E+10	10.250145	0.184289	0	0
0	0	0	0.091501	9.797428	-3.682021	9.797428	6318	-2.232475E-11	-4.479333E+10	10.204064	0.183456	0	0
0	0	0	0.09106	9.797309	-3.682426	9.797309	6316	-5.549262E-11	-1.802041E+10	10.159722	0.18261	0	0
0	0	0	0.091566	9.797287	-3.6819	9.797287	6318	-7.606952E-11	-1.314587E+10	10.132274	0.181777	0	0
0	0	0	0.091239	9.797147	-3.68218	9.797147	6316	5.403229E-11	1.850745E+10	10.093314	0.180971	0	0
0	0	0	0.091092	9.797352	-3.682409	9.797352	6316	-3.602153E-11	-2.776118E+10	10.022502	0.180243	0	0
0	0	0	0.090684	9.79732	-3.682814	9.79732	6314	-4.887088E-11	-2.046208E+10	9.987641	0.179503	0	0
0	0	0	0.090733	9.79732	-3.682764	9.79732	6314	-4.887088E-11	-2.046208E+10	9.94118	0.178617	0	0
0	0	0	0.090733	9.797309	-3.682759	9.797309	6314	-5.547505E-11	-1.802612E+10	9.877246	0.177969	0	0
0	0	0	0.089737	9.797266	-3.683761	9.797266	6310	-1.206633E-10	-8.287523E+9	9.852694	0.177123	0	0
0	0	0	0.089475	9.797222	-3.684012	9.797222	6309	6.836504E-10	1.462736E+9	9.800268	0.176409	0	0
0	0	0	0.089475	9.797158	-3.683987	9.797158	6309	6.215004E-11	1.609009E+10	9.759684	0.175642	0	0
0	0	0	0.089002	9.797428	-3.684575	9.797428	6307	-2.228588E-11	-4.487146E+10	9.722263	0.174756	0	0
0	0	0	0.088708	9.797039	-3.684726	9.797039	6306	2.329518E-11	4.292733E+10	9.671759	0.174333	0	0
0	0	0	0.088528	9.797093	-3.68493	9.797093	6305	3.253414E-11	3.073694E+10	9.632473	0.173262	0	0
0	0	0	0.088201	9.797061	-3.685251	9.797061	6304	2.627341E-11	3.80613E+10	9.589207	0.172548	0	0
0	0	0	0.088022	9.797125	-3.68546	9.797125	6303	4.268752E-11	2.342605E+10	9.547994	0.17194	0	0
0	0	0	0.087548	9.797039	-3.685911	9.797039	6301	2.327671E-11	4.296139E+10	9.503671	0.171107	0	0
0	0	0	0.086682	9.79732	-3.686904	9.79732	6298	-4.874703E-11	-2.051407E+10	9.457502	0.170459	0	0
0	0	0	0.086796	9.797061	-3.686687	9.797061	6298	2.62484E-11	3.809756E+10	9.412711	0.169772	0	0
0	0	0	0.08611	9.797276	-3.687471	9.797276	6295	-9.301819E-11	-1.075059E+10	9.381917	0.168912	0	0
0	0	0	0.086094	9.797147	-3.687438	9.797147	6295	5.385264E-11	1.856919E+10	9.333474	0.168265	0	0
0	0	0	0.085294	9.797222	-3.688285	9.797222	6292	6.818083E-10	1.466688E+9	9.286927	0.167617	0	0
0	0	0	0.084836	9.797255	-3.688765	9.797255	6290	-1.703979E-10	-5.868617E+9	9.252725	0.166731	0	0
0	0	0	0.084232	9.797417	-3.689445	9.797417	6288	-2.349569E-11	-4.256101E+10	9.200017	0.166215	0	0
0	0	0	0.084052	9.797438	-3.689637	9.797438	6287	-2.10701E-11	-4.746062E+10	9.167572	0.165276	0	0
0	0	0	0.083497	9.796931	-3.690009	9.796931	6285	1.480543E-11	6.754279E+10	9.112993	0.164668	0	0
0	0	0	0.083775	9.797115	-3.689796	9.797115	6286	3.855612E-11	2.593622E+10	9.05472	0.164034	0	0
0	0	0	0.08335	9.797071	-3.690214	9.797071	6284	2.798389E-11	3.573484E+10	9.027482	0.163161	0	0
0	0	0	0.083938	9.797244	-3.689679	9.797244	6287	-2.919714E-10	-3.424993E+9	8.977315	0.162526	0	0
0	0	0	0.084069	9.797276	-3.689558	9.797276	6287	-9.289998E-11	-1.076427E+10	8.934968	0.161971	0	0
0	0	0	0.084118	9.797244	-3.689496	9.797244	6287	-2.919714E-10	-3.424993E+9	8.884048	0.161125	0	0
0	0	0	0.084265	9.797266	-3.689354	9.797266	6288	-1.202426E-10	-8.316518E+9	8.842295	0.160517	0	0
0	0	0	0.084281	9.797125	-3.689283	9.797125	6288	4.258593E-11	2.348193E+10	8.80584	0.159789	0	0
0	0	0	0.084755	9.797384	-3.688899	9.797384	6290	-2.839965E-11	-3.52117E+10	8.747685	0.159128	0	0
0	0	0	0.085245	9.797179	-3.688319	9.797179	6292	8.893152E-11	1.124461E+10	8.704272	0.158547	0	0
0	0	0	0.085277	9.797071	-3.688244	9.797071	6292	2.801952E-11	3.568941E+10	8.680876	0.157727	0	0
0	0	0	0.085767	9.797222	-3.687801	9.797222	6294	6.82025E-10	1.466222E+9	8.635709	0.157026	0	0
0	0	0	0.085555	9.79746	-3.68811	9.79746	6293	-1.911916E-11	-5.230356E+10	8.585068	0.156497	0	0
0	0	0	0.085882	9.797201	-3.687676	9.797201	6295	1.574154E-10	6.352619E+9	8.53046	0.155982	0	0
0	0	0	0.08549	9.797374	-3.688143	9.797374	6293	-3.053358E-11	-3.275082E+10	8.498391	0.155016	0	0
0	0	0	0.085849	9.797125	-3.68768	9.797125	6294	4.262656E-11	2.345955E+10	8.43806	0.154633	0	0
0	0	0	0.086045	9.797233	-3.687521	9.797233	6295	-1.0232E-9	-9.77326E+8	8.393197	0.1538	0	0
0	0	0	0.085947	9.797482	-3.687717	9.797482	6295	-1.74906E-11	-5.717357E+10	8.369157	0.152994	0	0
0	0	0	0.086682	9.797276	-3.686887	9.797276	6298	-9.306252E-11	-1.074546E+10	8.312597	0.15261	0	0
0	0	0	0.086813	9.797147	-3.686704	9.797147	6298	5.38783E-11	1.856035E+10	8.260034	0.152002	0	0
0	0	0	0.086992	9.797147	-3.68652	9.797147	6299	5.388686E-11	1.85574E+10	8.22622	0.151209	0	0
0	0	0	0.086911	9.797384	-3.686695	9.797384	6299	-2.844028E-11	-3.516139E+10	8.196038	0.150521	0	0
0	0	0	0.086976	9.797212	-3.686562	9.797212	6299	2.559626E-10	3.906821E+9	8.123598	0.150124	0	0
0	0	0	0.086911	9.797104	-3.686587	9.797104	6299	3.530518E-11	2.832445E+10	8.086011	0.149278	0	0
0	0	0	0.087058	9.797266	-3.686499	9.797266	6299	-1.20453E-10	-8.301995E+9	8.065414	0.148644	0	0
0	0	0	0.086649	9.79733	-3.686941	9.79733	6298	-4.356118E-11	-2.295622E+10	8.001998	0.148287	0	0
0	0	0	0.086747	9.797115	-3.686758	9.797115	6298	3.862973E-11	2.58868E+10	7.966801	0.147493	0	0
0	0	0	0.086682	9.79732	-3.686904	9.79732	6298	-4.874703E-11	-2.051407E+10	7.919559	0.146859	0	0
0	0	0	0.085833	9.797147	-3.687705	9.797147	6294	5.384408E-11	1.857214E+10	7.87175	0.146356	0	0
0	0	0	0.085261	9.796953	-3.688215	9.796953	6292	1.597988E-11	6.257868E+10	7.817867	0.145761	0	0
0	0	0	0.085343	9.797374	-3.688293	9.797374	6293	-3.053358E-11	-3.275082E+10	7.800942	0.144875	0	0
0	0	0	0.084526	9.797298	-3.689099	9.797298	6289	-6.388905E-11	-1.565213E+10	7.740513	0.144505	0	0
0	0	0	0.084265	9.797158	-3.689312	9.797158	6288	6.194317E-11	1.614383E+10	7.695925	0.143963	0	0
0	0	0	0.084199	9.797093	-3.689354	9.797093	6288	3.244642E-11	3.082004E+10	7.663412	0.14321	0	0
0	0	0	0.083317	9.797352	-3.690355	9.797352	6284	-3.583902E-11	-2.790255E+10	7.606613	0.142681	0	0
0	0	0	0.082876	9.797244	-3.690764	9.797244	6282	-2.917392E-10	-3.42772E+9	7.568617	0.142271	0	0
0	0	0	0.082598	9.79719	-3.691027	9.79719	6281	1.134361E-10	8.815539E+9	7.52146	0.141332	0	0
0	0	0	0.082125	9.797201	-3.691516	9.797201	6279	1.570153E-10	6.368806E+9	7.480163	0.14079	0	0
0	0	0	0.081831	9.797233	-3.691829	9.797233	6278	-1.020437E-9	-9.799724E+8	7.428566	0.14042	0	0
0	0	0	0.081194	9.797471	-3.692571	9.797471	6275	-1.821338E-11	-5.490469E+10	7.392442	0.139732	0	0
0	0	0	0.081128	9.797374	-3.6926	9.797374	6275	-3.044625E-11	-3.284477E+10	7.353353	0.139018	0	0
0	0	0	0.080181	9.797482	-3.69361	9.797482	6271	-1.742392E-11	-5.739238E+10	7.307416	0.138582	0	0
0	0	0	0.079773	9.797061	-3.693865	9.797061	6270	2.613171E-11	3.826769E+10	7.252433	0.13804	0	0
0	0	0	0.07943	9.797438	-3.694362	9.797438	6268	-2.100642E-11	-4.760449E+10	7.213295	0.137339	0	0
0	0	0	0.078694	9.797395	-3.695096	9.797395	6265	-2.644997E-11	-3.780723E+10	7.172682	0.13685	0	0
0	0	0	0.078351	9.797233	-3.695384	9.797233	6264	-1.018161E-9	-9.821627E+8	7.11802	0.136374	0	0
0	0	0	0.077976	9.797287	-3.695789	9.797287	6262	-7.539528E-11	-1.326343E+10	7.076769	0.135753	0	0
0	0	0	0.077535	9.797298	-3.696244	9.797298	6261	-6.36046E-11	-1.572213E+10	7.042669	0.135131	0	0
0	0	0	0.077976	9.79733	-3.695806	9.79733	6262	-4.331218E-11	-2.308819E+10	6.995768	0.134708	0	0
0	0	0	0.077763	9.797309	-3.696014	9.797309	6261	-5.500939E-11	-1.817872E+10	6.932506	0.134232	0	0
0	0	0	0.077992	9.797298	-3.695777	9.797298	6262	-6.361476E-11	-1.571962E+10	6.897544	0.133478	0	0
0	0	0	0.079087	9.797179	-3.694612	9.797179	6267	8.857817E-11	1.128946E+10	6.843705	0.13295	0	0
0	0	0	0.078662	9.797158	-3.695038	9.797158	6265	6.17166E-11	1.62031E+10	6.805131	0.132579	0	0
0	0	0	0.07876	9.797309	-3.694996	9.797309	6266	-5.505332E-11	-1.816421E+10	6.762429	0.131918	0	0
0	0	0	0.079054	9.797147	-3.694633	9.797147	6267	5.36131E-11	1.865216E+10	6.726112	0.131204	0	0
0	0	0	0.079691	9.79733	-3.694053	9.79733	6269	-4.33606E-11	-2.306241E+10	6.672306	0.130609	0	0
0	0	0	0.07992	9.797179	-3.693761	9.797179	6270	8.862057E-11	1.128406E+10	6.644467	0.130041	0	0
0	0	0	0.080736	9.797115	-3.692901	9.797115	6274	3.848252E-11	2.598583E+10	6.607843	0.129287	0	0
0	0	0	0.080802	9.797158	-3.692851	9.797158	6274	6.180526E-11	1.617985E+10	6.562336	0.128957	0	0
0	0	0	0.081079	9.797115	-3.692551	9.797115	6275	3.848865E-11	2.598168E+10	6.513871	0.128507	0	0
0	0	0	0.081161	9.797363	-3.692563	9.797363	6275	-3.290159E-11	-3.039367E+10	6.473812	0.127753	0	0
0	0	0	0.081471	9.797136	-3.692158	9.797136	6277	4.745462E-11	2.107276E+10	6.429543	0.127211	0	0
0	0	0	0.081602	9.797363	-3.692112	9.797363	6277	-3.291208E-11	-3.038398E+10	6.375712	0.126788	0	0
0	0	0	0.082174	9.797179	-3.691457	9.797179	6279	8.874778E-11	1.126789E+10	6.333046	0.126259	0	0
0	0	0	0.081945	9.797492	-3.691811	9.797492	6278	-1.672847E-11	-5.977832E+10	6.282853	0.125598	0	0
0	0	0	0.082549	9.797104	-3.691044	9.797104	6281	3.520429E-11	2.840563E+10	6.244493	0.125175	0	0
0	0	0	0.0825	9.797298	-3.691169	9.797298	6281	-6.380778E-11	-1.567207E+10	6.209728	0.124765	0	0
0	0	0	0.082909	9.79733	-3.690764	9.79733	6282	-4.345051E-11	-2.301469E+10	6.136043	0.124382	0	0
0	0	0	0.083595	9.797158	-3.689996	9.797158	6285	6.191362E-11	1.615154E+10	6.127633	0.123655	0	0
0	0	0	0.083105	9.797298	-3.690551	9.797298	6283	-6.38281E-11	-1.566708E+10	6.077023	0.123033	0	0
0	0	0	0.083252	9.797179	-3.690355	9.797179	6284	8.881845E-11	1.125892E+10	6.02941	0.12269	0	0
0	0	0	0.083072	9.797222	-3.690556	9.797222	6283	6.808331E-10	1.468789E+9	5.980883	0.122227	0	0
0	0	0	0.082941	9.797104	-3.690643	9.797104	6283	3.52155E-11	2.839658E+10	0	0	0	0
0	0	0	0.082549	9.797579	-3.691227	9.797579	6281	-1.260401E-11	-7.933985E+10	0	0	0	0
0	0	0	0.081439	9.797158	-3.6922	9.797158	6277	6.183481E-11	1.617212E+10	0	0	0	0
0	0	0	0.081586	9.79719	-3.692062	9.79719	6277	1.133638E-10	8.821157E+9	0	0	0	0
0	0	0	0.081128	9.797384	-3.692605	9.797384	6275	-2.833192E-11	-3.529587E+10	0	0	0	0
0	0	0	0.080753	9.797298	-3.692955	9.797298	6274	-6.373667E-11	-1.568956E+10	0	0	0	0
0	0	0	0.079511	9.797266	-3.694212	9.797266	6269	-1.198793E-10	-8.341724E+9	0	0	0	0
0	0	0	0.079479	9.797417	-3.694303	9.797417	6269	-2.342469E-11	-4.269E+10	0	0	0	0
0	0	0	0.079266	9.797384	-3.694508	9.797384	6267	-2.82958E-11	-3.534093E+10	0	0	0	0
0	0	0	0.078907	9.79733	-3.694854	9.79733	6266	-4.333985E-11	-2.307346E+10	0	0	0	0
0	0	0	0.07778	9.797017	-3.695885	9.797017	6262	2.077217E-11	4.814134E+10	0	0	0	0
0	0	0	0.077649	9.797255	-3.69611	9.797255	6261	-1.696123E-10	-5.8958E+9	0	0	0	0
0	0	0	0.0768	9.79733	-3.697008	9.79733	6258	-4.328451E-11	-2.310295E+10	0	0	0	0
0	0	0	0.07631	9.797255	-3.697479	9.797255	6256	-1.694768E-10	-5.900512E+9	0	0	0	0
0	0	0	0.076816	9.797298	-3.696979	9.797298	6258	-6.357413E-11	-1.572967E+10	0	0	0	0
0	0	0	0.076179	9.797082	-3.697546	9.797082	6255	2.990289E-11	3.344158E+10	0	0	0	0
0	0	0	0.07533	9.797341	-3.698514	9.797341	6252	-3.908503E-11	-2.558524E+10	0	0	0	0
0	0	0	0.075477	9.797255	-3.698331	9.797255	6252	-1.693685E-10	-5.904287E+9	0	0	0	0
0	0	0	0.074235	9.797158	-3.699562	9.797158	6247	6.153928E-11	1.624978E+10	0	0	0	0
0	0	0	0.073941	9.797244	-3.699896	9.797244	6246	-2.900673E-10	-3.447476E+9	0	0	0	0
0	0	0	0.073647	0	0.073647	0	6245	0	0	0	0	0	0
0	0	0	0.074153	0	0.074153	0	6247	0	0	0	0	0	0
