Vload_(V)	ILoad_(A)	RsLoad (ohm)	SunsVoc_Voltage_(V)	SunsVoc_Current_(A)	Model_Voltage_(V)	Model_Current_(A)	Carrier_Density_(cm-3)	Lifetime_(s)	Inverse_Lifetime_(s-1)	Efficiency_(%)	Intensity_(suns)	Dark_IV_Voltage_(V)	Dark_IV_Current_(A)
4.061605	8.928949	0	37.945351	-0.89809	38.196815	-0.89809	2.851362E+14	2.036394E-5	49106.283896	15.438068	1.113247	0	0
4.066029	8.930354	-0.465965	37.878363	-0.514392	38.022699	-0.514392	2.732663E+14	2.030918E-5	49238.686408	15.421461	1.112812	0	0
4.091292	8.928274	0.798105	37.772743	0.060556	37.755694	0.060556	2.555276E+14	2.022204E-5	49450.894625	15.433709	1.112732	0	0
4.228262	8.931797	-0.484054	37.652814	0.670785	37.463246	0.670785	2.367525E+14	2.012071E-5	49699.954352	15.407705	1.111861	0	0
5.48737	8.929504	-0.496647	37.52934	1.259687	37.17196	1.259687	2.188388E+14	2.002639E-5	49934.02598	15.418072	1.110752	0	0
7.277342	8.923174	1.552797	37.413364	1.76686	36.91027	1.76686	2.0323E+14	1.991499E-5	50213.367093	15.38176	1.109762	0	0
9.226933	8.923222	1.330069	37.295869	2.252033	36.65227	2.252033	1.885352E+14	1.981748E-5	50460.43491	15.406946	1.108415	0	0
11.221704	8.917631	1.420052	37.178979	2.700901	36.404287	2.700901	1.749562E+14	1.971558E-5	50721.264445	15.380601	1.107306	0	0
13.030722	8.914541	1.309035	37.066041	3.100657	36.173568	3.100657	1.627545E+14	1.959854E-5	51024.159994	15.420946	1.105801	0	0
14.839754	8.904704	1.293998	36.955717	3.476247	35.95172	3.476247	1.516476E+14	1.951892E-5	51232.296686	15.388932	1.105048	0	0
16.641331	8.881003	1.297226	36.841424	3.829498	35.731502	3.829498	1.40931E+14	1.939614E-5	51556.61549	15.430507	1.10386	0	0
18.450004	8.865366	1.169214	36.728421	4.15776	35.519171	4.15776	1.310726E+14	1.928046E-5	51865.958368	15.401515	1.103147	0	0
20.241168	8.862531	0.978315	36.617361	4.46251	35.315062	4.46251	1.220496E+14	1.917816E-5	52142.630692	15.446347	1.102276	0	0
22.048621	8.854301	0.803967	36.507168	4.743673	35.118159	4.743673	1.137054E+14	1.906729E-5	52445.811333	15.413294	1.102038	0	0
23.851103	8.851647	0.609106	36.398314	5.005653	34.92774	5.005653	1.060183E+14	1.896538E-5	52727.631494	15.462563	1.101365	0	0
25.647196	8.83676	0.449414	36.289721	5.250829	34.742038	5.250829	9.886341E+13	1.886434E-5	53010.042785	15.412969	1.101087	0	0
26.25147	8.823263	0.413731	36.180737	5.481418	34.559765	5.481418	9.216465E+13	1.876239E-5	53298.096508	15.452329	1.100612	0	0
26.843685	8.812417	0.36984	36.073647	5.693993	34.384379	5.693993	8.602166E+13	1.866257E-5	53583.170623	15.39859	1.100097	0	0
27.432003	8.781202	0.357947	35.966851	5.891218	34.213466	5.891218	8.030073E+13	1.855249E-5	53901.105912	15.433772	1.099622	0	0
28.044626	8.740274	0.343429	35.859892	6.074488	34.046172	6.074488	7.495013E+13	1.842809E-5	54264.966388	15.380933	1.099186	0	0
28.636025	8.679557	0.338725	35.75535	6.245485	33.884757	6.245485	7.006326E+13	1.832427E-5	54572.430335	15.428671	1.098275	0	0
29.222141	8.599079	0.333971	35.650874	6.404618	33.726657	6.404618	6.549613E+13	1.820964E-5	54915.967274	15.370513	1.097562	0	0
29.803838	8.499662	0.325418	35.545679	6.553592	33.570561	6.553592	6.119687E+13	1.808141E-5	55305.405373	15.426802	1.096295	0	0
30.375386	8.357242	0.323367	35.440451	6.692839	33.417093	6.692839	5.717732E+13	1.79458E-5	55723.354227	15.36321	1.09578	0	0
30.955328	8.176144	0.318658	35.338343	6.821297	33.269944	6.821297	5.352844E+13	1.782451E-5	56102.515115	15.42355	1.094552	0	0
31.531138	7.940432	0.31498	35.237967	6.941228	33.126994	6.941228	5.016758E+13	1.771331E-5	56454.710675	15.37165	1.093562	0	0
32.105686	7.643235	0.310859	35.139044	7.054188	32.987501	7.054188	4.706114E+13	1.761768E-5	56761.17069	15.439296	1.091859	0	0
32.66548	7.28375	0.306818	35.039027	7.160414	32.848704	7.160414	4.411516E+13	1.750677E-5	57120.741466	15.381715	1.090314	0	0
33.212904	6.851341	0.304632	34.939027	7.259051	32.712063	7.259051	4.135342E+13	1.738015E-5	57536.899466	15.438859	1.088769	0	0
33.756251	6.343693	0.302763	34.840839	7.351444	32.5791	7.351444	3.880952E+13	1.726631E-5	57916.25762	15.37335	1.087462	0	0
34.286556	5.757468	0.30091	34.74502	7.437091	32.450582	7.437091	3.647749E+13	1.716048E-5	58273.431308	15.432907	1.086076	0	0
34.809446	5.107698	0.298298	34.648776	7.518604	32.322743	7.518604	3.42758E+13	1.705667E-5	58628.095879	15.373042	1.084333	0	0
35.312751	4.405339	0.296869	34.553415	7.594996	32.197295	7.594996	3.222503E+13	1.695449E-5	58981.422428	15.438352	1.082788	0	0
35.795203	3.657037	0.297652	34.458396	7.666815	32.073507	7.666815	3.03034E+13	1.685069E-5	59344.744534	15.375428	1.081323	0	0
36.269279	2.871653	0.30206	34.364635	7.734122	31.952348	7.734122	2.85193E+13	1.675197E-5	59694.480406	15.44931	1.079738	0	0
36.70917	2.080679	0.312579	34.271577	7.799301	31.832494	7.799301	2.685222E+13	1.668281E-5	59941.954476	15.380644	1.078708	0	0
37.108158	1.32413	0.328205	34.179107	7.858271	31.715107	7.858271	2.529201E+13	1.657894E-5	60317.494806	15.458445	1.077124	0	0
37.444344	0.661214	0.355174	34.08791	7.913797	31.60007	7.913797	2.384195E+13	1.648325E-5	60667.6451	15.388835	1.076253	0	0
30.31484	8.37209	0.324692	33.996077	7.965683	31.485408	7.965683	2.24656E+13	1.636831E-5	61093.657325	15.452433	1.075262	0	0
37.786292	0	0	33.905551	8.014127	31.373149	8.014127	2.11865E+13	1.625378E-5	61524.135989	15.388891	1.074153	0	0
0	0	0	33.816314	8.060463	31.262863	8.060463	1.999681E+13	1.615956E-5	61882.854074	15.451647	1.073242	0	0
0	0	0	33.727323	8.103886	31.15369	8.103886	1.887682E+13	1.605735E-5	62276.777814	15.393529	1.0715	0	0
0	0	0	33.639182	8.144613	31.046219	8.144613	1.782928E+13	1.595377E-5	62681.098638	15.452091	1.070549	0	0
0	0	0	33.550844	8.183365	30.939103	8.183365	1.683765E+13	1.584956E-5	63093.246007	15.383736	1.068885	0	0
0	0	0	33.465218	8.219759	30.835591	8.219759	1.592906E+13	1.576375E-5	63436.666225	15.434358	1.067618	0	0
0	0	0	33.378072	8.254079	30.731057	8.254079	1.505462E+13	1.565604E-5	63873.125344	15.37883	1.065835	0	0
0	0	0	33.291172	8.286947	30.6272	8.286947	1.423038E+13	1.555651E-5	64281.787097	15.433716	1.06433	0	0
0	0	0	33.204893	8.317546	30.52469	8.317546	1.345664E+13	1.54469E-5	64737.921189	15.37988	1.062429	0	0
0	0	0	33.119904	8.34654	30.424038	8.34654	1.273556E+13	1.534695E-5	65159.523495	15.440451	1.060765	0	0
0	0	0	33.03382	8.37418	30.322604	8.37418	1.204455E+13	1.523739E-5	65628.034888	15.390326	1.058825	0	0
0	0	0	32.948194	8.400408	30.222078	8.400408	1.139437E+13	1.513017E-5	66093.131338	15.444892	1.057161	0	0
0	0	0	32.862927	8.425002	30.12243	8.425002	1.078176E+13	1.501541E-5	66598.229584	15.398137	1.05526	0	0
0	0	0	32.778608	8.448773	30.024031	8.448773	1.020834E+13	1.49206E-5	67021.411119	15.443993	1.053557	0	0
0	0	0	32.694974	8.470357	29.927049	8.470357	9.669683E+12	1.479851E-5	67574.383069	15.406122	1.051457	0	0
0	0	0	32.610818	8.491732	29.829541	8.491732	9.156328E+12	1.469795E-5	68036.696317	15.451076	1.049952	0	0
0	0	0	32.528459	8.511441	29.734481	8.511441	8.680313E+12	1.459157E-5	68532.703201	15.410856	1.047932	0	0
0	0	0	32.445201	8.530224	29.63873	8.530224	8.224236E+12	1.447617E-5	69079.056643	15.445407	1.046467	0	0
0	0	0	32.362369	8.548218	29.543668	8.548218	7.794253E+12	1.436774E-5	69600.35459	15.416151	1.044288	0	0
0	0	0	32.279846	8.565247	29.449233	8.565247	7.388224E+12	1.425692E-5	70141.361113	15.43982	1.042941	0	0
0	0	0	32.197291	8.581395	29.355029	8.581395	7.003186E+12	1.414183E-5	70712.227095	15.415625	1.040961	0	0
0	0	0	32.114262	8.596838	29.260526	8.596838	6.636165E+12	1.402379E-5	71307.403343	15.442901	1.039535	0	0
0	0	0	32.032295	8.611315	29.167464	8.611315	6.2927E+12	1.390406E-5	71921.453282	15.421064	1.037951	0	0
0	0	0	31.949543	8.625272	29.073711	8.625272	5.96397E+12	1.378338E-5	72551.136139	15.442707	1.036327	0	0
0	0	0	31.86511	8.638436	28.978389	8.638436	5.646242E+12	1.364037E-5	73311.773873	15.430438	1.034663	0	0
0	0	0	31.783257	8.651033	28.886018	8.651033	5.354386E+12	1.352162E-5	73955.6566	15.439603	1.033316	0	0
0	0	0	31.700652	8.6631	28.792997	8.6631	5.075138E+12	1.339813E-5	74637.263635	15.431368	1.031415	0	0
0	0	0	31.618555	8.674024	28.700888	8.674024	4.812027E+12	1.32479E-5	75483.665281	15.433436	1.029791	0	0
0	0	0	31.538401	8.684853	28.610889	8.684853	4.568306E+12	1.313489E-5	76133.086168	15.438871	1.027811	0	0
0	0	0	31.456711	8.695182	28.519389	8.695182	4.332609E+12	1.300763E-5	76877.960255	15.436363	1.02587	0	0
0	0	0	31.376361	8.705186	28.429428	8.705186	4.112639E+12	1.289922E-5	77524.05532	15.440074	1.02381	0	0
0	0	0	31.296109	8.714295	28.339861	8.714295	3.904081E+12	1.276475E-5	78340.739751	15.42903	1.022186	0	0
0	0	0	31.213537	8.723632	28.247704	8.723632	3.700526E+12	1.264943E-5	79054.937825	15.441819	1.020245	0	0
0	0	0	31.132338	8.731786	28.157416	8.731786	3.510704E+12	1.249688E-5	80019.981522	15.429159	1.018146	0	0
0	0	0	31.052314	8.740075	28.068337	8.740075	3.333158E+12	1.238558E-5	80739.036395	15.445899	1.016285	0	0
0	0	0	30.971752	8.748011	27.978786	8.748011	3.163482E+12	1.227064E-5	81495.367164	15.425017	1.014423	0	0
0	0	0	30.891957	8.755533	27.890193	8.755533	3.003937E+12	1.215718E-5	82255.901306	15.458508	1.011967	0	0
0	0	0	30.811232	8.762612	27.800738	8.762612	2.850715E+12	1.202808E-5	83138.765603	15.43357	1.010343	0	0
0	0	0	30.730228	8.769345	27.711092	8.769345	2.704819E+12	1.189398E-5	84076.126387	15.468803	1.008363	0	0
0	0	0	30.65027	8.775734	27.622683	8.775734	2.568129E+12	1.176377E-5	85006.76542	15.428175	1.006937	0	0
0	0	0	30.57023	8.782141	27.53417	8.782141	2.438216E+12	1.165614E-5	85791.672206	15.469907	1.004719	0	0
0	0	0	30.489064	8.78792	27.44465	8.78792	2.313182E+12	1.151153E-5	86869.462084	15.428905	1.003134	0	0
0	0	0	30.407211	8.793964	27.35429	8.793964	2.193583E+12	1.140513E-5	87679.811287	15.469432	1.001035	0	0
0	0	0	30.325913	8.799163	27.264815	8.799163	2.080916E+12	1.125271E-5	88867.50879	15.429617	0.999411	0	0
0	0	0	30.243815	8.804076	27.174568	8.804076	1.97301E+12	1.108901E-5	90179.360198	15.469377	0.997589	0	0
0	0	0	30.161146	8.809057	27.083673	8.809057	1.870005E+12	1.094677E-5	91351.113891	15.41895	0.996005	0	0
0	0	0	30.079554	8.813871	26.993993	8.813871	1.773617E+12	1.081679E-5	92448.896433	15.469115	0.994064	0	0
0	0	0	29.997554	8.818281	26.904007	8.818281	1.681751E+12	1.066526E-5	93762.407162	15.425403	0.992163	0	0
0	0	0	29.915358	8.822671	26.81381	8.822671	1.59444E+12	1.05292E-5	94973.969826	15.476595	0.990341	0	0
0	0	0	29.832411	8.827512	26.722637	8.827512	1.510925E+12	1.045394E-5	95657.675917	15.421033	0.988558	0	0
0	0	0	29.749627	8.831332	26.631993	8.831332	1.431935E+12	1.029507E-5	97133.891814	15.478048	0.986578	0	0
0	0	0	29.666696	8.834954	26.541256	8.834954	1.356945E+12	1.013187E-5	98698.458836	15.416254	0.984993	0	0
0	0	0	29.582246	8.838105	26.449041	8.838105	1.284615E+12	9.924462E-6	100761.127832	15.477851	0.982894	0	0
0	0	0	29.498891	8.841589	26.357884	8.841589	1.217004E+12	9.777079E-6	102280.032791	15.425936	0.980755	0	0
0	0	0	29.414588	8.845456	26.265563	8.845456	1.152243E+12	9.68557E-6	103246.374972	15.487544	0.978775	0	0
0	0	0	29.328586	8.84894	26.171541	8.84894	1.089726E+12	9.55896E-6	104613.891984	15.421146	0.977191	0	0
0	0	0	29.242862	8.851677	26.07808	8.851677	1.030787E+12	9.362198E-6	106812.521044	15.487015	0.975091	0	0
0	0	0	29.156762	8.854679	25.984114	8.854679	9.747974E+11	9.21156E-6	108559.248587	15.418819	0.973467	0	0
0	0	0	29.070564	8.85769	25.890034	8.85769	9.217904E+11	9.078757E-6	110147.235699	15.483226	0.971328	0	0
0	0	0	28.983533	8.860358	25.795175	8.860358	8.711946E+11	8.914084E-6	112182.019772	15.411792	0.969784	0	0
0	0	0	28.895636	8.863231	25.699304	8.863231	8.229135E+11	8.7882E-6	113788.94276	15.488786	0.967526	0	0
0	0	0	28.80921	8.865701	25.60516	8.865701	7.780496E+11	8.633593E-6	115826.628105	15.423616	0.965704	0	0
0	0	0	28.719647	8.868171	25.507628	8.868171	7.341364E+11	8.477414E-6	117960.503961	15.492316	0.963803	0	0
0	0	0	28.629953	8.87073	25.409919	8.87073	6.926428E+11	8.349752E-6	119764.035443	15.429303	0.961981	0	0
0	0	0	28.539884	8.872679	25.312022	8.872679	6.533351E+11	8.14871E-6	122718.817003	15.496087	0.960079	0	0
0	0	0	28.449978	8.874814	25.21423	8.874814	6.163233E+11	7.990225E-6	125152.92451	15.422948	0.958614	0	0
0	0	0	28.357524	8.877155	25.11361	8.877155	5.80448E+11	7.865258E-6	127141.405762	15.490496	0.956831	0	0
0	0	0	28.265871	8.87923	25.013948	8.87923	5.469446E+11	7.720681E-6	129522.25343	15.422935	0.955009	0	0
0	0	0	28.173172	8.88112	24.913221	8.88112	5.150257E+11	7.557334E-6	132321.797738	15.496239	0.953148	0	0
0	0	0	28.075311	8.882942	24.806947	8.882942	4.833483E+11	7.373318E-6	135624.149727	15.415977	0.951603	0	0
0	0	0	27.977303	8.884664	24.700547	8.884664	4.535759E+11	7.188342E-6	139114.128768	15.495292	0.949385	0	0
0	0	0	27.879132	8.88619	24.594041	8.88619	4.255923E+11	6.985543E-6	143152.785965	15.426112	0.947484	0	0
0	0	0	27.782431	8.887607	24.489159	8.887607	3.99716E+11	6.785716E-6	147368.380461	15.49178	0.945583	0	0
0	0	0	27.685354	8.889093	24.383843	8.889093	3.753216E+11	6.609126E-6	151305.926221	15.419341	0.943681	0	0
0	0	0	27.58702	8.891002	24.27701	8.891002	3.521284E+11	6.512526E-6	153550.259424	15.484861	0.942097	0	0
0	0	0	27.486594	8.89234	24.16813	8.89234	3.299207E+11	6.324894E-6	158105.416309	15.414948	0.940196	0	0
0	0	0	27.384356	8.893335	24.05742	8.893335	3.087502E+11	6.084332E-6	164356.585917	15.493661	0.938215	0	0
0	0	0	27.282493	8.895203	23.946785	8.895203	2.890085E+11	6.010682E-6	166370.485427	15.424442	0.936037	0	0
0	0	0	27.178425	8.896119	23.834125	8.896119	2.701424E+11	5.77504E-6	173158.98762	15.491358	0.934492	0	0
0	0	0	27.073655	8.89786	23.720394	8.89786	2.523928E+11	5.697719E-6	175508.838154	15.420553	0.932512	0	0
0	0	0	26.967594	8.898992	23.605498	8.898992	2.356121E+11	5.519827E-6	181165.085053	15.489966	0.930808	0	0
0	0	0	26.860471	8.900349	23.489368	8.900349	2.197957E+11	5.393689E-6	185401.860103	15.420599	0.928788	0	0
0	0	0	26.75263	8.900921	23.372758	8.900921	2.049454E+11	5.131832E-6	194862.16755	15.495372	0.927125	0	0
0	0	0	26.642159	8.902288	23.253006	8.902288	1.907727E+11	5.021949E-6	199125.870722	15.425999	0.925105	0	0
0	0	0	26.531573	8.903194	23.133303	8.903194	1.775669E+11	4.83866E-6	206668.801902	15.494135	0.923481	0	0
0	0	0	26.41777	8.904266	23.010062	8.904266	1.649306E+11	4.689617E-6	213237.013024	15.41685	0.921738	0	0
0	0	0	26.306106	8.905034	22.889245	8.905034	1.534063E+11	4.50197E-6	222124.981657	15.488998	0.919995	0	0
0	0	0	26.19294	8.906077	22.766699	8.906077	1.425482E+11	4.374038E-6	228621.682312	15.416349	0.918054	0	0
0	0	0	26.078418	8.907198	22.642657	8.907198	1.323422E+11	4.270205E-6	234180.796833	15.49456	0.916232	0	0
0	0	0	25.964288	8.907789	22.519242	8.907789	1.228982E+11	4.076155E-6	245329.253438	15.412131	0.914727	0	0
0	0	0	25.848541	8.908379	22.394079	8.908379	1.140084E+11	3.889868E-6	257078.131506	15.49208	0.912786	0	0
0	0	0	25.73116	8.909392	22.266988	8.909392	1.056497E+11	3.791376E-6	263756.449042	15.415908	0.911044	0	0
0	0	0	25.612717	8.910041	22.138891	8.910041	9.783638E+10	3.631568E-6	275363.137329	15.486824	0.909301	0	0
0	0	0	25.491727	8.910494	22.008118	8.910494	9.045125E+10	3.439828E-6	290712.23408	15.416581	0.907439	0	0
0	0	0	25.370213	8.911252	21.876661	8.911252	8.359523E+10	3.315127E-6	301647.533679	15.485291	0.905776	0	0
0	0	0	25.246838	8.912009	21.743192	8.912009	7.716561E+10	3.196929E-6	312800.181902	15.411509	0.903914	0	0
0	0	0	25.120996	8.91253	21.607153	8.91253	7.111664E+10	3.039866E-6	328961.841192	15.482277	0.902131	0	0
0	0	0	24.99339	8.91315	21.469169	8.91315	6.546688E+10	2.908095E-6	343867.775555	15.415739	0.900072	0	0
0	0	0	24.86139	8.913592	21.326511	8.913592	6.009441E+10	2.74641E-6	364111.659897	15.480842	0.898606	0	0
0	0	0	24.725812	8.914713	21.17972	8.914713	5.503497E+10	2.713188E-6	368570.170141	15.409052	0.896586	0	0
0	0	0	24.582721	8.915441	21.024973	8.915441	5.015642E+10	2.605903E-6	383744.202008	15.481248	0.894764	0	0
0	0	0	24.438715	8.915658	20.869442	8.915658	4.568321E+10	2.412226E-6	414554.843905	15.412015	0.893061	0	0
0	0	0	24.293761	8.916159	20.712772	8.916159	4.158338E+10	2.281873E-6	438236.453413	15.484649	0.89116	0	0
0	0	0	24.148121	8.916592	20.555389	8.916592	3.783464E+10	2.148889E-6	465356.777965	15.410319	0.889219	0	0
0	0	0	24.000685	8.917349	20.395933	8.917349	3.438375E+10	2.080333E-6	480692.331638	15.475611	0.887714	0	0
0	0	0	23.852808	8.917772	20.236136	8.917772	3.123868E+10	1.961564E-6	509797.168305	15.410195	0.885813	0	0
0	0	0	23.700585	8.918401	20.071562	8.918401	2.83014E+10	1.883139E-6	531028.176264	15.478392	0.884268	0	0
0	0	0	23.5457	8.918618	19.904282	8.918618	2.559606E+10	1.738832E-6	575098.631613	15.4139	0.882248	0	0
0	0	0	23.388447	8.919463	19.734187	8.919463	2.311378E+10	1.710121E-6	584754.017149	15.476678	0.880743	0	0
0	0	0	23.229151	8.91908	19.56239	8.91908	2.08446E+10	1.482414E-6	674575.393513	15.413967	0.878762	0	0
0	0	0	23.065837	8.919837	19.385786	8.919837	1.874926E+10	1.44415E-6	692448.867548	15.476035	0.877178	0	0
0	0	0	22.89862	8.920447	19.205027	8.920447	1.68219E+10	1.38857E-6	720165.441097	15.40423	0.875673	0	0
0	0	0	22.727188	8.920418	19.019982	8.920418	1.505145E+10	1.238183E-6	807634.895629	15.470442	0.87393	0	0
0	0	0	22.553012	8.921106	18.831676	8.921106	1.344339E+10	1.2029E-6	831324.356193	15.402232	0.872385	0	0
0	0	0	22.37565	8.921253	18.640155	8.921253	1.198234E+10	1.092734E-6	915135.53797	15.470162	0.870444	0	0
0	0	0	22.194172	8.921715	18.444059	8.921715	1.06516E+10	1.033413E-6	967666.936398	15.401367	0.868741	0	0
0	0	0	22.008415	8.921833	18.243486	8.921833	9.442402E+9	9.313067E-7	1073760.181305	15.463182	0.867117	0	0
0	0	0	21.817022	8.922276	18.036692	8.922276	8.33993E+9	8.770896E-7	1140134.355955	15.402065	0.865216	0	0
0	0	0	21.621104	8.922541	17.825087	8.922541	7.344591E+9	8.044107E-7	1243146.111465	15.457636	0.86375	0	0
0	0	0	21.422279	8.92264	17.610414	8.92264	6.455854E+9	7.181023E-7	1392559.228498	15.391224	0.861968	0	0
0	0	0	21.22053	8.923435	17.392285	8.923435	5.663906E+9	7.209564E-7	1387046.344912	15.460917	0.860146	0	0
0	0	0	21.012802	8.923318	17.168093	8.923318	4.949873E+9	6.168959E-7	1621018.967554	15.400801	0.858324	0	0
0	0	0	20.79877	8.923701	16.936878	8.923701	4.3082E+9	5.761396E-7	1735690.502848	15.456826	0.85674	0	0
0	0	0	20.577729	8.923593	16.698311	8.923593	3.732702E+9	4.891198E-7	2044488.736659	15.399285	0.854759	0	0
0	0	0	20.351511	8.924202	16.45384	8.924202	3.223236E+9	4.765692E-7	2098331.166931	15.457356	0.853016	0	0
0	0	0	20.124933	8.924065	16.209308	8.924065	2.782656E+9	3.998516E-7	2500928.041846	15.386558	0.851392	0	0
0	0	0	19.892132	8.924753	15.957693	8.924753	2.39262E+9	4.001552E-7	2499030.441751	15.446129	0.849887	0	0
0	0	0	19.655362	8.925008	15.701983	8.925008	2.051963E+9	3.65433E-7	2736480.036176	15.383829	0.848105	0	0
0	0	0	19.414328	8.925175	15.441708	8.925175	1.754949E+9	3.263759E-7	3063951.756465	15.442246	0.846362	0	0
0	0	0	19.168099	8.925077	15.175944	8.925077	1.495877E+9	2.711419E-7	3688105.639099	15.389339	0.844302	0	0
0	0	0	18.915844	8.92547	14.903452	8.92547	1.270074E+9	2.562211E-7	3902879.85678	15.439266	0.842797	0	0
0	0	0	18.658361	8.925893	14.625303	8.925893	1.074707E+9	2.467775E-7	4052233.322599	15.384457	0.840896	0	0
0	0	0	18.395716	8.925598	14.341905	8.925598	9.063511E+8	1.898187E-7	5268183.717511	15.433991	0.839351	0	0
0	0	0	18.127289	8.925903	14.051993	8.925903	7.615071E+8	1.754289E-7	5700314.418962	15.376265	0.837688	0	0
0	0	0	17.850597	8.926296	13.753116	8.926296	6.363893E+8	1.683185E-7	5941116.510391	15.428604	0.836064	0	0
0	0	0	17.567305	8.926522	13.44719	8.926522	5.295569E+8	1.531014E-7	6531620.038474	15.373599	0.834321	0	0
0	0	0	17.278313	8.926492	13.135227	8.926492	4.390322E+8	1.254086E-7	7973936.5332	15.431449	0.83242	0	0
0	0	0	16.978687	8.926512	12.811762	8.926512	3.6148E+8	1.040895E-7	9607116.117101	15.379842	0.830598	0	0
0	0	0	16.66774	8.926934	12.475887	8.926934	2.954494E+8	1.029139E-7	9716862.481831	15.41424	0.829528	0	0
0	0	0	16.354932	8.927219	12.138065	8.927219	2.411889E+8	9.785028E-8	1.021969E+7	15.369028	0.82727	0	0
0	0	0	16.031964	8.926924	11.789549	8.926924	1.956001E+8	6.780404E-8	1.474838E+7	15.411805	0.825884	0	0
0	0	0	15.70287	8.92719	11.434154	8.92719	1.579993E+8	6.302769E-8	1.586604E+7	15.358473	0.824102	0	0
0	0	0	15.365086	8.927023	11.069584	8.927023	1.269092E+8	4.623678E-8	2.16278E+7	15.413916	0.822319	0	0
0	0	0	15.018073	8.927455	10.694761	8.927455	1.013284E+8	4.759773E-8	2.10094E+7	15.364011	0.820537	0	0
0	0	0	14.667466	8.927445	10.316272	8.927445	8.071542E+7	3.766762E-8	2.6548E+7	15.409045	0.818953	0	0
0	0	0	14.313625	8.92775	9.934138	8.92775	6.416096E+7	3.754538E-8	2.663443E+7	15.356588	0.817249	0	0
0	0	0	13.959523	8.927642	9.551923	8.927642	5.099311E+7	2.737359E-8	3.653156E+7	15.398054	0.815784	0	0
0	0	0	13.612347	8.92771	9.177097	8.92771	4.071021E+7	2.306702E-8	4.335194E+7	15.34561	0.814239	0	0
0	0	0	13.270185	8.92771	8.807719	8.92771	3.260679E+7	1.847555E-8	5.412559E+7	15.393092	0.812536	0	0
0	0	0	12.924953	8.928113	8.434824	8.928113	2.606439E+7	2.188542E-8	4.569253E+7	15.346256	0.810793	0	0
0	0	0	12.589505	8.928339	8.072578	8.928339	2.096735E+7	2.412827E-8	4.144517E+7	15.393841	0.809209	0	0
0	0	0	12.258647	8.927986	7.715581	8.927986	1.691736E+7	1.232224E-8	8.115411E+7	15.348886	0.807466	0	0
0	0	0	11.935466	8.928113	7.366627	8.928113	1.37178E+7	1.151847E-8	8.68171E+7	15.385298	0.806119	0	0
0	0	0	11.619113	8.92829	7.025019	8.92829	1.117275E+7	1.189884E-8	8.404178E+7	15.332943	0.804535	0	0
0	0	0	11.305602	8.927946	6.686747	8.927946	9116676	6.380207E-9	1.567347E+8	15.370091	0.803188	0	0
0	0	0	11.002056	8.928428	6.358805	8.928428	7487209	1.007691E-8	9.923681E+7	15.330905	0.801406	0	0
0	0	0	10.707134	8.928329	6.040474	8.928329	6183484	7.002941E-9	1.427972E+8	15.370686	0.799861	0	0
0	0	0	10.418403	8.928329	5.728775	8.928329	5127322	5.806816E-9	1.722114E+8	15.339459	0.79792	0	0
0	0	0	10.137627	8.92831	5.425674	8.92831	4273552	4.691167E-9	2.131666E+8	15.37513	0.796494	0	0
0	0	0	9.865672	8.92829	5.132096	8.92829	3582387	3.815215E-9	2.621084E+8	15.324235	0.79495	0	0
0	0	0	9.598355	8.928732	4.84328	8.928732	3012055	9.745459E-9	1.026119E+8	15.355603	0.793642	0	0
0	0	0	9.334633	8.92883	4.558526	8.92883	2538433	1.501192E-8	6.661373E+7	15.31709	0.791939	0	0
0	0	0	9.072331	8.928506	4.275531	8.928506	2141257	3.393319E-9	2.946968E+8	15.352556	0.790315	0	0
0	0	0	8.822215	8.928595	4.005471	8.928595	1820560	3.604775E-9	2.774098E+8	15.31649	0.788691	0	0
0	0	0	8.576558	8.928487	3.740331	8.928487	1552378	2.355597E-9	4.245208E+8	15.344569	0.787345	0	0
0	0	0	8.335949	8.928477	3.480587	8.928477	1328043	1.973275E-9	5.067716E+8	15.314983	0.785562	0	0
0	0	0	8.101629	8.928536	3.227595	8.928536	1140770	1.9367E-9	5.163422E+8	15.34138	0.784176	0	0
0	0	0	7.870968	8.928604	2.978547	8.928604	982234	2.000301E-9	4.999247E+8	15.309945	0.782433	0	0
0	0	0	7.643834	8.928624	2.733334	8.928624	847669	1.830631E-9	5.462596E+8	15.333958	0.781007	0	0
0	0	0	7.422304	8.92886	2.494051	8.92886	734202	5.776558E-9	1.731135E+8	15.302272	0.779344	0	0
0	0	0	7.204906	8.928624	2.25949	8.928624	637631	1.377032E-9	7.261994E+8	15.329729	0.777918	0	0
0	0	0	6.992377	8.928683	2.03002	8.928683	555513	1.4655E-9	6.823611E+8	15.301292	0.776214	0	0
0	0	0	6.781284	8.928801	1.802069	8.928801	484423	2.294898E-9	4.357492E+8	15.327446	0.774868	0	0
0	0	0	6.574406	8.928742	1.578767	8.928742	423586	1.435526E-9	6.966086E+8	15.299939	0.773125	0	0
0	0	0	6.370991	8.928663	1.359214	8.928663	371223	9.119704E-10	1.096527E+9	15.315957	0.771976	0	0
0	0	0	6.172656	8.928938	1.144946	8.928938	326407	2.1591E-8	4.631559E+7	15.290062	0.770194	0	0
0	0	0	5.976313	8.92885	0.933034	8.92885	287372	2.036686E-9	4.909938E+8	15.306855	0.768966	0	0
0	0	0	5.782421	8.928929	0.723673	8.928929	253408	8.703544E-9	1.148957E+8	15.286018	0.767065	0	0
0	0	0	5.59142	8.928801	0.51755	8.928801	223878	1.060597E-9	9.428654E+8	15.299793	0.765877	0	0
0	0	0	5.399554	8.928634	0.310515	8.928634	197677	4.402122E-10	2.271631E+9	15.279132	0.764173	0	0
0	0	0	5.214417	8.92883	0.110538	8.92883	175307	1.036747E-9	9.645559E+8	15.296325	0.762906	0	0
0	0	0	5.033233	8.928624	-0.084941	8.928624	155868	3.366137E-10	2.970764E+9	15.276337	0.761044	0	0
0	0	0	4.853421	8.929194	-0.279384	8.929194	138707	-3.976407E-10	-2.514833E+9	15.289582	0.759935	0	0
0	0	0	4.677889	8.928693	-0.468592	8.928693	123779	3.390625E-10	2.949309E+9	15.269645	0.758074	0	0
0	0	0	4.505445	8.928418	-0.654596	8.928418	110679	1.462073E-10	6.839606E+9	15.280913	0.756846	0	0
0	0	0	4.335483	8.928929	-0.838374	8.928929	99125	3.404551E-9	2.937245E+8	15.266386	0.755063	0	0
0	0	0	4.168641	8.928821	-1.018426	8.928821	88957	4.858618E-10	2.058199E+9	15.268538	0.753875	0	0
0	0	0	4.004216	8.929086	-1.196085	8.929086	79957	-4.103531E-10	-2.436926E+9	15.254208	0.752409	0	0
0	0	0	3.840266	8.928968	-1.37301	8.928968	71890	-2.674903E-9	-3.738454E+8	15.270442	0.751063	0	0
0	0	0	3.680791	8.928899	-1.545131	8.928899	64824	9.11617E-10	1.096952E+9	15.250481	0.749478	0	0
0	0	0	3.522916	8.929312	-1.715807	8.929312	58514	-1.13224E-10	-8.832049E+9	15.263595	0.748013	0	0
0	0	0	3.368652	8.928919	-1.882113	8.928919	52942	1.227976E-9	8.143482E+8	15.242763	0.746429	0	0
0	0	0	3.216707	8.92886	-2.046111	8.92886	47973	3.77443E-10	2.649407E+9	15.249808	0.745359	0	0
0	0	0	3.066069	8.928978	-2.208802	8.928978	43507	-1.064429E-9	-9.394706E+8	15.235323	0.743616	0	0
0	0	0	2.917212	8.928988	-2.369507	8.928988	39502	-7.199022E-10	-1.389078E+9	15.239977	0.742507	0	0
0	0	0	2.770968	8.929272	-2.527555	8.929272	35927	-7.796533E-11	-1.282621E+10	15.229318	0.740725	0	0
0	0	0	2.628203	8.929233	-2.681654	8.929233	32749	-8.089844E-11	-1.236118E+10	15.234253	0.739457	0	0
0	0	0	2.486941	8.929105	-2.834078	8.929105	29881	-1.340888E-10	-7.457745E+9	15.221729	0.737794	0	0
0	0	0	2.349289	8.92885	-2.982528	8.92885	27329	1.936884E-10	5.162932E+9	15.218637	0.736883	0	0
0	0	0	2.212601	8.928997	-3.130178	8.928997	25010	-3.631525E-10	-2.753664E+9	15.210974	0.73514	0	0
0	0	0	2.078363	8.928997	-3.275095	8.928997	22924	-3.328632E-10	-3.004238E+9	15.219535	0.733595	0	0
0	0	0	1.944337	8.929223	-3.419919	8.929223	21015	-5.377178E-11	-1.859712E+10	15.20628	0.732209	0	0
0	0	0	1.808874	8.929272	-3.566189	8.929272	19247	-4.176799E-11	-2.394178E+10	15.213811	0.730743	0	0
0	0	0	1.682493	8.929322	-3.702654	8.929322	17733	-3.340829E-11	-2.993269E+10	15.203512	0.729357	0	0
0	0	0	1.556847	8.929096	-3.838159	8.929096	16344	-7.825821E-11	-1.277821E+10	15.200345	0.72809	0	0
0	0	0	1.436265	8.92886	-3.968192	8.92886	15115	1.189221E-10	8.408864E+9	15.190346	0.726584	0	0
0	0	0	1.31988	8.929312	-4.094108	8.929312	14016	-2.712082E-11	-3.687204E+10	15.181582	0.725475	0	0
0	0	0	1.209409	8.92939	-4.213416	8.92939	13046	-2.074809E-11	-4.819722E+10	15.187422	0.723653	0	0
0	0	0	1.1041	8.929047	-4.326894	8.929047	12185	-8.775144E-11	-1.139582E+10	15.184539	0.722425	0	0
0	0	0	1.008281	8.928997	-4.430306	8.928997	11451	-1.662718E-10	-6.014247E+9	15.182005	0.72096	0	0
0	0	0	0.920793	8.929557	-4.525096	8.929557	10819	-1.248236E-11	-8.011308E+10	15.174746	0.71989	0	0
0	0	0	0.841063	8.928988	-4.610821	8.928988	10274	-1.87238E-10	-5.340797E+9	15.169377	0.718227	0	0
0	0	0	0.766904	8.928968	-4.690867	8.928968	9791	-3.643059E-10	-2.744946E+9	15.162617	0.71688	0	0
0	0	0	0.700144	8.92942	-4.763215	8.92942	9376	-1.397788E-11	-7.154163E+10	15.154531	0.715573	0	0
0	0	0	0.637583	8.92887	-4.830417	8.92887	9003	7.960059E-11	1.256272E+10	15.145132	0.714345	0	0
0	0	0	0.582355	8.928997	-4.890116	8.928997	8686	-1.261232E-10	-7.928753E+9	15.15305	0.712721	0	0
0	0	0	0.53113	8.929263	-4.945579	8.929263	8402	-1.880443E-11	-5.317896E+10	15.148628	0.711375	0	0
0	0	0	0.483857	8.929007	-4.996455	8.929007	8148	-9.83263E-11	-1.017022E+10	15.152068	0.710028	0	0
0	0	0	0.441665	8.929135	-5.042083	8.929135	7929	-2.993903E-11	-3.340122E+10	15.134443	0.7088	0	0
0	0	0	0.401416	8.928968	-5.085431	8.928968	7724	-2.873965E-10	-3.479514E+9	15.140466	0.707374	0	0
0	0	0	0.366477	8.92884	-5.123071	8.92884	7551	4.868611E-11	2.053974E+10	15.116301	0.706384	0	0
0	0	0	0.334069	8.929076	-5.158203	8.929076	7394	-4.088437E-11	-2.445922E+10	15.133782	0.70476	0	0
0	0	0	0.302755	8.929253	-5.192116	8.929253	7246	-1.674169E-11	-5.973113E+10	15.111917	0.70377	0	0
0	0	0	0.274578	8.929155	-5.222474	8.929155	7114	-2.429364E-11	-4.116304E+10	15.125547	0.702225	0	0
0	0	0	0.250697	8.92885	-5.248068	8.92885	7005	4.964643E-11	2.014244E+10	15.112578	0.700918	0	0
0	0	0	0.2276	8.929086	-5.273148	8.929086	6901	-3.541712E-11	-2.823494E+10	15.120566	0.699531	0	0
0	0	0	0.205744	8.928929	-5.296645	8.928929	6803	2.336563E-10	4.27979E+9	15.095892	0.698422	0	0
0	0	0	0.185783	8.9294	-5.318485	8.9294	6716	-1.044839E-11	-9.570856E+10	15.106864	0.697036	0	0
0	0	0	0.167554	8.929331	-5.338122	8.929331	6637	-1.218258E-11	-8.20844E+10	15.087496	0.695689	0	0
0	0	0	0.150222	8.928919	-5.356578	8.928919	6563	1.522271E-10	6.569131E+9	15.096518	0.694541	0	0
0	0	0	0.135995	8.929233	-5.372131	8.929233	6502	-1.606161E-11	-6.226026E+10	15.078612	0.693036	0	0
0	0	0	0.120036	8.928938	-5.389178	8.928938	6436	4.257285E-10	2.348915E+9	15.094162	0.691887	0	0
0	0	0	0.108863	8.928752	-5.401124	8.928752	6389	2.273053E-11	4.399369E+10	15.065057	0.69054	0	0
0	0	0	0.095665	8.929105	-5.415591	8.929105	6335	-2.842785E-11	-3.517678E+10	15.086587	0.689114	0	0
0	0	0	0.084492	8.929115	-5.427659	8.929115	6289	-2.655349E-11	-3.765983E+10	15.04186	0.688441	0	0
0	0	0	0.074724	8.929135	-5.438216	8.929135	6249	-2.359553E-11	-4.23809E+10	15.072959	0.686738	0	0
0	0	0	0.063682	8.928988	-5.450046	8.928988	6204	-1.130645E-10	-8.844512E+9	15.040818	0.685549	0	0
0	0	0	0.054779	8.929047	-5.459693	8.929047	6169	-4.442664E-11	-2.250902E+10	15.067908	0.684242	0	0
0	0	0	0.047723	8.929115	-5.467353	8.929115	6141	-2.59286E-11	-3.856744E+10	15.034093	0.683015	0	0
0	0	0	0.037955	8.929263	-5.477989	8.929263	6102	-1.365682E-11	-7.322347E+10	15.05856	0.681747	0	0
0	0	0	0.030767	8.929047	-5.485615	8.929047	6073	-4.373529E-11	-2.286483E+10	15.017533	0.680757	0	0
0	0	0	0.025083	8.929115	-5.491794	8.929115	6051	-2.554861E-11	-3.914108E+10	15.047284	0.679331	0	0
0	0	0	0.019349	8.929508	-5.498226	8.929508	6029	-7.566949E-12	-1.321537E+11	15.0132	0.678103	0	0
0	0	0	0.013485	8.929017	-5.504253	8.929017	6006	-6.200399E-11	-1.612799E+10	15.045195	0.676677	0	0
0	0	0	0.007507	8.929233	-5.510841	8.929233	5982	-1.477708E-11	-6.767238E+10	14.999454	0.675489	0	0
0	0	0	0.001528	8.929155	-5.517247	8.929155	5959	-2.034942E-11	-4.914144E+10	15.029605	0.67434	0	0
0	0	0	-0.00218	8.929017	-5.521165	8.929017	5945	-6.137425E-11	-1.629348E+10	14.983478	0.67331	0	0
0	0	0	-0.006002	8.92943	-5.525546	8.92943	5930	-8.659816E-12	-1.154759E+11	15.023093	0.671924	0	0
0	0	0	-0.010167	8.929115	-5.529848	8.929115	5914	-2.497016E-11	-4.00478E+10	14.974773	0.670815	0	0
0	0	0	-0.014414	8.929253	-5.534518	8.929253	5898	-1.362717E-11	-7.338281E+10	15.01082	0.669389	0	0
0	0	0	-0.017845	8.929341	-5.538276	8.929341	5885	-1.053165E-11	-9.49519E+10	14.963687	0.668201	0	0
0	0	0	-0.022108	8.929322	-5.542866	8.929322	5869	-1.105697E-11	-9.044068E+10	15.004783	0.666656	0	0
0	0	0	-0.026747	8.929577	-5.548033	8.929577	5851	-6.539337E-12	-1.529207E+11	14.949931	0.665903	0	0
0	0	0	-0.029066	8.929135	-5.550263	8.929135	5842	-2.205875E-11	-4.533349E+10	14.99593	0.664478	0	0
0	0	0	-0.03137	8.929164	-5.552768	8.929164	5833	-1.901042E-11	-5.260272E+10	14.939204	0.663329	0	0
0	0	0	-0.032987	8.929086	-5.554465	8.929086	5828	-2.99103E-11	-3.34333E+10	14.98028	0.662022	0	0
0	0	0	-0.035176	8.928938	-5.556737	8.928938	5819	3.849151E-10	2.597975E+9	14.929133	0.661071	0	0
0	0	0	-0.036711	8.92884	-5.558334	8.92884	5813	3.748012E-11	2.668081E+10	14.978841	0.659566	0	0
0	0	0	-0.038704	8.929164	-5.560686	8.929164	5806	-1.892243E-11	-5.284734E+10	14.911615	0.658734	0	0
0	0	0	-0.040207	8.929341	-5.562417	8.929341	5800	-1.037953E-11	-9.634344E+10	14.966286	0.657189	0	0
0	0	0	-0.042085	8.929135	-5.564318	8.929135	5793	-2.187373E-11	-4.571695E+10	14.90275	0.65616	0	0
0	0	0	-0.044176	8.929243	-5.566642	8.929243	5785	-1.381281E-11	-7.239654E+10	14.956545	0.654813	0	0
0	0	0	-0.045809	8.928997	-5.568253	8.928997	5779	-8.391276E-11	-1.191714E+10	14.901412	0.653664	0	0
0	0	0	-0.047949	8.928722	-5.570393	8.928722	5771	1.786305E-11	5.598147E+10	14.949209	0.652397	0	0
0	0	0	-0.049158	8.928516	-5.57157	8.928516	5767	9.346495E-12	1.06992E+11	14.884974	0.651209	0	0
0	0	0	-0.050351	8.929253	-5.573313	8.929253	5762	-1.331295E-11	-7.511485E+10	14.930808	0.65006	0	0
0	0	0	-0.051576	8.92884	-5.574381	8.92884	5758	3.71255E-11	2.693566E+10	14.869765	0.648951	0	0
0	0	0	-0.052997	8.929263	-5.576176	8.929263	5752	-1.287349E-11	-7.7679E+10	14.928772	0.647406	0	0
0	0	0	-0.054549	8.929155	-5.577785	8.929155	5746	-1.962205E-11	-5.096308E+10	14.858861	0.646535	0	0
0	0	0	-0.055708	8.928821	-5.57883	8.928821	5742	3.136143E-11	3.18863E+10	14.921338	0.645148	0	0
0	0	0	-0.05628	8.92886	-5.579472	8.92886	5740	4.51613E-11	2.214285E+10	14.846281	0.644237	0	0
0	0	0	-0.056737	8.929047	-5.580081	8.929047	5738	-4.132276E-11	-2.419974E+10	14.905803	0.64293	0	0
0	0	0	-0.057962	8.929302	-5.581561	8.929302	5734	-1.140412E-11	-8.768761E+10	14.835805	0.641702	0	0
0	0	0	-0.058632	8.929184	-5.582211	8.929184	5731	-1.711629E-11	-5.842388E+10	14.888608	0.640633	0	0
0	0	0	-0.060364	8.929233	-5.584111	8.929233	5725	-1.414222E-11	-7.071025E+10	14.820173	0.639405	0	0
0	0	0	-0.060707	8.929066	-5.584378	8.929066	5724	-3.43055E-11	-2.914984E+10	14.892674	0.637939	0	0
0	0	0	-0.061621	8.929164	-5.585426	8.929164	5720	-1.864214E-11	-5.36419E+10	14.829373	0.636514	0	0
0	0	0	-0.062422	8.928938	-5.586151	8.928938	5717	3.781681E-10	2.644327E+9	14.877563	0.635761	0	0
0	0	0	-0.063484	8.928771	-5.587193	8.928771	5713	2.257388E-11	4.429899E+10	14.803096	0.634612	0	0
0	0	0	-0.063941	8.929331	-5.588034	8.929331	5712	-1.048469E-11	-9.537713E+10	14.869842	0.633028	0	0
0	0	0	-0.065003	8.929194	-5.589095	8.929194	5708	-1.63635E-11	-6.11116E+10	14.784178	0.632315	0	0
0	0	0	-0.065444	8.929164	-5.589553	8.929164	5706	-1.859652E-11	-5.377351E+10	14.848786	0.631008	0	0
0	0	0	-0.066277	8.928997	-5.590349	8.928997	5703	-8.280921E-11	-1.207595E+10	14.784405	0.62982	0	0
0	0	0	-0.066914	8.929037	-5.591061	8.929037	5701	-4.565902E-11	-2.190148E+10	14.849887	0.628552	0	0
0	0	0	-0.067992	8.928997	-5.5922	8.928997	5697	-8.272209E-11	-1.208867E+10	14.7669	0.627522	0	0
0	0	0	-0.068596	8.929302	-5.593041	8.929302	5695	-1.132655E-11	-8.828811E+10	14.830342	0.626215	0	0
0	0	0	-0.06938	8.929292	-5.593881	8.929292	5692	-1.164477E-11	-8.587543E+10	14.751852	0.625067	0	0
0	0	0	-0.070654	8.929282	-5.595251	8.929282	5687	-1.197754E-11	-8.348957E+10	14.810059	0.624076	0	0
0	0	0	-0.071112	8.928919	-5.59552	8.928919	5685	1.318621E-10	7.583677E+9	14.740793	0.62269	0	0
0	0	0	-0.071896	8.92888	-5.596342	8.92888	5682	5.733349E-11	1.744181E+10	14.807125	0.6217	0	0
0	0	0	-0.072386	8.929302	-5.597132	8.929302	5680	-1.129672E-11	-8.852126E+10	14.741892	0.620432	0	0
0	0	0	-0.073023	8.929115	-5.597704	8.929115	5678	-2.397372E-11	-4.171234E+10	14.794537	0.619402	0	0
0	0	0	-0.073693	8.928978	-5.598342	8.928978	5676	-1.388673E-10	-7.20112E+9	14.716411	0.618214	0	0
0	0	0	-0.074722	8.929184	-5.599581	8.929184	5672	-1.694008E-11	-5.90316E+10	14.780544	0.616986	0	0
0	0	0	-0.074836	8.928997	-5.599589	8.928997	5671	-8.234457E-11	-1.214409E+10	14.697882	0.615956	0	0
0	0	0	-0.076159	8.929371	-5.601248	8.929371	5667	-9.432654E-12	-1.060147E+11	14.77454	0.614531	0	0
0	0	0	-0.076519	8.929125	-5.601484	8.929125	5665	-2.258407E-11	-4.427899E+10	14.686849	0.613778	0	0
0	0	0	-0.077156	8.929135	-5.602178	8.929135	5663	-2.138286E-11	-4.676643E+10	14.752551	0.61255	0	0
0	0	0	-0.077237	8.929056	-5.602218	8.929056	5663	-3.704796E-11	-2.699204E+10	14.678582	0.611441	0	0
0	0	0	-0.078152	8.929135	-5.603254	8.929135	5659	-2.136776E-11	-4.679948E+10	14.741264	0.610055	0	0
0	0	0	-0.078234	8.929135	-5.603342	8.929135	5659	-2.136776E-11	-4.679948E+10	14.66338	0.609144	0	0
0	0	0	-0.078528	8.929164	-5.603678	8.929164	5658	-1.844008E-11	-5.42297E+10	14.726665	0.607837	0	0
0	0	0	-0.078805	8.929341	-5.604087	8.929341	5657	-1.012362E-11	-9.877885E+10	14.656971	0.606648	0	0
0	0	0	-0.079279	8.928889	-5.604319	8.928889	5655	6.644609E-11	1.504979E+10	14.708545	0.605777	0	0
0	0	0	-0.079492	8.928899	-5.604554	8.928899	5654	7.951197E-11	1.257672E+10	14.647292	0.604509	0	0
0	0	0	-0.080161	8.928938	-5.605301	8.928938	5652	3.738684E-10	2.674738E+9	14.701176	0.603361	0	0
0	0	0	-0.080031	8.928732	-5.605032	8.928732	5652	1.828704E-11	5.468353E+10	14.627882	0.602371	0	0
0	0	0	-0.081043	8.929037	-5.606314	8.929037	5648	-4.523455E-11	-2.2107E+10	14.684951	0.601064	0	0
0	0	0	-0.080014	8.929194	-5.605301	8.929194	5652	-1.620297E-11	-6.17171E+10	14.621278	0.599875	0	0
0	0	0	-0.080488	8.92886	-5.605605	8.92886	5651	4.446106E-11	2.249159E+10	14.66553	0.598925	0	0
0	0	0	-0.080439	8.929184	-5.605753	8.929184	5651	-1.687736E-11	-5.925097E+10	14.604063	0.597618	0	0
0	0	0	-0.079916	8.929017	-5.605085	8.929017	5653	-5.835973E-11	-1.71351E+10	14.652124	0.596707	0	0
0	0	0	-0.080945	8.929331	-5.606391	8.929331	5649	-1.036905E-11	-9.644081E+10	14.590088	0.595558	0	0
0	0	0	-0.081125	8.929184	-5.606494	8.929184	5648	-1.68684E-11	-5.928244E+10	14.633542	0.594488	0	0
0	0	0	-0.081452	8.928958	-5.606706	8.928958	5647	-4.385008E-10	-2.280498E+9	14.585456	0.593181	0	0
0	0	0	-0.081223	8.928919	-5.606435	8.928919	5648	1.310039E-10	7.633358E+9	14.621186	0.592231	0	0
0	0	0	-0.081239	8.928978	-5.606489	8.928978	5648	-1.381822E-10	-7.23682E+9	14.568701	0.591122	0	0
0	0	0	-0.081664	8.929233	-5.607106	8.929233	5646	-1.394707E-11	-7.169965E+10	14.597715	0.590092	0	0
0	0	0	-0.082154	8.929223	-5.607629	8.929223	5644	-1.444149E-11	-6.924493E+10	14.551354	0.588745	0	0
0	0	0	-0.081827	8.928968	-5.607118	8.928968	5646	-2.100777E-10	-4.760143E+9	14.587065	0.587795	0	0
0	0	0	-0.082268	8.928988	-5.607606	8.928988	5644	-1.028588E-10	-9.722068E+9	14.539192	0.586725	0	0
0	0	0	-0.082791	8.929125	-5.608256	8.929125	5642	-2.249238E-11	-4.445949E+10	14.572824	0.585695	0	0
0	0	0	-0.082856	8.929086	-5.608302	8.929086	5642	-2.895571E-11	-3.45355E+10	14.533381	0.584507	0	0
0	0	0	-0.083314	8.929174	-5.60885	8.929174	5640	-1.757943E-11	-5.688465E+10	14.560586	0.583319	0	0
0	0	0	-0.084327	8.928771	-5.609695	8.928771	5637	2.227358E-11	4.489624E+10	14.52219	0.582249	0	0
0	0	0	-0.084441	8.929145	-5.610049	8.929145	5636	-2.021259E-11	-4.947411E+10	14.537782	0.581338	0	0
0	0	0	-0.085078	8.929341	-5.610858	8.929341	5634	-1.008246E-11	-9.91821E+10	14.506692	0.58019	0	0
0	0	0	-0.085094	8.929017	-5.610675	8.929017	5634	-5.816358E-11	-1.719289E+10	14.517184	0.579358	0	0
0	0	0	-0.085454	8.929037	-5.611075	8.929037	5633	-4.511441E-11	-2.216587E+10	14.495316	0.577971	0	0
0	0	0	-0.085405	8.92939	-5.611241	8.92939	5633	-8.958605E-12	-1.116245E+11	14.509841	0.5771	0	0
0	0	0	-0.086074	8.92887	-5.611642	8.92887	5630	4.9778E-11	2.00892E+10	14.490479	0.575793	0	0
0	0	0	-0.087103	8.929017	-5.612844	8.929017	5626	-5.808099E-11	-1.721734E+10	14.485385	0.57512	0	0
0	0	0	-0.087267	8.929292	-5.613191	8.929292	5626	-1.150975E-11	-8.688286E+10	14.469136	0.573773	0	0
0	0	0	-0.087201	8.92939	-5.613181	8.92939	5626	-8.947473E-12	-1.117634E+11	14.463426	0.57306	0	0
0	0	0	-0.087577	8.929194	-5.613465	8.929194	5625	-1.612556E-11	-6.201334E+10	14.453307	0.571713	0	0
0	0	0	-0.088116	8.929312	-5.61412	8.929312	5623	-1.088045E-11	-9.190798E+10	14.460204	0.570604	0	0
0	0	0	-0.088492	8.929184	-5.614447	8.929184	5621	-1.678776E-11	-5.95672E+10	14.446845	0.569416	0	0
0	0	0	-0.088655	8.929076	-5.614556	8.929076	5621	-3.108075E-11	-3.217426E+10	14.439531	0.568545	0	0
0	0	0	-0.089276	8.928988	-5.615171	8.928988	5618	-1.023849E-10	-9.767062E+9	14.435022	0.567198	0	0
0	0	0	-0.08939	8.928693	-5.615112	8.928693	5618	1.538915E-11	6.498086E+10	14.417836	0.566564	0	0
0	0	0	-0.089194	8.92942	-5.615351	8.92942	5619	-8.376886E-12	-1.193761E+11	14.417441	0.565297	0	0
0	0	0	-0.089848	8.928978	-5.615783	8.928978	5617	-1.374238E-10	-7.27676E+9	14.400646	0.564346	0	0
0	0	0	-0.089439	8.929233	-5.6155	8.929233	5618	-1.38779E-11	-7.2057E+10	14.410842	0.563158	0	0
0	0	0	-0.089799	8.928909	-5.615687	8.928909	5617	9.835233E-11	1.016753E+10	14.386635	0.562366	0	0
0	0	0	-0.089782	8.928978	-5.615712	8.928978	5617	-1.374238E-10	-7.27676E+9	14.398755	0.561019	0	0
0	0	0	-0.089995	8.929606	-5.61633	8.929606	5616	-5.995309E-12	-1.667971E+11	14.372887	0.560187	0	0
0	0	0	-0.090468	8.929096	-5.616526	8.929096	5614	-2.688091E-11	-3.720112E+10	14.368457	0.559355	0	0
0	0	0	-0.090174	8.92942	-5.616409	8.92942	5615	-8.370923E-12	-1.194611E+11	14.336339	0.558444	0	0
0	0	0	-0.090321	8.929312	-5.616501	8.929312	5615	-1.086497E-11	-9.203892E+10	14.354923	0.557216	0	0
0	0	0	-0.09037	8.929174	-5.616468	8.929174	5614	-1.749839E-11	-5.71481E+10	14.327069	0.556187	0	0
0	0	0	-0.090109	8.929076	-5.616125	8.929076	5615	-3.104757E-11	-3.220864E+10	14.359406	0.55484	0	0
0	0	0	-0.090713	8.929253	-5.616887	8.929253	5613	-1.296869E-11	-7.710882E+10	14.321187	0.554166	0	0
0	0	0	-0.090142	8.929105	-5.616179	8.929105	5615	-2.51969E-11	-3.968742E+10	14.343059	0.553018	0	0
0	0	0	-0.089946	8.928762	-5.615755	8.928762	5616	2.102757E-11	4.755661E+10	14.284844	0.552344	0	0
0	0	0	-0.08988	8.929066	-5.615873	8.929066	5616	-3.365823E-11	-2.971042E+10	14.318961	0.550998	0	0
0	0	0	-0.090011	8.929302	-5.61616	8.929302	5616	-1.116943E-11	-8.953005E+10	14.273032	0.550126	0	0
0	0	0	-0.089897	8.929184	-5.615963	8.929184	5616	-1.677283E-11	-5.962023E+10	14.311084	0.548859	0	0
0	0	0	-0.089684	8.929017	-5.615631	8.929017	5617	-5.798808E-11	-1.724492E+10	14.264654	0.547908	0	0
0	0	0	-0.089521	8.929135	-5.615527	8.929135	5618	-2.121295E-11	-4.714102E+10	14.303413	0.546641	0	0
0	0	0	-0.089701	8.929214	-5.61577	8.929214	5617	-1.49063E-11	-6.708574E+10	14.242389	0.546086	0	0
0	0	0	-0.089897	8.929066	-5.61589	8.929066	5616	-3.365823E-11	-2.971042E+10	14.27481	0.544898	0	0
0	0	0	-0.090354	8.929056	-5.616378	8.929056	5615	-3.673394E-11	-2.722278E+10	14.213453	0.544066	0	0
0	0	0	-0.089929	8.929066	-5.615925	8.929066	5616	-3.365823E-11	-2.971042E+10	14.263872	0.542719	0	0
0	0	0	-0.089929	8.928978	-5.615871	8.928978	5616	-1.373993E-10	-7.278055E+9	14.202898	0.542046	0	0
0	0	0	-0.089619	8.929047	-5.615578	8.929047	5617	-4.045136E-11	-2.472105E+10	14.246299	0.540937	0	0
0	0	0	-0.089864	8.929007	-5.615818	8.929007	5616	-6.77713E-11	-1.475551E+10	14.201794	0.539788	0	0
0	0	0	-0.090272	8.929312	-5.616448	8.929312	5615	-1.086497E-11	-9.203892E+10	14.236247	0.538917	0	0
0	0	0	-0.089815	8.929096	-5.61582	8.929096	5617	-2.689528E-11	-3.718125E+10	14.164663	0.538125	0	0
0	0	0	-0.090044	8.929272	-5.616177	8.929272	5616	-1.21873E-11	-8.20526E+10	14.218729	0.536897	0	0
0	0	0	-0.090501	8.929292	-5.616682	8.929292	5614	-1.14852E-11	-8.706857E+10	14.147493	0.536026	0	0
0	0	0	-0.090844	8.929125	-5.616949	8.929125	5613	-2.237677E-11	-4.46892E+10	14.206339	0.534639	0	0
0	0	0	-0.091285	8.929027	-5.617365	8.929027	5611	-5.061223E-11	-1.975807E+10	14.134668	0.533847	0	0
0	0	0	-0.09073	8.929322	-5.616948	8.929322	5613	-1.057468E-11	-9.456554E+10	14.179085	0.533134	0	0
0	0	0	-0.090958	8.92885	-5.616903	8.92885	5612	3.977384E-11	2.514215E+10	14.111796	0.532025	0	0
0	0	0	-0.091595	8.929322	-5.617882	8.929322	5610	-1.056903E-11	-9.461611E+10	14.151851	0.531114	0	0
0	0	0	-0.091857	8.929214	-5.618097	8.929214	5609	-1.488507E-11	-6.718143E+10	14.094095	0.530005	0	0
0	0	0	-0.091857	8.929174	-5.618073	8.929174	5609	-1.748281E-11	-5.719904E+10	14.158533	0.528777	0	0
0	0	0	-0.092167	8.929312	-5.618493	8.929312	5608	-1.085142E-11	-9.215381E+10	14.082853	0.527945	0	0
0	0	0	-0.092314	8.92887	-5.618378	8.92887	5607	4.957464E-11	2.01716E+10	14.133218	0.526955	0	0
0	0	0	-0.092984	8.929331	-5.619387	8.929331	5605	-1.028829E-11	-9.719789E+10	14.053695	0.526203	0	0
0	0	0	-0.092984	8.928919	-5.619132	8.928919	5605	1.300066E-10	7.691919E+9	14.122019	0.524777	0	0
0	0	0	-0.09269	8.929164	-5.618966	8.929164	5606	-1.827061E-11	-5.473272E+10	14.04636	0.523866	0	0
0	0	0	-0.092951	8.929174	-5.619255	8.929174	5605	-1.747034E-11	-5.723986E+10	14.105241	0.522836	0	0
0	0	0	-0.093115	8.929567	-5.619674	8.929567	5605	-6.363958E-12	-1.571349E+11	14.030053	0.521925	0	0
0	0	0	-0.093245	8.929155	-5.61956	8.929155	5604	-1.913713E-11	-5.225443E+10	14.078115	0.521133	0	0
0	0	0	-0.093964	8.929322	-5.620439	8.929322	5601	-1.055207E-11	-9.476814E+10	0	0	0	0
0	0	0	-0.093654	8.929214	-5.620037	8.929214	5602	-1.486649E-11	-6.726537E+10	0	0	0	0
0	0	0	-0.093539	8.928997	-5.61978	8.928997	5603	-8.135719E-11	-1.229148E+10	0	0	0	0
0	0	0	-0.09465	8.929155	-5.621076	8.929155	5599	-1.912006E-11	-5.23011E+10	0	0	0	0
0	0	0	-0.094209	8.928978	-5.620491	8.928978	5601	-1.370324E-10	-7.297547E+9	0	0	0	0
0	0	0	-0.093801	8.929272	-5.620232	8.929272	5602	-1.215692E-11	-8.225765E+10	0	0	0	0
0	0	0	-0.094258	8.929164	-5.620659	8.929164	5600	-1.825105E-11	-5.479137E+10	0	0	0	0
0	0	0	-0.093458	8.929361	-5.619917	8.929361	5603	-9.548601E-12	-1.047274E+11	0	0	0	0
0	0	0	-0.09416	8.92883	-5.620347	8.92883	5601	3.312371E-11	3.018985E+10	0	0	0	0
0	0	0	-0.094127	8.929606	-5.620792	8.929606	5601	-5.979296E-12	-1.672438E+11	0	0	0	0
0	0	0	-0.094421	8.929037	-5.620757	8.929037	5600	-4.485012E-11	-2.229649E+10	0	0	0	0
0	0	0	-0.093637	8.929096	-5.619947	8.929096	5603	-2.682824E-11	-3.727415E+10	0	0	0	0
0	0	0	-0.093964	8.929125	-5.620318	8.929125	5601	-2.232893E-11	-4.478494E+10	0	0	0	0
0	0	0	-0.093654	8.929125	-5.619982	8.929125	5602	-2.233292E-11	-4.477695E+10	0	0	0	0
0	0	0	-0.09367	8.92888	-5.619848	8.92888	5602	5.652626E-11	1.769089E+10	0	0	0	0
0	0	0	-0.093458	8.929223	-5.619832	8.929223	5603	-1.433658E-11	-6.975164E+10	0	0	0	0
0	0	0	-0.093948	8.929243	-5.620373	8.929243	5601	-1.337348E-11	-7.477486E+10	0	0	0	0
0	0	0	-0.093262	8.92883	-5.619377	8.92883	5604	3.314146E-11	3.017369E+10	0	0	0	0
0	0	0	-0.093409	8.92942	-5.6199	8.92942	5604	-8.354524E-12	-1.196956E+11	0	0	0	0
0	0	0	-0.093637	8.929066	-5.619928	8.929066	5603	-3.358031E-11	-2.977935E+10	0	0	0	0
0	0	0	-0.092951	8.92884	-5.619048	8.92884	5605	3.613901E-11	2.767093E+10	0	0	0	0
0	0	0	-0.092837	8.929204	-5.619149	8.929204	5606	-1.545107E-11	-6.472045E+10	0	0	0	0
0	0	0	-0.093213	8.929135	-5.619512	8.929135	5604	-2.116008E-11	-4.725879E+10	0	0	0	0
0	0	0	-0.093311	8.929312	-5.619728	8.929312	5604	-1.084368E-11	-9.221959E+10	0	0	0	0
0	0	0	-0.093278	8.92885	-5.619407	8.92885	5604	3.971714E-11	2.517805E+10	0	0	0	0
0	0	0	-0.093376	8.929263	-5.619768	8.929263	5604	-1.254226E-11	-7.973048E+10	0	0	0	0
0	0	0	-0.093343	8.928752	-5.619416	8.928752	5604	1.993769E-11	5.015626E+10	0	0	0	0
0	0	0	-0.093229	8.928703	-5.619263	8.928703	5604	1.596287E-11	6.264537E+10	0	0	0	0
0	0	0	-0.093327	8.928683	-5.619356	8.928683	5604	1.478393E-11	6.764102E+10	0	0	0	0
0	0	0	-0.093017	8.928968	-5.619197	8.928968	5605	-2.085522E-10	-4.794962E+9	0	0	0	0
0	0	0	-0.093343	8.928968	-5.61955	8.928968	5604	-2.08515E-10	-4.795818E+9	0	0	0	0
0	0	0	-0.09349	8.929047	-5.619758	8.929047	5603	-4.035054E-11	-2.478282E+10	0	0	0	0
0	0	0	-0.093915	8.929027	-5.620204	8.929027	5602	-5.053105E-11	-1.978981E+10	0	0	0	0
0	0	0	-0.094013	8.929331	-5.620498	8.929331	5601	-1.028095E-11	-9.72673E+10	0	0	0	0
0	0	0	-0.094307	8.929223	-5.620749	8.929223	5600	-1.432891E-11	-6.9789E+10	0	0	0	0
0	0	0	-0.094144	8.92888	-5.62036	8.92888	5601	5.651617E-11	1.769405E+10	0	0	0	0
0	0	0	-0.09398	8.929086	-5.620311	8.929086	5601	-2.874529E-11	-3.47883E+10	0	0	0	0
0	0	0	-0.093817	8.929076	-5.620128	8.929076	5602	-3.097569E-11	-3.228338E+10	0	0	0	0
0	0	0	-0.095058	8.929449	-5.6217	8.929449	5597	-7.852489E-12	-1.273482E+11	0	0	0	0
0	0	0	-0.095499	8.929135	-5.621981	8.929135	5596	-2.112988E-11	-4.732635E+10	0	0	0	0
0	0	0	-0.095565	8.92885	-5.621875	8.92885	5596	3.966044E-11	2.521404E+10	0	0	0	0
0	0	0	-0.095532	8.929341	-5.622144	8.929341	5596	-1.001446E-11	-9.98556E+10	0	0	0	0
0	0	0	-0.09581	8.929076	-5.62228	8.929076	5595	-3.093698E-11	-3.232377E+10	0	0	0	0
0	0	0	-0.095859	8.929214	-5.622418	8.929214	5594	-1.484526E-11	-6.736157E+10	0	0	0	0
0	0	0	-0.095826	8.929037	-5.622273	8.929037	5595	-4.481007E-11	-2.231641E+10	0	0	0	0
0	0	0	-0.096316	8.929155	-5.622875	8.929155	5593	-1.909957E-11	-5.235721E+10	0	0	0	0
0	0	0	-0.096137	8.928978	-5.622572	8.928978	5594	-1.368611E-10	-7.306678E+9	0	0	0	0
0	0	0	-0.096267	8.929047	-5.622755	8.929047	5593	-4.027852E-11	-2.482713E+10	0	0	0	0
0	0	0	-0.096398	8.9294	-5.623115	8.9294	5593	-8.701284E-12	-1.149256E+11	0	0	0	0
0	0	0	-0.096561	8.929017	-5.623054	8.929017	5592	-5.772999E-11	-1.732202E+10	0	0	0	0
0	0	0	-0.096186	8.929312	-5.622831	8.929312	5593	-1.08224E-11	-9.240096E+10	0	0	0	0
0	0	0	-0.096463	8.928978	-5.622924	8.928978	5592	-1.368122E-10	-7.309292E+9	0	0	0	0
0	0	0	-0.096463	8.929115	-5.623009	8.929115	5592	-2.361061E-11	-4.235384E+10	0	0	0	0
0	0	0	-0.096169	8.929263	-5.622783	8.929263	5593	-1.251764E-11	-7.988729E+10	0	0	0	0
0	0	0	-0.096284	8.929115	-5.622816	8.929115	5593	-2.361483E-11	-4.234627E+10	0	0	0	0
0	0	0	-0.0963	8.929174	-5.62287	8.929174	5593	-1.743294E-11	-5.736268E+10	0	0	0	0
0	0	0	-0.096267	8.929145	-5.622816	8.929145	5593	-2.005838E-11	-4.985447E+10	0	0	0	0
0	0	0	-0.096235	8.929096	-5.62275	8.929096	5593	-2.678036E-11	-3.73408E+10	0	0	0	0
0	0	0	-0.095614	8.929223	-5.622159	8.929223	5596	-1.431867E-11	-6.983889E+10	0	0	0	0
0	0	0	-0.09581	8.928693	-5.622043	8.928693	5595	1.532614E-11	6.524798E+10	0	0	0	0
0	0	0	-0.095663	8.929027	-5.622091	8.929027	5595	-5.046791E-11	-1.981457E+10	0	0	0	0
0	0	0	-0.095646	8.929312	-5.622249	8.929312	5595	-1.082627E-11	-9.236793E+10	0	0	0	0
0	0	0	-0.095581	8.928958	-5.62196	8.928958	5596	-4.345405E-10	-2.301281E+9	0	0	0	0
0	0	0	-0.09545	8.929155	-5.62194	8.929155	5596	-1.910981E-11	-5.232914E+10	0	0	0	0
0	0	0	-0.095712	8.92883	-5.622022	8.92883	5595	3.308823E-11	3.022223E+10	0	0	0	0
0	0	0	-0.095646	8.9294	-5.622304	8.9294	5595	-8.704395E-12	-1.148845E+11	0	0	0	0
0	0	0	-0.094895	8.928997	-5.621244	8.928997	5598	-8.128458E-11	-1.230246E+10	0	0	0	0
0	0	0	-0.094601	8.929214	-5.62106	8.929214	5599	-1.485853E-11	-6.730141E+10	0	0	0	0
0	0	0	-0.095026	8.929056	-5.621421	8.929056	5598	-3.662272E-11	-2.730545E+10	0	0	0	0
0	0	0	-0.09514	8.929037	-5.621532	8.929037	5597	-4.482609E-11	-2.230844E+10	0	0	0	0
0	0	0	-0.095042	8.929056	-5.621439	8.929056	5598	-3.662272E-11	-2.730545E+10	0	0	0	0
0	0	0	-0.095271	8.929233	-5.621795	8.929233	5597	-1.382603E-11	-7.232736E+10	0	0	0	0
0	0	0	-0.094552	0	-0.094552	0	5599	0	0	0	0	0	0
0	0	0	-0.09483	0	-0.09483	0	5598	0	0	0	0	0	0
