Vload_(V)	ILoad_(A)	RsLoad (ohm)	SunsVoc_Voltage_(V)	SunsVoc_Current_(A)	Model_Voltage_(V)	Model_Current_(A)	Carrier_Density_(cm-3)	Lifetime_(s)	Inverse_Lifetime_(s-1)	Efficiency_(%)	Intensity_(suns)	Dark_IV_Voltage_(V)	Dark_IV_Current_(A)
4.035547	8.9474	0	37.965858	-0.94282	38.208663	-0.94282	2.888697E+14	2.049879E-5	48783.23836	15.23618	1.111335	0	0
4.038285	8.947256	0.311098	37.903247	-0.572018	38.051428	-0.572018	2.776181E+14	2.046772E-5	48857.298015	15.239425	1.109935	0	0
4.070559	8.945854	1.287075	37.803067	-0.019895	37.808269	-0.019895	2.605016E+14	2.03883E-5	49047.631227	15.211925	1.107308	0	0
4.31455	8.945692	1.340176	37.686633	0.57462	37.53476	0.57462	2.419054E+14	2.02772E-5	49316.368305	15.258248	1.10513	0	0
5.573591	8.940582	1.901524	37.569432	1.142402	37.264246	1.142402	2.245042E+14	2.018756E-5	49535.372471	15.239555	1.103321	0	0
7.383365	8.914889	2.24774	37.452966	1.664738	37.003538	1.664738	2.084326E+14	2.008665E-5	49784.233171	15.256436	1.101776	0	0
9.326985	8.874648	2.243528	37.336468	2.151172	36.74964	2.151172	1.934903E+14	1.998128E-5	50046.771208	15.216615	1.10002	0	0
11.22613	8.872673	2.036211	37.223497	2.593549	36.508887	2.593549	1.800102E+14	1.988347E-5	50292.977614	15.240932	1.097604	0	0
13.046414	8.872717	1.830903	37.110168	3.008723	36.272894	3.008723	1.674186E+14	1.978545E-5	50542.137072	15.224633	1.094158	0	0
14.843973	8.864723	1.653262	36.996136	3.39975	36.040644	3.39975	1.55627E+14	1.96883E-5	50791.559146	15.234685	1.089774	0	0
16.651718	8.864716	1.44936	36.881238	3.763375	35.813064	3.763375	1.445764E+14	1.957322E-5	51090.170123	15.22183	1.085087	0	0
18.460763	8.863186	1.249868	36.766781	4.102915	35.590846	4.102915	1.343402E+14	1.946213E-5	51381.794369	15.237249	1.081008	0	0
20.257016	8.859619	1.057165	36.65435	4.414998	35.376931	4.414998	1.249842E+14	1.935347E-5	51670.294764	15.242073	1.077747	0	0
22.065651	8.856086	0.862372	36.542229	4.705868	35.167856	4.705868	1.162971E+14	1.924324E-5	51966.283504	15.239234	1.074195	0	0
23.867144	8.854431	0.662998	36.429161	4.978647	34.96147	4.978647	1.081427E+14	1.912385E-5	52290.71951	15.23479	1.0703	0	0
25.663324	8.827733	0.518445	36.318689	5.230839	34.762639	5.230839	1.007238E+14	1.902054E-5	52574.714172	15.22392	1.0656	0	0
26.25491	8.812932	0.477886	36.209411	5.467071	34.568599	5.467071	9.388213E+13	1.893192E-5	52820.816613	15.244422	1.060662	0	0
26.844028	8.790335	0.445718	36.100769	5.684661	34.379676	5.684661	8.753791E+13	1.882981E-5	53107.269685	15.230769	1.055275	0	0
27.4338	8.751023	0.428091	35.993891	5.883466	34.197359	5.883466	8.171249E+13	1.871722E-5	53426.738994	15.258285	1.05002	0	0
28.025157	8.700793	0.411215	35.888419	6.067665	34.020121	6.067665	7.634152E+13	1.860546E-5	53747.654154	15.230356	1.044845	0	0
28.612233	8.633487	0.397401	35.782358	6.239999	33.844947	6.239999	7.129455E+13	1.848144E-5	54108.325122	15.265469	1.03988	0	0
29.199926	8.53722	0.389088	35.679254	6.400543	33.675993	6.400543	6.670661E+13	1.838216E-5	54400.570525	15.235619	1.034837	0	0
29.780868	8.421416	0.377549	35.574059	6.549842	33.507361	6.549842	6.232828E+13	1.824518E-5	54808.988231	15.269666	1.028961	0	0
30.353178	8.270569	0.368273	35.470497	6.6904	33.342646	6.6904	5.829745E+13	1.812801E-5	55163.237664	15.242016	1.022954	0	0
30.923605	8.079272	0.359455	35.366266	6.822219	33.179246	6.822219	5.450259E+13	1.799921E-5	55557.99124	15.269518	1.016973	0	0
31.503932	7.845604	0.348286	35.265938	6.944095	33.022953	6.944095	5.108243E+13	1.789603E-5	55878.316058	15.257531	1.01123	0	0
32.071362	7.55678	0.338453	35.165595	7.058267	32.868556	7.058267	4.787557E+13	1.778622E-5	56223.307886	15.2762	1.005513	0	0
32.632456	7.20559	0.33028	35.067228	7.165461	32.718211	7.165461	4.492667E+13	1.769471E-5	56514.056829	15.266773	1.000192	0	0
33.188171	6.785384	0.32371	34.966051	7.265937	32.566267	7.265937	4.20823E+13	1.756484E-5	56931.919636	15.265929	0.99462	0	0
33.72969	6.292904	0.31785	34.867455	7.360111	32.41897	7.360111	3.948327E+13	1.745779E-5	57281.027357	15.275351	0.989036	0	0
34.260406	5.727536	0.313677	34.769627	7.447972	32.274243	7.447972	3.706269E+13	1.734776E-5	57644.313567	15.25877	0.983332	0	0
34.778165	5.09471	0.310168	34.67353	7.530159	32.133062	7.530159	3.482908E+13	1.724767E-5	57978.854122	15.287459	0.977272	0	0
35.286282	4.401723	0.307514	34.579214	7.606573	31.995568	7.606573	3.276745E+13	1.71515E-5	58303.931155	15.2559	0.971436	0	0
35.77012	3.675291	0.305907	34.48498	7.678285	31.859429	7.678285	3.082919E+13	1.704878E-5	58655.225564	15.297441	0.965349	0	0
36.238723	2.90871	0.310241	34.392035	7.745644	31.725993	7.745644	2.902955E+13	1.695337E-5	58985.311109	15.262383	0.959857	0	0
36.674261	2.1443	0.31872	34.300463	7.811231	31.5945	7.811231	2.735902E+13	1.690013E-5	59171.15359	15.295759	0.954299	0	0
37.065546	1.423825	0.329647	34.207977	7.870604	31.463793	7.870604	2.576915E+13	1.679574E-5	59538.913215	15.265968	0.948661	0	0
37.383924	0.813993	0.344686	34.116781	7.926612	31.335538	7.926612	2.429179E+13	1.670152E-5	59874.785642	15.290328	0.943036	0	0
30.102703	8.337574	0.373645	34.025274	7.979275	31.207847	7.979275	2.289436E+13	1.659698E-5	60251.907291	15.271236	0.937438	0	0
37.803879	0	0	33.934437	8.028466	31.081955	8.028466	2.158655E+13	1.64866E-5	60655.318674	15.286801	0.931708	0	0
0	0	0	33.845609	8.074747	30.95929	8.074747	2.037982E+13	1.639046E-5	61011.101	15.277781	0.926044	0	0
0	0	0	33.756487	8.118698	30.836911	8.118698	1.923679E+13	1.62917E-5	61380.939577	15.278458	0.92067	0	0
0	0	0	33.66828	8.160151	30.716342	8.160151	1.816853E+13	1.61972E-5	61739.075048	15.281409	0.915191	0	0
0	0	0	33.580678	8.198988	30.597272	8.198988	1.716623E+13	1.609779E-5	62120.333984	15.270682	0.90991	0	0
0	0	0	33.494186	8.235667	30.480159	8.235667	1.623083E+13	1.600501E-5	62480.443535	15.28278	0.904523	0	0
0	0	0	33.407694	8.270897	30.363426	8.270897	1.534633E+13	1.592089E-5	62810.541628	15.264976	0.898938	0	0
0	0	0	33.320843	8.303432	30.247111	8.303432	1.450661E+13	1.581009E-5	63250.765438	15.285206	0.893631	0	0
0	0	0	33.235494	8.334599	30.132974	8.334599	1.372614E+13	1.572032E-5	63611.940787	15.261248	0.888257	0	0
0	0	0	33.149819	8.363755	30.019069	8.363755	1.298486E+13	1.561425E-5	64044.051141	15.287116	0.88328	0	0
0	0	0	33.065189	8.391657	29.906772	8.391657	1.229191E+13	1.552307E-5	64420.266305	15.255348	0.878025	0	0
0	0	0	32.979955	8.41802	29.794216	8.41802	1.163134E+13	1.542037E-5	64849.300803	15.279432	0.873219	0	0
0	0	0	32.89557	8.442756	29.683192	8.442756	1.10123E+13	1.531531E-5	65294.132452	15.247716	0.868281	0	0
0	0	0	32.811643	8.466402	29.573036	8.466402	1.042928E+13	1.521751E-5	65713.782659	15.270174	0.863119	0	0
0	0	0	32.728696	8.488279	29.464646	8.488279	9.883368E+12	1.510812E-5	66189.577426	15.245118	0.8583	0	0
0	0	0	32.645683	8.509089	29.356502	8.509089	9.365616E+12	1.499637E-5	66682.794773	15.248418	0.853322	0	0
0	0	0	32.564778	8.528796	29.251245	8.528796	8.887099E+12	1.490011E-5	67113.607357	15.237443	0.848503	0	0
0	0	0	32.482729	8.547776	29.144814	8.547776	8.426766E+12	1.479933E-5	67570.625226	15.238373	0.843525	0	0
0	0	0	32.401366	8.565886	29.039478	8.565886	7.993816E+12	1.470538E-5	68002.339542	15.234341	0.838957	0	0
0	0	0	32.320363	8.582823	28.934967	8.582823	7.584863E+12	1.460127E-5	68487.176344	15.219135	0.833914	0	0
0	0	0	32.238542	8.599154	28.829643	8.599154	7.19301E+12	1.449629E-5	68983.14411	15.228267	0.82924	0	0
0	0	0	32.157572	8.61429	28.725757	8.61429	6.825148E+12	1.437995E-5	69541.264919	15.200532	0.824262	0	0
0	0	0	32.076634	8.629181	28.621949	8.629181	6.476226E+12	1.42833E-5	70011.830465	15.220548	0.819443	0	0
0	0	0	31.996169	8.642948	28.519108	8.642948	6.147021E+12	1.417028E-5	70570.213659	15.183661	0.814545	0	0
0	0	0	31.913336	8.65591	28.413673	8.65591	5.825589E+12	1.402649E-5	71293.676252	15.207762	0.809897	0	0
0	0	0	31.83181	8.669037	28.3097	8.669037	5.525638E+12	1.39317E-5	71778.744774	15.171166	0.805052	0	0
0	0	0	31.751182	8.680971	28.20725	8.680971	5.244178E+12	1.381428E-5	72388.87028	15.197073	0.800154	0	0
0	0	0	31.669738	8.692284	28.104019	8.692284	4.974414E+12	1.368473E-5	73074.142572	15.157852	0.795889	0	0
0	0	0	31.589094	8.703042	28.001941	8.703042	4.720971E+12	1.355929E-5	73750.160393	15.166293	0.79103	0	0
0	0	0	31.510099	8.713321	27.902018	8.713321	4.485232E+12	1.344794E-5	74360.843889	15.149877	0.786502	0	0
0	0	0	31.430419	8.723198	27.801392	8.723198	4.259366E+12	1.333334E-5	74999.98108	15.143738	0.781894	0	0
0	0	0	31.351588	8.732642	27.701938	8.732642	4.047098E+12	1.322595E-5	75608.927276	15.138112	0.77722	0	0
0	0	0	31.272773	8.741346	27.602779	8.741346	3.845446E+12	1.309778E-5	76348.808273	15.124956	0.772744	0	0
0	0	0	31.191672	8.750473	27.500635	8.750473	3.648424E+12	1.300269E-5	76907.167988	15.12495	0.768281	0	0
0	0	0	31.113298	8.758287	27.402319	8.758287	3.467623E+12	1.286897E-5	77706.324257	15.097709	0.763845	0	0
0	0	0	31.035399	8.766149	27.304528	8.766149	3.296792E+12	1.276571E-5	78334.871299	15.111132	0.759383	0	0
0	0	0	30.955833	8.773973	27.204702	8.773973	3.13099E+12	1.267065E-5	78922.54635	15.074696	0.755092	0	0
0	0	0	30.87723	8.781117	27.106307	8.781117	2.975383E+12	1.25582E-5	79629.221758	15.092775	0.750761	0	0
0	0	0	30.798383	8.787579	27.007882	8.787579	2.827059E+12	1.241466E-5	80549.903588	15.047581	0.746576	0	0
0	0	0	30.719225	8.794523	26.908847	8.794523	2.685586E+12	1.232911E-5	81108.852931	15.071132	0.742219	0	0
0	0	0	30.641113	8.800521	26.811465	8.800521	2.552922E+12	1.219868E-5	81976.100496	15.026316	0.738139	0	0
0	0	0	30.562919	8.806567	26.713941	8.806567	2.426682E+12	1.209325E-5	82690.780996	15.048164	0.733637	0	0
0	0	0	30.483223	8.812298	26.614708	8.812298	2.304436E+12	1.197119E-5	83533.908458	15.003673	0.729848	0	0
0	0	0	30.404473	8.817615	26.516785	8.817615	2.189692E+12	1.184112E-5	84451.483393	15.008824	0.725451	0	0
0	0	0	30.325708	8.822598	26.418971	8.822598	2.080639E+12	1.170059E-5	85465.78897	14.993859	0.721503	0	0
0	0	0	30.244835	8.827856	26.318456	8.827856	1.974315E+12	1.159105E-5	86273.45686	14.975775	0.717331	0	0
0	0	0	30.164632	8.832217	26.219135	8.832217	1.874238E+12	1.142016E-5	87564.471664	14.977801	0.713212	0	0
0	0	0	30.085245	8.836814	26.120683	8.836814	1.780176E+12	1.129785E-5	88512.396852	14.941537	0.709277	0	0
0	0	0	30.005908	8.841243	26.022348	8.841243	1.690888E+12	1.117888E-5	89454.37659	14.954173	0.705264	0	0
0	0	0	29.925819	8.845701	25.92307	8.845701	1.605295E+12	1.107825E-5	90266.950941	14.911212	0.701342	0	0
0	0	0	29.846172	8.849478	25.82462	8.849478	1.52447E+12	1.092635E-5	91521.89587	14.925242	0.697513	0	0
0	0	0	29.765495	8.853404	25.724838	8.853404	1.446749E+12	1.080233E-5	92572.578248	14.878962	0.693605	0	0
0	0	0	29.685602	8.857191	25.626057	8.857191	1.373687E+12	1.068738E-5	93568.262825	14.904576	0.689592	0	0
0	0	0	29.605318	8.86079	25.526871	8.86079	1.303984E+12	1.056672E-5	94636.716316	14.851677	0.685987	0	0
0	0	0	29.523236	8.864291	25.425533	8.864291	1.236375E+12	1.04409E-5	95777.152045	14.864552	0.682185	0	0
0	0	0	29.442216	8.867201	25.325746	8.867201	1.173078E+12	1.026584E-5	97410.462338	14.827208	0.678488	0	0
0	0	0	29.360282	8.87023	25.224781	8.87023	1.112362E+12	1.01165E-5	98848.421649	14.820988	0.674778	0	0
0	0	0	29.277449	8.873199	25.122739	8.873199	1.054174E+12	9.9709E-6	100291.844285	14.798219	0.671068	0	0
0	0	0	29.193636	8.875803	25.019667	8.875803	9.983938E+11	9.786847E-6	102177.955038	14.785689	0.667226	0	0
0	0	0	29.111326	8.878762	24.918242	8.878762	9.464875E+11	9.677937E-6	103327.806143	14.772402	0.663621	0	0
0	0	0	29.02815	8.881956	24.815642	8.881956	8.967759E+11	9.617245E-6	103979.882023	14.741135	0.659924	0	0
0	0	0	28.943618	8.884274	24.711798	8.884274	8.489281E+11	9.438457E-6	105949.520129	14.73836	0.656254	0	0
0	0	0	28.860213	8.88671	24.609259	8.88671	8.042208E+11	9.300239E-6	107524.114436	14.703292	0.652531	0	0
0	0	0	28.776678	8.889106	24.50657	8.889106	7.618033E+11	9.171861E-6	109029.123691	14.713678	0.648887	0	0
0	0	0	28.691999	8.891138	24.402657	8.891138	7.210878E+11	8.995227E-6	111170.063046	14.677901	0.645124	0	0
0	0	0	28.60683	8.893101	24.298173	8.893101	6.823314E+11	8.819471E-6	113385.48163	14.676444	0.641731	0	0
0	0	0	28.520828	8.895399	24.192506	8.895399	6.453092E+11	8.709469E-6	114817.564114	14.634693	0.637981	0	0
0	0	0	28.435807	8.897371	24.08818	8.897371	6.106837E+11	8.566995E-6	116727.043065	14.648489	0.634337	0	0
0	0	0	28.349527	8.899421	23.982278	8.899421	5.774447E+11	8.446839E-6	118387.483135	14.602311	0.630957	0	0
0	0	0	28.262905	8.901284	23.876043	8.901284	5.458933E+11	8.307929E-6	120366.947706	14.610979	0.627432	0	0
0	0	0	28.176396	8.903147	23.769938	8.903147	5.161041E+11	8.185324E-6	122169.877522	14.567401	0.624105	0	0
0	0	0	28.086066	8.904273	23.659545	8.904273	4.867321E+11	7.921009E-6	126246.54647	14.562455	0.620474	0	0
0	0	0	27.993432	8.906344	23.545874	8.906344	4.583464E+11	7.835309E-6	127627.387163	14.533525	0.617239	0	0
0	0	0	27.902791	8.907597	23.435028	8.907597	4.321743E+11	7.620486E-6	131225.23458	14.510253	0.613701	0	0
0	0	0	27.812346	8.908791	23.324444	8.908791	4.075484E+11	7.40839E-6	134982.085861	14.495776	0.610492	0	0
0	0	0	27.722391	8.910653	23.214113	8.910653	3.84448E+11	7.342691E-6	136189.853482	14.459462	0.60698	0	0
0	0	0	27.632094	8.911945	23.103646	8.911945	3.625761E+11	7.177237E-6	139329.380883	14.456805	0.603614	0	0
0	0	0	27.539607	8.913512	22.990371	8.913512	3.414634E+11	7.071951E-6	141403.685807	14.414761	0.600168	0	0
0	0	0	27.444833	8.914587	22.87456	8.914587	3.211033E+11	6.868195E-6	145598.662483	14.417668	0.596867	0	0
0	0	0	27.349602	8.916135	22.757945	8.916135	3.018676E+11	6.776343E-6	147572.219383	14.36607	0.593672	0	0
0	0	0	27.25478	8.917131	22.642104	8.917131	2.838594E+11	6.581768E-6	151934.86545	14.374104	0.590133	0	0
0	0	0	27.158111	8.91854	22.523799	8.91854	2.666061E+11	6.483618E-6	154234.87378	14.324847	0.586899	0	0
0	0	0	27.060234	8.91932	22.404346	8.91932	2.502052E+11	6.253645E-6	159906.737757	14.325827	0.583717	0	0
0	0	0	26.961116	8.920266	22.283292	8.920266	2.346241E+11	6.068801E-6	164777.200027	14.273129	0.580561	0	0
0	0	0	26.860494	8.921459	22.160276	8.921459	2.19799E+11	5.946714E-6	168160.093921	14.271817	0.577194	0	0
0	0	0	26.757946	8.922504	22.034987	8.922504	2.056533E+11	5.797535E-6	172487.090366	14.223455	0.574197	0	0
0	0	0	26.655152	8.923549	21.909395	8.923549	1.923873E+11	5.661159E-6	176642.286951	14.217372	0.570857	0	0
0	0	0	26.549728	8.924042	21.780894	8.924042	1.796704E+11	5.398689E-6	185230.168691	14.18733	0.567781	0	0
0	0	0	26.441838	8.925058	21.649109	8.925058	1.675257E+11	5.262534E-6	190022.535237	14.161219	0.56448	0	0
0	0	0	26.333539	8.926073	21.516823	8.926073	1.561606E+11	5.139052E-6	194588.422868	14.13911	0.561523	0	0
0	0	0	26.223836	8.926822	21.382966	8.926822	1.454339E+11	4.96034E-6	201599.099098	14.106666	0.558235	0	0
0	0	0	26.112499	8.927089	21.247381	8.927089	1.353006E+11	4.675371E-6	213886.788942	14.085425	0.555396	0	0
0	0	0	25.998924	8.928242	21.108588	8.928242	1.256908E+11	4.604669E-6	217170.867631	14.046052	0.552214	0	0
0	0	0	25.885398	8.92907	20.970026	8.92907	1.167671E+11	4.470967E-6	223665.271952	14.039939	0.549231	0	0
0	0	0	25.767283	8.92979	20.825936	8.92979	1.081546E+11	4.310433E-6	231995.248582	13.98788	0.546167	0	0
0	0	0	25.648644	8.930598	20.681156	8.930598	1.001433E+11	4.183133E-6	239055.285027	13.990574	0.543197	0	0
0	0	0	25.526853	8.931603	20.532426	8.931603	9.253594E+10	4.111308E-6	243231.604659	13.930304	0.540226	0	0
0	0	0	25.402628	8.931899	20.381128	8.931899	8.537161E+10	3.865501E-6	258698.658346	13.940567	0.537163	0	0
0	0	0	25.276754	8.932816	20.22747	8.932816	7.867771E+10	3.786253E-6	264113.392927	13.879031	0.534258	0	0
0	0	0	25.149229	8.933358	20.072012	8.933358	7.243111E+10	3.620242E-6	276224.609278	13.881917	0.531261	0	0
0	0	0	25.019271	8.933979	19.913545	8.933979	6.657526E+10	3.481509E-6	287231.760887	13.824322	0.528489	0	0
0	0	0	24.887499	8.934432	19.752964	8.934432	6.11209E+10	3.30806E-6	302291.941656	13.819571	0.52536	0	0
0	0	0	24.751285	8.934787	19.587031	8.934787	5.595191E+10	3.113561E-6	321175.654176	13.781006	0.522521	0	0
0	0	0	24.612914	8.93532	19.418369	8.93532	5.114847E+10	2.971679E-6	336510.113138	13.754047	0.519563	0	0
0	0	0	24.470754	8.935931	19.245047	8.935931	4.66426E+10	2.854268E-6	350352.562415	13.725302	0.516896	0	0
0	0	0	24.323562	8.936296	19.065744	8.936296	4.239508E+10	2.679598E-6	373190.311172	13.681925	0.513952	0	0
0	0	0	24.176387	8.937054	18.886226	8.937054	3.853477E+10	2.614202E-6	382525.952589	13.674306	0.511127	0	0
0	0	0	24.025635	8.93737	18.702613	8.93737	3.494477E+10	2.44525E-6	408956.069373	13.615613	0.508486	0	0
0	0	0	23.871844	8.937715	18.515283	8.937715	3.162684E+10	2.291939E-6	436311.868356	13.615957	0.505542	0	0
0	0	0	23.714101	8.937971	18.323194	8.937971	2.855062E+10	2.125295E-6	470522.963334	13.554439	0.502914	0	0
0	0	0	23.553662	8.938572	18.127615	8.938572	2.57286E+10	2.045619E-6	488849.550258	13.549566	0.500155	0	0
0	0	0	23.391132	8.939026	17.929578	8.939026	2.315408E+10	1.940574E-6	515311.342594	13.494028	0.497435	0	0
0	0	0	23.224764	8.939056	17.727126	8.939056	2.078536E+10	1.748303E-6	571983.379156	13.479026	0.494874	0	0
0	0	0	23.055292	8.939548	17.520612	8.939548	1.862144E+10	1.664562E-6	600758.500799	13.420358	0.492088	0	0
0	0	0	22.881394	8.940159	17.308633	8.940159	1.663496E+10	1.612416E-6	620187.204304	13.416028	0.4895	0	0
0	0	0	22.703787	8.940474	17.092322	8.940474	1.48247E+10	1.502386E-6	665607.908236	13.359945	0.48682	0	0
0	0	0	22.523551	8.94076	16.872828	8.94076	1.318891E+10	1.394146E-6	717284.853997	13.344762	0.484179	0	0
0	0	0	22.338365	8.941075	16.647289	8.941075	1.1696E+10	1.297981E-6	770427.244398	13.29218	0.481592	0	0
0	0	0	22.151529	8.941391	16.419741	8.941391	1.036099E+10	1.21016E-6	826337.313091	13.268493	0.478964	0	0
0	0	0	21.959728	8.941863	16.186045	8.941863	9.148845E+9	1.159841E-6	862187.36797	13.224736	0.476469	0	0
0	0	0	21.763484	8.941923	15.947207	8.941923	8.055257E+9	1.03226E-6	968747.851011	13.19325	0.473749	0	0
0	0	0	21.56363	8.941933	15.704008	8.941933	7.075801E+9	9.084145E-7	1100819.086856	13.166992	0.471122	0	0
0	0	0	21.360508	8.942494	15.45647	8.942494	6.20228E+9	8.873859E-7	1126905.386755	13.128227	0.4686	0	0
0	0	0	21.154545	8.942366	15.205926	8.942366	5.426583E+9	7.566891E-7	1321546.695069	13.09101	0.466157	0	0
0	0	0	20.943387	8.943026	14.948534	8.943026	4.731927E+9	7.59362E-7	1316894.936931	13.058929	0.463358	0	0
0	0	0	20.727411	8.943174	14.685618	8.943174	4.113317E+9	6.831816E-7	1463739.7236	13.028883	0.461087	0	0
0	0	0	20.50325	8.943046	14.412929	8.943046	3.556647E+9	5.733791E-7	1744046.966096	12.986886	0.458447	0	0
0	0	0	20.277408	8.943302	14.137931	8.943302	3.071958E+9	5.261934E-7	1900442.013318	12.954655	0.456083	0	0
0	0	0	20.051385	8.943942	13.862446	8.943942	2.653012E+9	5.385536E-7	1856825.432069	12.906646	0.453575	0	0
0	0	0	19.820185	8.943972	13.581078	8.943972	2.283518E+9	4.675549E-7	2138786.297301	12.88815	0.451079	0	0
0	0	0	19.588102	8.944011	13.29863	8.944011	1.96436E+9	4.068915E-7	2457657.902758	12.836309	0.448571	0	0
0	0	0	19.352753	8.944376	13.011975	8.944376	1.686232E+9	3.913621E-7	2555178.680091	12.826347	0.446142	0	0
0	0	0	19.114806	8.944533	12.722303	8.944533	1.445047E+9	3.538227E-7	2826273.941435	12.754489	0.443871	0	0
0	0	0	18.871976	8.944445	12.426864	8.944445	1.234441E+9	2.931991E-7	3410652.154686	12.749321	0.441349	0	0
0	0	0	18.628002	8.94475	12.129748	8.94475	1.053748E+9	2.791131E-7	3582777.306652	12.683818	0.438853	0	0
0	0	0	18.381822	8.944848	11.830096	8.944848	8.982189E+8	2.47102E-7	4046911.130865	12.671706	0.436609	0	0
0	0	0	18.132131	8.945085	11.526067	8.945085	7.639026E+8	2.316041E-7	4317712.376752	12.610763	0.43418	0	0
0	0	0	17.880349	8.945124	11.219638	8.945124	6.48791E+8	2.00111E-7	4997226.154897	12.59715	0.43179	0	0
0	0	0	17.626313	8.9454	10.910288	8.9454	5.502202E+8	1.931028E-7	5178589.334685	12.539325	0.429479	0	0
0	0	0	17.372129	8.945705	10.600733	8.945705	4.665808E+8	1.932413E-7	5174878.550417	12.516996	0.427169	0	0
0	0	0	17.115643	8.945311	10.288905	8.945311	3.950647E+8	1.32771E-7	7531764.482674	12.459894	0.425056	0	0
0	0	0	16.852737	8.945557	9.968777	8.945557	3.331204E+8	1.269109E-7	7879545.648734	12.43362	0.422614	0	0
0	0	0	16.588459	8.945685	9.647068	8.945685	2.806387E+8	1.148998E-7	8703235.974651	12.382671	0.420422	0	0
0	0	0	16.327611	8.945725	9.329602	8.945725	2.369519E+8	9.929525E-8	1.007098E+7	12.339891	0.418244	0	0
0	0	0	16.064656	8.945548	9.009741	8.945548	1.997926E+8	7.571341E-8	1.32077E+7	12.310377	0.415946	0	0
0	0	0	15.802714	8.945567	8.690958	8.945567	1.685714E+8	6.456861E-8	1.54874E+7	12.260046	0.413741	0	0
0	0	0	15.541736	8.945872	8.37312	8.945872	1.42318E+8	6.540673E-8	1.528895E+7	12.238233	0.41151	0	0
0	0	0	15.279728	8.945922	8.054231	8.945922	1.200731E+8	5.702161E-8	1.753721E+7	12.173586	0.409345	0	0
0	0	0	15.017051	8.946079	7.734439	8.946079	1.012612E+8	5.382481E-8	1.857879E+7	12.1487	0.407338	0	0
0	0	0	14.756268	8.94605	7.417105	8.94605	8.550159E+7	4.445374E-8	2.24953E+7	12.088579	0.405093	0	0
0	0	0	14.496564	8.946128	7.100993	8.946128	7.224522E+7	3.988884E-8	2.506967E+7	12.075376	0.402941	0	0
0	0	0	14.235634	8.946315	6.783299	8.946315	6.099564E+7	3.948831E-8	2.532395E+7	12.005131	0.400908	0	0
0	0	0	13.97562	8.946335	6.466856	8.946335	5.152835E+7	3.397639E-8	2.94322E+7	11.983137	0.398756	0	0
0	0	0	13.717173	8.946424	6.152263	8.946424	4.357481E+7	3.134092E-8	3.190717E+7	11.925828	0.396564	0	0
0	0	0	13.460507	8.94602	5.840255	8.94602	3.68915E+7	1.877009E-8	5.327626E+7	11.901732	0.394452	0	0
0	0	0	13.20193	8.946434	5.525226	8.946434	3.119455E+7	2.266525E-8	4.41204E+7	11.847298	0.392392	0	0
0	0	0	12.939987	8.94668	5.20624	8.94668	2.631983E+7	2.566172E-8	3.896855E+7	11.812909	0.390504	0	0
0	0	0	12.684579	8.94665	4.895444	8.94665	2.23012E+7	2.088668E-8	4.787741E+7	11.753265	0.388339	0	0
0	0	0	12.432405	8.946473	4.588712	8.946473	1.893584E+7	1.434313E-8	6.97198E+7	11.731371	0.38624	0	0
0	0	0	12.182273	8.946611	4.28419	8.946611	1.609964E+7	1.432572E-8	6.980452E+7	11.672673	0.384035	0	0
0	0	0	11.935211	8.946503	3.983622	8.946503	1.371554E+7	1.073102E-8	9.318777E+7	11.657307	0.382041	0	0
0	0	0	11.691891	8.946394	3.687608	8.946394	1.171287E+7	8.177019E-9	1.222939E+8	11.586609	0.38014	0	0
0	0	0	11.449942	8.946798	3.392803	8.946798	1.001153E+7	1.167774E-8	8.563297E+7	11.570278	0.37812	0	0
0	0	0	11.211375	8.946877	3.102403	8.946877	8576108	1.150997E-8	8.688124E+7	11.494698	0.376192	0	0
0	0	0	10.976989	8.946896	2.817146	8.946896	7366446	1.027328E-8	9.733987E+7	11.482262	0.374132	0	0
0	0	0	10.746017	8.94667	2.536268	8.94667	6341436	6.099511E-9	1.639476E+8	11.407029	0.372363	0	0
0	0	0	10.516646	8.947192	2.25665	8.947192	5464723	1.844654E-8	5.421071E+7	11.386614	0.370251	0	0
0	0	0	10.288582	8.946571	1.979678	8.946571	4713210	3.994485E-9	2.503452E+8	11.321052	0.368402	0	0
0	0	0	10.064128	8.947064	1.706066	8.947064	4074577	8.513653E-9	1.174584E+8	11.298959	0.366395	0	0
0	0	0	9.841536	8.947182	1.435066	8.947182	3526735	1.136658E-8	8.797725E+7	11.22949	0.36456	0	0
0	0	0	9.620185	8.946965	1.165893	8.946965	3055012	4.936515E-9	2.025721E+8	11.210042	0.362685	0	0
0	0	0	9.398982	8.946749	0.8969	8.946749	2646637	2.853678E-9	3.50425E+8	11.138172	0.360797	0	0
0	0	0	9.172469	8.947064	0.620942	8.947064	2284969	4.774352E-9	2.094525E+8	11.108291	0.358936	0	0
0	0	0	8.952801	8.947005	0.353668	8.947005	1981501	3.521086E-9	2.840032E+8	11.045211	0.356995	0	0
0	0	0	8.73671	8.947172	0.09053	8.947172	1722329	5.310939E-9	1.882906E+8	11.011993	0.355278	0	0
0	0	0	8.519917	8.946926	-0.173063	8.946926	1496374	2.216961E-9	4.510679E+8	10.950599	0.353364	0	0
0	0	0	8.305753	8.946818	-0.433588	8.946818	1302282	1.570414E-9	6.367746E+8	10.917757	0.351516	0	0
0	0	0	8.093419	8.947083	-0.692252	8.947083	1134711	2.518565E-9	3.970514E+8	10.857772	0.349733	0	0
0	0	0	7.880824	8.946946	-0.950839	8.946946	988535	1.528081E-9	6.544155E+8	10.830353	0.347832	0	0
0	0	0	7.669732	8.947113	-1.207898	8.947113	862029	2.110445E-9	4.738337E+8	10.759652	0.346129	0	0
0	0	0	7.457986	8.94732	-1.465793	8.94732	751394	6.597122E-9	1.515812E+8	10.732587	0.344307	0	0
0	0	0	7.248559	8.947113	-1.720453	8.947113	655945	1.605904E-9	6.22702E+8	10.659721	0.342524	0	0
0	0	0	7.040048	8.947123	-1.974217	8.947123	572960	1.452622E-9	6.884103E+8	10.643132	0.340755	0	0
0	0	0	6.831389	8.947201	-2.228229	8.947201	500427	1.773195E-9	5.639539E+8	10.565372	0.339078	0	0
0	0	0	6.623645	8.947329	-2.481178	8.947329	437335	4.379025E-9	2.283613E+8	10.544458	0.337204	0	0
0	0	0	6.417339	8.947083	-2.731997	8.947083	382553	8.49102E-10	1.177715E+9	10.460842	0.335712	0	0
0	0	0	6.211408	8.94728	-2.982812	8.94728	334716	1.968872E-9	5.079051E+8	10.447988	0.333718	0	0
0	0	0	6.007356	8.947261	-3.231118	8.947261	293217	1.480465E-9	6.754635E+8	10.373564	0.3322	0	0
0	0	0	5.802356	8.947182	-3.480517	8.947182	256706	8.273603E-10	1.208663E+9	10.347869	0.330457	0	0
0	0	0	5.59716	8.946975	-3.730019	8.946975	224713	3.715295E-10	2.691576E+9	10.278163	0.328754	0	0
0	0	0	5.390625	8.94732	-3.981727	8.94732	196536	1.725559E-9	5.795225E+8	10.244631	0.327064	0	0
0	0	0	5.186361	8.94729	-4.230282	8.94729	172145	1.103655E-9	9.060802E+8	10.184884	0.325176	0	0
0	0	0	4.985265	8.947201	-4.474917	8.947201	151092	5.353741E-10	1.867853E+9	10.148046	0.32371	0	0
0	0	0	4.782601	8.947231	-4.721586	8.947231	132479	5.516798E-10	1.812646E+9	10.077851	0.322047	0	0
0	0	0	4.582028	8.947241	-4.965689	8.947241	116316	5.144205E-10	1.943935E+9	10.04519	0.320555	0	0
0	0	0	4.382746	8.947162	-5.208127	8.947162	102211	3.021094E-10	3.310059E+9	9.986536	0.318733	0	0
0	0	0	4.18495	8.947133	-5.448808	8.947133	89903	2.363352E-10	4.231279E+9	9.943268	0.317188	0	0
0	0	0	3.985716	8.947005	-5.691132	8.947005	79003	1.403869E-10	7.123172E+9	9.879275	0.315485	0	0
0	0	0	3.787267	8.947103	-5.932746	8.947103	69460	1.644083E-10	6.082419E+9	9.828338	0.314006	0	0
0	0	0	3.5913	8.94729	-6.171436	8.94729	61168	3.9216E-10	2.549979E+9	9.777443	0.312329	0	0
0	0	0	3.396477	8.94732	-6.408564	8.94732	53906	4.732874E-10	2.112881E+9	9.737571	0.310692	0	0
0	0	0	3.202862	8.94731	-6.644178	8.94731	47544	3.716591E-10	2.690638E+9	9.680071	0.309094	0	0
0	0	0	3.011453	8.9473	-6.877108	8.9473	41992	2.958216E-10	3.380415E+9	9.638367	0.307536	0	0
0	0	0	2.820648	8.947251	-7.109259	8.947251	37104	1.749495E-10	5.715934E+9	9.569437	0.305965	0	0
0	0	0	2.635724	8.947329	-7.334396	8.947329	32909	3.295176E-10	3.03474E+9	9.524383	0.304526	0	0
0	0	0	2.456337	8.947261	-7.552629	8.947261	29294	1.479067E-10	6.761019E+9	9.473298	0.302836	0	0
0	0	0	2.284627	8.947349	-7.761695	8.947349	26206	3.649007E-10	2.740472E+9	9.416409	0.301463	0	0
0	0	0	2.120595	8.947556	-7.961552	8.947556	23561	-1.05776E-10	-9.45394E+9	9.371973	0.299879	0	0
0	0	0	1.965628	8.947369	-8.149933	8.947369	21308	4.868912E-10	2.053847E+9	9.304752	0.298334	0	0
0	0	0	1.815643	8.947408	-8.332506	8.947408	19332	-1.566167E-9	-6.385014E+8	9.261583	0.296961	0	0
0	0	0	1.681683	8.947625	-8.495779	8.947625	17723	-5.522365E-11	-1.810818E+10	9.189379	0.295456	0	0
0	0	0	1.553995	8.947536	-8.651072	8.947536	16314	-8.379438E-11	-1.193397E+10	9.16021	0.293792	0	0
0	0	0	1.43784	8.94731	-8.792173	8.94731	15130	1.182736E-10	8.454969E+9	9.081432	0.292472	0	0
0	0	0	1.329688	8.947615	-8.924141	8.947615	14105	-4.595891E-11	-2.175857E+10	9.045136	0.290967	0	0
0	0	0	1.2299	8.947221	-9.04513	8.947221	13221	5.201757E-11	1.922428E+10	8.963807	0.28962	0	0
0	0	0	1.136302	8.947556	-9.159421	8.947556	12442	-5.585777E-11	-1.790261E+10	8.942249	0.287996	0	0
0	0	0	1.04785	8.947556	-9.267066	8.947556	11748	-5.274209E-11	-1.896019E+10	8.865341	0.286583	0	0
0	0	0	0.967696	8.947261	-9.364271	8.947261	11153	5.6312E-11	1.775821E+10	8.822225	0.285197	0	0
0	0	0	0.892785	8.947379	-9.455572	8.947379	10624	3.572696E-10	2.799006E+9	8.756939	0.283731	0	0
0	0	0	0.823494	8.947576	-9.540127	8.947576	10157	-4.049877E-11	-2.469211E+10	8.713194	0.282358	0	0
0	0	0	0.758057	8.947497	-9.619671	8.947497	9735	-7.024621E-11	-1.423564E+10	8.654879	0.280893	0	0
0	0	0	0.699253	8.947497	-9.691235	8.947497	9371	-6.761965E-11	-1.47886E+10	8.597381	0.27952	0	0
0	0	0	0.642343	8.947477	-9.76047	8.947477	9031	-8.170592E-11	-1.223901E+10	8.552468	0.27816	0	0
0	0	0	0.590284	8.947615	-9.823985	8.947615	8731	-2.844858E-11	-3.515114E+10	8.482518	0.2768	0	0
0	0	0	0.541574	8.947448	-9.883069	8.947448	8460	-1.235932E-10	-8.091062E+9	8.444512	0.275387	0	0
0	0	0	0.496279	8.947389	-9.938125	8.947389	8214	5.228542E-10	1.912579E+9	8.375022	0.273974	0	0
0	0	0	0.454887	8.947546	-9.988682	8.947546	7997	-3.831493E-11	-2.609948E+10	8.343004	0.272628	0	0
0	0	0	0.413952	8.947329	-10.038246	8.947329	7787	7.797118E-11	1.282525E+10	8.269667	0.271294	0	0
0	0	0	0.377591	8.947389	-10.082565	8.947389	7606	4.841525E-10	2.065465E+9	8.236793	0.269802	0	0
0	0	0	0.344775	8.947477	-10.122605	8.947477	7446	-6.7366E-11	-1.484428E+10	8.176444	0.268561	0	0
0	0	0	0.312302	8.947398	-10.162033	8.947398	7290	4.331019E-9	2.308925E+8	8.107757	0.267347	0	0
0	0	0	0.282115	8.947674	-10.199092	8.947674	7149	-1.828085E-11	-5.470204E+10	8.068875	0.265907	0	0
0	0	0	0.254559	8.947408	-10.232316	8.947408	7023	-5.689629E-10	-1.757584E+9	7.983659	0.26464	0	0
0	0	0	0.229322	8.947536	-10.263179	8.947536	6908	-3.548189E-11	-2.818339E+10	7.942202	0.263254	0	0
0	0	0	0.205751	8.94732	-10.291611	8.94732	6803	5.972943E-11	1.674217E+10	7.861863	0.262039	0	0
0	0	0	0.184189	8.947241	-10.317758	8.947241	6709	2.967131E-11	3.370259E+10	7.830152	0.260639	0	0
0	0	0	0.163003	8.947231	-10.34353	8.947231	6617	2.755506E-11	3.629098E+10	7.753169	0.259517	0	0
0	0	0	0.143254	8.947418	-10.367783	8.947418	6533	-2.477415E-10	-4.036466E+9	7.703263	0.258276	0	0
0	0	0	0.126119	8.947438	-10.388659	8.947438	6461	-1.187167E-10	-8.423413E+9	7.643405	0.256784	0	0
0	0	0	0.108445	8.947398	-10.410122	8.947398	6388	3.795138E-9	2.634951E+8	7.576971	0.255569	0	0
0	0	0	0.095361	8.947428	-10.42608	8.947428	6333	-1.567693E-10	-6.378801E+9	7.528739	0.254328	0	0
0	0	0	0.079468	8.947487	-10.445491	8.947487	6269	-5.033027E-11	-1.986876E+10	7.452633	0.253219	0	0
0	0	0	0.068017	8.947201	-10.459091	8.947201	6222	2.204682E-11	4.535802E+10	7.414846	0.251793	0	0
0	0	0	0.054035	8.947428	-10.476373	8.947428	6166	-1.526353E-10	-6.551565E+9	7.364737	0.250499	0	0
0	0	0	0.043384	8.947674	-10.489624	8.947674	6124	-1.56598E-11	-6.385776E+10	7.318264	0.249338	0	0
0	0	0	0.033126	8.947349	-10.501726	8.947349	6083	8.470163E-11	1.180615E+10	7.255226	0.24807	0	0
0	0	0	0.022639	8.947418	-10.514569	8.947418	6042	-2.29122E-10	-4.364487E+9	7.187844	0.247001	0	0
0	0	0	0.014211	8.947487	-10.524908	8.947487	6009	-4.824287E-11	-2.072845E+10	7.140544	0.245522	0	0
0	0	0	0.007334	8.947054	-10.532767	8.947054	5982	1.214327E-11	8.235011E+10	7.063475	0.244453	0	0
0	0	0	-0.001421	8.947133	-10.543514	8.947133	5948	1.563598E-11	6.395505E+10	7.007908	0.243211	0	0
0	0	0	-0.009621	8.947635	-10.554085	8.947635	5916	-1.766191E-11	-5.661901E+10	6.928859	0.242063	0	0
0	0	0	-0.0156	8.947516	-10.561222	8.947516	5894	-3.537021E-11	-2.827238E+10	6.872626	0.240848	0	0
0	0	0	-0.021219	8.94731	-10.567816	8.94731	5872	4.590237E-11	2.178537E+10	6.813653	0.239647	0	0
0	0	0	-0.027982	8.947674	-10.576476	8.947674	5846	-1.494892E-11	-6.689444E+10	6.75815	0.2383	0	0
0	0	0	-0.034417	8.947211	-10.583762	8.947211	5822	2.170842E-11	4.606507E+10	6.696728	0.237257	0	0
0	0	0	-0.039661	8.947615	-10.59062	8.947615	5802	-1.89049E-11	-5.289635E+10	6.646921	0.236174	0	0
0	0	0	-0.04363	8.947428	-10.59523	8.947428	5787	-1.432534E-10	-6.980638E+9	6.592832	0.234946	0	0
0	0	0	-0.048106	8.947674	-10.600967	8.947674	5771	-1.475714E-11	-6.77638E+10	6.536601	0.233917	0	0
0	0	0	-0.051879	8.947556	-10.605419	8.947556	5757	-2.584578E-11	-3.869104E+10	6.4746	0.232649	0	0
0	0	0	-0.056077	8.947359	-10.610296	8.947359	5741	9.934231E-11	1.00662E+10	6.409006	0.231566	0	0
0	0	0	-0.060749	8.947369	-10.615993	8.947369	5724	1.307943E-10	7.645591E+9	6.347803	0.230365	0	0
0	0	0	-0.064865	8.947644	-10.621328	8.947644	5708	-1.635602E-11	-6.113959E+10	6.26677	0.229203	0	0
0	0	0	-0.067348	8.947841	-10.624582	8.947841	5699	-9.052942E-12	-1.104613E+11	6.214617	0.228068	0	0
0	0	0	-0.069994	8.947428	-10.627314	8.947428	5689	-1.408275E-10	-7.100888E+9	6.143511	0.227077	0	0
0	0	0	-0.072199	8.947428	-10.629998	8.947428	5681	-1.406294E-10	-7.110887E+9	6.093092	0.225929	0	0
0	0	0	-0.074258	8.947713	-10.632839	8.947713	5673	-1.26864E-11	-7.882457E+10	6.035411	0.224806	0	0
0	0	0	-0.076103	8.947546	-10.634888	8.947546	5667	-2.715152E-11	-3.683035E+10	5.975176	0.223645	0	0
0	0	0	-0.078162	8.947369	-10.637184	8.947369	5659	1.293091E-10	7.733409E+9	5.917293	0.222694	0	0
0	0	0	-0.080383	8.947733	-10.640317	8.947733	5651	-1.18912E-11	-8.409578E+10	5.861062	0.221426	0	0
0	0	0	-0.081298	8.947507	-10.641163	8.947507	5648	-3.70092E-11	-2.702031E+10	5.779979	0.220502	0	0
0	0	0	-0.08383	8.9473	-10.644001	8.9473	5638	3.97181E-11	2.517744E+10	5.734863	0.219222	0	0
0	0	0	-0.084581	8.947556	-10.645217	8.947556	5636	-2.530256E-11	-3.95217E+10	5.674645	0.218113	0	0
0	0	0	-0.086884	8.947389	-10.647823	8.947389	5627	3.581812E-10	2.791883E+9	5.61552	0.217188	0	0
0	0	0	-0.087391	8.947477	-10.648543	8.947477	5625	-5.089091E-11	-1.964987E+10	5.560752	0.216185	0	0
0	0	0	-0.089187	8.9473	-10.650521	8.9473	5619	3.958425E-11	2.526257E+10	5.484958	0.215168	0	0
0	0	0	-0.089906	8.94728	-10.651372	8.94728	5616	3.303455E-11	3.027134E+10	5.436264	0.21394	0	0
0	0	0	-0.089727	8.94728	-10.651154	8.94728	5617	3.304043E-11	3.026595E+10	5.375262	0.21299	0	0
0	0	0	-0.091474	8.947556	-10.653606	8.947556	5610	-2.518583E-11	-3.970487E+10	5.301115	0.21196	0	0
0	0	0	-0.091817	8.947389	-10.653826	8.947389	5609	3.570354E-10	2.800842E+9	5.255328	0.21089	0	0
0	0	0	-0.092977	8.947448	-10.655307	8.947448	5605	-8.188412E-11	-1.221238E+10	5.202126	0.209887	0	0
0	0	0	-0.093304	8.947172	-10.655379	8.947172	5604	1.728042E-11	5.786898E+10	5.140187	0.208818	0	0
0	0	0	-0.094464	8.947635	-10.657337	8.947635	5600	-1.671851E-11	-5.981394E+10	5.07292	0.207775	0	0
0	0	0	-0.094594	8.94728	-10.657078	8.94728	5599	3.293455E-11	3.036325E+10	5.022695	0.206718	0	0
0	0	0	-0.094774	8.947477	-10.657529	8.947477	5598	-5.064663E-11	-1.974465E+10	4.945203	0.205728	0	0
0	0	0	-0.094562	8.947103	-10.656829	8.947103	5599	1.325255E-11	7.545718E+10	4.904404	0.204698	0	0
0	0	0	-0.094872	8.947477	-10.657648	8.947477	5598	-5.064663E-11	-1.974465E+10	4.838978	0.203787	0	0
0	0	0	-0.094954	8.947418	-10.657678	8.947418	5598	-2.122848E-10	-4.710652E+9	4.782428	0.20281	0	0
0	0	0	-0.095754	8.947103	-10.65828	8.947103	5595	1.324308E-11	7.551113E+10	4.728209	0.201609	0	0
0	0	0	-0.096081	8.947389	-10.659014	8.947389	5594	3.560806E-10	2.808353E+9	4.663982	0.200764	0	0
0	0	0	-0.096652	8.947487	-10.659826	8.947487	5592	-4.489501E-11	-2.227419E+10	4.604407	0.199853	0	0
0	0	0	-0.096816	8.947516	-10.66006	8.947516	5591	-3.355189E-11	-2.980458E+10	4.551109	0.198849	0	0
0	0	0	-0.096081	8.947201	-10.658794	8.947201	5594	1.982159E-11	5.045005E+10	4.492051	0.197859	0	0
0	0	0	-0.097322	8.947379	-10.660514	8.947379	5589	1.879499E-10	5.320566E+9	4.432245	0.196948	0	0
0	0	0	-0.096995	8.947556	-10.660325	8.947556	5590	-2.509604E-11	-3.984692E+10	4.384254	0.195852	0	0
0	0	0	-0.097632	8.947467	-10.660996	8.947467	5588	-5.790444E-11	-1.726983E+10	4.322497	0.195179	0	0
0	0	0	-0.097616	8.947428	-10.66093	8.947428	5588	-1.383273E-10	-7.229232E+9	4.267428	0.194109	0	0
0	0	0	-0.098368	8.947379	-10.661786	8.947379	5585	1.878154E-10	5.324377E+9	4.217778	0.19308	0	0
0	0	0	-0.098596	8.947497	-10.662204	8.947497	5585	-4.030047E-11	-2.48136E+10	4.155215	0.192274	0	0
0	0	0	-0.099103	8.947605	-10.662948	8.947605	5583	-1.906255E-11	-5.245887E+10	4.103236	0.191297	0	0
0	0	0	-0.099119	8.947556	-10.662909	8.947556	5583	-2.506462E-11	-3.989688E+10	4.046619	0.190413	0	0
0	0	0	-0.099805	8.947526	-10.66371	8.947526	5580	-3.088604E-11	-3.237709E+10	4.000073	0.189436	0	0
0	0	0	-0.100132	8.947398	-10.663956	8.947398	5579	3.314508E-9	3.017039E+8	3.942754	0.188657	0	0
0	0	0	-0.100344	8.947448	-10.664273	8.947448	5578	-8.148968E-11	-1.227149E+10	3.897369	0.187772	0	0
0	0	0	-0.100981	8.947497	-10.665106	8.947497	5576	-4.023553E-11	-2.485366E+10	3.833429	0.186703	0	0
0	0	0	-0.101308	8.94732	-10.665294	8.94732	5575	4.894775E-11	2.042995E+10	3.792871	0.185858	0	0
0	0	0	-0.1017	8.947713	-10.666236	8.947713	5573	-1.246277E-11	-8.023897E+10	3.731578	0.184881	0	0
0	0	0	-0.101863	8.947684	-10.6664	8.947684	5573	-1.375738E-11	-7.268825E+10	3.677606	0.184062	0	0
0	0	0	-0.102043	8.947379	-10.666259	8.947379	5572	1.873782E-10	5.336799E+9	3.63283	0.183111	0	0
0	0	0	-0.102419	8.947625	-10.667006	8.947625	5571	-1.735885E-11	-5.760749E+10	3.567958	0.182306	0	0
0	0	0	-0.10237	8.94732	-10.666586	8.94732	5571	4.891263E-11	2.044462E+10	3.525511	0.181474	0	0
0	0	0	-0.102941	8.947713	-10.667747	8.947713	5569	-1.245383E-11	-8.02966E+10	3.466292	0.180748	0	0
0	0	0	-0.102974	8.947576	-10.667624	8.947576	5569	-2.220515E-11	-4.503461E+10	3.425434	0.179797	0	0
0	0	0	-0.10299	8.947349	-10.667377	8.947349	5569	7.754453E-11	1.289582E+10	3.364806	0.178926	0	0
0	0	0	-0.103039	8.947457	-10.667564	8.947457	5569	-6.752177E-11	-1.481004E+10	3.32223	0.178094	0	0
0	0	0	-0.103791	8.947457	-10.668479	8.947457	5566	-6.748539E-11	-1.481802E+10	3.263656	0.177157	0	0
0	0	0	-0.103905	8.947034	-10.668118	8.947034	5565	1.068811E-11	9.356187E+10	3.220125	0.176285	0	0
0	0	0	-0.10397	8.947644	-10.668918	8.947644	5565	-1.594626E-11	-6.271065E+10	3.162437	0.175533	0	0
0	0	0	-0.104297	8.947566	-10.669223	8.947566	5564	-2.34995E-11	-4.25541E+10	3.115123	0.174807	0	0
0	0	0	-0.103595	8.947408	-10.668182	8.947408	5567	-4.510061E-10	-2.217265E+9	3.071364	0.173869	0	0
0	0	0	-0.104264	8.947507	-10.669113	8.947507	5564	-3.645878E-11	-2.742823E+10	3.019989	0.173156	0	0
0	0	0	-0.104428	8.947507	-10.669312	8.947507	5564	-3.645878E-11	-2.742823E+10	2.975136	0.17214	0	0
0	0	0	-0.104346	8.947615	-10.66934	8.947615	5564	-1.812941E-11	-5.515899E+10	2.91899	0.171427	0	0
0	0	0	-0.104232	8.947684	-10.669283	8.947684	5564	-1.373516E-11	-7.280583E+10	2.873252	0.170595	0	0
0	0	0	-0.104558	8.947448	-10.669401	8.947448	5563	-8.127054E-11	-1.230458E+10	2.810046	0.169908	0	0
0	0	0	-0.104493	8.947516	-10.669403	8.947516	5563	-3.338386E-11	-2.99546E+10	2.778386	0.169129	0	0
0	0	0	-0.104085	8.946975	-10.668267	8.946975	5565	9.2009E-12	1.08685E+11	2.726494	0.168232	0	0
0	0	0	-0.104248	8.94728	-10.668826	8.94728	5564	3.272867E-11	3.055425E+10	2.680401	0.167413	0	0
0	0	0	-0.103954	8.947526	-10.668759	8.947526	5565	-3.080301E-11	-3.246436E+10	2.628786	0.166687	0	0
0	0	0	-0.103595	8.946867	-10.667543	8.946867	5567	7.333433E-12	1.363618E+11	2.587012	0.165842	0	0
0	0	0	-0.103742	8.94727	-10.668198	8.94727	5566	3.024498E-11	3.306334E+10	2.544882	0.165036	0	0
0	0	0	-0.103676	8.947261	-10.668107	8.947261	5566	2.810298E-11	3.558341E+10	2.483494	0.16439	0	0
0	0	0	-0.103546	8.947418	-10.668134	8.947418	5567	-2.111093E-10	-4.736884E+9	2.458972	0.163518	0	0
0	0	0	-0.103644	8.947507	-10.668358	8.947507	5567	-3.647844E-11	-2.741345E+10	2.392943	0.162779	0	0
0	0	0	-0.103497	8.947467	-10.668132	8.947467	5567	-5.768683E-11	-1.733498E+10	2.371308	0.161894	0	0
0	0	0	-0.103791	8.947448	-10.668467	8.947448	5566	-8.131437E-11	-1.229795E+10	2.314623	0.161142	0	0
0	0	0	-0.103301	8.947339	-10.667743	8.947339	5568	6.486221E-11	1.54173E+10	2.261573	0.160561	0	0
0	0	0	-0.103415	8.947133	-10.667638	8.947133	5567	1.463442E-11	6.833207E+10	2.225118	0.159808	0	0
0	0	0	-0.103431	8.947379	-10.667948	8.947379	5567	1.872101E-10	5.341592E+9	2.181444	0.159122	0	0
0	0	0	-0.10348	8.947428	-10.668066	8.947428	5567	-1.378074E-10	-7.256503E+9	2.145828	0.15825	0	0
0	0	0	-0.103693	8.947467	-10.668371	8.947467	5566	-5.767647E-11	-1.733809E+10	2.098098	0.157564	0	0
0	0	0	-0.103742	8.947438	-10.668396	8.947438	5566	-1.022717E-10	-9.777878E+9	2.060683	0.156758	0	0
0	0	0	-0.103611	8.94729	-10.668062	8.94729	5567	3.569113E-11	2.801816E+10	2.022507	0.156072	0	0
0	0	0	-0.103595	8.947369	-10.668135	8.947369	5567	1.272069E-10	7.861211E+9	1.985122	0.155161	0	0
0	0	0	-0.103644	8.947448	-10.668288	8.947448	5567	-8.132898E-11	-1.229574E+10	1.93451	0.154699	0	0
0	0	0	-0.104689	8.947192	-10.669258	8.947192	5563	1.877842E-11	5.325262E+10	1.898113	0.153986	0	0
0	0	0	-0.104052	8.947595	-10.668959	8.947595	5565	-1.995688E-11	-5.010803E+10	1.86045	0.153141	0	0
0	0	0	-0.104395	8.947113	-10.668807	8.947113	5564	1.362196E-11	7.341086E+10	1.818464	0.152533	0	0
0	0	0	-0.104624	8.947123	-10.669097	8.947123	5563	1.410385E-11	7.090263E+10	1.796672	0.151635	0	0
0	0	0	-0.104885	8.947536	-10.669904	8.947536	5562	-2.856837E-11	-3.500375E+10	1.745691	0.151055	0	0
0	0	0	-0.105277	8.947457	-10.670288	8.947457	5560	-6.741265E-11	-1.483401E+10	1.711447	0.150328	0	0
0	0	0	-0.10562	8.947438	-10.670682	8.947438	5559	-1.021431E-10	-9.79019E+9	1.663592	0.149721	0	0
0	0	0	-0.106094	8.947359	-10.671165	8.947359	5557	9.615837E-11	1.039951E+10	1.648225	0.148955	0	0
0	0	0	-0.106061	8.9473	-10.671056	8.9473	5558	3.915452E-11	2.553983E+10	1.590023	0.148401	0	0
0	0	0	-0.105947	8.947546	-10.671207	8.947546	5558	-2.662929E-11	-3.755264E+10	1.567995	0.147516	0	0
0	0	0	-0.106094	8.947251	-10.671037	8.947251	5557	2.620188E-11	3.816519E+10	1.531033	0.146882	0	0
0	0	0	-0.106682	8.947211	-10.671707	8.947211	5555	2.071286E-11	4.827918E+10	1.490548	0.146196	0	0
0	0	0	-0.106617	8.947418	-10.671871	8.947418	5556	-2.106921E-10	-4.746262E+9	1.460124	0.145496	0	0
0	0	0	-0.106568	8.947526	-10.671939	8.947526	5556	-3.07532E-11	-3.251694E+10	1.424592	0.144809	0	0
0	0	0	-0.106862	8.947497	-10.672262	8.947497	5555	-4.0084E-11	-2.494761E+10	1.388672	0.144321	0	0
0	0	0	-0.106845	8.94732	-10.672033	8.94732	5555	4.877216E-11	2.05035E+10	1.355812	0.143595	0	0
0	0	0	-0.106666	8.947438	-10.671954	8.947438	5556	-1.020879E-10	-9.795477E+9	1.345021	0.142908	0	0
0	0	0	-0.107286	8.947635	-10.672942	8.947635	5553	-1.65782E-11	-6.032019E+10	1.281674	0.142314	0	0
0	0	0	-0.107286	8.947507	-10.672791	8.947507	5553	-3.63867E-11	-2.748257E+10	1.270836	0.141469	0	0
0	0	0	-0.107384	8.947359	-10.672736	8.947359	5553	9.608915E-11	1.0407E+10	1.22726	0.140941	0	0
0	0	0	-0.107858	8.94732	-10.673266	8.94732	5551	4.873704E-11	2.051828E+10	1.202093	0.140241	0	0
0	0	0	-0.107335	8.947526	-10.672874	8.947526	5553	-3.073659E-11	-3.253451E+10	1.173271	0.139621	0	0
0	0	0	-0.107352	8.947723	-10.673126	8.947723	5553	-1.204037E-11	-8.305394E+10	1.128168	0.139159	0	0
0	0	0	-0.107319	8.947576	-10.672912	8.947576	5553	-2.214135E-11	-4.516437E+10	1.110016	0.138353	0	0
0	0	0	-0.106715	8.947448	-10.672025	8.947448	5555	-8.115367E-11	-1.23223E+10	1.069209	0.137772	0	0
0	0	0	-0.106649	8.947162	-10.671609	8.947162	5556	1.642211E-11	6.089353E+10	1.053601	0.136954	0	0
0	0	0	-0.106519	8.947359	-10.671682	8.947359	5556	9.614107E-11	1.040138E+10	1.02672	0.136544	0	0
0	0	0	-0.106943	8.947546	-10.67242	8.947546	5555	-2.661491E-11	-3.757292E+10	1.004677	0.135871	0	0
0	0	0	-0.106698	8.947536	-10.67211	8.947536	5555	-2.853241E-11	-3.504786E+10	0.969348	0.135198	0	0
0	0	0	-0.10678	8.947477	-10.67214	8.947477	5555	-5.02576E-11	-1.989749E+10	0.940078	0.134617	0	0
0	0	0	-0.106568	8.947083	-10.671416	8.947083	5556	1.233192E-11	8.109039E+10	0.914491	0.134062	0	0
0	0	0	-0.105816	8.947339	-10.670804	8.947339	5559	6.475736E-11	1.544226E+10	0.892026	0.133455	0	0
0	0	0	-0.106143	8.947359	-10.671225	8.947359	5557	9.615837E-11	1.039951E+10	0.874559	0.132834	0	0
0	0	0	-0.105555	8.947349	-10.670498	8.947349	5560	7.741921E-11	1.291669E+10	0.839595	0.132359	0	0
0	0	0	-0.106077	8.947792	-10.671657	8.947792	5557	-9.934114E-12	-1.006632E+11	0.837236	0.131422	0	0
0	0	0	-0.105587	8.947251	-10.670421	8.947251	5559	2.621131E-11	3.815146E+10	0.799239	0.131026	0	0
0	0	0	-0.105571	8.947044	-10.670157	8.947044	5559	1.097218E-11	9.113961E+10	0.790147	0.130286	0	0
0	0	0	-0.105277	8.947398	-10.670218	8.947398	5560	3.30322E-9	3.027349E+8	0.75314	0.129811	0	0
0	0	0	-0.105457	8.9473	-10.67032	8.9473	5560	3.916861E-11	2.553065E+10	0.752004	0.129085	0	0
0	0	0	-0.105751	8.94732	-10.670701	8.94732	5559	4.880727E-11	2.048875E+10	0.718413	0.128491	0	0
0	0	0	-0.10593	8.947556	-10.671199	8.947556	5558	-2.495238E-11	-4.007634E+10	0.699209	0.127923	0	0
0	0	0	-0.105424	8.947379	-10.670374	8.947379	5560	1.869747E-10	5.348317E+9	0.677673	0.12717	0	0
0	0	0	-0.105375	8.94732	-10.670244	8.94732	5560	4.881605E-11	2.048506E+10	0.655768	0.126853	0	0
0	0	0	-0.105881	8.947635	-10.671232	8.947635	5558	-1.659312E-11	-6.026593E+10	0.648075	0.126035	0	0
0	0	0	-0.105718	8.947083	-10.670383	8.947083	5559	1.233858E-11	8.104663E+10	0.627421	0.125414	0	0
0	0	0	-0.105391	8.947467	-10.670438	8.947467	5560	-5.76143E-11	-1.73568E+10	0.602319	0.124979	0	0
0	0	0	-0.10544	8.947369	-10.670382	8.947369	5560	1.270469E-10	7.871108E+9	0.592042	0.124384	0	0
0	0	0	-0.105669	8.947389	-10.670683	8.947389	5559	3.538527E-10	2.826034E+9	0.583986	0.123764	0	0
0	0	0	-0.106274	8.947615	-10.671686	8.947615	5557	-1.81066E-11	-5.522847E+10	0.545749	0.123236	0	0
0	0	0	-0.106143	8.947162	-10.670992	8.947162	5557	1.642506E-11	6.088257E+10	0.52917	0.122721	0	0
0	0	0	-0.106698	8.947359	-10.671901	8.947359	5555	9.612376E-11	1.040325E+10	0.516911	0.122193	0	0
0	0	0	-0.106943	8.947418	-10.672269	8.947418	5555	-2.106542E-10	-4.747116E+9	0.508113	0.121625	0	0
0	0	0	-0.107058	8.947438	-10.672431	8.947438	5554	-1.020512E-10	-9.799004E+9	0.48374	0.121018	0	0
0	0	0	-0.107221	8.947733	-10.672979	8.947733	5553	-1.168499E-11	-8.557991E+10	0.464235	0.120542	0	0
0	0	0	-0.107401	8.947497	-10.672918	8.947497	5553	-4.006957E-11	-2.49566E+10	0.458414	0.119988	0	0
0	0	0	-0.107744	8.947566	-10.673417	8.947566	5552	-2.344882E-11	-4.264608E+10	0.431918	0.119486	0	0
0	0	0	-0.107678	8.947359	-10.673094	8.947359	5552	9.607185E-11	1.040888E+10	0.44884	0.118879	0	0
0	0	0	-0.107874	8.947487	-10.673483	8.947487	5551	-4.456585E-11	-2.243871E+10	0.414932	0.11847	0	0
0	0	0	-0.108332	8.947713	-10.674307	8.947713	5549	-1.24091E-11	-8.058601E+10	0.40055	0.117968	0	0
0	0	0	-0.107989	8.947448	-10.673576	8.947448	5551	-8.109523E-11	-1.233118E+10	0.38376	0.117466	0	0
0	0	0	-0.107727	8.947753	-10.673618	8.947753	5552	-1.103166E-11	-9.064817E+10	0.378743	0.116859	0	0
0	0	0	-0.108119	8.947674	-10.674002	8.947674	5550	-1.419202E-11	-7.046215E+10	0.374945	0.116225	0	0
0	0	0	-0.108038	8.947851	-10.674112	8.947851	5551	-8.625648E-12	-1.159333E+11	0.349489	0.115776	0	0
0	0	0	-0.108544	8.947772	-10.674635	8.947772	5549	-1.044356E-11	-9.575277E+10	0.349785	0.115274	0	0
0	0	0	-0.108413	8.947733	-10.67443	8.947733	5549	-1.167657E-11	-8.56416E+10	0.314783	0.114759	0	0
0	0	0	-0.108528	8.947674	-10.674499	8.947674	5549	-1.418946E-11	-7.047485E+10	0.32933	0.114179	0	0
0	0	0	-0.108577	8.94732	-10.67414	8.94732	5549	4.871948E-11	2.052567E+10	0.318767	0.113703	0	0
0	0	0	-0.108642	8.947261	-10.67415	8.947261	5548	2.80121E-11	3.569886E+10	0.302004	0.113281	0	0
0	0	0	-0.108217	8.947438	-10.673843	8.947438	5550	-1.019777E-10	-9.806066E+9	0.287674	0.112805	0	0
0	0	0	-0.108315	8.947152	-10.673625	8.947152	5549	1.574849E-11	6.349814E+10	0.290536	0.112132	0	0
0	0	0	-0.108021	8.947231	-10.67336	8.947231	5551	2.311593E-11	4.326021E+10	0.266252	0.111696	0	0
0	0	0	-0.108593	8.947359	-10.674207	8.947359	5548	9.600263E-11	1.041638E+10	0.268423	0.111274	0	0
0	0	0	-0.108266	8.947684	-10.674193	8.947684	5550	-1.37006E-11	-7.298948E+10	0.26362	0.110719	0	0
0	0	0	-0.107776	8.947526	-10.67341	8.947526	5552	-3.073106E-11	-3.254037E+10	0.24871	0.110284	0	0
0	0	0	-0.107825	8.947723	-10.673703	8.947723	5551	-1.203603E-11	-8.308386E+10	0.248806	0.109676	0	0
0	0	0	-0.107695	8.947615	-10.673416	8.947615	5552	-1.809031E-11	-5.527821E+10	0.234841	0.109293	0	0
0	0	0	-0.107662	8.947664	-10.673434	8.947664	5552	-1.47253E-11	-6.791034E+10	0.218702	0.108699	0	0
0	0	0	-0.106992	8.947556	-10.672491	8.947556	5554	-2.493442E-11	-4.01052E+10	0.217147	0.108211	0	0
0	0	0	-0.106813	8.947389	-10.672075	8.947389	5555	3.535981E-10	2.828069E+9	0.224458	0.107669	0	0
0	0	0	-0.107172	8.94728	-10.672384	8.94728	5554	3.266985E-11	3.060926E+10	0.191202	0.107353	0	0
0	0	0	-0.107319	8.947369	-10.672668	8.947369	5553	1.26887E-10	7.88103E+9	0.190825	0.106838	0	0
0	0	0	-0.106813	8.947251	-10.671912	8.947251	5555	2.619245E-11	3.817894E+10	0.194195	0.106349	0	0
0	0	0	-0.106813	8.947369	-10.672052	8.947369	5555	1.269327E-10	7.878193E+9	0.176997	0.106006	0	0
0	0	0	-0.106339	8.947359	-10.671464	8.947359	5557	9.615837E-11	1.039951E+10	0.186832	0.105451	0	0
0	0	0	-0.106143	8.947723	-10.671655	8.947723	5557	-1.204904E-11	-8.299415E+10	0.151566	0.105108	0	0
0	0	0	-0.10647	8.947408	-10.671681	8.947408	5556	-4.50115E-10	-2.221655E+9	0.174428	0.104422	0	0
0	0	0	-0.105881	8.947457	-10.671023	8.947457	5558	-6.73884E-11	-1.483935E+10	0.149112	0.104078	0	0
0	0	0	-0.10696	8.947418	-10.672289	8.947418	5555	-2.106542E-10	-4.747116E+9	0.148357	0.103682	0	0
0	0	0	-0.106241	8.947546	-10.671565	8.947546	5557	-2.662449E-11	-3.75594E+10	0.145117	0.103194	0	0
0	0	0	-0.10593	8.94729	-10.670885	8.94729	5558	3.563343E-11	2.806353E+10	0.13388	0.102798	0	0
0	0	0	-0.10629	8.947231	-10.671253	8.947231	5557	2.314092E-11	4.32135E+10	0.141094	0.102283	0	0
0	0	0	-0.106126	8.947133	-10.670938	8.947133	5557	1.460813E-11	6.845503E+10	0.113978	0.101834	0	0
0	0	0	-0.10629	8.9473	-10.671334	8.9473	5557	3.914748E-11	2.554443E+10	0	0	0	0
0	0	0	-0.106992	8.94732	-10.672212	8.94732	5554	4.876338E-11	2.050719E+10	0	0	0	0
0	0	0	-0.107139	8.947428	-10.672519	8.947428	5554	-1.374856E-10	-7.273488E+9	0	0	0	0
0	0	0	-0.107237	8.947507	-10.672731	8.947507	5553	-3.63867E-11	-2.748257E+10	0	0	0	0
0	0	0	-0.10745	8.947556	-10.673048	8.947556	5553	-2.492993E-11	-4.011242E+10	0	0	0	0
0	0	0	-0.107384	8.947566	-10.67298	8.947566	5553	-2.345304E-11	-4.26384E+10	0	0	0	0
0	0	0	-0.107793	8.947615	-10.673535	8.947615	5551	-1.808705E-11	-5.528817E+10	0	0	0	0
0	0	0	-0.10776	8.947359	-10.673193	8.947359	5552	9.607185E-11	1.040888E+10	0	0	0	0
0	0	0	-0.107711	8.947615	-10.673436	8.947615	5552	-1.809031E-11	-5.527821E+10	0	0	0	0
0	0	0	-0.108266	8.947694	-10.674204	8.947694	5550	-1.324208E-11	-7.551682E+10	0	0	0	0
0	0	0	-0.108691	8.947605	-10.674617	8.947605	5548	-1.894305E-11	-5.278981E+10	0	0	0	0
0	0	0	-0.10856	8.947772	-10.674655	8.947772	5549	-1.044356E-11	-9.575277E+10	0	0	0	0
0	0	0	-0.108136	8.947457	-10.673766	8.947457	5550	-6.72914E-11	-1.486074E+10	0	0	0	0
0	0	0	-0.10856	8.947438	-10.67426	8.947438	5549	-1.019593E-10	-9.807834E+9	0	0	0	0
0	0	0	-0.108413	8.947576	-10.674244	8.947576	5549	-2.21254E-11	-4.519692E+10	0	0	0	0
0	0	0	-0.108756	8.94732	-10.674359	8.94732	5548	4.87107E-11	2.052937E+10	0	0	0	0
0	0	0	-0.108936	8.947684	-10.675008	8.947684	5547	-1.36932E-11	-7.302896E+10	0	0	0	0
0	0	0	-0.10923	8.947408	-10.67504	8.947408	5546	-4.493048E-10	-2.22566E+9	0	0	0	0
0	0	0	-0.109328	8.947654	-10.67545	8.947654	5546	-1.527775E-11	-6.545465E+10	0	0	0	0
0	0	0	-0.109083	8.947448	-10.674908	8.947448	5547	-8.10368E-11	-1.234007E+10	0	0	0	0
0	0	0	-0.109132	8.947536	-10.675072	8.947536	5547	-2.849132E-11	-3.509841E+10	0	0	0	0
0	0	0	-0.109442	0	-0.109442	0	5545	0	0	0	0	0	0
0	0	0	-0.109116	0	-0.109116	0	5547	0	0	0	0	0	0
