Vload_(V)	ILoad_(A)	RsLoad (ohm)	SunsVoc_Voltage_(V)	SunsVoc_Current_(A)	Model_Voltage_(V)	Model_Current_(A)	Carrier_Density_(cm-3)	Lifetime_(s)	Inverse_Lifetime_(s-1)	Efficiency_(%)	Intensity_(suns)	Dark_IV_Voltage_(V)	Dark_IV_Current_(A)
4.496701	9.712217	0	39.256399	-1.057642	39.569354	-1.057642	6.48855E+14	4.228338E-5	23649.256119	17.357621	1.113104	0	0
4.497663	9.716144	-0.464045	39.195846	-0.620703	39.379572	-0.620703	6.250028E+14	4.245129E-5	23555.759261	17.352359	1.110952	0	0
4.549121	9.713254	-0.469709	39.097675	-0.029391	39.106379	-0.029391	5.881051E+14	4.236979E-5	23601.146035	17.308288	1.107612	0	0
5.328055	9.709321	1.893682	38.984329	0.59675	38.80749	0.59675	5.481007E+14	4.22001E-5	23696.128101	17.35306	1.104509	0	0
7.653724	9.702759	1.960523	38.866115	1.202692	38.509485	1.202692	5.091696E+14	4.199418E-5	23812.390593	17.377655	1.103043	0	0
10.223412	9.684021	1.923521	38.743491	1.784341	38.214036	1.784341	4.716066E+14	4.174986E-5	23951.804565	17.355169	1.102014	0	0
12.680418	9.668683	1.752819	38.620067	2.331248	37.927869	2.331248	4.365081E+14	4.1506E-5	24092.584548	17.360664	1.100561	0	0
15.088409	9.662929	1.527358	38.499403	2.822652	37.66075	2.822652	4.046467E+14	4.122078E-5	24259.338191	17.316965	1.098528	0	0
17.496682	9.66071	1.286267	38.382447	3.266646	37.411263	3.266646	3.759243E+14	4.093276E-5	24430.075802	17.362587	1.095452	0	0
19.890958	9.660233	1.040195	38.265229	3.688134	37.168041	3.688134	3.491305E+14	4.067512E-5	24584.850957	17.337278	1.091345	0	0
22.303023	9.653823	0.811904	38.14829	4.075544	36.935085	4.075544	3.242574E+14	4.037375E-5	24768.395122	17.337101	1.086698	0	0
24.697608	9.649902	0.575841	38.030909	4.437017	36.709265	4.437017	3.010323E+14	4.005033E-5	24968.43044	17.354791	1.082513	0	0
27.096325	9.639255	0.35563	37.914427	4.771783	36.492174	4.771783	2.795952E+14	3.971884E-5	25176.837559	17.343953	1.078948	0	0
27.991148	9.625631	0.293458	37.797389	5.086635	36.280337	5.086635	2.595631E+14	3.938298E-5	25391.567436	17.386749	1.075634	0	0
28.890756	9.562923	0.299998	37.680074	5.382842	36.073666	5.382842	2.408974E+14	3.905161E-5	25607.040649	17.338081	1.071805	0	0
29.773279	9.467922	0.299058	37.562481	5.658718	35.872674	5.658718	2.235116E+14	3.869921E-5	25840.240702	17.358057	1.06692	0	0
30.643417	9.311788	0.301951	37.445933	5.915911	35.678216	5.915911	2.074991E+14	3.836073E-5	26068.25085	17.353728	1.061573	0	0
31.510692	9.075101	0.303039	37.331313	6.153464	35.491481	6.153464	1.928541E+14	3.803321E-5	26292.747368	17.358911	1.056107	0	0
32.366434	8.734668	0.302428	37.219421	6.370229	35.313633	6.370229	1.795415E+14	3.770439E-5	26522.058721	17.382329	1.050786	0	0
33.222649	8.25827	0.30159	37.108378	6.571816	35.141109	6.571816	1.672268E+14	3.737255E-5	26757.55885	17.347975	1.045571	0	0
34.051652	7.639536	0.300559	36.997188	6.759835	34.972428	6.759835	1.55732E+14	3.702007E-5	27012.332727	17.388271	1.040316	0	0
34.867781	6.86452	0.298608	36.887419	6.932911	34.809596	6.932911	1.451506E+14	3.665341E-5	27282.554509	17.361376	1.035154	0	0
35.659569	5.94223	0.29525	36.779039	7.095628	34.651214	7.095628	1.354012E+14	3.631776E-5	27534.71003	17.382714	1.029331	0	0
36.4295	4.877331	0.291962	36.671067	7.248769	34.496061	7.248769	1.263334E+14	3.599205E-5	27783.886294	17.376762	1.023178	0	0
37.155964	3.721506	0.292744	36.562883	7.392578	34.343442	7.392578	1.178511E+14	3.565703E-5	28044.939229	17.370096	1.016603	0	0
37.837086	2.505146	0.302807	36.455368	7.526982	34.194276	7.526982	1.099808E+14	3.532244E-5	28310.596795	17.403207	1.010398	0	0
38.43265	1.353411	0.318647	36.350042	7.652981	34.049806	7.652981	1.027765E+14	3.502834E-5	28548.296381	17.377504	1.004417	0	0
31.242648	9.155061	0.304276	36.245141	7.769882	33.908459	7.769882	9.60668E+13	3.471212E-5	28808.362562	17.415156	0.998449	0	0
39.096681	0	0	36.14109	7.880016	33.76997	7.880016	8.984119E+13	3.441393E-5	29057.991284	17.391554	0.992336	0	0
0	0	0	36.038116	7.981649	33.635095	7.981649	8.407474E+13	3.409642E-5	29328.582617	17.397572	0.986236	0	0
0	0	0	35.934587	8.077215	33.501451	8.077215	7.864796E+13	3.37599E-5	29620.928133	17.411161	0.97978	0	0
0	0	0	35.833721	8.16737	33.372103	8.16737	7.369585E+13	3.348031E-5	29868.295057	17.392751	0.973126	0	0
0	0	0	35.73274	8.252037	33.244266	8.252037	6.904875E+13	3.318803E-5	30131.341944	17.42693	0.96667	0	0
0	0	0	35.630649	8.331817	33.11675	8.331817	6.464683E+13	3.286808E-5	30424.649008	17.396387	0.960293	0	0
0	0	0	35.531416	8.40504	32.994084	8.40504	6.063599E+13	3.255578E-5	30716.505477	17.436258	0.954457	0	0
0	0	0	35.435646	8.475593	32.875712	8.475593	5.700018E+13	3.234972E-5	30912.159392	17.415988	0.949004	0	0
0	0	0	35.341999	8.539054	32.761614	8.539054	5.3655E+13	3.209843E-5	31154.167378	17.418882	0.943393	0	0
0	0	0	35.250003	8.599414	32.650107	8.599414	5.055921E+13	3.1887E-5	31360.738572	17.439385	0.937676	0	0
0	0	0	35.157042	8.655882	32.538782	8.655882	4.76117E+13	3.163324E-5	31612.308186	17.409075	0.93221	0	0
0	0	0	35.063624	8.709259	32.427911	8.709259	4.482216E+13	3.136477E-5	31882.906803	17.452414	0.926704	0	0
0	0	0	34.971726	8.760078	32.31934	8.760078	4.223697E+13	3.113323E-5	32120.023091	17.412139	0.921489	0	0
0	0	0	34.880742	8.808023	32.212553	8.808023	3.982396E+13	3.09111E-5	32350.838703	17.440791	0.916208	0	0
0	0	0	34.789595	8.853634	32.106292	8.853634	3.754443E+13	3.068986E-5	32584.049971	17.433184	0.910821	0	0
0	0	0	34.699672	8.896263	32.002165	8.896263	3.542307E+13	3.04686E-5	32820.668761	17.426301	0.905593	0	0
0	0	0	34.611269	8.936794	31.900204	8.936794	3.345411E+13	3.027907E-5	33026.108769	17.446924	0.900285	0	0
0	0	0	34.52334	8.975367	31.799306	8.975367	3.160401E+13	3.010195E-5	33220.432369	17.411896	0.894806	0	0
0	0	0	34.436195	9.010975	31.700092	9.010975	2.987113E+13	2.989614E-5	33449.127609	17.454235	0.889155	0	0
0	0	0	34.349605	9.044965	31.601924	9.044965	2.82432E+13	2.970678E-5	33662.350604	17.418596	0.883887	0	0
0	0	0	34.263848	9.076671	31.505285	9.076671	2.671821E+13	2.950477E-5	33892.827178	17.443494	0.878447	0	0
0	0	0	34.178957	9.107127	31.409896	9.107127	2.528956E+13	2.933277E-5	34091.564967	17.436645	0.87339	0	0
0	0	0	34.093314	9.135447	31.314386	9.135447	2.392551E+13	2.911323E-5	34348.639991	17.426378	0.868281	0	0
0	0	0	34.010302	9.162224	31.222007	9.162224	2.267348E+13	2.893293E-5	34562.695188	17.453401	0.86333	0	0
0	0	0	33.928188	9.187999	31.130836	9.187999	2.149937E+13	2.878363E-5	34741.971608	17.416199	0.858313	0	0
0	0	0	33.846498	9.211759	31.040705	9.211759	2.039156E+13	2.859658E-5	34969.2211	17.448613	0.853401	0	0
0	0	0	33.765315	9.234661	30.951342	9.234661	1.934709E+13	2.8433E-5	35170.404337	17.422706	0.848582	0	0
0	0	0	33.684948	9.256395	30.863158	9.256395	1.836575E+13	2.827778E-5	35363.453237	17.432634	0.84367	0	0
0	0	0	33.60584	9.276592	30.776713	9.276592	1.744833E+13	2.811076E-5	35573.562663	17.433005	0.838931	0	0
0	0	0	33.527074	9.296082	30.690828	9.296082	1.658036E+13	2.796348E-5	35760.929148	17.408162	0.834244	0	0
0	0	0	33.448113	9.314242	30.605144	9.314242	1.575351E+13	2.778135E-5	35995.373301	17.440432	0.829517	0	0
0	0	0	33.369494	9.332352	30.51982	9.332352	1.497117E+13	2.766036E-5	36152.821302	17.396367	0.824988	0	0
0	0	0	33.291512	9.349046	30.435569	9.349046	1.423352E+13	2.750635E-5	36355.245223	17.427835	0.820156	0	0
0	0	0	33.214413	9.364863	30.352479	9.364863	1.353991E+13	2.735737E-5	36553.223226	17.408328	0.815469	0	0
0	0	0	33.136921	9.380442	30.269059	9.380442	1.287679E+13	2.723924E-5	36711.746618	17.399988	0.81094	0	0
0	0	0	33.059577	9.39451	30.186246	9.39451	1.224728E+13	2.705481E-5	36962.008589	17.41772	0.806359	0	0
0	0	0	32.98336	9.408431	30.104619	9.408431	1.165703E+13	2.693097E-5	37131.971686	17.387212	0.801791	0	0
0	0	0	32.908122	9.421303	30.024305	9.421303	1.110226E+13	2.678418E-5	37335.478505	17.41454	0.797605	0	0
0	0	0	32.832591	9.434013	29.943739	9.434013	1.057184E+13	2.666973E-5	37495.698544	17.375922	0.793235	0	0
0	0	0	32.757974	9.445539	29.864461	9.445539	1.007272E+13	2.65088E-5	37723.317597	17.400471	0.788878	0	0
0	0	0	32.683292	9.456935	29.785154	9.456935	9.596739E+12	2.63836E-5	37902.331572	17.378392	0.784627	0	0
0	0	0	32.610162	9.467866	29.707561	9.467866	9.152434E+12	2.62878E-5	38040.46108	17.365582	0.780217	0	0
0	0	0	32.536787	9.478314	29.629866	9.478314	8.7273E+12	2.618642E-5	38187.734312	17.388243	0.775754	0	0
0	0	0	32.462448	9.487814	29.551481	9.487814	8.316702E+12	2.601074E-5	38445.65926	17.346504	0.771358	0	0
0	0	0	32.389759	9.497243	29.47479	9.497243	7.93389E+12	2.590191E-5	38607.189767	17.378626	0.76704	0	0
0	0	0	32.316955	9.506574	29.398011	9.506574	7.568127E+12	2.582883E-5	38716.426443	17.336997	0.762987	0	0
0	0	0	32.243156	9.514725	29.320581	9.514725	7.214555E+12	2.563834E-5	39004.077866	17.356805	0.75863	0	0
0	0	0	32.171316	9.523207	29.245037	9.523207	6.886237E+12	2.556983E-5	39108.586568	17.342663	0.754511	0	0
0	0	0	32.098937	9.530869	29.169196	9.530869	6.570556E+12	2.542845E-5	39326.027867	17.330997	0.749982	0	0
0	0	0	32.025464	9.538562	29.092232	9.538562	6.264892E+12	2.531956E-5	39495.157419	17.351985	0.745968	0	0
0	0	0	31.950929	9.545732	29.01435	9.545732	5.96933E+12	2.516409E-5	39739.169958	17.308511	0.741915	0	0
0	0	0	31.879906	9.552108	28.940275	9.552108	5.700672E+12	2.498859E-5	40018.259223	17.339991	0.737677	0	0
0	0	0	31.808181	9.558879	28.865365	9.558879	5.441621E+12	2.490624E-5	40150.580324	17.301685	0.733848	0	0
0	0	0	31.735132	9.565307	28.789215	9.565307	5.189883E+12	2.479353E-5	40333.110649	17.313022	0.72961	0	0
0	0	0	31.665056	9.571217	28.716243	9.571217	4.959337E+12	2.468512E-5	40510.231671	17.309954	0.725768	0	0
0	0	0	31.596386	9.576259	28.644962	9.576259	4.743347E+12	2.448556E-5	40840.400657	17.280471	0.721648	0	0
0	0	0	31.525624	9.582369	28.571228	9.582369	4.530614E+12	2.448801E-5	40836.305696	17.302746	0.717687	0	0
0	0	0	31.457215	9.587099	28.500307	9.587099	4.334023E+12	2.431093E-5	41133.765489	17.264029	0.713449	0	0
0	0	0	31.388135	9.591884	28.428688	9.591884	4.144161E+12	2.417031E-5	41373.080325	17.287055	0.709383	0	0
0	0	0	31.319007	9.596539	28.357058	9.596539	3.962487E+12	2.404066E-5	41596.19087	17.257235	0.705633	0	0
0	0	0	31.24952	9.601076	28.285099	9.601076	3.787892E+12	2.391961E-5	41806.710183	17.257618	0.701448	0	0
0	0	0	31.181208	9.605536	28.214356	9.605536	3.623751E+12	2.383975E-5	41946.75074	17.259515	0.697645	0	0
0	0	0	31.11422	9.609386	28.145145	9.609386	3.469696E+12	2.368077E-5	42228.351978	17.22555	0.693711	0	0
0	0	0	31.045206	9.61344	28.073813	9.61344	3.317828E+12	2.357359E-5	42420.348339	17.251794	0.68971	0	0
0	0	0	30.978348	9.617106	28.00479	9.617106	3.177044E+12	2.344347E-5	42655.794011	17.206909	0.685763	0	0
0	0	0	30.910576	9.621104	27.934734	9.621104	3.040429E+12	2.341994E-5	42698.661828	17.229783	0.681841	0	0
0	0	0	30.84313	9.624577	27.865171	9.624577	2.910304E+12	2.330586E-5	42907.664267	17.207006	0.677999	0	0
0	0	0	30.776338	9.627846	27.796335	9.627846	2.786927E+12	2.318259E-5	43135.821125	17.190234	0.674157	0	0
0	0	0	30.708811	9.630709	27.726876	9.630709	2.667508E+12	2.296872E-5	43537.471397	17.199348	0.670421	0	0
0	0	0	30.642296	9.634063	27.658294	9.634063	2.554882E+12	2.294286E-5	43586.54605	17.154973	0.666631	0	0
0	0	0	30.573821	9.637053	27.587833	9.637053	2.443901E+12	2.281946E-5	43822.239866	17.185956	0.662829	0	0
0	0	0	30.506669	9.640214	27.518663	9.640214	2.339747E+12	2.28059E-5	43848.304272	17.132143	0.659198	0	0
0	0	0	30.43955	9.643247	27.449564	9.643247	2.240079E+12	2.279456E-5	43870.113793	17.149158	0.655462	0	0
0	0	0	30.370994	9.645841	27.379141	9.645841	2.142657E+12	2.265546E-5	44139.476715	17.127944	0.651778	0	0
0	0	0	30.302928	9.648275	27.309265	9.648275	2.050123E+12	2.250201E-5	44440.469251	17.120294	0.647962	0	0
0	0	0	30.235024	9.650548	27.239604	9.650548	1.961793E+12	2.232613E-5	44790.569139	17.126346	0.644279	0	0
0	0	0	30.168003	9.652777	27.170852	9.652777	1.878341E+12	2.217811E-5	45089.49545	17.087464	0.64049	0	0
0	0	0	30.099202	9.655082	27.100268	9.655082	1.796364E+12	2.206583E-5	45318.942261	17.125119	0.636608	0	0
0	0	0	30.031299	9.657888	27.03044	9.657888	1.718965E+12	2.220565E-5	45033.589111	17.077147	0.633215	0	0
0	0	0	29.963804	9.659892	26.961276	9.659892	1.645336E+12	2.206861E-5	45313.239537	17.087719	0.629518	0	0
0	0	0	29.894921	9.661586	26.890797	9.661586	1.573443E+12	2.181046E-5	45849.566317	17.064684	0.626032	0	0
0	0	0	29.827475	9.66344	26.821728	9.66344	1.506095E+12	2.167015E-5	46146.432985	17.048699	0.622203	0	0
0	0	0	29.758788	9.665283	26.751402	9.665283	1.440469E+12	2.153995E-5	46425.36214	17.059775	0.618705	0	0
0	0	0	29.690183	9.667158	26.681148	9.667158	1.377775E+12	2.145972E-5	46598.92148	17.014151	0.615127	0	0
0	0	0	29.620662	9.668873	26.610014	9.668873	1.317027E+12	2.1325E-5	46893.321399	17.029697	0.611535	0	0
0	0	0	29.550718	9.670801	26.538382	9.670801	1.258611E+12	2.132778E-5	46887.21146	16.993749	0.60805	0	0
0	0	0	29.481998	9.672375	26.468105	9.672375	1.203742E+12	2.120423E-5	47160.405262	17.00651	0.604419	0	0
0	0	0	29.411269	9.673727	26.395856	9.673727	1.149765E+12	2.096441E-5	47699.880028	16.979153	0.601237	0	0
0	0	0	29.340654	9.675024	26.323739	9.675024	1.09829E+12	2.072423E-5	48252.705489	16.956698	0.597619	0	0
0	0	0	29.2695	9.676471	26.251029	9.676471	1.048753E+12	2.059051E-5	48566.071522	16.97554	0.594279	0	0
0	0	0	29.197922	9.677832	26.177913	9.677832	1.001174E+12	2.043443E-5	48937.019962	16.926985	0.591005	0	0
0	0	0	29.127552	9.679812	26.105832	9.679812	9.565024E+11	2.07158E-5	48272.332808	16.946546	0.587545	0	0
0	0	0	29.054765	9.680853	26.031588	9.680853	9.123925E+11	2.041591E-5	48981.398487	16.915715	0.584179	0	0
0	0	0	28.983775	9.681903	25.959166	9.681903	8.713315E+11	2.017267E-5	49572.012075	16.909145	0.580957	0	0
0	0	0	28.911282	9.683509	25.885043	9.683509	8.313075E+11	2.0323E-5	49205.343266	16.895353	0.577762	0	0
0	0	0	28.838789	9.684549	25.811098	9.684549	7.931219E+11	2.011825E-5	49706.124263	16.868583	0.57429	0	0
0	0	0	28.765904	9.685268	25.736854	9.685268	7.564978E+11	1.970131E-5	50758.04316	16.87906	0.571266	0	0
0	0	0	28.692365	9.686436	25.661806	9.686436	7.212591E+11	1.963442E-5	50930.978475	16.821633	0.56819	0	0
0	0	0	28.619643	9.687508	25.587617	9.687508	6.880261E+11	1.954197E-5	51171.901855	16.845374	0.564955	0	0
0	0	0	28.546513	9.688152	25.513148	9.688152	6.561505E+11	1.91355E-5	52258.879822	16.801731	0.562064	0	0
0	0	0	28.472403	9.689212	25.437552	9.689212	6.253539E+11	1.907805E-5	52416.257739	16.800821	0.558961	0	0
0	0	0	28.39826	9.689941	25.362027	9.689941	5.9599E+11	1.877694E-5	53256.808784	16.792089	0.556083	0	0
0	0	0	28.32544	9.690616	25.287862	9.690616	5.684926E+11	1.847058E-5	54140.161791	16.756383	0.553257	0	0
0	0	0	28.252261	9.691324	25.213322	9.691324	5.421374E+11	1.821096E-5	54911.975278	16.775759	0.550273	0	0
0	0	0	28.175684	9.692556	25.135167	9.692556	5.158658E+11	1.841422E-5	54305.845085	16.726755	0.547488	0	0
0	0	0	28.098405	9.6932	25.056483	9.6932	4.906436E+11	1.810701E-5	55227.228966	16.751298	0.544557	0	0
0	0	0	28.024279	9.693672	24.981054	9.693672	4.676099E+11	1.769651E-5	56508.31443	16.705265	0.541771	0	0
0	0	0	27.949662	9.694967	24.904869	9.694967	4.455158E+11	1.812602E-5	55169.297056	16.700958	0.538628	0	0
0	0	0	27.875895	9.695599	24.829755	9.695599	4.246996E+11	1.793634E-5	55752.723721	16.690889	0.535961	0	0
0	0	0	27.802373	9.695868	24.755003	9.695868	4.049202E+11	1.73818E-5	57531.44665	16.647853	0.533096	0	0
0	0	0	27.727919	9.696339	24.679242	9.696339	3.85829E+11	1.705407E-5	58637.036017	16.663152	0.530126	0	0
0	0	0	27.652372	9.697131	24.602269	9.697131	3.673769E+11	1.7091E-5	58510.312518	16.600013	0.527459	0	0
0	0	0	27.576579	9.697753	24.5251	9.697753	3.497516E+11	1.696972E-5	58928.485484	16.627269	0.52425	0	0
0	0	0	27.498238	9.698363	24.445347	9.698363	3.32422E+11	1.68396E-5	59383.84861	16.584111	0.521636	0	0
0	0	0	27.419685	9.698834	24.365422	9.698834	3.159075E+11	1.656661E-5	60362.361533	16.579875	0.518613	0	0
0	0	0	27.339972	9.699402	24.284288	9.699402	2.999877E+11	1.642843E-5	60870.082156	16.563504	0.515972	0	0
0	0	0	27.260324	9.699959	24.203224	9.699959	2.848821E+11	1.630967E-5	61313.319283	16.535826	0.512909	0	0
0	0	0	27.178357	9.700248	24.119889	9.700248	2.701305E+11	1.583926E-5	63134.249908	16.546896	0.510242	0	0
0	0	0	27.094478	9.700762	24.034542	9.700762	2.558253E+11	1.567346E-5	63802.122196	16.498414	0.507496	0	0
0	0	0	27.010943	9.701073	23.949607	9.701073	2.423316E+11	1.526073E-5	65527.660021	16.512418	0.504644	0	0
0	0	0	26.924533	9.701822	23.861614	9.701822	2.291219E+11	1.54683E-5	64648.333281	16.466171	0.501977	0	0
0	0	0	26.836244	9.702058	23.771875	9.702058	2.163684E+11	1.494657E-5	66904.987205	16.463832	0.499059	0	0
0	0	0	26.746632	9.702507	23.680724	9.702507	2.041496E+11	1.475568E-5	67770.520195	16.449294	0.49663	0	0
0	0	0	26.654554	9.703064	23.587035	9.703064	1.923128E+11	1.474542E-5	67817.659165	16.405156	0.493751	0	0
0	0	0	26.55978	9.703364	23.49069	9.703364	1.808458E+11	1.433627E-5	69753.169759	16.411693	0.49119	0	0
0	0	0	26.463308	9.703739	23.392595	9.703739	1.698753E+11	1.40621E-5	71113.153297	16.362645	0.488483	0	0
0	0	0	26.365986	9.703868	23.293716	9.703868	1.594824E+11	1.34059E-5	74594.001386	16.368971	0.485922	0	0
0	0	0	26.265822	9.7042	23.191886	9.7042	1.494495E+11	1.308294E-5	76435.399038	16.328756	0.483321	0	0
0	0	0	26.162244	9.704458	23.086612	9.704458	1.397379E+11	1.263839E-5	79123.990817	16.325038	0.480548	0	0
0	0	0	26.058111	9.705153	22.980635	9.705153	1.306104E+11	1.297553E-5	77068.12634	16.306893	0.477974	0	0
0	0	0	25.951168	9.705485	22.87192	9.705485	1.218567E+11	1.270288E-5	78722.282472	16.268541	0.475373	0	0
0	0	0	25.840174	9.705283	22.75926	9.705283	1.133914E+11	1.147567E-5	87140.884537	16.284782	0.472732	0	0
0	0	0	25.726763	9.706053	22.643836	9.706053	1.053488E+11	1.19937E-5	83377.097407	16.233058	0.470105	0	0
0	0	0	25.610199	9.706246	22.525394	9.706246	9.767668E+10	1.147989E-5	87108.855012	16.241539	0.467675	0	0
0	0	0	25.489927	9.706813	22.403067	9.706813	9.034572E+10	1.173254E-5	85233.051922	16.203428	0.464995	0	0
0	0	0	25.366307	9.706728	22.277546	9.706728	8.338365E+10	1.066124E-5	93797.760615	16.180923	0.462553	0	0
0	0	0	25.240122	9.70706	22.149288	9.70706	7.683015E+10	1.045551E-5	95643.375224	16.174001	0.460005	0	0
0	0	0	25.110245	9.707381	22.017284	9.707381	7.062239E+10	1.024902E-5	97570.287693	16.142377	0.457404	0	0
0	0	0	24.97617	9.70751	21.881078	9.70751	6.473967E+10	9.652397E-6	103601.204562	16.139357	0.454935	0	0
0	0	0	24.837783	9.707906	21.740407	9.707906	5.918118E+10	9.634045E-6	103798.556003	16.074625	0.452664	0	0
0	0	0	24.692291	9.708398	21.592489	9.708398	5.385115E+10	9.896088E-6	101050.027778	16.092677	0.450142	0	0
0	0	0	24.54242	9.708142	21.440363	9.708142	4.88622E+10	8.415462E-6	118828.888092	16.036684	0.447818	0	0
0	0	0	24.385199	9.708667	21.280523	9.708667	4.412454E+10	8.721309E-6	114661.685518	16.035664	0.445442	0	0
0	0	0	24.222457	9.70855	21.115281	9.70855	3.970378E+10	7.597145E-6	131628.38935	16.009235	0.443091	0	0
0	0	0	24.052561	9.709084	20.942564	9.709084	3.556051E+10	7.965799E-6	125536.68367	15.979235	0.440675	0	0
0	0	0	23.874889	9.708807	20.762211	9.708807	3.168937E+10	6.521365E-6	153342.125021	15.989214	0.438286	0	0
0	0	0	23.685081	9.709534	20.569209	9.709534	2.801818E+10	7.328474E-6	136454.046985	15.926078	0.435988	0	0
0	0	0	23.486125	9.709514	20.367157	9.709514	2.462574E+10	6.391731E-6	156452.151411	15.944072	0.433638	0	0
0	0	0	23.27513	9.709963	20.152728	9.709963	2.147569E+10	6.685678E-6	149573.464584	15.88312	0.431407	0	0
0	0	0	23.050807	9.709868	19.924937	9.709868	1.856734E+10	5.545714E-6	180319.427223	15.901276	0.428911	0	0
0	0	0	22.815294	9.710403	19.685579	9.710403	1.593676E+10	6.163577E-6	162243.457649	15.847876	0.426957	0	0
0	0	0	22.579716	9.710094	19.446426	9.710094	1.367829E+10	4.519936E-6	221242.07229	15.824865	0.424343	0	0
0	0	0	22.346866	9.710447	19.209831	9.710447	1.176068E+10	4.661482E-6	214524.04167	15.808701	0.422442	0	0
0	0	0	22.114097	9.710511	18.973411	9.710511	1.011244E+10	4.159979E-6	240385.845625	15.766355	0.420052	0	0
0	0	0	21.880904	9.710779	18.736494	9.710779	8.692797E+9	4.241119E-6	235786.854469	15.770543	0.417808	0	0
0	0	0	21.648854	9.710811	18.500815	9.710811	7.477999E+9	3.732501E-6	267916.873328	15.70121	0.415669	0	0
0	0	0	21.418748	9.710587	18.267193	9.710587	6.441083E+9	2.772951E-6	360626.645142	15.728298	0.413134	0	0
0	0	0	21.189377	9.710801	18.034175	9.710801	5.550594E+9	2.750584E-6	363559.197471	15.670123	0.411285	0	0
0	0	0	20.956445	9.711133	17.797502	9.711133	4.77218E+9	3.087461E-6	323890.717303	15.657172	0.408922	0	0
0	0	0	20.719364	9.711282	17.556675	9.711282	4.091903E+9	3.071465E-6	325577.562233	15.639768	0.406902	0	0
0	0	0	20.476828	9.711037	17.310435	9.711037	3.496204E+9	2.078372E-6	481145.825648	15.608405	0.404499	0	0
0	0	0	20.234585	9.71108	17.0644	9.71108	2.987797E+9	1.843085E-6	542568.605598	15.599115	0.402651	0	0
0	0	0	19.98821	9.710823	16.814266	9.710823	2.546485E+9	1.282004E-6	780028.941925	15.548326	0.400446	0	0
0	0	0	19.736983	9.711646	16.558852	9.711646	2.163537E+9	2.658575E-6	376141.362254	15.560542	0.398188	0	0
0	0	0	19.479745	9.711176	16.297756	9.711176	1.831024E+9	1.234194E-6	810245.644353	15.500726	0.396274	0	0
0	0	0	19.213311	9.711572	16.027036	9.711572	1.540398E+9	1.674187E-6	597304.743971	15.501759	0.393976	0	0
0	0	0	18.938824	9.711326	15.748348	9.711326	1.289149E+9	1.014958E-6	985262.513571	15.47727	0.391851	0	0
0	0	0	18.664369	9.711561	15.469536	9.711561	1.078904E+9	1.153813E-6	866691.324016	15.433249	0.389751	0	0
0	0	0	18.391074	9.71154	15.191985	9.71154	9.03626E+8	9.359754E-7	1068404.1688	15.43722	0.38752	0	0
0	0	0	18.120638	9.711422	14.91737	9.711422	7.582286E+8	6.693118E-7	1494071.963733	15.387761	0.385381	0	0
0	0	0	17.853616	9.711583	14.646129	9.711583	6.376369E+8	7.050346E-7	1418370.205659	15.390692	0.383348	0	0
0	0	0	17.59053	9.711508	14.378965	9.711508	5.375956E+8	5.317789E-7	1880480.740359	15.323323	0.381341	0	0
0	0	0	17.32929	9.711764	14.113566	9.711764	4.537932E+8	7.03031E-7	1422412.430457	15.321073	0.379334	0	0
0	0	0	17.066923	9.711797	13.847096	9.711797	3.827743E+8	6.382022E-7	1566901.64349	15.28154	0.377314	0	0
0	0	0	16.800048	9.712181	13.57593	9.712181	3.21927E+8	6.23716E-6	160329.38494	15.261097	0.375426	0	0
0	0	0	16.537338	9.711914	13.309211	9.711914	2.714848E+8	6.28098E-7	1592108.152307	15.246887	0.373393	0	0
0	0	0	16.277062	9.71216	13.044793	9.71216	2.293081E+8	2.795685E-6	357694.032478	15.203135	0.371333	0	0
0	0	0	16.015643	9.712053	12.779331	9.712053	1.935401E+8	8.261675E-7	1210408.339823	15.207756	0.369432	0	0
0	0	0	15.755497	9.711871	12.515189	9.711871	1.634864E+8	3.315578E-7	3016065.658355	15.154715	0.367386	0	0
0	0	0	15.495401	9.711658	12.251107	9.711658	1.38104E+8	1.73152E-7	5775274.00578	15.141804	0.365762	0	0
0	0	0	15.232773	9.711861	11.984314	9.711861	1.164708E+8	2.291427E-7	4364092.372574	15.101629	0.363649	0	0
0	0	0	14.970536	9.712096	11.717909	9.712096	9.825142E+7	5.668939E-7	1763998.514704	15.093069	0.361867	0	0
0	0	0	14.708316	9.712074	11.451606	9.712074	8.288291E+7	4.067682E-7	2458402.772994	15.070698	0.359939	0	0
0	0	0	14.445966	9.711743	11.185274	9.711743	6.991243E+7	1.034589E-7	9665672.876631	15.017389	0.358104	0	0
0	0	0	14.179368	9.711957	10.914446	9.711957	5.880947E+7	1.584174E-7	6312439.763074	15.009906	0.356189	0	0
0	0	0	13.915172	9.712245	10.646032	9.712245	4.954692E+7	-1.242798E-6	-804636.208917	14.944933	0.354407	0	0
0	0	0	13.650028	9.712096	10.376802	9.712096	4.171758E+7	2.407398E-7	4153862.134715	14.965826	0.352493	0	0
0	0	0	13.381748	9.712245	10.104287	9.712245	3.505403E+7	-8.791168E-7	-1137505.274041	14.88844	0.35075	0	0
0	0	0	13.108894	9.712117	9.827221	9.712117	2.936759E+7	2.056099E-7	4863579.427049	14.883216	0.348954	0	0
0	0	0	12.834505	9.712053	9.548573	9.712053	2.457911E+7	1.049566E-7	9527747.866864	14.832147	0.347145	0	0
0	0	0	12.563889	9.712267	9.273663	9.712267	2.062182E+7	-2.932041E-7	-3410593.185307	14.833538	0.345191	0	0
0	0	0	12.290807	9.712139	8.996365	9.712139	1.7274E+7	1.537184E-7	6505402.501792	14.792538	0.343541	0	0
0	0	0	12.017969	9.712213	8.719246	9.712213	1.447198E+7	2.498199E-6	400288.365496	14.746256	0.341758	0	0
0	0	0	11.74492	9.712149	8.441959	9.712149	1.21228E+7	1.247894E-7	8013502.421655	14.739746	0.340068	0	0
0	0	0	11.469109	9.712042	8.161883	9.712042	1.013679E+7	4.064433E-8	2.460368E+7	14.692644	0.338246	0	0
0	0	0	11.191763	9.712042	7.880211	9.712042	8467697	3.395208E-8	2.945328E+7	14.701195	0.336517	0	0
0	0	0	10.915414	9.711936	7.599587	9.711936	7078005	1.762197E-8	5.674733E+7	14.633835	0.334853	0	0
0	0	0	10.636811	9.711765	7.316696	9.711765	5907740	9.155472E-9	1.092243E+8	14.642123	0.332992	0	0
0	0	0	10.35641	9.712203	7.031772	9.712203	4925220	2.343779E-7	4266613.334128	14.578329	0.331394	0	0
0	0	0	10.076124	9.711679	6.747294	9.711679	4106409	5.353344E-9	1.867991E+8	14.581851	0.329651	0	0
0	0	0	9.794205	9.712064	6.460845	9.712064	3420098	1.562063E-8	6.401791E+7	14.53722	0.327988	0	0
0	0	0	9.509476	9.71247	6.171535	9.71247	2843304	-7.906195E-9	-1.264831E+8	14.502314	0.326324	0	0
0	0	0	9.217396	9.712171	5.875002	9.712171	2352542	3.527587E-8	2.834799E+7	14.490317	0.324687	0	0
0	0	0	8.930331	9.71247	5.583356	9.71247	1952828	-5.430098E-9	-1.841587E+8	14.425676	0.323076	0	0
0	0	0	8.643871	9.711946	5.292608	9.711946	1621664	4.196533E-9	2.382919E+8	14.424302	0.321479	0	0
0	0	0	8.356397	9.712128	5.000588	9.712128	1345776	1.054748E-8	9.480937E+7	14.358339	0.319828	0	0
0	0	0	8.070068	9.712374	4.709707	9.712374	1117652	-5.020913E-9	-1.99167E+8	14.350754	0.318257	0	0
0	0	0	7.782921	9.711936	4.418233	9.711936	927706	2.30971E-9	4.329548E+8	14.29509	0.316686	0	0
0	0	0	7.495448	9.712171	4.126194	9.712171	769878	1.15443E-8	8.662284E+7	14.293377	0.31493	0	0
0	0	0	7.209608	9.712545	3.835765	9.712545	639578	-1.371864E-9	-7.289354E+8	14.232282	0.31357	0	0
0	0	0	6.924193	9.711904	3.546121	9.711904	531478	1.188107E-9	8.41675E+8	14.218867	0.311854	0	0
0	0	0	6.638843	9.712203	3.256216	9.712203	441667	2.102005E-8	4.757363E+7	14.169497	0.310349	0	0
0	0	0	6.357904	9.712331	2.97085	9.712331	368085	-2.276389E-9	-4.392923E+8	14.158601	0.308659	0	0
0	0	0	6.082584	9.71231	2.691242	9.71231	307881	-2.34584E-9	-4.262865E+8	14.127069	0.30714	0	0
0	0	0	5.812196	9.712021	2.416738	9.712021	258350	9.231773E-10	1.083216E+9	14.079901	0.305503	0	0
0	0	0	5.548506	9.712438	2.148789	9.712438	217731	-6.935122E-10	-1.441936E+9	14.06645	0.304011	0	0
0	0	0	5.296267	9.712256	1.892679	9.712256	184867	-3.354083E-9	-2.981441E+8	14.003105	0.302598	0	0
0	0	0	5.056752	9.712449	1.64936	9.712449	158264	-4.807827E-10	-2.079942E+9	14.02048	0.300882	0	0
0	0	0	4.827332	9.712181	1.416455	9.712181	136379	2.650042E-9	3.773525E+8	13.94896	0.299469	0	0
0	0	0	4.608432	9.712491	1.194031	9.712491	118325	-3.033331E-10	-3.296706E+9	13.938862	0.297964	0	0
0	0	0	4.399038	9.712342	0.981424	9.712342	103297	-5.838537E-10	-1.712758E+9	13.886886	0.296485	0	0
0	0	0	4.198547	9.712213	0.77785	9.712213	90699	1.567614E-8	6.379123E+7	13.874601	0.294954	0	0
0	0	0	4.006386	9.712064	0.582745	9.712064	80070	3.65707E-10	2.73443E+9	13.834444	0.293409	0	0
0	0	0	3.822932	9.712288	0.39635	9.712288	71086	-7.052588E-10	-1.417919E+9	13.799455	0.291825	0	0
0	0	0	3.648592	9.712513	0.219212	9.712513	63484	-1.509604E-10	-6.624255E+9	13.755782	0.290518	0	0
0	0	0	3.481195	9.712256	0.049294	9.712256	56952	-1.033292E-9	-9.677811E+8	13.695843	0.289039	0	0
0	0	0	3.322389	9.712459	-0.112061	9.712459	51377	-1.491758E-10	-6.703498E+9	13.707523	0.287455	0	0
0	0	0	3.16953	9.712149	-0.267195	9.712149	46527	4.789682E-10	2.087821E+9	13.620094	0.286068	0	0
0	0	0	3.022714	9.711871	-0.416202	9.711871	42300	8.579972E-11	1.165505E+10	13.627548	0.284576	0	0
0	0	0	2.882922	9.712395	-0.55836	9.712395	38633	-1.526686E-10	-6.550135E+9	13.547759	0.283243	0	0
0	0	0	2.749387	9.712352	-0.693964	9.712352	35428	-1.843782E-10	-5.423634E+9	13.564575	0.281711	0	0
0	0	0	2.620997	9.712619	-0.824452	9.712619	32596	-5.690729E-11	-1.757244E+10	13.488143	0.280404	0	0
0	0	0	2.500218	9.712545	-0.947087	9.712545	30140	-6.464879E-11	-1.546819E+10	13.482856	0.278807	0	0
0	0	0	2.383785	9.712406	-1.065288	9.712406	27947	-1.041722E-10	-9.599494E+9	13.433616	0.277447	0	0
0	0	0	2.272089	9.712534	-1.178772	9.712534	25994	-5.76382E-11	-1.73496E+10	13.408718	0.275994	0	0
0	0	0	2.165195	9.712245	-1.28723	9.712245	24253	-6.079762E-10	-1.644801E+9	13.362676	0.274846	0	0
0	0	0	2.062156	9.71232	-1.391903	9.71232	22684	-1.548699E-10	-6.457034E+9	13.330718	0.27342	0	0
0	0	0	1.959379	9.712224	-1.49625	9.712224	21222	-2.248108E-9	-4.448185E+8	13.306642	0.271994	0	0
0	0	0	1.863266	9.712481	-1.593953	9.712481	19939	-5.319094E-11	-1.880019E+10	13.254717	0.270647	0	0
0	0	0	1.773784	9.712374	-1.684792	9.712374	18814	-8.451934E-11	-1.183161E+10	13.241235	0.269366	0	0
0	0	0	1.687521	9.712416	-1.772416	9.712416	17790	-6.275071E-11	-1.593608E+10	13.188463	0.26798	0	0
0	0	0	1.604476	9.712107	-1.856647	9.712107	16857	1.066609E-10	9.375506E+9	13.182603	0.266647	0	0
0	0	0	1.525906	9.712107	-1.936442	9.712107	16020	1.013649E-10	9.86535E+9	13.119865	0.265287	0	0
0	0	0	1.451927	9.712139	-2.011587	9.712139	15269	1.358866E-10	7.359078E+9	13.098841	0.264151	0	0
0	0	0	1.380479	9.712459	-2.084263	9.712459	14578	-4.232799E-11	-2.362503E+10	13.049183	0.262805	0	0
0	0	0	1.311073	9.71216	-2.154645	9.71216	13936	1.701289E-10	5.877895E+9	13.039961	0.261445	0	0
0	0	0	1.246486	9.712181	-2.220247	9.712181	13364	2.596822E-10	3.850862E+9	12.977438	0.26019	0	0
0	0	0	1.180984	9.712288	-2.286809	9.712288	12808	-1.270708E-10	-7.86963E+9	12.961582	0.258989	0	0
0	0	0	1.121918	9.712384	-2.346831	9.712384	12326	-5.182788E-11	-1.929463E+10	12.896514	0.257629	0	0
0	0	0	1.064387	9.712075	-2.405148	9.712075	11875	5.829078E-11	1.715537E+10	12.893503	0.256335	0	0
0	0	0	1.009242	9.712181	-2.461192	9.712181	11458	2.226458E-10	4.491439E+9	12.845411	0.255094	0	0
0	0	0	0.955926	9.71216	-2.515332	9.71216	11068	1.351168E-10	7.401006E+9	12.809991	0.253813	0	0
0	0	0	0.906758	9.712181	-2.565274	9.712181	10721	2.083248E-10	4.800197E+9	12.760854	0.252757	0	0
0	0	0	0.857477	9.711882	-2.615218	9.711882	10383	2.173163E-11	4.601588E+10	12.728252	0.251278	0	0
0	0	0	0.811021	9.71232	-2.662555	9.71232	10075	-6.878478E-11	-1.45381E+10	12.702205	0.250143	0	0
0	0	0	0.7678	9.712449	-2.706496	9.712449	9797	-2.976184E-11	-3.360007E+10	12.652154	0.248928	0	0
0	0	0	0.723288	9.712342	-2.751664	9.712342	9518	-5.379748E-11	-1.858823E+10	12.632707	0.247793	0	0
0	0	0	0.683235	9.712267	-2.792315	9.712267	9274	-1.318401E-10	-7.584947E+9	12.564016	0.246393	0	0
0	0	0	0.643983	9.712384	-2.832221	9.712384	9041	-3.801524E-11	-2.630524E+10	12.545766	0.245231	0	0
0	0	0	0.606168	9.712555	-2.870687	9.712555	8822	-1.832431E-11	-5.457233E+10	12.492669	0.24399	0	0
0	0	0	0.570085	9.712064	-2.907157	9.712064	8617	3.935678E-11	2.540858E+10	12.474828	0.242815	0	0
0	0	0	0.536142	9.712096	-2.941641	9.712096	8430	4.865278E-11	2.055381E+10	12.415378	0.241469	0	0
0	0	0	0.502574	9.712192	-2.975767	9.712192	8248	2.276114E-10	4.393453E+9	12.383097	0.240412	0	0
0	0	0	0.469905	9.712192	-3.008946	9.712192	8075	2.228373E-10	4.487579E+9	12.335629	0.239224	0	0
0	0	0	0.439653	9.712213	-3.039677	9.712213	7918	1.36853E-9	7.307112E+8	12.316376	0.238102	0	0
0	0	0	0.410136	9.71216	-3.069635	9.71216	7768	9.483077E-11	1.05451E+10	12.258244	0.236966	0	0
0	0	0	0.381306	9.712705	-3.099111	9.712705	7624	-1.097615E-11	-9.110664E+10	12.229311	0.23587	0	0
0	0	0	0.353537	9.712331	-3.127179	9.712331	7488	-4.630881E-11	-2.159416E+10	12.161882	0.234629	0	0
0	0	0	0.3291	9.712566	-3.152081	9.712566	7370	-1.483904E-11	-6.738979E+10	12.154764	0.233388	0	0
0	0	0	0.304843	9.711957	-3.176498	9.711957	7255	1.954457E-11	5.116511E+10	12.085725	0.232332	0	0
0	0	0	0.280243	9.712085	-3.201528	9.712085	7140	3.787912E-11	2.639977E+10	12.08061	0.231157	0	0
0	0	0	0.257342	9.712256	-3.224847	9.712256	7035	-1.276374E-10	-7.834695E+9	12.002312	0.230008	0	0
0	0	0	0.235372	9.712352	-3.247195	9.712352	6935	-3.609188E-11	-2.770707E+10	12.000628	0.228794	0	0
0	0	0	0.21564	9.712299	-3.267215	9.712299	6847	-5.901572E-11	-1.694464E+10	11.916706	0.227856	0	0
0	0	0	0.195565	9.712128	-3.287542	9.712128	6759	5.297376E-11	1.887727E+10	11.91253	0.226642	0	0
0	0	0	0.177106	9.71232	-3.306358	9.71232	6678	-4.559253E-11	-2.193342E+10	11.847246	0.225506	0	0
0	0	0	0.160951	9.712374	-3.322784	9.712374	6609	-2.969004E-11	-3.368133E+10	11.8204	0.224371	0	0
0	0	0	0.143669	9.712139	-3.340251	9.712139	6535	5.815828E-11	1.719446E+10	11.766275	0.223288	0	0
0	0	0	0.129442	9.712299	-3.354758	9.712299	6475	-5.580937E-11	-1.791814E+10	11.751433	0.22202	0	0
0	0	0	0.114888	9.712224	-3.369512	9.712224	6414	-6.794533E-10	-1.471771E+9	11.693245	0.221083	0	0
0	0	0	0.104287	9.71247	-3.380367	9.71247	6370	-1.771258E-11	-5.645704E+10	11.664456	0.219987	0	0
0	0	0	0.092509	9.71216	-3.392217	9.71216	6322	7.717818E-11	1.295703E+10	11.589498	0.218931	0	0
0	0	0	0.081598	9.712438	-3.403398	9.712438	6277	-1.999336E-11	-5.00166E+10	11.566751	0.217901	0	0
0	0	0	0.073529	9.712171	-3.411497	9.712171	6244	9.362916E-11	1.068043E+10	11.524862	0.21666	0	0
0	0	0	0.063907	9.712342	-3.42133	9.712342	6205	-3.50718E-11	-2.851294E+10	11.492501	0.215749	0	0
0	0	0	0.055691	9.712021	-3.429559	9.712021	6172	2.205478E-11	4.534164E+10	11.428794	0.214614	0	0
0	0	0	0.049435	9.712267	-3.436001	9.712267	6147	-8.738635E-11	-1.144344E+10	11.41617	0.213531	0	0
0	0	0	0.043571	9.712342	-3.441984	9.712342	6124	-3.461397E-11	-2.889007E+10	11.352175	0.212541	0	0
0	0	0	0.038017	9.712523	-3.447689	9.712523	6102	-1.400312E-11	-7.141264E+10	11.327169	0.211524	0	0
0	0	0	0.032888	9.712502	-3.452891	9.712502	6082	-1.500585E-11	-6.664066E+10	11.262373	0.210494	0	0
0	0	0	0.028625	9.712213	-3.457117	9.712213	6065	1.048261E-9	9.539606E+8	11.257787	0.209253	0	0
0	0	0	0.024606	9.712256	-3.461214	9.712256	6049	-1.097482E-10	-9.111768E+9	11.168448	0.208514	0	0
0	0	0	0.021895	9.712352	-3.464002	9.712352	6039	-3.142882E-11	-3.181793E+10	11.158014	0.207418	0	0
0	0	0	0.019526	9.712416	-3.46643	9.712416	6029	-2.12661E-11	-4.702319E+10	11.098985	0.206335	0	0
0	0	0	0.017697	9.712278	-3.468239	9.712278	6022	-7.037636E-11	-1.420932E+10	11.08111	0.205253	0	0
0	0	0	0.015181	9.712064	-3.470717	9.712064	6013	2.746342E-11	3.641207E+10	11.000188	0.204368	0	0
0	0	0	0.013972	9.712427	-3.472075	9.712427	6008	-2.011191E-11	-4.972179E+10	11.001678	0.203285	0	0
0	0	0	0.012012	9.71231	-3.474023	9.71231	6000	-4.57158E-11	-2.187428E+10	10.905932	0.202348	0	0
0	0	0	0.011147	9.712374	-3.474925	9.712374	5997	-2.694071E-11	-3.711855E+10	10.913266	0.201424	0	0
0	0	0	0.009627	9.712481	-3.476507	9.712481	5991	-1.598209E-11	-6.257003E+10	10.834587	0.200394	0	0
0	0	0	0.008288	9.712545	-3.47789	9.712545	5986	-1.283967E-11	-7.788362E+10	10.804176	0.199391	0	0
0	0	0	0.00739	9.712117	-3.478649	9.712117	5982	4.188571E-11	2.387449E+10	10.759998	0.1984	0	0
0	0	0	0.005936	9.711861	-3.480033	9.711861	5976	1.175836E-11	8.50459E+10	10.729483	0.197397	0	0
0	0	0	0.004972	9.712032	-3.481073	9.712032	5973	2.257174E-11	4.430318E+10	10.67782	0.196446	0	0
0	0	0	0.003845	9.71185	-3.482153	9.71185	5968	1.140106E-11	8.771113E+10	10.622539	0.195641	0	0
0	0	0	0.00262	9.712	-3.483451	9.712	5964	1.922011E-11	5.202885E+10	10.588162	0.194637	0	0
0	0	0	0.001705	9.71247	-3.484549	9.71247	5960	-1.657253E-11	-6.034083E+10	10.533022	0.193766	0	0
0	0	0	0.001558	9.712459	-3.484694	9.712459	5960	-1.730518E-11	-5.778618E+10	10.500123	0.192657	0	0
0	0	0	0.000137	9.712406	-3.486118	9.712406	5954	-2.219347E-11	-4.505829E+10	10.433424	0.191878	0	0
0	0	0	-0.000288	9.71247	-3.486573	9.71247	5952	-1.655028E-11	-6.042193E+10	10.413055	0.190795	0	0
0	0	0	-0.00117	9.712203	-3.487372	9.712203	5949	2.831309E-10	3.531936E+9	10.353097	0.189937	0	0
0	0	0	-0.001317	9.712502	-3.487629	9.712502	5948	-1.467524E-11	-6.814198E+10	10.322008	0.189079	0	0
0	0	0	-0.002542	9.712513	-3.488877	9.712513	5944	-1.41344E-11	-7.074936E+10	10.276228	0.188128	0	0
0	0	0	-0.002918	9.71232	-3.48919	9.71232	5942	-4.056766E-11	-2.465018E+10	10.220784	0.187191	0	0
0	0	0	-0.003081	9.712652	-3.489475	9.712652	5941	-9.605987E-12	-1.041017E+11	10.167904	0.186346	0	0
0	0	0	-0.00344	9.71247	-3.489774	9.71247	5940	-1.651691E-11	-6.0544E+10	10.125666	0.185488	0	0
0	0	0	-0.004257	9.712769	-3.490711	9.712769	5937	-7.553903E-12	-1.323819E+11	10.083946	0.184498	0	0
0	0	0	-0.004306	9.712192	-3.490554	9.712192	5937	1.638372E-10	6.103621E+9	10.0542	0.1836	0	0
0	0	0	-0.00509	9.712278	-3.491381	9.712278	5934	-6.934794E-11	-1.442004E+10	9.988223	0.182781	0	0
0	0	0	-0.005515	9.712652	-3.491946	9.712652	5932	-9.591435E-12	-1.042597E+11	9.940815	0.181936	0	0
0	0	0	-0.005139	9.712267	-3.491427	9.712267	5934	-8.435832E-11	-1.18542E+10	9.884761	0.181025	0	0
0	0	0	-0.0054	9.712555	-3.491796	9.712555	5933	-1.232352E-11	-8.114564E+10	9.846429	0.180193	0	0
0	0	0	-0.006168	9.712491	-3.492552	9.712491	5930	-1.52019E-11	-6.578124E+10	9.791551	0.17923	0	0
0	0	0	-0.00643	9.712245	-3.49273	9.712245	5929	-1.486286E-10	-6.728178E+9	9.747973	0.178398	0	0
0	0	0	-0.006381	9.712299	-3.492699	9.712299	5929	-5.110329E-11	-1.956821E+10	9.702897	0.177645	0	0
0	0	0	-0.006854	9.712149	-3.493126	9.712149	5927	6.1015E-11	1.638941E+10	9.642435	0.176774	0	0
0	0	0	-0.006528	9.712192	-3.49281	9.712192	5928	1.635888E-10	6.112888E+9	9.603667	0.176048	0	0
0	0	0	-0.006446	9.712427	-3.492811	9.712427	5929	-1.984745E-11	-5.03843E+10	9.534884	0.175123	0	0
0	0	0	-0.006593	9.712256	-3.492899	9.712256	5928	-1.075529E-10	-9.297754E+9	9.51426	0.174358	0	0
0	0	0	-0.006577	9.712256	-3.492883	9.712256	5928	-1.075529E-10	-9.297754E+9	9.467134	0.173354	0	0
0	0	0	-0.00643	9.712203	-3.492714	9.712203	5929	2.82179E-10	3.54385E+9	9.426748	0.172694	0	0
0	0	0	-0.006299	9.712213	-3.492585	9.712213	5929	1.024755E-9	9.758427E+8	9.380308	0.171849	0	0
0	0	0	-0.006805	9.712128	-3.493069	9.712128	5927	4.645295E-11	2.152716E+10	9.336074	0.17111	0	0
0	0	0	-0.006511	9.712342	-3.492847	9.712342	5928	-3.350614E-11	-2.984528E+10	9.303077	0.170238	0	0
0	0	0	-0.005972	9.712278	-3.492277	9.712278	5931	-6.931288E-11	-1.442733E+10	9.232499	0.169657	0	0
0	0	0	-0.005874	9.712053	-3.492097	9.712053	5931	2.532759E-11	3.948263E+10	9.214408	0.168694	0	0
0	0	0	-0.006136	9.712235	-3.492427	9.712235	5930	-2.404153E-10	-4.15947E+9	9.14851	0.167928	0	0
0	0	0	-0.006658	9.712	-3.492874	9.712	5928	1.910409E-11	5.234481E+10	9.124224	0.167188	0	0
0	0	0	-0.005956	9.71216	-3.492218	9.71216	5931	7.240491E-11	1.381122E+10	9.045109	0.166475	0	0
0	0	0	-0.006266	9.712213	-3.492552	9.712213	5930	1.024928E-9	9.756781E+8	9.011537	0.16563	0	0
0	0	0	-0.006773	9.712085	-3.49302	9.712085	5927	3.144392E-11	3.180265E+10	8.953628	0.164759	0	0
0	0	0	-0.006299	9.712267	-3.492605	9.712267	5929	-8.428724E-11	-1.186419E+10	8.889498	0.164073	0	0
0	0	0	-0.005645	9.712363	-3.491976	9.712363	5932	-2.860529E-11	-3.495857E+10	8.850146	0.163148	0	0
0	0	0	-0.005727	9.712181	-3.491993	9.712181	5931	1.15248E-10	8.676937E+9	8.760153	0.16262	0	0
0	0	0	-0.005547	9.712278	-3.491845	9.712278	5932	-6.932457E-11	-1.44249E+10	8.738978	0.161775	0	0
0	0	0	-0.006397	9.712128	-3.492654	9.712128	5929	4.646862E-11	2.15199E+10	8.674109	0.161049	0	0
0	0	0	-0.006952	9.712299	-3.49328	9.712299	5927	-5.108605E-11	-1.957482E+10	8.652156	0.160402	0	0
0	0	0	-0.006626	9.712352	-3.492967	9.712352	5928	-3.085114E-11	-3.241372E+10	8.600623	0.159597	0	0
0	0	0	-0.006822	9.712299	-3.493147	9.712299	5927	-5.108605E-11	-1.957482E+10	8.565903	0.158884	0	0
0	0	0	-0.00705	9.711936	-3.493249	9.711936	5926	1.475398E-11	6.777832E+10	8.534015	0.158052	0	0
0	0	0	-0.007034	9.712224	-3.493336	9.712224	5926	-6.277581E-10	-1.59297E+9	8.45922	0.157511	0	0
0	0	0	-0.007704	9.712	-3.493935	9.712	5924	1.90912E-11	5.238016E+10	8.444282	0.156718	0	0
0	0	0	-0.00772	9.712224	-3.494033	9.712224	5924	-6.275462E-10	-1.593508E+9	8.362837	0.155979	0	0
0	0	0	-0.007932	9.712438	-3.494325	9.712438	5923	-1.886581E-11	-5.300595E+10	8.316201	0.155359	0	0
0	0	0	-0.00839	9.71247	-3.494801	9.71247	5921	-1.646408E-11	-6.073828E+10	8.254499	0.154672	0	0
0	0	0	-0.008422	9.711893	-3.494627	9.711893	5921	1.280058E-11	7.812146E+10	8.214308	0.153853	0	0
0	0	0	-0.009125	9.712053	-3.495398	9.712053	5918	2.527208E-11	3.956936E+10	8.169578	0.153127	0	0
0	0	0	-0.00901	9.712171	-3.495324	9.712171	5919	8.875577E-11	1.126687E+10	8.11509	0.152388	0	0
0	0	0	-0.009223	9.712716	-3.495735	9.712716	5918	-8.337292E-12	-1.19943E+11	8.070776	0.151781	0	0
0	0	0	-0.009598	9.712438	-3.496017	9.712438	5916	-1.884351E-11	-5.306866E+10	8.035821	0.15112	0	0
0	0	0	-0.009794	9.712416	-3.496208	9.712416	5916	-2.086752E-11	-4.792136E+10	7.991376	0.150381	0	0
0	0	0	-0.009696	9.71216	-3.496017	9.71216	5916	7.222179E-11	1.384624E+10	7.954866	0.149747	0	0
0	0	0	-0.010007	9.712416	-3.496424	9.712416	5915	-2.086399E-11	-4.792947E+10	7.898996	0.149061	0	0
0	0	0	-0.010154	9.712213	-3.496501	9.712213	5914	1.022163E-9	9.783177E+8	7.841269	0.148493	0	0
0	0	0	-0.010628	9.712278	-3.497005	9.712278	5912	-6.909084E-11	-1.44737E+10	7.802884	0.147674	0	0
0	0	0	-0.01053	9.712416	-3.496955	9.712416	5913	-2.085694E-11	-4.794568E+10	7.722632	0.14708	0	0
0	0	0	-0.010481	9.712267	-3.496851	9.712267	5913	-8.405978E-11	-1.18963E+10	7.697453	0.146315	0	0
0	0	0	-0.011003	9.712288	-3.49739	9.712288	5911	-5.864423E-11	-1.705197E+10	7.61088	0.145641	0	0
0	0	0	-0.010448	9.712449	-3.496883	9.712449	5913	-1.796282E-11	-5.567054E+10	7.576115	0.145245	0	0
0	0	0	-0.010595	9.712192	-3.496941	9.712192	5913	1.631749E-10	6.128395E+9	7.526889	0.144545	0	0
0	0	0	-0.010905	9.712641	-3.497417	9.712641	5911	-9.798708E-12	-1.020543E+11	7.503928	0.143661	0	0
0	0	0	-0.011199	9.712245	-3.497574	9.712245	5910	-1.481523E-10	-6.749809E+9	7.447319	0.143185	0	0
0	0	0	-0.01084	9.712267	-3.497216	9.712267	5912	-8.404556E-11	-1.189831E+10	7.400179	0.142591	0	0
0	0	0	-0.010595	9.712331	-3.496991	9.712331	5913	-3.656838E-11	-2.734603E+10	7.346897	0.141852	0	0
0	0	0	-0.010579	9.712139	-3.496905	9.712139	5913	5.262279E-11	1.900317E+10	7.289097	0.141271	0	0
0	0	0	-0.010481	9.712427	-3.496909	9.712427	5913	-1.979389E-11	-5.052063E+10	7.239535	0.140637	0	0
0	0	0	-0.010497	9.712288	-3.496876	9.712288	5913	-5.866408E-11	-1.704621E+10	7.186356	0.13999	0	0
0	0	0	-0.010628	9.712619	-3.497127	9.712619	5912	-1.032139E-11	-9.688622E+10	7.176077	0.139304	0	0
0	0	0	-0.009909	9.712363	-3.496305	9.712363	5915	-2.852331E-11	-3.505904E+10	7.08792	0.138776	0	0
0	0	0	-0.010546	9.712384	-3.49696	9.712384	5913	-2.486275E-11	-4.022081E+10	7.072822	0.138129	0	0
0	0	0	-0.010007	9.712374	-3.496409	9.712374	5915	-2.657234E-11	-3.763312E+10	6.984761	0.137535	0	0
0	0	0	-0.010072	9.712299	-3.496448	9.712299	5915	-5.098262E-11	-1.961453E+10	6.95893	0.136835	0	0
0	0	0	-0.009909	9.712481	-3.496348	9.712481	5915	-1.577935E-11	-6.337398E+10	6.887244	0.136333	0	0
0	0	0	-0.009827	9.712096	-3.496127	9.712096	5916	3.414352E-11	2.928814E+10	6.846097	0.13566	0	0
0	0	0	-0.009468	9.712459	-3.495892	9.712459	5917	-1.718032E-11	-5.820612E+10	6.802422	0.135039	0	0
0	0	0	-0.009696	9.712245	-3.496048	9.712245	5916	-1.483028E-10	-6.742963E+9	6.756086	0.134511	0	0
0	0	0	-0.009304	9.71231	-3.495672	9.71231	5918	-4.509102E-11	-2.217737E+10	6.722135	0.133745	0	0
0	0	0	-0.009811	9.71201	-3.496079	9.71201	5916	2.004919E-11	4.987734E+10	6.637849	0.133428	0	0
0	0	0	-0.0095	9.712331	-3.495879	9.712331	5917	-3.659312E-11	-2.732754E+10	6.608311	0.132821	0	0
0	0	0	-0.009582	9.712384	-3.495981	9.712384	5916	-2.487537E-11	-4.020041E+10	6.546591	0.132253	0	0
0	0	0	-0.009762	9.71216	-3.496083	9.71216	5916	7.222179E-11	1.384624E+10	6.514918	0.131514	0	0
0	0	0	-0.009843	9.712288	-3.496212	9.712288	5916	-5.869384E-11	-1.703756E+10	6.461528	0.130959	0	0
0	0	0	-0.009729	9.712342	-3.496115	9.712342	5916	-3.343831E-11	-2.990581E+10	6.421761	0.130154	0	0
0	0	0	-0.009794	9.712107	-3.496097	9.712107	5916	3.743287E-11	2.671449E+10	6.36899	0.129718	0	0
0	0	0	-0.009713	9.71231	-3.496087	9.71231	5916	-4.507578E-11	-2.218486E+10	6.312204	0.129098	0	0
0	0	0	-0.010105	9.712192	-3.496443	9.712192	5915	1.632301E-10	6.126323E+9	6.275162	0.128438	0	0
0	0	0	-0.009696	9.712139	-3.496009	9.712139	5916	5.264949E-11	1.899354E+10	6.224794	0.127936	0	0
0	0	0	-0.010137	9.712513	-3.496591	9.712513	5914	-1.406307E-11	-7.110825E+10	6.194696	0.127421	0	0
0	0	0	-0.010546	9.712181	-3.496887	9.712181	5913	1.148983E-10	8.703351E+9	6.131867	0.126853	0	0
0	0	0	-0.010432	9.712331	-3.496825	9.712331	5913	-3.656838E-11	-2.734603E+10	6.10753	0.126101	0	0
0	0	0	-0.011248	9.712235	-3.49762	9.712235	5910	-2.396044E-10	-4.173546E+9	6.046398	0.125691	0	0
0	0	0	-0.010758	9.712438	-3.497195	9.712438	5912	-1.883077E-11	-5.310457E+10	6.003555	0.125084	0	0
0	0	0	-0.011591	9.712192	-3.497953	9.712192	5909	1.630645E-10	6.132543E+9	5.967873	0.12445	0	0
0	0	0	-0.011853	9.712427	-3.498303	9.712427	5908	-1.977716E-11	-5.056339E+10	5.907977	0.124054	0	0
0	0	0	-0.011722	9.712342	-3.498139	9.712342	5908	-3.33931E-11	-2.994631E+10	5.878469	0.123315	0	0
0	0	0	-0.012326	9.712203	-3.498703	9.712203	5906	2.810844E-10	3.557651E+9	5.827831	0.123024	0	0
0	0	0	-0.012343	9.712149	-3.4987	9.712149	5906	6.079881E-11	1.644769E+10	5.776343	0.122377	0	0
0	0	0	-0.012392	9.712374	-3.498831	9.712374	5906	-2.65319E-11	-3.769047E+10	5.724859	0.121744	0	0
0	0	0	-0.012147	9.712192	-3.498517	9.712192	5907	1.630093E-10	6.13462E+9	5.675094	0.121334	0	0
0	0	0	-0.011983	9.712139	-3.498332	9.712139	5907	5.256939E-11	1.902248E+10	5.640272	0.12082	0	0
0	0	0	-0.01249	9.712192	-3.498865	9.712192	5906	1.629817E-10	6.135658E+9	5.610983	0.120212	0	0
0	0	0	-0.012702	9.712117	-3.499054	9.712117	5904	4.133956E-11	2.41899E+10	5.535665	0.119737	0	0
0	0	0	-0.012539	9.712352	-3.498972	9.712352	5905	-3.073144E-11	-3.253997E+10	5.503042	0.119248	0	0
0	0	0	-0.013192	9.712342	-3.499632	9.712342	5903	-3.336484E-11	-2.997167E+10	5.443175	0.118865	0	0
0	0	0	-0.013388	9.712491	-3.499885	9.712491	5902	-1.513012E-11	-6.609332E+10	5.406097	0.118192	0	0
0	0	0	-0.012931	9.712256	-3.499336	9.712256	5904	-1.071174E-10	-9.335549E+9	5.334874	0.11769	0	0
0	0	0	-0.012686	9.711946	-3.498976	9.711946	5905	1.528096E-11	6.544092E+10	5.310101	0.117175	0	0
0	0	0	-0.012784	9.712652	-3.499329	9.712652	5904	-9.546161E-12	-1.047541E+11	5.263663	0.116647	0	0
0	0	0	-0.012898	9.712449	-3.499372	9.712449	5904	-1.793548E-11	-5.575541E+10	5.232286	0.116159	0	0
0	0	0	-0.012261	9.712181	-3.498629	9.712181	5906	1.147623E-10	8.713666E+9	5.190584	0.115657	0	0
0	0	0	-0.012718	9.712352	-3.499155	9.712352	5904	-3.072623E-11	-3.254548E+10	5.120187	0.115169	0	0
0	0	0	-0.012392	9.712737	-3.498961	9.712737	5906	-7.978125E-12	-1.253427E+11	5.115029	0.114535	0	0
0	0	0	-0.012147	9.712566	-3.498651	9.712566	5907	-1.189338E-11	-8.408038E+10	5.037509	0.114192	0	0
0	0	0	-0.012343	9.712181	-3.498712	9.712181	5906	1.147623E-10	8.713666E+9	4.996127	0.113677	0	0
0	0	0	-0.012032	9.712395	-3.498473	9.712395	5907	-2.334309E-11	-4.283923E+10	4.94279	0.113175	0	0
0	0	0	-0.011804	9.712278	-3.498199	9.712278	5908	-6.904409E-11	-1.44835E+10	4.915909	0.112673	0	0
0	0	0	-0.011853	9.712042	-3.498164	9.712042	5908	2.368912E-11	4.221347E+10	4.857012	0.112251	0	0
0	0	0	-0.011297	9.712502	-3.497765	9.712502	5910	-1.458149E-11	-6.858012E+10	4.814877	0.111696	0	0
0	0	0	-0.011428	9.712384	-3.497856	9.712384	5910	-2.485014E-11	-4.024123E+10	4.757643	0.111234	0	0
0	0	0	-0.011346	9.712224	-3.497715	9.712224	5910	-6.260631E-10	-1.597283E+9	4.726163	0.11064	0	0
0	0	0	-0.011624	9.712278	-3.498017	9.712278	5909	-6.905578E-11	-1.448105E+10	4.694288	0.110046	0	0
0	0	0	-0.011836	9.712256	-3.498225	9.712256	5908	-1.0719E-10	-9.329229E+9	4.623833	0.109874	0	0
0	0	0	-0.011134	9.712481	-3.497592	9.712481	5911	-1.576868E-11	-6.341686E+10	4.605985	0.109254	0	0
0	0	0	-0.010775	9.712245	-3.497142	9.712245	5912	-1.482025E-10	-6.747525E+9	4.537525	0.108897	0	0
0	0	0	-0.010595	9.712107	-3.49691	9.712107	5913	3.741389E-11	2.672804E+10	4.522059	0.108356	0	0
0	0	0	-0.010987	9.712128	-3.497316	9.712128	5911	4.632754E-11	2.158543E+10	4.445479	0.10796	0	0
0	0	0	-0.011281	9.712267	-3.497664	9.712267	5910	-8.401713E-11	-1.190233E+10	4.424008	0.107458	0	0
0	0	0	-0.011052	9.712224	-3.497417	9.712224	5911	-6.261691E-10	-1.597013E+9	4.363798	0.106983	0	0
0	0	0	-0.01102	9.712427	-3.497456	9.712427	5911	-1.97872E-11	-5.053773E+10	4.338679	0.106613	0	0
0	0	0	-0.010954	9.712288	-3.49734	9.712288	5911	-5.864423E-11	-1.705197E+10	4.28408	0.106019	0	0
0	0	0	-0.011444	9.712481	-3.497907	9.712481	5910	-1.576601E-11	-6.342759E+10	4.242496	0.105623	0	0
0	0	0	-0.011428	9.712395	-3.49786	9.712395	5910	-2.335494E-11	-4.281749E+10	4.208481	0.105134	0	0
0	0	0	-0.011869	9.712374	-3.4983	9.712374	5908	-2.654089E-11	-3.767771E+10	4.153225	0.104712	0	0
0	0	0	-0.01133	9.712053	-3.497637	9.712053	5910	2.523792E-11	3.962292E+10	4.119527	0.104263	0	0
0	0	0	-0.011461	9.712128	-3.497797	9.712128	5910	4.631971E-11	2.158908E+10	4.072568	0.10384	0	0
0	0	0	-0.011983	9.712384	-3.49842	9.712384	5907	-2.483752E-11	-4.026166E+10	4.039871	0.103418	0	0
0	0	0	-0.011836	9.712502	-3.498313	9.712502	5908	-1.457655E-11	-6.860333E+10	0	0	0	0
0	0	0	-0.012702	9.712278	-3.499111	9.712278	5904	-6.899734E-11	-1.449331E+10	0	0	0	0
0	0	0	-0.012212	9.712128	-3.49856	9.712128	5907	4.629619E-11	2.160005E+10	0	0	0	0
0	0	0	-0.012653	9.712523	-3.49915	9.712523	5905	-1.355104E-11	-7.379508E+10	0	0	0	0
0	0	0	-0.013323	9.712598	-3.499857	9.712598	5902	-1.088247E-11	-9.189087E+10	0	0	0	0
0	0	0	-0.013045	9.712481	-3.499533	9.712481	5903	-1.574734E-11	-6.350281E+10	0	0	0	0
0	0	0	-0.013519	9.712587	-3.500052	9.712587	5902	-1.119681E-11	-8.931112E+10	0	0	0	0
0	0	0	-0.013176	9.712427	-3.499646	9.712427	5903	-1.976042E-11	-5.060622E+10	0	0	0	0
0	0	0	-0.013274	9.712491	-3.499769	9.712491	5902	-1.513012E-11	-6.609332E+10	0	0	0	0
0	0	0	-0.013502	9.71247	-3.499993	9.71247	5902	-1.641125E-11	-6.093381E+10	0	0	0	0
0	0	0	-0.013192	9.712438	-3.499667	9.712438	5903	-1.88021E-11	-5.318554E+10	0	0	0	0
0	0	0	-0.013453	9.71247	-3.499944	9.71247	5902	-1.641125E-11	-6.093381E+10	0	0	0	0
0	0	0	-0.014009	9.71279	-3.500623	9.71279	5900	-7.226825E-12	-1.383733E+11	0	0	0	0
0	0	0	-0.014286	9.712566	-3.500824	9.712566	5899	-1.187727E-11	-8.41944E+10	0	0	0	0
0	0	0	-0.013649	9.712427	-3.500127	9.712427	5901	-1.975372E-11	-5.062337E+10	0	0	0	0
0	0	0	-0.01409	9.71231	-3.500533	9.71231	5899	-4.494625E-11	-2.22488E+10	0	0	0	0
0	0	0	-0.013486	9.712598	-3.500023	9.712598	5902	-1.088247E-11	-9.189087E+10	0	0	0	0
0	0	0	-0.013878	9.712502	-3.500386	9.712502	5900	-1.455681E-11	-6.869636E+10	0	0	0	0
0	0	0	-0.013845	9.712256	-3.500265	9.712256	5900	-1.070449E-10	-9.341878E+9	0	0	0	0
0	0	0	-0.014123	9.712395	-3.500597	9.712395	5899	-2.331147E-11	-4.289733E+10	0	0	0	0
0	0	0	-0.014188	9.71216	-3.500579	9.71216	5899	7.201425E-11	1.388614E+10	0	0	0	0
0	0	0	-0.013682	9.712609	-3.500226	9.712609	5901	-1.058351E-11	-9.448663E+10	0	0	0	0
0	0	0	-0.013421	0	-0.013421	0	5902	0	0	0	0	0	0
0	0	0	-0.013029	0	-0.013029	0	5903	0	0	0	0	0	0
