Vload_(V)	ILoad_(A)	RsLoad (ohm)	SunsVoc_Voltage_(V)	SunsVoc_Current_(A)	Model_Voltage_(V)	Model_Current_(A)	Carrier_Density_(cm-3)	Lifetime_(s)	Inverse_Lifetime_(s-1)	Efficiency_(%)	Intensity_(suns)	Dark_IV_Voltage_(V)	Dark_IV_Current_(A)
4.674552	9.439173	0	38.897285	-0.943598	39.208432	-0.943598	7.874781E+14	5.186632E-5	19279.306482	16.001472	1.091842	0	0
4.686213	9.443073	-0.506015	38.839428	-0.602077	39.038065	-0.602077	7.60846E+14	5.181663E-5	19297.862184	15.98863	1.090457	0	0
4.750999	9.437158	1.599706	38.731913	-0.025976	38.740492	-0.025976	7.135578E+14	5.155395E-5	19396.311922	15.983606	1.087767	0	0
5.864973	9.440853	-0.630674	38.600844	0.619448	38.396028	0.619448	6.596046E+14	5.114331E-5	19552.176503	15.986893	1.086553	0	0
8.236862	9.436454	1.331838	38.462244	1.254398	38.046961	1.254398	6.067079E+14	5.069127E-5	19726.653417	16.001374	1.086236	0	0
10.789304	9.434473	1.237185	38.323563	1.833806	37.71569	1.833806	5.577793E+14	5.015363E-5	19938.218755	16.000212	1.086157	0	0
13.222753	9.420582	1.393017	38.192527	2.337855	37.416643	2.337855	5.149811E+14	4.959211E-5	20164.057412	15.979197	1.084878	0	0
15.617913	9.408467	1.268299	38.063712	2.799798	37.133428	2.799798	4.759473E+14	4.902209E-5	20398.590447	15.961729	1.082873	0	0
18.040301	9.393392	1.109378	37.936188	3.230376	36.86159	3.230376	4.400799E+14	4.847126E-5	20630.460768	15.967608	1.079694	0	0
20.4518	9.388711	0.87556	37.80716	3.634156	36.596824	3.634156	4.064169E+14	4.787717E-5	20886.507624	15.983711	1.075526	0	0
22.860121	9.391691	0.604862	37.679407	4.005137	36.343969	4.005137	3.755178E+14	4.725723E-5	21160.55108	15.98243	1.07145	0	0
25.265788	9.377573	0.408548	37.552454	4.354979	36.098695	4.354979	3.470487E+14	4.667976E-5	21422.36295	15.980856	1.067836	0	0
27.653245	9.297253	0.335871	37.422627	4.691276	35.854762	4.691276	3.200846E+14	4.610243E-5	21690.662324	15.973728	1.065039	0	0
28.564105	9.207271	0.342974	37.293175	5.001334	35.619727	5.001334	2.952139E+14	4.5491E-5	21982.224833	15.984686	1.061794	0	0
29.448544	9.073093	0.346335	37.167349	5.285205	35.396905	5.285205	2.728346E+14	4.491554E-5	22263.887032	15.980475	1.057626	0	0
30.326766	8.875829	0.346372	37.04118	5.549075	35.180226	5.549075	2.520475E+14	4.430799E-5	22569.185724	15.969824	1.052746	0	0
31.190586	8.590854	0.345751	36.918197	5.793055	34.973265	5.793055	2.332686E+14	4.375078E-5	22856.64271	15.96601	1.047852	0	0
32.057774	8.200967	0.341958	36.797108	6.017291	34.774687	6.017291	2.161115E+14	4.3189E-5	23153.966797	15.988345	1.042457	0	0
32.89583	7.692481	0.339445	36.677065	6.22424	34.582826	6.22424	2.003187E+14	4.260982E-5	23468.70025	15.994662	1.037695	0	0
33.7326	7.044833	0.336488	36.558867	6.417808	34.397204	6.417808	1.858716E+14	4.206976E-5	23769.985961	15.986703	1.033131	0	0
34.54634	6.273928	0.331819	36.44134	6.598986	34.216305	6.598986	1.725181E+14	4.153822E-5	24074.162994	15.982401	1.028792	0	0
35.338142	5.382004	0.327063	36.324955	6.769522	34.040035	6.769522	1.602218E+14	4.104188E-5	24365.313348	15.992924	1.023674	0	0
36.125093	4.362744	0.321882	36.207722	6.930178	33.866116	6.930178	1.487056E+14	4.053103E-5	24672.416521	15.995497	1.018411	0	0
36.847509	3.298042	0.323431	36.092416	7.078507	33.698221	7.078507	1.381728E+14	4.002657E-5	24983.371614	15.993693	1.012686	0	0
37.531043	2.183499	0.332079	35.979037	7.215624	33.535989	7.215624	1.285324E+14	3.952994E-5	25297.252664	15.997356	1.00708	0	0
38.132894	1.125116	0.344134	35.866344	7.342714	33.377762	7.342714	1.196072E+14	3.901495E-5	25631.179743	16.007868	1.001342	0	0
30.460137	8.835441	0.347257	35.755906	7.462736	33.224152	7.462736	1.114537E+14	3.856309E-5	25931.514633	16.016814	0.996026	0	0
38.730386	0	0	35.646104	7.574448	33.073934	7.574448	1.038913E+14	3.809997E-5	26246.718816	16.011033	0.99079	0	0
0	0	0	35.536483	7.678382	32.926471	7.678382	9.684698E+13	3.761305E-5	26586.502953	16.011974	0.985368	0	0
0	0	0	35.427057	7.775384	32.781497	7.775384	9.028629E+13	3.710939E-5	26947.341773	16.018423	0.979485	0	0
0	0	0	35.321159	7.866425	32.642102	7.866425	8.435616E+13	3.667903E-5	27263.51933	16.029687	0.973563	0	0
0	0	0	35.21714	7.951532	32.506595	7.951532	7.890683E+13	3.627242E-5	27569.142682	16.025744	0.967812	0	0
0	0	0	35.11384	8.030941	32.373715	8.030941	7.384035E+13	3.585749E-5	27888.164194	16.031852	0.9621	0	0
0	0	0	35.010997	8.105863	32.242786	8.105863	6.911669E+13	3.544967E-5	28209.002047	16.03691	0.956494	0	0
0	0	0	34.907958	8.177174	32.112844	8.177174	6.468459E+13	3.505112E-5	28529.750455	16.049218	0.95073	0	0
0	0	0	34.807615	8.245802	31.986538	8.245802	6.063964E+13	3.474892E-5	28777.866416	16.040077	0.945585	0	0
0	0	0	34.707075	8.308614	31.861981	8.308614	5.683864E+13	3.438037E-5	29086.355824	16.050003	0.939874	0	0
0	0	0	34.607222	8.367617	31.739394	8.367617	5.329785E+13	3.401379E-5	29399.839535	16.047856	0.934413	0	0
0	0	0	34.508299	8.42363	31.618752	8.42363	5.000624E+13	3.367335E-5	29697.071814	16.056413	0.928556	0	0
0	0	0	34.409997	8.475541	31.500122	8.475541	4.693548E+13	3.330813E-5	30022.698577	16.046988	0.92332	0	0
0	0	0	34.311336	8.525008	31.381931	8.525008	4.404203E+13	3.294603E-5	30352.665669	16.06025	0.917555	0	0
0	0	0	34.214276	8.571582	31.266349	8.571582	4.136873E+13	3.260749E-5	30667.799304	16.062504	0.912226	0	0
0	0	0	34.11697	8.615914	31.15126	8.615914	3.885075E+13	3.22718E-5	30986.80487	16.073291	0.906383	0	0
0	0	0	34.020547	8.657122	31.038126	8.657122	3.65061E+13	3.192202E-5	31326.335303	16.060959	0.901318	0	0
0	0	0	33.925969	8.695303	30.927906	8.695303	3.434325E+13	3.157218E-5	31673.454848	16.068421	0.895448	0	0
0	0	0	33.833123	8.731447	30.820144	8.731447	3.234417E+13	3.125294E-5	31996.987301	16.079124	0.889855	0	0
0	0	0	33.741094	8.765992	30.713752	8.765992	3.047708E+13	3.096008E-5	32299.661012	16.087709	0.883906	0	0
0	0	0	33.649947	8.797911	30.609155	8.797911	2.873375E+13	3.064201E-5	32634.937132	16.076982	0.878868	0	0
0	0	0	33.558603	8.828193	30.504905	8.828193	2.708637E+13	3.031684E-5	32984.969824	16.081055	0.873446	0	0
0	0	0	33.469204	8.857103	30.403109	8.857103	2.556523E+13	3.003548E-5	33293.960363	16.094044	0.868038	0	0
0	0	0	33.379723	8.884555	30.301719	8.884555	2.412799E+13	2.975005E-5	33613.389468	16.093465	0.86259	0	0
0	0	0	33.290209	8.910362	30.20085	8.910362	2.277082E+13	2.944682E-5	33959.517788	16.086624	0.857723	0	0
0	0	0	33.200597	8.934895	30.100309	8.934895	2.148843E+13	2.914038E-5	34316.645187	16.091209	0.852434	0	0
0	0	0	33.111671	8.958079	30.000928	8.958079	2.028706E+13	2.883696E-5	34677.714364	16.102617	0.84692	0	0
0	0	0	33.02139	8.980195	29.900513	8.980195	1.913591E+13	2.851135E-5	35073.754578	16.097186	0.841868	0	0
0	0	0	32.933836	9.001381	29.803211	9.001381	1.808182E+13	2.824457E-5	35405.038784	16.097156	0.836895	0	0
0	0	0	32.845515	9.021413	29.705511	9.021413	1.707717E+13	2.795435E-5	35772.602111	16.095914	0.831909	0	0
0	0	0	32.757308	9.040491	29.60825	9.040491	1.612943E+13	2.766641E-5	36144.912053	16.111672	0.826606	0	0
0	0	0	32.670701	9.058301	29.513066	9.058301	1.524997E+13	2.738103E-5	36521.631489	16.099602	0.82195	0	0
0	0	0	32.584553	9.075315	29.41862	9.075315	1.442265E+13	2.710651E-5	36891.506826	16.100788	0.816938	0	0
0	0	0	32.498322	9.091348	29.324424	9.091348	1.363941E+13	2.681606E-5	37291.091648	16.096602	0.812057	0	0
0	0	0	32.412598	9.106897	29.230909	9.106897	1.290287E+13	2.65551E-5	37657.551344	16.117403	0.806596	0	0
0	0	0	32.327135	9.122383	29.137676	9.122383	1.22081E+13	2.635341E-5	37945.750427	16.101155	0.802046	0	0
0	0	0	32.241885	9.136142	29.045258	9.136142	1.155228E+13	2.607E-5	38358.271983	16.098445	0.797337	0	0
0	0	0	32.156275	9.149135	28.952731	9.149135	1.09291E+13	2.576857E-5	38806.965685	16.102397	0.792337	0	0
0	0	0	32.071253	9.161889	28.860886	9.161889	1.034343E+13	2.550937E-5	39201.286372	16.102896	0.787457	0	0
0	0	0	31.987309	9.173611	28.770504	9.173611	9.795939E+12	2.522555E-5	39642.34312	16.087996	0.78313	0	0
0	0	0	31.899364	9.185238	28.676037	9.185238	9.253371E+12	2.491938E-5	40129.40255	16.096516	0.778223	0	0
0	0	0	31.815208	9.196303	28.585656	9.196303	8.762311E+12	2.467205E-5	40531.693782	16.104164	0.773409	0	0
0	0	0	31.731297	9.20694	28.495671	9.20694	8.2986E+12	2.443665E-5	40922.143209	16.099733	0.768779	0	0
0	0	0	31.646455	9.216567	28.405079	9.216567	7.854664E+12	2.41297E-5	41442.699447	16.090511	0.764505	0	0
0	0	0	31.563867	9.225874	28.316912	9.225874	7.445322E+12	2.387013E-5	41893.354354	16.097775	0.759889	0	0
0	0	0	31.48185	9.234824	28.229453	9.234824	7.059909E+12	2.362583E-5	42326.550988	16.101273	0.755417	0	0
0	0	0	31.399655	9.243629	28.141857	9.243629	6.69365E+12	2.340876E-5	42719.047341	16.099364	0.750959	0	0
0	0	0	31.317361	9.251957	28.054324	9.251957	6.345974E+12	2.318007E-5	43140.503517	16.088829	0.746962	0	0
0	0	0	31.234691	9.259713	27.966602	9.259713	6.014877E+12	2.292023E-5	43629.572637	16.087274	0.742754	0	0
0	0	0	31.152021	9.266822	27.879105	9.266822	5.701043E+12	2.26205E-5	44207.682433	16.104409	0.738137	0	0
0	0	0	31.070087	9.274447	27.792177	9.274447	5.406147E+12	2.244334E-5	44556.642355	16.086149	0.734246	0	0
0	0	0	30.988953	9.281116	27.706407	9.281116	5.129156E+12	2.219182E-5	45061.65729	16.088453	0.730038	0	0
0	0	0	30.907704	9.287753	27.620528	9.287753	4.865987E+12	2.197592E-5	45504.355364	16.097766	0.725923	0	0
0	0	0	30.826096	9.293868	27.53446	9.293868	4.615238E+12	2.172076E-5	46038.897867	16.103484	0.721451	0	0
0	0	0	30.74475	9.299608	27.448791	9.299608	4.378144E+12	2.145236E-5	46614.925811	16.077144	0.717929	0	0
0	0	0	30.663975	9.30542	27.363681	9.30542	4.154764E+12	2.12424E-5	47075.669466	16.084576	0.71359	0	0
0	0	0	30.583053	9.310835	27.278559	9.310835	3.942399E+12	2.100714E-5	47602.857725	16.089172	0.709527	0	0
0	0	0	30.501413	9.315753	27.192871	9.315753	3.739141E+12	2.071798E-5	48267.263201	16.093305	0.705227	0	0
0	0	0	30.419838	9.320971	27.107141	9.320971	3.546507E+12	2.051805E-5	48737.583848	16.066757	0.701758	0	0
0	0	0	30.339177	9.325741	27.022509	9.325741	3.36579E+12	2.029133E-5	49282.126887	16.084669	0.69722	0	0
0	0	0	30.25641	9.330657	26.935656	9.330657	3.189915E+12	2.01023E-5	49745.561096	16.076725	0.69321	0	0
0	0	0	30.175455	9.335021	26.850861	9.335021	3.026784E+12	1.987346E-5	50318.36354	16.0749	0.689108	0	0
0	0	0	30.09419	9.33871	26.765986	9.33871	2.871414E+12	1.954558E-5	51162.45052	16.060872	0.68552	0	0
0	0	0	30.012305	9.342792	26.68033	9.342792	2.722921E+12	1.931992E-5	51760.036742	16.072736	0.681167	0	0
0	0	0	29.931661	9.347298	26.595797	9.347298	2.584184E+12	1.923475E-5	51989.236628	16.064338	0.677355	0	0
0	0	0	29.850559	9.350652	26.511204	9.350652	2.451786E+12	1.89407E-5	52796.354332	16.056337	0.673504	0	0
0	0	0	29.769344	9.353859	26.426543	9.353859	2.325996E+12	1.864443E-5	53635.30785	16.057724	0.669599	0	0
0	0	0	29.688569	9.357211	26.342283	9.357211	2.20729E+12	1.841648E-5	54299.196485	16.066135	0.665734	0	0
0	0	0	29.60652	9.36077	26.256637	9.36077	2.092911E+12	1.825483E-5	54780.033641	16.05922	0.661843	0	0
0	0	0	29.525255	9.363716	26.172015	9.363716	1.985466E+12	1.799387E-5	55574.471924	16.046171	0.658321	0	0
0	0	0	29.44221	9.366559	26.085598	9.366559	1.881362E+12	1.771791E-5	56440.053967	16.048421	0.654562	0	0
0	0	0	29.359965	9.369463	25.99998	9.369463	1.783641E+12	1.749745E-5	57151.196655	16.052326	0.650578	0	0
0	0	0	29.276381	9.372388	25.912975	9.372388	1.689526E+12	1.730013E-5	57803.030018	16.046885	0.646872	0	0
0	0	0	29.193597	9.37498	25.826913	9.37498	1.601207E+12	1.705772E-5	58624.495672	16.029892	0.643535	0	0
0	0	0	29.109963	9.377136	25.740131	9.377136	1.516669E+12	1.671873E-5	59813.172869	16.050137	0.63934	0	0
0	0	0	29.026526	9.379894	25.653334	9.379894	1.436775E+12	1.657478E-5	60332.616363	16.048213	0.635673	0	0
0	0	0	28.943089	9.381841	25.566828	9.381841	1.36109E+12	1.623501E-5	61595.292714	16.030708	0.632138	0	0
0	0	0	28.857691	9.384141	25.478177	9.384141	1.287752E+12	1.600217E-5	62491.541826	16.021301	0.628669	0	0
0	0	0	28.774548	9.386294	25.391896	9.386294	1.220148E+12	1.577954E-5	63373.206825	16.042411	0.624567	0	0
0	0	0	28.690131	9.388448	25.304304	9.388448	1.155138E+12	1.557296E-5	64213.873151	16.028717	0.621256	0	0
0	0	0	28.604112	9.390633	25.215053	9.390633	1.092456E+12	1.539087E-5	64973.590499	16.010964	0.617918	0	0
0	0	0	28.517604	9.392288	25.125489	9.392288	1.032846E+12	1.506481E-5	66379.851158	16.014065	0.614436	0	0
0	0	0	28.430638	9.393983	25.035438	9.393983	9.761994E+11	1.477267E-5	67692.56677	16.020644	0.610743	0	0
0	0	0	28.342039	9.395793	24.943666	9.395793	9.216818E+11	1.452944E-5	68825.786593	16.006148	0.607603	0	0
0	0	0	28.254682	9.397913	24.853057	9.397913	8.709096E+11	1.443466E-5	69277.707501	15.997121	0.604398	0	0
0	0	0	28.165086	9.399226	24.760437	9.399226	8.217403E+11	1.406729E-5	71086.877378	16.007391	0.600771	0	0
0	0	0	28.069071	9.400675	24.661166	9.400675	7.721249E+11	1.371533E-5	72911.103396	15.993411	0.597579	0	0
0	0	0	27.976111	9.402194	24.565009	9.402194	7.269439E+11	1.344353E-5	74385.228788	15.98575	0.594387	0	0
0	0	0	27.881778	9.403766	24.467422	9.403766	6.837975E+11	1.32068E-5	75718.5461	15.978819	0.591247	0	0
0	0	0	27.79019	9.405035	24.372766	9.405035	6.443577E+11	1.290772E-5	77473.022283	15.991307	0.587646	0	0
0	0	0	27.697524	9.406729	24.276845	9.406729	6.067681E+11	1.278961E-5	78188.482935	15.976709	0.58456	0	0
0	0	0	27.603175	9.40776	24.179435	9.40776	5.707479E+11	1.242517E-5	80481.798576	15.960631	0.581552	0	0
0	0	0	27.508042	9.408874	24.081188	9.408874	5.36593E+11	1.211101E-5	82569.486917	15.956572	0.578439	0	0
0	0	0	27.409642	9.410289	23.97947	9.410289	5.034139E+11	1.191865E-5	83902.151572	15.973304	0.574825	0	0
0	0	0	27.312206	9.411527	23.878808	9.411527	4.725815E+11	1.168961E-5	85546.05603	15.948377	0.571989	0	0
0	0	0	27.214754	9.412525	23.778215	9.412525	4.436328E+11	1.138487E-5	87835.878975	15.937945	0.568929	0	0
0	0	0	27.114884	9.414105	23.674923	9.414105	4.158046E+11	1.134327E-5	88157.998997	15.945761	0.565644	0	0
0	0	0	27.014279	9.414585	23.571276	9.414585	3.895363E+11	1.083408E-5	92301.371821	15.95651	0.562017	0	0
0	0	0	26.912595	9.415895	23.466216	9.415895	3.646722E+11	1.071323E-5	93342.522369	15.918334	0.559616	0	0
0	0	0	26.808805	9.416696	23.359174	9.416696	3.409288E+11	1.037282E-5	96405.837812	15.919942	0.556424	0	0
0	0	0	26.704313	9.417913	23.251258	9.417913	3.185861E+11	1.02476E-5	97583.83066	15.926613	0.553219	0	0
0	0	0	26.59786	9.418621	23.141511	9.418621	2.973292E+11	9.893267E-6	101078.841949	15.914648	0.550132	0	0
0	0	0	26.489251	9.41966	23.029424	9.41966	2.771028E+11	9.711618E-6	102969.457628	15.890116	0.547639	0	0
0	0	0	26.380119	9.420472	22.916883	9.420472	2.581647E+11	9.440505E-6	105926.540537	15.902108	0.54421	0	0
0	0	0	26.269844	9.421107	22.80323	9.421107	2.403425E+11	9.097663E-6	109918.336805	15.892743	0.541334	0	0
0	0	0	26.15738	9.421711	22.687337	9.421711	2.234332E+11	8.74999E-6	114285.850396	15.877918	0.538379	0	0
0	0	0	26.04356	9.422843	22.569854	9.422843	2.075309E+11	8.690963E-6	115062.048413	15.870043	0.535583	0	0
0	0	0	25.929495	9.423353	22.452348	9.423353	1.927298E+11	8.331306E-6	120029.207282	15.874515	0.532233	0	0
0	0	0	25.811951	9.424237	22.331125	9.424237	1.785807E+11	8.176351E-6	122303.952482	15.865581	0.529463	0	0
0	0	0	25.69279	9.424871	22.208331	9.424871	1.652969E+11	7.90392E-6	126519.500995	15.845485	0.526679	0	0
0	0	0	25.570803	9.425195	22.082744	9.425195	1.527209E+11	7.471438E-6	133843.04556	15.847571	0.523804	0	0
0	0	0	25.446415	9.426202	21.954435	9.426202	1.408822E+11	7.427871E-6	134628.084718	15.844343	0.520717	0	0
0	0	0	25.321194	9.426494	21.825533	9.426494	1.298909E+11	7.006042E-6	142733.940656	15.838515	0.517934	0	0
0	0	0	25.193391	9.427056	21.693876	9.427056	1.195568E+11	6.747525E-6	148202.497729	15.81354	0.515335	0	0
0	0	0	25.063433	9.427991	21.559862	9.427991	1.09891E+11	6.720639E-6	148795.367519	15.832479	0.512209	0	0
0	0	0	24.931694	9.428023	21.424352	9.428023	1.008901E+11	6.188016E-6	161602.688645	15.828415	0.509426	0	0
0	0	0	24.797309	9.428886	21.285812	9.428886	9.24676E+10	6.146779E-6	162686.823722	15.813324	0.506656	0	0
0	0	0	24.659478	9.429416	21.143849	9.429416	8.455893E+10	5.926496E-6	168733.757582	15.785825	0.504189	0	0
0	0	0	24.519718	9.430019	20.999876	9.430019	7.723004E+10	5.769293E-6	173331.467447	15.811457	0.500984	0	0
0	0	0	24.375206	9.430487	20.851065	9.430487	7.03192E+10	5.536041E-6	180634.509585	15.793025	0.498425	0	0
0	0	0	24.227116	9.430882	20.6986	9.430882	6.387836E+10	5.268715E-6	189799.613369	15.777916	0.495774	0	0
0	0	0	24.07669	9.430997	20.543838	9.430997	5.793959E+10	4.846124E-6	206350.480272	15.762872	0.493162	0	0
0	0	0	23.926248	9.431662	20.388852	9.431662	5.25524E+10	4.784607E-6	209003.595515	15.777145	0.490049	0	0
0	0	0	23.771543	9.431891	20.229645	9.431891	4.753445E+10	4.463888E-6	224019.960712	15.747228	0.487741	0	0
0	0	0	23.611823	9.432431	20.065162	9.432431	4.2856E+10	4.347081E-6	230039.410079	15.742277	0.485063	0	0
0	0	0	23.450894	9.432919	19.899456	9.432919	3.860773E+10	4.221983E-6	236855.510244	15.737636	0.482412	0	0
0	0	0	23.285898	9.433034	19.729706	9.433034	3.468894E+10	3.864368E-6	258774.503316	15.729971	0.47976	0	0
0	0	0	23.118158	9.433149	19.557133	9.433149	3.111248E+10	3.531973E-6	283127.848907	15.70926	0.477386	0	0
0	0	0	22.945778	9.433668	19.379636	9.433668	2.782091E+10	3.45631E-6	289325.930014	15.705994	0.474603	0	0
0	0	0	22.769544	9.433742	19.198342	9.433742	2.481543E+10	3.124477E-6	320053.579343	15.712599	0.471886	0	0
0	0	0	22.588115	9.434313	19.011517	9.434313	2.206018E+10	3.104007E-6	322164.212294	15.690375	0.469419	0	0
0	0	0	22.40551	9.434656	18.823568	9.434656	1.959589E+10	2.966549E-6	337091.996919	15.678097	0.466913	0	0
0	0	0	22.218283	9.434843	18.630923	9.434843	1.735475E+10	2.740864E-6	364848.464823	15.674409	0.464248	0	0
0	0	0	22.028049	9.435466	18.435021	9.435466	1.533999E+10	2.829793E-6	353382.797287	15.679235	0.461531	0	0
0	0	0	21.833145	9.435466	18.23455	9.435466	1.35181E+10	2.493971E-6	400966.990665	15.650499	0.459328	0	0
0	0	0	21.633862	9.435477	18.029572	9.435477	1.187881E+10	2.1979E-6	454979.828516	15.655005	0.456664	0	0
0	0	0	21.431786	9.436017	17.821519	9.436017	1.041942E+10	2.257631E-6	442942.187303	15.637919	0.454329	0	0
0	0	0	21.227636	9.435965	17.611559	9.435965	9.127025E+9	1.94579E-6	513930.188414	15.645478	0.451559	0	0
0	0	0	21.018585	9.436266	17.396422	9.436266	7.969565E+9	1.875077E-6	533311.466929	15.614836	0.449422	0	0
0	0	0	20.803932	9.436474	17.175559	9.436474	6.933643E+9	1.756937E-6	569172.531097	15.616222	0.446942	0	0
0	0	0	20.582598	9.436651	16.947835	9.436651	6.006289E+9	1.628532E-6	614049.992968	15.619019	0.444383	0	0
0	0	0	20.358111	9.436734	16.716905	9.436734	5.192336E+9	1.455874E-6	686872.681937	15.619067	0.44164	0	0
0	0	0	20.132627	9.437087	16.484845	9.437087	4.485786E+9	1.470585E-6	680001.567984	15.572342	0.439753	0	0
0	0	0	19.903158	9.437201	16.248778	9.437201	3.865374E+9	1.34065E-6	745906.589986	15.589023	0.437155	0	0
0	0	0	19.670276	9.437087	16.009288	9.437087	3.323401E+9	1.089677E-6	917703.424869	15.576815	0.43482	0	0
0	0	0	19.435612	9.437596	15.767724	9.437596	2.85412E+9	1.237553E-6	808046.373857	15.559549	0.432578	0	0
0	0	0	19.196816	9.437679	15.522075	9.437679	2.444542E+9	1.118929E-6	893712.044577	15.53747	0.430494	0	0
0	0	0	18.952368	9.437866	15.270572	9.437866	2.086078E+9	1.091351E-6	916295.812498	15.558408	0.427645	0	0
0	0	0	18.705127	9.438073	15.016188	9.438073	1.776956E+9	1.10515E-6	904854.511202	15.524195	0.42556	0	0
0	0	0	18.455224	9.438084	14.759142	9.438084	1.511029E+9	9.487805E-7	1053984.548315	15.505827	0.423437	0	0
0	0	0	18.200926	9.43769	14.497735	9.43769	1.281241E+9	5.906912E-7	1692931.858452	15.497652	0.421326	0	0
0	0	0	17.942806	9.438157	14.232059	9.438157	1.083708E+9	7.29177E-7	1371409.219844	15.512632	0.418622	0	0
0	0	0	17.681256	9.438302	13.96298	9.438302	9.145911E+8	7.180485E-7	1392663.68248	15.477045	0.416617	0	0
0	0	0	17.417942	9.438125	13.692214	9.438125	7.709831E+8	5.033892E-7	1986534.391643	15.45843	0.414441	0	0
0	0	0	17.151785	9.438644	13.41825	9.438644	6.48727E+8	8.393371E-7	1191416.43562	15.465086	0.412093	0	0
0	0	0	16.878294	9.438375	13.137053	9.438375	5.432665E+8	4.653899E-7	2148736.105017	15.461279	0.409771	0	0
0	0	0	16.601357	9.438624	12.852106	9.438624	4.539341E+8	5.651901E-7	1769316.092363	15.433841	0.407661	0	0
0	0	0	16.326951	9.438572	12.569882	9.438572	3.799146E+8	4.322227E-7	2313622.362666	15.424734	0.405445	0	0
0	0	0	16.048871	9.438707	12.283804	9.438707	3.172077E+8	4.653145E-7	2149083.929112	15.427183	0.403005	0	0
0	0	0	15.772848	9.438551	11.999959	9.438551	2.652048E+8	2.916687E-7	3428547.807786	15.414897	0.401013	0	0
0	0	0	15.495551	9.438686	11.714687	9.438686	2.21544E+8	3.111558E-7	3213824.526521	15.387764	0.399034	0	0
0	0	0	15.216196	9.439018	11.427218	9.439018	1.848242E+8	8.161217E-7	1225307.510493	15.378907	0.396818	0	0
0	0	0	14.935747	9.438925	11.138795	9.438925	1.540811E+8	4.244621E-7	2355922.962254	15.391956	0.394154	0	0
0	0	0	14.656735	9.438956	10.8518	9.438956	1.285715E+8	4.049843E-7	2469231.55252	15.365182	0.392254	0	0
0	0	0	14.37609	9.439236	10.563024	9.439236	1.071717E+8	-1.162453E-6	-860250.068788	15.345443	0.390315	0	0
0	0	0	14.094284	9.438862	10.27332	9.438862	8.926653E+7	1.9662E-7	5085951.415516	15.349739	0.388139	0	0
0	0	0	13.813868	9.439122	9.984787	9.439122	7.441977E+7	9.96432E-7	1003580.758833	15.342973	0.385791	0	0
0	0	0	13.535215	9.439485	9.698026	9.439485	6.211336E+7	-1.361072E-7	-7347149.334653	15.308224	0.384089	0	0
0	0	0	13.2547	9.43907	9.409667	9.43907	5.177941E+7	3.439649E-7	2907273.115371	15.308242	0.38186	0	0
0	0	0	12.969579	9.43934	9.11629	9.43934	4.303596E+7	-1.764118E-7	-5668555.269898	15.312512	0.379776	0	0
0	0	0	12.689424	9.439298	8.828149	9.439298	3.588433E+7	-1.958051E-7	-5107119.820131	15.290034	0.377573	0	0
0	0	0	12.411409	9.43907	8.542284	9.43907	2.99627E+7	1.990539E-7	5023764.529132	15.266682	0.375832	0	0
0	0	0	12.136007	9.439028	8.259032	9.439028	2.506072E+7	1.186514E-7	8428048.825907	15.262317	0.37384	0	0
0	0	0	11.862793	9.439153	7.977962	9.439153	2.099049E+7	7.202993E-7	1388311.808195	15.262604	0.371532	0	0
0	0	0	11.590234	9.439205	7.697595	9.439205	1.758878E+7	-3.764507E-7	-2656390.218566	15.228821	0.369843	0	0
0	0	0	11.317788	9.439277	7.417336	9.439277	1.473945E+7	-9.637952E-8	-1.037565E+7	15.218971	0.367904	0	0
0	0	0	11.048757	9.439433	7.140555	9.439433	1.237908E+7	-3.253206E-8	-3.073891E+7	15.201975	0.365952	0	0
0	0	0	10.782323	9.43936	6.866539	9.43936	1.041423E+7	-3.796476E-8	-2.634022E+7	15.221964	0.363697	0	0
0	0	0	10.515888	9.43963	6.592381	9.43963	8761253.5	-1.31E-8	-7.633588E+7	15.18308	0.362087	0	0
0	0	0	10.252329	9.439433	6.321374	9.439433	7384397.5	-1.940597E-8	-5.153052E+7	15.170831	0.360228	0	0
0	0	0	9.991122	9.439246	6.052783	9.439246	6233422.5	-5.802953E-8	-1.723261E+7	15.161629	0.358275	0	0
0	0	0	9.732332	9.439589	5.786457	9.439589	5270103.5	-8.666368E-9	-1.153886E+8	15.170883	0.356007	0	0
0	0	0	9.473004	9.439609	5.519711	9.439609	4454099	-6.97637E-9	-1.43341E+8	15.124004	0.354648	0	0
0	0	0	9.209983	9.43935	5.249285	9.43935	3755438	-1.449171E-8	-6.900498E+7	15.123148	0.352551	0	0
0	0	0	8.953285	9.439402	4.985231	9.439402	3179378	-9.490496E-9	-1.053686E+8	15.116781	0.350704	0	0
0	0	0	8.701045	9.4399	4.725576	9.4399	2699480	-2.538812E-9	-3.938851E+8	15.114554	0.348554	0	0
0	0	0	8.450848	9.43963	4.468344	9.43963	2295056	-3.431597E-9	-2.914095E+8	15.073738	0.347169	0	0
0	0	0	8.204178	9.439485	4.214688	9.439485	1955692	-4.285163E-9	-2.333633E+8	15.075128	0.344979	0	0
0	0	0	7.961478	9.439765	3.964936	9.439765	1670805.5	-1.92924E-9	-5.183389E+8	15.060892	0.343238	0	0
0	0	0	7.72149	9.439713	3.718113	9.439713	1429931.5	-1.809625E-9	-5.526008E+8	15.049744	0.341339	0	0
0	0	0	7.485683	9.439205	3.475786	9.439205	1227107.5	-2.625911E-8	-3.808202E+7	15.024236	0.339914	0	0
0	0	0	7.262241	9.439848	3.245687	9.439848	1061533	-1.075053E-9	-9.301863E+8	15.021072	0.337698	0	0
0	0	0	7.056539	9.439807	3.034126	9.439807	928928.5	-1.002368E-9	-9.976372E+8	15.004129	0.335983	0	0
0	0	0	6.864705	9.439827	2.836803	9.439827	820234.5	-8.57019E-10	-1.166835E+9	14.973724	0.334268	0	0
0	0	0	6.68014	9.439941	2.646916	9.439941	727681.5	-6.474175E-10	-1.544598E+9	14.963909	0.332606	0	0
0	0	0	6.501815	9.43962	2.463633	9.43962	648190.5	-9.916789E-10	-1.008391E+9	14.95903	0.330641	0	0
0	0	0	6.327492	9.440014	2.284161	9.440014	578884.5	-4.705678E-10	-2.125092E+9	14.946142	0.32886	0	0
0	0	0	6.157563	9.439775	2.109479	9.439775	518463.5	-5.883498E-10	-1.699669E+9	14.912296	0.327317	0	0
0	0	0	5.989724	9.440066	1.936721	9.440066	464980	-3.560213E-10	-2.80882E+9	14.914063	0.325563	0	0
0	0	0	5.823209	9.439755	1.765582	9.439755	417371.5	-4.905224E-10	-2.038643E+9	14.898025	0.323782	0	0
0	0	0	5.658736	9.439983	1.596312	9.439983	375134	-3.166581E-10	-3.15798E+9	14.89977	0.321817	0	0
0	0	0	5.492449	9.439755	1.425372	9.439755	336775	-3.958001E-10	-2.526528E+9	14.849548	0.320484	0	0
0	0	0	5.328498	9.439796	1.25672	9.439796	302796.5	-3.321735E-10	-3.010475E+9	14.8651	0.318598	0	0
0	0	0	5.167814	9.439775	1.091454	9.439775	272823.5	-3.095987E-10	-3.229987E+9	14.840522	0.316949	0	0
0	0	0	5.009156	9.440201	0.928079	9.440201	246141	-1.637352E-10	-6.107424E+9	14.832552	0.315208	0	0
0	0	0	4.849338	9.440066	0.763753	9.440066	221901	-1.69903E-10	-5.885712E+9	14.790783	0.313863	0	0
0	0	0	4.69215	9.439641	0.602259	9.439641	200390	-2.929788E-10	-3.413217E+9	14.801751	0.311884	0	0
0	0	0	4.534945	9.44017	0.440333	9.44017	180962	-1.241362E-10	-8.055669E+9	14.780533	0.310314	0	0
0	0	0	4.377953	9.440107	0.278883	9.440107	163440	-1.195842E-10	-8.362306E+9	14.756103	0.308692	0	0
0	0	0	4.221892	9.439734	0.118525	9.439734	147704	-1.800112E-10	-5.55521E+9	14.724064	0.307241	0	0
0	0	0	4.065292	9.439993	-0.042662	9.439993	133436.5	-1.112121E-10	-8.991829E+9	14.750683	0.305236	0	0
0	0	0	3.906732	9.439526	-0.205549	9.439526	120393.5	-2.328346E-10	-4.294895E+9	14.71792	0.303811	0	0
0	0	0	3.74858	9.439661	-0.368278	9.439661	108655	-1.521098E-10	-6.574198E+9	14.693657	0.302321	0	0
0	0	0	3.59033	9.439962	-0.53118	9.439962	98054	-8.494519E-11	-1.17723E+10	14.663053	0.300962	0	0
0	0	0	3.430789	9.440004	-0.695297	9.440004	88414	-7.276808E-11	-1.374229E+10	14.671277	0.299076	0	0
0	0	0	3.272621	9.439786	-0.857889	9.439786	79792	-8.901493E-11	-1.123407E+10	14.665756	0.297414	0	0
0	0	0	3.111823	9.440201	-1.023462	9.440201	71888.5	-4.782086E-11	-2.091138E+10	14.616371	0.296187	0	0
0	0	0	2.949277	9.439651	-1.190411	9.439651	64694.5	-9.253347E-11	-1.08069E+10	14.600654	0.294578	0	0
0	0	0	2.7858	9.439692	-1.358577	9.439692	58185	-7.657565E-11	-1.305898E+10	14.604661	0.29285	0	0
0	0	0	2.621163	9.440367	-1.528214	9.440367	52291	-2.994822E-11	-3.339096E+10	14.603625	0.291228	0	0
0	0	0	2.456788	9.439775	-1.697025	9.439775	47002	-5.333763E-11	-1.874849E+10	14.559545	0.289988	0	0
0	0	0	2.292265	9.440056	-1.866372	9.440056	42244.5	-3.272553E-11	-3.055718E+10	14.541623	0.288484	0	0
0	0	0	2.129164	9.44017	-2.034183	9.44017	38003.5	-2.606961E-11	-3.835884E+10	14.533259	0.286875	0	0
0	0	0	1.972106	9.440014	-2.195659	9.440014	34322	-2.789991E-11	-3.584241E+10	14.527401	0.285226	0	0
0	0	0	1.821468	9.439973	-2.350583	9.439973	31126.5	-2.661537E-11	-3.757227E+10	14.48463	0.284171	0	0
0	0	0	1.689272	9.440004	-2.48657	9.440004	28569	-2.351337E-11	-4.252899E+10	14.488247	0.28235	0	0
0	0	0	1.565733	9.440045	-2.613656	9.440045	26368.5	-2.066982E-11	-4.837972E+10	14.447396	0.28115	0	0
0	0	0	1.45389	9.440097	-2.728718	9.440097	24523.5	-1.814455E-11	-5.511297E+10	14.453579	0.279383	0	0
0	0	0	1.352011	9.440284	-2.833591	9.440284	22955	-1.412905E-11	-7.077618E+10	14.410419	0.278406	0	0
0	0	0	1.257972	9.4399	-2.930146	9.4399	21596.5	-2.031109E-11	-4.923419E+10	14.411854	0.276665	0	0
0	0	0	1.171301	9.439983	-3.01933	9.439983	20416	-1.723355E-11	-5.802634E+10	14.393729	0.275293	0	0
0	0	0	1.088974	9.43991	-3.103977	9.43991	19354	-1.794598E-11	-5.572277E+10	14.388687	0.273671	0	0
0	0	0	1.013737	9.439765	-3.181299	9.439765	18432	-2.128298E-11	-4.69859E+10	14.347859	0.272721	0	0
0	0	0	0.945916	9.440045	-3.251183	9.440045	17639	-1.382691E-11	-7.232272E+10	14.337118	0.271165	0	0
0	0	0	0.881998	9.439869	-3.316848	9.439869	16922.5	-1.662706E-11	-6.014293E+10	14.331409	0.269687	0	0
0	0	0	0.822475	9.439641	-3.37797	9.439641	16281.5	-2.380425E-11	-4.200931E+10	14.321701	0.268263	0	0
0	0	0	0.767394	9.439983	-3.434776	9.439983	15710	-1.326112E-11	-7.540839E+10	14.275747	0.267274	0	0
0	0	0	0.717116	9.440045	-3.486519	9.440045	15206	-1.191973E-11	-8.389455E+10	14.275042	0.265704	0	0
0	0	0	0.668047	9.440004	-3.536971	9.440004	14729.5	-1.212294E-11	-8.248825E+10	14.267589	0.264108	0	0
0	0	0	0.62396	9.440263	-3.582434	9.440263	14314.5	-8.978423E-12	-1.113781E+11	14.23053	0.263119	0	0
0	0	0	0.583189	9.439931	-3.624222	9.439931	13940.5	-1.257256E-11	-7.953829E+10	14.196664	0.261865	0	0
0	0	0	0.543986	9.440118	-3.664628	9.440118	13590.5	-9.834593E-12	-1.016819E+11	14.184521	0.260599	0	0
0	0	0	0.508343	9.440128	-3.701293	9.440128	13280	-9.505539E-12	-1.052018E+11	14.183907	0.259056	0	0
0	0	0	0.476115	9.440128	-3.734442	9.440128	13005.5	-9.309057E-12	-1.074223E+11	14.163435	0.257842	0	0
0	0	0	0.444426	9.439973	-3.766968	9.439973	12740.5	-1.089403E-11	-9.179336E+10	14.139386	0.256734	0	0
0	0	0	0.414468	9.439993	-3.79779	9.439993	12495.5	-1.041432E-11	-9.602163E+10	14.11438	0.255534	0	0
0	0	0	0.388039	9.439869	-3.824919	9.439869	12283	-1.206856E-11	-8.285995E+10	14.115954	0.254004	0	0
0	0	0	0.363226	9.44018	-3.85058	9.44018	12087	-8.206023E-12	-1.218617E+11	14.094091	0.252817	0	0
0	0	0	0.340097	9.439775	-3.87419	9.439775	11907	-1.3512E-11	-7.400828E+10	14.070463	0.25159	0	0
0	0	0	0.317669	9.440045	-3.897378	9.440045	11735	-9.198867E-12	-1.08709E+11	14.041774	0.25068	0	0
0	0	0	0.296058	9.440118	-3.919639	9.440118	11571.5	-8.373569E-12	-1.194234E+11	14.040247	0.249071	0	0
0	0	0	0.276947	9.440066	-3.939273	9.440066	11429	-8.750844E-12	-1.142747E+11	14.016243	0.247949	0	0
0	0	0	0.259747	9.440211	-3.95703	9.440211	11302	-7.443068E-12	-1.343532E+11	13.985063	0.246762	0	0
0	0	0	0.242857	9.440014	-3.974314	9.440014	11179	-9.087265E-12	-1.100441E+11	13.964961	0.245615	0	0
0	0	0	0.227094	9.440346	-3.990676	9.440346	11065.5	-6.449547E-12	-1.550497E+11	13.948799	0.244388	0	0
0	0	0	0.211184	9.4399	-4.006841	9.4399	10951.5	-1.029967E-11	-9.709045E+10	13.952711	0.242977	0	0
0	0	0	0.196287	9.439734	-4.02209	9.439734	10846.5	-1.321895E-11	-7.564898E+10	13.910672	0.241948	0	0
0	0	0	0.182908	9.439983	-4.035961	9.439983	10753	-9.076822E-12	-1.101707E+11	13.896148	0.240774	0	0
0	0	0	0.170412	9.440107	-4.04887	9.440107	10666	-7.803998E-12	-1.281394E+11	13.875435	0.239521	0	0
0	0	0	0.157982	9.440097	-4.061651	9.440097	10580.5	-7.828345E-12	-1.277409E+11	13.890694	0.238083	0	0
0	0	0	0.146891	9.439703	-4.072883	9.439703	10504.5	-1.355403E-11	-7.377879E+10	13.83829	0.237239	0	0
0	0	0	0.136273	9.440066	-4.083966	9.440066	10432	-7.987471E-12	-1.251961E+11	13.828587	0.236091	0	0
0	0	0	0.125607	9.43962	-4.094738	9.43962	10360.5	-1.585072E-11	-6.308862E+10	13.789187	0.235023	0	0
0	0	0	0.117423	9.439858	-4.103262	9.439858	10305.5	-1.027881E-11	-9.728749E+10	13.800134	0.233519	0	0
0	0	0	0.108128	9.439589	-4.112701	9.439589	10243.5	-1.684475E-11	-5.936567E+10	13.751671	0.232714	0	0
0	0	0	0.099226	9.440024	-4.122053	9.440024	10184.5	-8.177985E-12	-1.222795E+11	13.733093	0.231514	0	0
0	0	0	0.091336	9.439941	-4.130131	9.439941	10132.5	-9.014873E-12	-1.109278E+11	13.708063	0.230577	0	0
0	0	0	0.083235	9.439962	-4.138474	9.439962	10079.5	-8.731974E-12	-1.145216E+11	13.707533	0.22914	0	0
0	0	0	0.076129	9.439838	-4.145727	9.439838	10033	-1.031935E-11	-9.690534E+10	13.680439	0.228164	0	0
0	0	0	0.068272	9.440222	-4.15398	9.440222	9982	-6.508731E-12	-1.536398E+11	13.656952	0.226976	0	0
0	0	0	0.061068	9.439962	-4.161273	9.439962	9935.5	-8.607226E-12	-1.161815E+11	13.627782	0.226172	0	0
0	0	0	0.055139	9.440056	-4.167414	9.440056	9897.5	-7.667292E-12	-1.304241E+11	13.634	0.224655	0	0
0	0	0	0.048736	9.440107	-4.174023	9.440107	9856.5	-7.211711E-12	-1.386634E+11	13.598306	0.223745	0	0
0	0	0	0.042088	9.4399	-4.180768	9.4399	9814	-9.229877E-12	-1.083438E+11	13.578958	0.222544	0	0
0	0	0	0.036762	9.439848	-4.186222	9.439848	9780	-9.904562E-12	-1.009636E+11	13.565429	0.221713	0	0
0	0	0	0.031829	9.440076	-4.191398	9.440076	9749	-7.378798E-12	-1.355234E+11	13.546503	0.220342	0	0
0	0	0	0.026782	9.439983	-4.196548	9.439983	9717	-8.202313E-12	-1.219168E+11	13.534641	0.219339	0	0
0	0	0	0.020902	9.439879	-4.20255	9.439879	9680	-9.371298E-12	-1.067088E+11	13.497041	0.218297	0	0
0	0	0	0.015397	9.439724	-4.208143	9.439724	9645.5	-1.197672E-11	-8.349533E+10	13.459654	0.217466	0	0
0	0	0	0.010268	9.439941	-4.213516	9.439941	9613.5	-8.553119E-12	-1.169164E+11	13.432594	0.21645	0	0
0	0	0	0.005808	9.439848	-4.218061	9.439848	9585.5	-9.707585E-12	-1.030122E+11	13.449049	0.215184	0	0
0	0	0	0.001496	9.440139	-4.222626	9.440139	9559	-6.768619E-12	-1.477406E+11	13.407596	0.214195	0	0
0	0	0	-0.002506	9.439858	-4.226617	9.439858	9534	-9.509312E-12	-1.051601E+11	13.392137	0.213258	0	0
0	0	0	-0.007227	9.440024	-4.231547	9.440024	9505	-7.632358E-12	-1.310211E+11	13.36509	0.212256	0	0
0	0	0	-0.011506	9.43989	-4.235889	9.43989	9478.5	-9.04339E-12	-1.10578E+11	13.363934	0.211003	0	0
0	0	0	-0.01626	9.439744	-4.240713	9.439744	9449.5	-1.13073E-11	-8.843845E+10	13.328027	0.210158	0	0
0	0	0	-0.020196	9.439755	-4.244767	9.439755	9425.5	-1.107746E-11	-9.027337E+10	13.321196	0.208984	0	0
0	0	0	-0.024133	9.439848	-4.248858	9.439848	9401	-9.520735E-12	-1.050339E+11	13.294568	0.208088	0	0
0	0	0	-0.02709	9.440045	-4.251987	9.440045	9383	-7.355174E-12	-1.359587E+11	13.262168	0.207072	0	0
0	0	0	-0.030014	9.439744	-4.25486	9.439744	9365.5	-1.120678E-11	-8.923167E+10	13.251236	0.206148	0	0
0	0	0	-0.033934	9.43989	-4.258957	9.43989	9341.5	-8.912679E-12	-1.121997E+11	13.23869	0.204843	0	0
0	0	0	-0.037364	9.439661	-4.262383	9.439661	9321	-1.304878E-11	-7.66355E+10	13.190057	0.204223	0	0
0	0	0	-0.040794	9.439869	-4.266004	9.439869	9300.5	-9.138127E-12	-1.094316E+11	13.179487	0.203141	0	0
0	0	0	-0.043669	9.4399	-4.268975	9.4399	9283	-8.730482E-12	-1.145412E+11	13.177137	0.202059	0	0
0	0	0	-0.046724	9.439724	-4.272038	9.439724	9264.5	-1.150363E-11	-8.692906E+10	13.153535	0.201031	0	0
0	0	0	-0.048913	9.439973	-4.274401	9.439973	9251.5	-7.910691E-12	-1.264112E+11	13.126504	0.20016	0	0
0	0	0	-0.051004	9.440076	-4.276598	9.440076	9239	-6.99279E-12	-1.430044E+11	13.090871	0.199289	0	0
0	0	0	-0.052898	9.440336	-4.278663	9.440336	9227.5	-5.426251E-12	-1.842893E+11	13.086453	0.198313	0	0
0	0	0	-0.055283	9.440045	-4.280986	9.440045	9213.5	-7.222306E-12	-1.384599E+11	13.050169	0.197271	0	0
0	0	0	-0.057194	9.439993	-4.282929	9.439993	9201.5	-7.66895E-12	-1.303959E+11	13.046552	0.196322	0	0
0	0	0	-0.058713	9.439641	-4.284333	9.439641	9192.5	-1.343983E-11	-7.440572E+10	12.99077	0.195583	0	0
0	0	0	-0.059759	9.4399	-4.285525	9.4399	9186.5	-8.639726E-12	-1.157444E+11	12.997357	0.194514	0	0
0	0	0	-0.061654	9.440045	-4.287539	9.440045	9175	-7.192127E-12	-1.390409E+11	12.955542	0.193776	0	0
0	0	0	-0.062421	9.440014	-4.288314	9.440014	9170.5	-7.454581E-12	-1.341457E+11	12.99509	0.192391	0	0
0	0	0	-0.064104	9.439682	-4.289896	9.439682	9160.5	-1.230151E-11	-8.12908E+10	12.910544	0.191876	0	0
0	0	0	-0.065394	9.439983	-4.291358	9.439983	9153	-7.72623E-12	-1.294292E+11	12.926128	0.190702	0	0
0	0	0	-0.066146	9.439786	-4.292043	9.439786	9148.5	-1.020595E-11	-9.798208E+10	12.85641	0.190148	0	0
0	0	0	-0.067158	9.439941	-4.293154	9.439941	9142.5	-8.134071E-12	-1.229397E+11	12.89601	0.18879	0	0
0	0	0	-0.068547	9.439941	-4.294582	9.439941	9134	-8.126509E-12	-1.230541E+11	12.82666	0.188302	0	0
0	0	0	-0.068972	9.439464	-4.294805	9.439464	9132	-2.143447E-11	-4.665382E+10	12.828444	0.18726	0	0
0	0	0	-0.069511	9.4399	-4.295555	9.4399	9128.5	-8.585178E-12	-1.164798E+11	12.763976	0.186706	0	0
0	0	0	-0.07116	9.439931	-4.297266	9.439931	9119	-8.224181E-12	-1.215927E+11	12.770813	0.185611	0	0
0	0	0	-0.071046	9.439703	-4.297046	9.439703	9119.5	-1.176696E-11	-8.498375E+10	12.73254	0.184793	0	0
0	0	0	-0.072222	9.439983	-4.298381	9.439983	9112.5	-7.692043E-12	-1.300045E+11	12.735985	0.183698	0	0
0	0	0	-0.072549	9.439921	-4.298689	9.439921	9110.5	-8.330506E-12	-1.200407E+11	12.695366	0.183052	0	0
0	0	0	-0.073562	9.439796	-4.299675	9.439796	9104.5	-9.987807E-12	-1.001221E+11	12.686446	0.181997	0	0
0	0	0	-0.073643	9.440024	-4.299861	9.440024	9104.5	-7.310763E-12	-1.367846E+11	12.648276	0.181284	0	0
0	0	0	-0.074199	9.440149	-4.300488	9.440149	9101	-6.375816E-12	-1.568427E+11	12.631431	0.180321	0	0
0	0	0	-0.074689	9.440201	-4.301016	9.440201	9098	-6.052069E-12	-1.652327E+11	12.627895	0.179451	0	0
0	0	0	-0.075032	9.440024	-4.30129	9.440024	9096	-7.303938E-12	-1.369124E+11	12.592773	0.178659	0	0
0	0	0	-0.075636	9.439879	-4.301846	9.439879	9092.5	-8.802534E-12	-1.136036E+11	12.548901	0.178026	0	0
0	0	0	-0.076306	9.440139	-4.302651	9.440139	9088.5	-6.435463E-12	-1.55389E+11	12.535644	0.177063	0	0
0	0	0	-0.07691	9.440211	-4.303305	9.440211	9085	-5.983036E-12	-1.671392E+11	12.516373	0.176153	0	0
0	0	0	-0.076502	9.439641	-4.30263	9.439641	9087.5	-1.328631E-11	-7.526543E+10	12.48812	0.175375	0	0
0	0	0	-0.077596	9.440118	-4.303969	9.440118	9080.5	-6.570988E-12	-1.521841E+11	12.467691	0.174557	0	0
0	0	0	-0.078086	9.439931	-4.30439	9.439931	9078	-8.187204E-12	-1.221418E+11	12.422553	0.173858	0	0
0	0	0	-0.078462	9.439775	-4.304706	9.439775	9076	-1.02994E-11	-9.709305E+10	12.416775	0.172974	0	0
0	0	0	-0.07923	9.439962	-4.30558	9.439962	9071	-7.8583E-12	-1.27254E+11	12.393059	0.17217	0	0
0	0	0	-0.079426	9.439952	-4.305777	9.439952	9070	-7.962088E-12	-1.255952E+11	12.379707	0.171259	0	0
0	0	0	-0.079736	9.440045	-4.306138	9.440045	9068	-7.108251E-12	-1.406816E+11	12.345122	0.170574	0	0
0	0	0	-0.08021	9.439765	-4.306499	9.439765	9065.5	-1.046771E-11	-9.553186E+10	12.313049	0.169756	0	0
0	0	0	-0.080847	9.440004	-4.307261	9.440004	9062	-7.458371E-12	-1.340775E+11	12.291309	0.169043	0	0
0	0	0	-0.080602	9.439838	-4.306935	9.439838	9063.5	-9.322178E-12	-1.072711E+11	12.264451	0.168133	0	0
0	0	0	-0.081615	9.440107	-4.308098	9.440107	9057	-6.62674E-12	-1.509038E+11	12.244405	0.167329	0	0
0	0	0	-0.081631	9.439869	-4.308008	9.439869	9057	-8.898878E-12	-1.123737E+11	12.227072	0.16655	0	0
0	0	0	-0.082007	9.439848	-4.308385	9.439848	9055	-9.170328E-12	-1.090474E+11	12.20657	0.165851	0	0
0	0	0	-0.082529	9.439869	-4.308932	9.439869	9052	-8.893966E-12	-1.124358E+11	12.158483	0.165073	0	0
0	0	0	-0.082774	9.439869	-4.309184	9.439869	9050.5	-8.892492E-12	-1.124544E+11	12.142161	0.164334	0	0
0	0	0	-0.083134	9.440024	-4.309623	9.440024	9048	-7.265395E-12	-1.376388E+11	12.108367	0.163583	0	0
0	0	0	-0.083313	9.439983	-4.309789	9.439983	9047.5	-7.637175E-12	-1.309385E+11	12.118046	0.162659	0	0
0	0	0	-0.083787	9.439848	-4.310216	9.439848	9044.5	-9.159694E-12	-1.091739E+11	12.051842	0.162105	0	0
0	0	0	-0.083656	9.439983	-4.310142	9.439983	9045	-7.635065E-12	-1.309747E+11	12.051912	0.161261	0	0
0	0	0	-0.084065	9.440056	-4.310595	9.440056	9043	-7.005337E-12	-1.427483E+11	11.984976	0.160773	0	0
0	0	0	-0.083705	9.440315	-4.310341	9.440315	9045	-5.415569E-12	-1.846528E+11	12.007908	0.159718	0	0
0	0	0	-0.084032	9.440035	-4.310552	9.440035	9043	-7.173977E-12	-1.393927E+11	11.963042	0.159085	0	0
0	0	0	-0.084277	9.439807	-4.310702	9.439807	9041.5	-9.756306E-12	-1.024978E+11	11.974743	0.158069	0	0
0	0	0	-0.08431	9.440242	-4.31093	9.440242	9041.5	-5.781094E-12	-1.729776E+11	11.886718	0.157805	0	0
0	0	0	-0.084245	9.440118	-4.310807	9.440118	9041.5	-6.542767E-12	-1.528405E+11	11.905703	0.156763	0	0
0	0	0	-0.084261	9.439921	-4.310736	9.439921	9041.5	-8.267414E-12	-1.209568E+11	11.85224	0.156249	0	0
0	0	0	-0.084392	9.439734	-4.310787	9.439734	9041	-1.101853E-11	-9.075619E+10	11.867299	0.155127	0	0
0	0	0	-0.084179	9.440159	-4.310759	9.440159	9042	-6.26786E-12	-1.595441E+11	11.799589	0.154811	0	0
0	0	0	-0.084326	9.440014	-4.310845	9.440014	9041	-7.349312E-12	-1.360672E+11	11.812551	0.153821	0	0
0	0	0	-0.084735	9.440024	-4.311269	9.440024	9039	-7.258168E-12	-1.377758E+11	11.749475	0.153347	0	0
0	0	0	-0.084571	9.440201	-4.31118	9.440201	9039.5	-6.013155E-12	-1.663021E+11	11.752379	0.152476	0	0
0	0	0	-0.084359	9.440045	-4.310892	9.440045	9041	-7.087086E-12	-1.411017E+11	11.705298	0.151975	0	0
0	0	0	-0.084571	9.439755	-4.310981	9.439755	9039.5	-1.062381E-11	-9.412817E+10	11.721793	0.150867	0	0
0	0	0	-0.084408	9.439817	-4.310841	9.439817	9041	-9.598618E-12	-1.041817E+11	11.658864	0.15055	0	0
0	0	0	-0.084065	9.439973	-4.310557	9.439973	9043	-7.732408E-12	-1.293258E+11	11.638219	0.149653	0	0
0	0	0	-0.084147	9.439734	-4.310535	9.439734	9042.5	-1.102036E-11	-9.074113E+10	11.604766	0.149126	0	0
0	0	0	-0.08462	9.439993	-4.311138	9.439993	9039.5	-7.533932E-12	-1.327328E+11	11.591647	0.148295	0	0
0	0	0	-0.084245	9.440097	-4.310798	9.440097	9041.5	-6.689663E-12	-1.494844E+11	11.566766	0.147648	0	0
0	0	0	-0.084343	9.439827	-4.310778	9.439827	9041	-9.446453E-12	-1.058598E+11	11.531035	0.147081	0	0
0	0	0	-0.084196	9.44019	-4.310789	9.44019	9042	-6.076143E-12	-1.645781E+11	11.517976	0.146303	0	0
0	0	0	-0.084196	9.440097	-4.310748	9.440097	9042	-6.690033E-12	-1.494761E+11	11.458811	0.145683	0	0
0	0	0	-0.084016	9.44017	-4.310595	9.44017	9043	-6.20331E-12	-1.612043E+11	11.459994	0.144957	0	0
0	0	0	-0.084588	9.439558	-4.310909	9.439558	9039.5	-1.606751E-11	-6.223739E+10	11.418506	0.144364	0	0
0	0	0	-0.084604	9.43991	-4.311084	9.43991	9039.5	-8.381871E-12	-1.193051E+11	11.405614	0.143678	0	0
0	0	0	-0.084588	9.440139	-4.311169	9.440139	9039.5	-6.400767E-12	-1.562313E+11	11.34737	0.143071	0	0
0	0	0	-0.084343	9.439744	-4.310741	9.439744	9041	-1.081849E-11	-9.243437E+10	11.347832	0.142319	0	0
0	0	0	-0.08498	9.44018	-4.311591	9.44018	9037.5	-6.135677E-12	-1.629812E+11	11.317449	0.141581	0	0
0	0	0	-0.0848	9.440056	-4.311351	9.440056	9038.5	-7.001851E-12	-1.428194E+11	11.313788	0.140934	0	0
0	0	0	-0.085617	9.439765	-4.312061	9.439765	9033.5	-1.043076E-11	-9.587027E+10	11.240632	0.140591	0	0
0	0	0	-0.085535	9.440294	-4.312214	9.440294	9034	-5.509075E-12	-1.815187E+11	11.24012	0.13976	0	0
0	0	0	-0.085274	9.43991	-4.311773	9.43991	9035.5	-8.378162E-12	-1.193579E+11	11.191554	0.139233	0	0
0	0	0	-0.085698	9.440076	-4.312284	9.440076	9033.5	-6.837252E-12	-1.462576E+11	11.195905	0.138454	0	0
0	0	0	-0.085829	9.439983	-4.312377	9.439983	9032.5	-7.624513E-12	-1.311559E+11	11.135253	0.13794	0	0
0	0	0	-0.085992	9.439993	-4.312549	9.439993	9031.5	-7.527265E-12	-1.328504E+11	11.150841	0.13703	0	0
0	0	0	-0.086352	9.440118	-4.312975	9.440118	9029.5	-6.534083E-12	-1.530437E+11	11.096312	0.136713	0	0
0	0	0	-0.086744	9.440222	-4.313424	9.440222	9027	-5.886026E-12	-1.698939E+11	11.079162	0.135935	0	0
0	0	0	-0.087038	9.440045	-4.313648	9.440045	9025.5	-7.074936E-12	-1.41344E+11	11.034438	0.135368	0	0
0	0	0	-0.087168	9.440242	-4.31387	9.440242	9024.5	-5.770224E-12	-1.733035E+11	11.01471	0.134814	0	0
0	0	0	-0.086907	9.440377	-4.313662	9.440377	9026	-5.124859E-12	-1.951273E+11	10.999763	0.134194	0	0
0	0	0	-0.087119	9.440211	-4.313806	9.440211	9025	-5.943522E-12	-1.682504E+11	10.972628	0.133402	0	0
0	0	0	-0.087364	9.439952	-4.313942	9.439952	9023.5	-7.921268E-12	-1.262424E+11	10.932456	0.132928	0	0
0	0	0	-0.087234	9.439827	-4.313752	9.439827	9024.5	-9.429213E-12	-1.060534E+11	10.913395	0.132294	0	0
0	0	0	-0.087609	9.440045	-4.314236	9.440045	9022	-7.072193E-12	-1.413989E+11	10.904458	0.131582	0	0
0	0	0	-0.088132	9.440211	-4.314848	9.440211	9019	-5.939571E-12	-1.683623E+11	10.844116	0.131186	0	0
0	0	0	-0.08823	9.439983	-4.314846	9.439983	9018.5	-7.612696E-12	-1.313595E+11	10.847831	0.130329	0	0
0	0	0	-0.088475	9.439973	-4.315094	9.439973	9017	-7.710177E-12	-1.296987E+11	10.789742	0.129933	0	0
0	0	0	-0.088165	9.439973	-4.314775	9.439973	9019	-7.711887E-12	-1.2967E+11	10.803783	0.129089	0	0
0	0	0	-0.088165	9.439744	-4.314672	9.439744	9019	-1.079216E-11	-9.265985E+10	10.71627	0.128852	0	0
0	0	0	-0.088328	9.440149	-4.315022	9.440149	9018	-6.317669E-12	-1.582862E+11	10.737076	0.127915	0	0
0	0	0	-0.088132	9.440336	-4.314904	9.440336	9019	-5.303642E-12	-1.885497E+11	10.677238	0.127427	0	0
0	0	0	-0.088639	9.440014	-4.31528	9.440014	9016	-7.32899E-12	-1.364445E+11	10.659042	0.126807	0	0
0	0	0	-0.088443	9.440325	-4.315218	9.440325	9017	-5.350202E-12	-1.869088E+11	10.609187	0.126372	0	0
0	0	0	-0.088181	9.440056	-4.314829	9.440056	9019	-6.986745E-12	-1.431282E+11	10.60602	0.125594	0	0
0	0	0	-0.088001	9.439931	-4.314588	9.439931	9019.5	-8.134444E-12	-1.22934E+11	10.544886	0.125224	0	0
0	0	0	-0.08823	9.440294	-4.314986	9.440294	9018.5	-5.499623E-12	-1.818306E+11	10.555899	0.124393	0	0
0	0	0	-0.087887	9.440107	-4.314549	9.440107	9020.5	-6.600034E-12	-1.515144E+11	10.496152	0.124195	0	0
0	0	0	-0.087479	9.439962	-4.314064	9.439962	9023	-7.816717E-12	-1.279309E+11	10.489776	0.123391	0	0
0	0	0	-0.087381	9.43963	-4.313815	9.43963	9023.5	-1.349203E-11	-7.411781E+10	10.442844	0.123022	0	0
0	0	0	-0.087364	9.440087	-4.314002	9.440087	9023.5	-6.752144E-12	-1.481011E+11	10.414116	0.12227	0	0
0	0	0	-0.087201	9.439661	-4.313644	9.439661	9024.5	-1.26337E-11	-7.915336E+10	10.396563	0.121782	0	0
0	0	0	-0.087724	9.43963	-4.314168	9.43963	9021.5	-1.348904E-11	-7.413425E+10	10.351564	0.121228	0	0
0	0	0	-0.087217	9.440263	-4.31393	9.440263	9024.5	-5.660399E-12	-1.76666E+11	10.341339	0.120726	0	0
0	0	0	-0.087087	9.439993	-4.313675	9.439993	9025	-7.521847E-12	-1.329461E+11	10.298592	0.12012	0	0
0	0	0	-0.086613	9.439682	-4.313048	9.439682	9028	-1.212358E-11	-8.248387E+10	10.273952	0.119592	0	0
0	0	0	-0.086466	9.440076	-4.313074	9.440076	9028.5	-6.833468E-12	-1.463386E+11	10.224676	0.119117	0	0
0	0	0	-0.086809	9.440315	-4.313533	9.440315	9026.5	-5.404493E-12	-1.850312E+11	10.213018	0.118576	0	0
0	0	0	-0.086727	9.439879	-4.313254	9.439879	9027	-8.739123E-12	-1.14428E+11	10.148956	0.118207	0	0
0	0	0	-0.086972	9.440014	-4.313567	9.440014	9025.5	-7.336712E-12	-1.363008E+11	10.148216	0.117508	0	0
0	0	0	-0.087119	9.439941	-4.313685	9.439941	9025	-8.029531E-12	-1.245403E+11	10.097568	0.117099	0	0
0	0	0	-0.086613	9.439879	-4.313137	9.439879	9028	-8.740091E-12	-1.144153E+11	10.104385	0.1164	0	0
0	0	0	-0.086825	9.440149	-4.313476	9.440149	9026.5	-6.323624E-12	-1.581372E+11	10.052777	0.115978	0	0
0	0	0	-0.08658	9.440253	-4.31327	9.440253	9028	-5.717E-12	-1.749169E+11	10.043541	0.115345	0	0
0	0	0	-0.086531	9.439692	-4.312969	9.439692	9028.5	-1.188216E-11	-8.415981E+10	9.996654	0.115002	0	0
0	0	0	-0.087217	9.439609	-4.313637	9.439609	9024.5	-1.413486E-11	-7.07471E+10	9.977436	0.114276	0	0
0	0	0	-0.086662	9.440159	-4.313312	9.440159	9027.5	-6.257809E-12	-1.598003E+11	9.934955	0.113867	0	0
0	0	0	-0.087087	9.440087	-4.313717	9.440087	9025	-6.753266E-12	-1.480765E+11	9.903755	0.113353	0	0
0	0	0	-0.087528	9.440045	-4.314152	9.440045	9022.5	-7.072585E-12	-1.41391E+11	9.863253	0.113036	0	0
0	0	0	-0.087936	9.440014	-4.314558	9.440014	9020	-7.332241E-12	-1.363839E+11	9.827622	0.112456	0	0
0	0	0	-0.087446	9.44018	-4.314128	9.44018	9023	-6.125833E-12	-1.632431E+11	9.824726	0.111862	0	0
0	0	0	-0.088459	9.439952	-4.315068	9.439952	9017	-7.915562E-12	-1.263334E+11	9.765158	0.111427	0	0
0	0	0	-0.088394	9.439713	-4.314894	9.439713	9017.5	-1.141193E-11	-8.762759E+10	9.766021	0.110899	0	0
0	0	0	-0.08859	9.43989	-4.315174	9.43989	9016	-8.602121E-12	-1.162504E+11	9.70808	0.110464	0	0
0	0	0	-0.088965	9.440024	-4.315621	9.440024	9014	-7.238093E-12	-1.381579E+11	9.712594	0.109805	0	0
0	0	0	-0.088802	9.439941	-4.315416	9.439941	9015	-8.020634E-12	-1.246784E+11	9.617756	0.109633	0	0
0	0	0	-0.089047	9.440139	-4.315756	9.440139	9013.5	-6.382356E-12	-1.566819E+11	9.648037	0.108842	0	0
0	0	0	-0.089112	9.440118	-4.315814	9.440118	9013	-6.522143E-12	-1.533238E+11	9.572631	0.108538	0	0
0	0	0	-0.089145	9.439672	-4.315648	9.439672	9013	-1.235517E-11	-8.093775E+10	9.600703	0.107786	0	0
0	0	0	-0.089488	9.440367	-4.316312	9.440367	9011	-5.160801E-12	-1.937684E+11	9.476467	0.107773	0	0
0	0	0	-0.089488	9.440408	-4.316331	9.440408	9011	-4.987445E-12	-2.005035E+11	9.513167	0.106916	0	0
0	0	0	-0.089472	9.440305	-4.316267	9.440305	9011	-5.444673E-12	-1.836658E+11	9.451281	0.106718	0	0
0	0	0	-0.089455	9.440357	-4.316274	9.440357	9011	-5.206039E-12	-1.920846E+11	9.441759	0.106164	0	0
0	0	0	-0.089537	9.439993	-4.316195	9.439993	9010.5	-7.509762E-12	-1.3316E+11	9.390588	0.105768	0	0
0	0	0	-0.089357	9.44017	-4.316089	9.44017	9012	-6.182045E-12	-1.617588E+11	9.392732	0.10503	0	0
0	0	0	-0.08939	9.440211	-4.316141	9.440211	9011.5	-5.934631E-12	-1.685025E+11	9.317869	0.104937	0	0
0	0	0	-0.089602	9.440325	-4.316411	9.440325	9010.5	-5.346345E-12	-1.870437E+11	9.299118	0.104278	0	0
0	0	0	-0.089929	9.44044	-4.316798	9.44044	9008.5	-4.863534E-12	-2.056118E+11	9.278618	0.103842	0	0
0	0	0	-0.089831	9.440066	-4.31653	9.440066	9009	-6.897922E-12	-1.449712E+11	9.244943	0.103328	0	0
0	0	0	-0.089717	9.440149	-4.31645	9.440149	9009.5	-6.311714E-12	-1.584356E+11	9.213227	0.102998	0	0
0	0	0	-0.089978	9.440253	-4.316765	9.440253	9008.5	-5.704652E-12	-1.752955E+11	9.211633	0.102378	0	0
0	0	0	-0.089684	9.440211	-4.316444	9.440211	9009.5	-5.933314E-12	-1.685399E+11	9.164506	0.102062	0	0
0	0	0	-0.089194	9.440491	-4.316065	9.440491	9012.5	-4.674251E-12	-2.13938E+11	9.114301	0.1016	0	0
0	0	0	-0.088851	9.43991	-4.315452	9.43991	9014.5	-8.358689E-12	-1.19636E+11	9.098672	0.101152	0	0
0	0	0	-0.089112	9.440076	-4.315795	9.440076	9013	-6.821736E-12	-1.465903E+11	9.05445	0.100743	0	0
0	0	0	-0.089047	9.440305	-4.31583	9.440305	9013.5	-5.446184E-12	-1.836148E+11	9.033623	0.100347	0	0
0	0	0	-0.088737	9.439941	-4.315349	9.439941	9015.5	-8.021079E-12	-1.246715E+11	0	0	0	0
0	0	0	-0.087822	9.439869	-4.314375	9.439869	9021	-8.863507E-12	-1.128222E+11	0	0	0	0
0	0	0	-0.088704	9.439838	-4.315269	9.439838	9015.5	-9.272808E-12	-1.078422E+11	0	0	0	0
0	0	0	-0.088704	9.440004	-4.315343	9.440004	9015.5	-7.420099E-12	-1.347691E+11	0	0	0	0
0	0	0	-0.088279	9.439848	-4.314836	9.439848	9018	-9.132857E-12	-1.094948E+11	0	0	0	0
0	0	0	-0.088492	9.440087	-4.315162	9.440087	9016.5	-6.746906E-12	-1.482161E+11	0	0	0	0
0	0	0	-0.088018	9.439962	-4.314619	9.439962	9019.5	-7.813685E-12	-1.279806E+11	0	0	0	0
0	0	0	-0.08792	9.440149	-4.314601	9.440149	9020	-6.31907E-12	-1.582511E+11	0	0	0	0
0	0	0	-0.087495	9.440004	-4.3141	9.440004	9023	-7.426272E-12	-1.346571E+11	0	0	0	0
0	0	0	-0.08707	9.440066	-4.313691	9.440066	9025	-6.910173E-12	-1.447142E+11	0	0	0	0
0	0	0	-0.087903	9.440336	-4.314668	9.440336	9020	-5.30423E-12	-1.885288E+11	0	0	0	0
0	0	0	-0.087822	9.440139	-4.314496	9.440139	9021	-6.387667E-12	-1.565517E+11	0	0	0	0
0	0	0	-0.087626	9.439983	-4.314225	9.439983	9022	-7.61565E-12	-1.313086E+11	0	0	0	0
0	0	0	-0.088148	9.440305	-4.314906	9.440305	9019	-5.449507E-12	-1.835028E+11	0	0	0	0
0	0	0	-0.087528	9.439807	-4.314045	9.439807	9022.5	-9.735804E-12	-1.027137E+11	0	0	0	0
0	0	0	-0.087887	9.439983	-4.314494	9.439983	9020.5	-7.614384E-12	-1.313304E+11	0	0	0	0
0	0	0	-0.088083	9.440336	-4.314853	9.440336	9019.5	-5.303936E-12	-1.885392E+11	0	0	0	0
0	0	0	-0.088377	9.440076	-4.315039	9.440076	9017.5	-6.825142E-12	-1.465171E+11	0	0	0	0
0	0	0	-0.088394	9.44019	-4.315107	9.44019	9017.5	-6.05968E-12	-1.650252E+11	0	0	0	0
0	0	0	-0.088295	9.440232	-4.315025	9.440232	9018	-5.822554E-12	-1.717459E+11	0	0	0	0
0	0	0	-0.08872	9.440357	-4.315518	9.440357	9015.5	-5.208639E-12	-1.919887E+11	0	0	0	0
0	0	0	-0.088165	9.440045	-4.314807	9.440045	9019	-7.069841E-12	-1.414459E+11	0	0	0	0
0	0	0	-0.089782	0	-0.089782	0	9009.5	0	0	0	0	0	0
0	0	0	-0.0889	0	-0.0889	0	9014.5	0	0	0	0	0	0
