Vload_(V)	ILoad_(A)	RsLoad (ohm)	SunsVoc_Voltage_(V)	SunsVoc_Current_(A)	Model_Voltage_(V)	Model_Current_(A)	Carrier_Density_(cm-3)	Lifetime_(s)	Inverse_Lifetime_(s-1)	Efficiency_(%)	Intensity_(suns)	Dark_IV_Voltage_(V)	Dark_IV_Current_(A)
4.279274	8.946022	0	37.929358	-0.76781	38.128972	-0.76781	2.822573E+14	2.039326E-5	49035.666983	15.289204	1.087153	0	0
4.287382	8.948129	-0.500356	37.879538	-0.465126	38.000999	-0.465126	2.734703E+14	2.039387E-5	49034.228995	15.25136	1.086058	0	0
4.30937	8.944882	1.427984	37.781203	0.077085	37.760897	0.077085	2.569058E+14	2.032986E-5	49188.611445	15.232501	1.084093	0	0
4.455384	8.949065	-0.518958	37.663185	0.675192	37.483469	0.675192	2.383212E+14	2.0223E-5	49448.543876	15.272882	1.08127	0	0
5.516253	8.938557	1.986385	37.540578	1.260368	37.201508	1.260368	2.204124E+14	2.012738E-5	49683.489474	15.271044	1.08036	0	0
7.307368	8.921656	2.176243	37.422707	1.781557	36.93854	1.781557	2.044456E+14	2.002747E-5	49931.342495	15.264558	1.079964	0	0
9.168706	8.883748	2.22382	37.302762	2.274127	36.678384	2.274127	1.893675E+14	1.991995E-5	50200.871086	15.2657	1.078289	0	0
11.074079	8.876129	2.038418	37.185136	2.729117	36.428369	2.729117	1.756468E+14	1.982887E-5	50431.462407	15.224888	1.077405	0	0
12.890965	8.872818	1.845279	37.071447	3.137664	36.193093	3.137664	1.633189E+14	1.9734E-5	50673.917831	15.257056	1.074305	0	0
14.687546	8.871341	1.647527	36.957251	3.517698	35.963165	3.517698	1.517968E+14	1.962587E-5	50953.111586	15.252732	1.070599	0	0
16.499448	8.869904	1.448097	36.846405	3.864511	35.744343	3.864511	1.413821E+14	1.952691E-5	51211.340548	15.227903	1.066945	0	0
18.302546	8.865643	1.257718	36.733924	4.188966	35.528374	4.188966	1.315365E+14	1.940619E-5	51529.930261	15.261256	1.062684	0	0
20.099651	8.863109	1.062371	36.623698	4.490098	35.319969	4.490098	1.225474E+14	1.930183E-5	51808.532043	15.255503	1.05965	0	0
21.910437	8.859357	0.868631	36.513782	4.770445	35.116453	4.770445	1.141899E+14	1.919302E-5	52102.255561	15.25058	1.057052	0	0
23.717183	8.861891	0.657752	36.404977	5.031497	34.918445	5.031497	1.064736E+14	1.908952E-5	52384.7373	15.265596	1.052607	0	0
25.516053	8.839004	0.510507	36.296189	5.27598	34.724071	5.27598	9.927578E+13	1.898473E-5	52673.905795	15.225297	1.049045	0	0
26.111295	8.825036	0.47118	36.188543	5.505878	34.534132	5.505878	9.262914E+13	1.889744E-5	52917.192385	15.254962	1.043743	0	0
26.707126	8.804429	0.439009	36.082613	5.715596	34.351099	5.715596	8.652002E+13	1.879702E-5	53199.92275	15.268266	1.038361	0	0
27.302055	8.767377	0.423206	35.977043	5.911607	34.171627	5.911607	8.082996E+13	1.869517E-5	53489.739775	15.247746	1.033968	0	0
27.890984	8.719188	0.408879	35.871014	6.094815	33.994612	6.094815	7.548962E+13	1.858192E-5	53815.750879	15.276516	1.028587	0	0
28.482538	8.65192	0.398875	35.765705	6.264162	33.821818	6.264162	7.053283E+13	1.845811E-5	54176.70759	15.261167	1.024075	0	0
29.064807	8.566252	0.38833	35.663156	6.42247	33.654819	6.42247	6.601731E+13	1.836021E-5	54465.600376	15.262862	1.019485	0	0
29.64134	8.454683	0.379206	35.561114	6.568906	33.49139	6.568906	6.180965E+13	1.824896E-5	54797.640332	15.287383	1.013734	0	0
30.226269	8.314184	0.368018	35.4593	6.705106	33.330779	6.705106	5.787749E+13	1.812659E-5	55167.557161	15.262237	1.008563	0	0
30.794091	8.138192	0.358304	35.356686	6.833589	33.171063	6.833589	5.41664E+13	1.799613E-5	55567.495595	15.271136	1.002799	0	0
31.372677	7.910689	0.348827	35.255574	6.954361	33.014965	6.954361	5.074154E+13	1.788052E-5	55926.767184	15.298713	0.996454	0	0
31.946555	7.632531	0.33898	35.156211	7.067756	32.862727	7.067756	4.758613E+13	1.778097E-5	56239.89728	15.270236	0.99189	0	0
32.50448	7.294965	0.331553	35.059281	7.172624	32.715592	7.172624	4.46965E+13	1.768885E-5	56532.800149	15.299183	0.985902	0	0
33.065959	6.883994	0.32474	34.962074	7.27114	32.569749	7.27114	4.197423E+13	1.758857E-5	56855.100257	15.289006	0.980362	0	0
33.604939	6.40827	0.320185	34.863314	7.363803	32.423582	7.363803	3.93777E+13	1.74669E-5	57251.1415	15.27542	0.975244	0	0
34.137182	5.855725	0.31658	34.766532	7.45022	32.281391	7.45022	3.698857E+13	1.735504E-5	57620.148193	15.310765	0.968833	0	0
34.655703	5.235858	0.313664	34.67135	7.531567	32.142396	7.531567	3.477999E+13	1.725728E-5	57946.548555	15.295879	0.963043	0	0
35.17492	4.547348	0.309268	34.577458	7.607379	32.00643	7.607379	3.273025E+13	1.715997E-5	58275.147277	15.288483	0.957674	0	0
35.658169	3.837015	0.307649	34.48342	7.678612	31.871517	7.678612	3.079809E+13	1.705449E-5	58635.581137	15.324152	0.950973	0	0
36.140605	3.06186	0.311506	34.391309	7.746024	31.739875	7.746024	2.90159E+13	1.697023E-5	58926.713537	15.28316	0.946515	0	0
36.57439	2.310338	0.31951	34.299508	7.810767	31.60923	7.810767	2.73421E+13	1.690326E-5	59160.169527	15.320466	0.940262	0	0
36.986331	1.562654	0.329043	34.208149	7.870303	31.480635	7.870303	2.577202E+13	1.681442E-5	59472.764014	15.304642	0.934788	0	0
37.324254	0.918156	0.343038	34.117589	7.92622	31.353997	7.92622	2.430451E+13	1.672643E-5	59785.629263	15.294918	0.929459	0	0
37.327739	0.912948	0.342308	34.026801	7.978821	31.228015	7.978821	2.291702E+13	1.662929E-5	60134.84657	15.317533	0.923497	0	0
37.78951	0	0	33.936536	8.027705	31.103744	8.027705	2.161592E+13	1.652012E-5	60532.252177	15.304045	0.917918	0	0
0	0	0	33.848264	8.073773	30.982633	8.073773	2.041489E+13	1.642627E-5	60878.102704	15.300959	0.912734	0	0
0	0	0	33.761821	8.116775	30.864603	8.116775	1.930335E+13	1.633733E-5	61209.508823	15.324095	0.906534	0	0
0	0	0	33.67479	8.15731	30.746586	8.15731	1.82453E+13	1.623546E-5	61593.573264	15.287253	0.901746	0	0
0	0	0	33.588249	8.195686	30.629767	8.195686	1.725063E+13	1.613547E-5	61975.276446	15.319082	0.895665	0	0
0	0	0	33.502672	8.231803	30.514762	8.231803	1.632031E+13	1.603722E-5	62354.96066	15.313411	0.890204	0	0
0	0	0	33.418777	8.266629	30.402091	8.266629	1.545693E+13	1.596741E-5	62627.552702	15.292234	0.885099	0	0
0	0	0	33.333445	8.29882	30.288535	8.29882	1.462555E+13	1.586005E-5	63051.492324	15.319496	0.879111	0	0
0	0	0	33.248374	8.329516	30.175715	8.329516	1.384117E+13	1.57568E-5	63464.678648	15.306614	0.873637	0	0
0	0	0	33.164921	8.359057	30.065134	8.359057	1.311256E+13	1.567862E-5	63781.134355	15.289171	0.868928	0	0
0	0	0	33.080601	8.386917	29.954029	8.386917	1.241529E+13	1.558461E-5	64165.859194	15.322534	0.862689	0	0
0	0	0	32.996364	8.413045	29.843563	8.413045	1.175569E+13	1.548003E-5	64599.377261	15.278485	0.858349	0	0
0	0	0	32.911816	8.438	29.733064	8.438	1.112886E+13	1.537448E-5	65042.842054	15.298414	0.852664	0	0
0	0	0	32.829211	8.461333	29.625408	8.461333	1.054871E+13	1.527455E-5	65468.366253	15.289338	0.847401	0	0
0	0	0	32.74597	8.483426	29.517371	8.483426	9.994651E+12	1.516344E-5	65948.10973	15.267254	0.842863	0	0
0	0	0	32.66397	8.504587	29.411092	8.504587	9.477293E+12	1.506781E-5	66366.637659	15.295004	0.837217	0	0
0	0	0	32.582869	8.52472	29.306205	8.52472	8.991932E+12	1.49793E-5	66758.787559	15.270366	0.83264	0	0
0	0	0	32.501604	8.543305	29.201643	8.543305	8.530507E+12	1.486646E-5	67265.519899	15.263513	0.828182	0	0
0	0	0	32.421188	8.56098	29.098383	8.56098	8.097202E+12	1.475907E-5	67754.94141	15.282046	0.822668	0	0
0	0	0	32.341263	8.578466	28.995719	8.578466	7.688335E+12	1.46805E-5	68117.549815	15.239833	0.818764	0	0
0	0	0	32.260701	8.594566	28.892768	8.594566	7.297087E+12	1.457171E-5	68626.132022	15.266044	0.813395	0	0
0	0	0	32.180563	8.610288	28.790415	8.610288	6.927646E+12	1.448181E-5	69052.162345	15.250319	0.808568	0	0
0	0	0	32.099755	8.624746	28.6877	8.624746	6.574044E+12	1.436109E-5	69632.617759	15.22713	0.804333	0	0
0	0	0	32.019797	8.638653	28.586169	8.638653	6.241918E+12	1.42525E-5	70163.132322	15.256443	0.798806	0	0
0	0	0	31.940084	8.652168	28.485038	8.652168	5.927505E+12	1.415704E-5	70636.230347	15.225042	0.79452	0	0
0	0	0	31.859587	8.664522	28.38338	8.664522	5.626061E+12	1.402678E-5	71292.202061	15.220541	0.790074	0	0
0	0	0	31.777081	8.677162	28.279145	8.677162	5.332988E+12	1.392121E-5	71832.849712	15.233323	0.78493	0	0
0	0	0	31.697254	8.688145	28.178754	8.688145	5.063965E+12	1.378196E-5	72558.610753	15.191806	0.781078	0	0
0	0	0	31.617475	8.698923	28.078465	8.698923	4.80866E+12	1.365793E-5	73217.550522	15.214825	0.776092	0	0
0	0	0	31.536717	8.709354	27.977098	8.709354	4.563321E+12	1.353236E-5	73896.923341	15.202176	0.771449	0	0
0	0	0	31.45751	8.719211	27.877794	8.719211	4.334855E+12	1.34135E-5	74551.770715	15.171236	0.767703	0	0
0	0	0	31.378532	8.729124	27.778706	8.729124	4.118434E+12	1.332627E-5	75039.74318	15.199877	0.762493	0	0
0	0	0	31.300665	8.737944	27.681371	8.737944	3.915634E+12	1.32071E-5	75716.823245	15.160423	0.758681	0	0
0	0	0	31.221622	8.746617	27.58265	8.746617	3.719979E+12	1.309295E-5	76376.969241	15.161016	0.75413	0	0
0	0	0	31.142791	8.754976	27.484284	8.754976	3.534584E+12	1.298476E-5	77013.360384	15.168114	0.749434	0	0
0	0	0	31.063486	8.762872	27.385511	8.762872	3.357395E+12	1.286553E-5	77727.090534	15.126362	0.745701	0	0
0	0	0	30.984263	8.770313	27.286999	8.770313	3.189255E+12	1.273879E-5	78500.409116	15.137946	0.741019	0	0
0	0	0	30.905988	8.777576	27.189676	8.777576	3.031395E+12	1.263035E-5	79174.35009	15.124671	0.736573	0	0
0	0	0	30.828594	8.784337	27.093602	8.784337	2.882997E+12	1.251431E-5	79908.549656	15.088405	0.733051	0	0
0	0	0	30.749584	8.791028	26.995586	8.791028	2.738987E+12	1.240245E-5	80629.253649	15.114321	0.72796	0	0
0	0	0	30.671079	8.797452	26.89827	8.797452	2.603023E+12	1.229649E-5	81324.038226	15.073421	0.724266	0	0
0	0	0	30.593735	8.803305	26.802574	8.803305	2.47567E+12	1.217446E-5	82139.14885	15.073725	0.720098	0	0
0	0	0	30.515492	8.80905	26.705821	8.80905	2.353174E+12	1.20574E-5	82936.613467	15.083928	0.715521	0	0
0	0	0	30.435959	8.814273	26.607718	8.814273	2.234867E+12	1.190518E-5	83997.073566	15.036206	0.71225	0	0
0	0	0	30.357993	8.819848	26.511332	8.819848	2.124666E+12	1.18183E-5	84614.549709	15.058561	0.70766	0	0
0	0	0	30.278542	8.825002	26.413319	8.825002	2.017953E+12	1.170271E-5	85450.311074	15.033924	0.703742	0	0
0	0	0	30.199204	8.829644	26.315651	8.829644	1.91674E+12	1.15591E-5	86511.927923	15.00461	0.700352	0	0
0	0	0	30.119279	8.834275	26.21726	8.834275	1.819909E+12	1.143002E-5	87488.903756	15.025182	0.695722	0	0
0	0	0	30.039468	8.838404	26.119213	8.838404	1.728097E+12	1.126981E-5	88732.678936	14.98453	0.692504	0	0
0	0	0	29.959902	8.842671	26.021385	8.842671	1.641177E+12	1.114482E-5	89727.814566	14.982457	0.688612	0	0
0	0	0	29.880254	8.847133	25.923355	8.847133	1.558546E+12	1.106132E-5	90405.121471	14.984939	0.684418	0	0
0	0	0	29.79992	8.850583	25.824936	8.850583	1.479416E+12	1.08792E-5	91918.51259	14.93493	0.681437	0	0
0	0	0	29.719195	8.854671	25.725743	8.854671	1.403947E+12	1.078623E-5	92710.841157	14.963235	0.676925	0	0
0	0	0	29.640135	8.858178	25.628808	8.858178	1.333767E+12	1.065612E-5	93842.763254	14.913407	0.673799	0	0
0	0	0	29.559181	8.861596	25.529615	8.861596	1.265539E+12	1.052042E-5	95053.210539	14.901051	0.670317	0	0
0	0	0	29.477801	8.864788	25.429999	8.864788	1.20047E+12	1.037166E-5	96416.601222	14.916749	0.665859	0	0
0	0	0	29.396292	8.867951	25.330228	8.867951	1.13865E+12	1.023605E-5	97693.977423	14.862032	0.663009	0	0
0	0	0	29.31421	8.871388	25.229628	8.871388	1.079612E+12	1.015236E-5	98499.277159	14.870412	0.659158	0	0
0	0	0	29.231165	8.874147	25.128166	8.874147	1.022996E+12	9.989224E-6	100107.873407	14.862611	0.655174	0	0
0	0	0	29.148283	8.876719	25.026978	8.876719	9.694511E+11	9.817654E-6	101857.332331	14.810532	0.652404	0	0
0	0	0	29.065189	8.879497	24.925427	8.879497	9.185821E+11	9.690998E-6	103188.551751	14.839594	0.647919	0	0
0	0	0	28.981621	8.882256	24.823303	8.882256	8.701147E+11	9.576751E-6	104419.550861	14.799186	0.644674	0	0
0	0	0	28.89735	8.884601	24.720515	8.884601	8.23829E+11	9.413487E-6	106230.560244	14.782672	0.64139	0	0
0	0	0	28.812851	8.887112	24.617363	8.887112	7.798896E+11	9.291373E-6	107626.714954	14.790517	0.637261	0	0
0	0	0	28.729169	8.88927	24.515355	8.88927	7.386848E+11	9.135008E-6	109468.975353	14.741391	0.634293	0	0
0	0	0	28.644163	8.891476	24.411718	8.891476	6.990568E+11	8.994625E-6	111177.507006	14.748464	0.630653	0	0
0	0	0	28.558227	8.893564	24.307006	8.893564	6.611551E+11	8.845607E-6	113050.471731	14.740484	0.626696	0	0
0	0	0	28.472192	8.895633	24.202176	8.895633	6.252685E+11	8.708886E-6	114825.243893	14.686286	0.624203	0	0
0	0	0	28.385504	8.897367	24.09671	8.897367	5.910791E+11	8.526063E-6	117287.422333	14.714332	0.619652	0	0
0	0	0	28.296905	8.899572	23.988703	8.899572	5.580668E+11	8.432031E-6	118595.388657	14.650305	0.617106	0	0
0	0	0	28.208731	8.901197	23.881481	8.901197	5.270434E+11	8.251979E-6	121183.054509	14.637199	0.613597	0	0
0	0	0	28.120083	8.90297	23.773609	8.90297	4.975917E+11	8.111679E-6	123279.042552	14.642482	0.609864	0	0
0	0	0	28.02887	8.904674	23.662666	8.904674	4.690048E+11	7.960876E-6	125614.315955	14.588363	0.606976	0	0
0	0	0	27.932578	8.906301	23.545623	8.906301	4.406058E+11	7.785035E-6	128451.574443	14.597297	0.603401	0	0
0	0	0	27.84014	8.907975	23.433202	8.907975	4.149628E+11	7.654623E-6	130640.013966	14.578166	0.599813	0	0
0	0	0	27.747392	8.909	23.320722	8.909	3.907334E+11	7.407241E-6	135003.040012	14.523517	0.597439	0	0
0	0	0	27.655183	8.910615	23.208594	8.910615	3.680474E+11	7.29539E-6	137072.858767	14.548835	0.593112	0	0
0	0	0	27.562255	8.912023	23.095695	8.912023	3.46517E+11	7.153139E-6	139798.769625	14.486662	0.590699	0	0
0	0	0	27.466943	8.913255	22.979999	8.913255	3.257417E+11	6.976974E-6	143328.616004	14.478859	0.587269	0	0
0	0	0	27.370715	8.914545	22.863164	8.914545	3.060303E+11	6.823471E-6	146552.977133	14.480697	0.583668	0	0
0	0	0	27.2739	8.915737	22.745663	8.915737	2.87402E+11	6.660295E-6	150143.48937	14.428169	0.580937	0	0
0	0	0	27.176431	8.917115	22.627272	8.917115	2.697932E+11	6.550381E-6	152662.874568	14.430023	0.577653	0	0
0	0	0	27.077557	8.918376	22.507239	8.918376	2.530326E+11	6.42353E-6	155677.643981	14.405004	0.574237	0	0
0	0	0	26.9779	8.919154	22.386502	8.919154	2.371926E+11	6.195871E-6	161397.815093	14.356729	0.571915	0	0
0	0	0	26.876756	8.920149	22.263855	8.920149	2.221298E+11	6.025495E-6	165961.481702	14.375563	0.567707	0	0
0	0	0	26.774109	8.921379	22.139265	8.921379	2.078209E+11	5.918878E-6	168950.932773	14.317202	0.565307	0	0
0	0	0	26.67009	8.922168	22.013244	8.922168	1.942607E+11	5.715465E-6	174963.900001	14.302877	0.56189	0	0
0	0	0	26.564323	8.923064	21.885051	8.923064	1.813795E+11	5.544807E-6	180348.914976	14.293746	0.558474	0	0
0	0	0	26.457446	8.92397	21.755508	8.92397	1.692305E+11	5.385968E-6	185667.653415	14.231775	0.556232	0	0
0	0	0	26.347334	8.924955	21.622012	8.924955	1.575643E+11	5.249074E-6	190509.780441	14.242646	0.552683	0	0
0	0	0	26.23701	8.925615	21.488428	8.925615	1.466821E+11	5.044611E-6	198231.330441	14.205515	0.549583	0	0
0	0	0	26.12466	8.926599	21.352221	8.926599	1.363722E+11	4.927787E-6	202930.846615	14.167882	0.54709	0	0
0	0	0	26.010955	8.927534	21.214397	8.927534	1.266755E+11	4.808973E-6	207944.607103	14.178435	0.54316	0	0
0	0	0	25.895583	8.927998	21.074812	8.927998	1.175412E+11	4.576876E-6	218489.631481	14.110808	0.54097	0	0
0	0	0	25.77866	8.9291	20.933002	8.9291	1.089557E+11	4.518952E-6	221290.254145	14.090115	0.538015	0	0
0	0	0	25.659727	8.930065	20.788836	8.930065	1.008658E+11	4.436326E-6	225411.75262	14.093546	0.534296	0	0
0	0	0	25.537528	8.930479	20.64102	8.930479	9.317895E+10	4.207398E-6	237676.59086	14.022447	0.532264	0	0
0	0	0	25.412584	8.931266	20.489681	8.931266	8.592477E+10	4.086954E-6	244681.028177	14.044915	0.528584	0	0
0	0	0	25.286971	8.931631	20.337764	8.931631	7.920092E+10	3.862616E-6	258891.888738	13.999836	0.52592	0	0
0	0	0	25.15832	8.932517	20.181884	8.932517	7.285949E+10	3.786431E-6	264100.91064	13.972682	0.5234	0	0
0	0	0	25.028377	8.933	20.024666	8.933	6.696972E+10	3.609324E-6	277060.156317	13.965969	0.519944	0	0
0	0	0	24.89659	8.933472	19.865221	8.933472	6.148239E+10	3.438402E-6	290832.770542	13.904759	0.517702	0	0
0	0	0	24.762041	8.933758	19.702545	8.933758	5.63437E+10	3.22446E-6	310129.455787	13.88728	0.51476	0	0
0	0	0	24.624095	8.934123	19.535719	8.934123	5.152081E+10	3.03877E-6	329080.555688	13.877051	0.511344	0	0
0	0	0	24.482458	8.935107	19.364076	8.935107	4.699807E+10	3.021916E-6	330915.864732	13.80271	0.509497	0	0
0	0	0	24.338419	8.935825	19.189679	8.935825	4.280563E+10	2.946294E-6	339409.484927	13.82514	0.505883	0	0
0	0	0	24.188794	8.93617	19.008746	8.93617	3.884615E+10	2.767347E-6	361356.98629	13.771432	0.50335	0	0
0	0	0	24.037404	8.936485	18.825697	8.936485	3.521259E+10	2.59142E-6	385888.761202	13.732697	0.500989	0	0
0	0	0	23.885051	8.937066	18.641326	8.937066	3.189895E+10	2.499776E-6	400035.76608	13.731424	0.497665	0	0
0	0	0	23.730052	8.93743	18.453882	8.93743	2.884758E+10	2.356523E-6	424353.972798	13.664509	0.495608	0	0
0	0	0	23.569989	8.937598	18.260435	8.937598	2.600254E+10	2.166395E-6	461596.412381	13.645001	0.492732	0	0
0	0	0	23.407394	8.938149	18.0637	8.938149	2.339962E+10	2.086014E-6	479383.281366	13.63069	0.489474	0	0
0	0	0	23.242152	8.938779	17.863717	8.938779	2.102115E+10	2.03692E-6	490937.225196	13.565478	0.487891	0	0
0	0	0	23.073514	8.938956	17.659898	8.938956	1.884286E+10	1.871689E-6	534276.911341	13.58107	0.484514	0	0
0	0	0	22.902768	8.93937	17.453389	8.93937	1.686722E+10	1.779559E-6	561936.831543	13.533069	0.482074	0	0
0	0	0	22.727693	8.939901	17.241575	8.939901	1.505639E+10	1.726411E-6	579236.475712	13.492436	0.479884	0	0
0	0	0	22.548192	8.93999	17.024683	8.93999	1.340142E+10	1.559275E-6	641323.535987	13.49596	0.476705	0	0
0	0	0	22.365391	8.940177	16.803742	8.940177	1.190286E+10	1.429256E-6	699664.683714	13.41764	0.474674	0	0
0	0	0	22.179372	8.940984	16.578525	8.940984	1.054983E+10	1.469603E-6	680455.711333	13.411837	0.471917	0	0
0	0	0	21.989041	8.94122	16.348451	8.94122	9.324475E+9	1.36282E-6	733772.822475	13.377905	0.469029	0	0
0	0	0	21.794316	8.941328	16.113149	8.941328	8.217988E+9	1.228844E-6	813772.693341	13.311392	0.467498	0	0
0	0	0	21.59487	8.941368	15.872186	8.941368	7.220657E+9	1.08889E-6	918366.681148	13.327392	0.464069	0	0
0	0	0	21.392124	8.941948	15.626889	8.941948	6.330796E+9	1.090716E-6	916829.089747	13.276752	0.461813	0	0
0	0	0	21.1867	8.942292	15.378503	8.942292	5.540963E+9	1.042786E-6	958969.143707	13.226898	0.459742	0	0
0	0	0	20.976816	8.94242	15.124868	8.94242	4.835661E+9	9.423984E-7	1061122.293614	13.238355	0.456471	0	0
0	0	0	20.762048	8.942362	14.865455	8.942362	4.206787E+9	8.066597E-7	1239680.163865	13.151283	0.454677	0	0
0	0	0	20.540992	8.942598	14.598249	8.942598	3.644798E+9	7.471012E-7	1338506.728502	13.137256	0.452184	0	0
0	0	0	20.313434	8.943355	14.322838	8.943355	3.144595E+9	8.276302E-7	1208269.100623	13.110102	0.449427	0	0
0	0	0	20.086726	8.942982	14.049208	8.942982	2.714535E+9	6.266549E-7	1595774.593792	13.048618	0.447541	0	0
0	0	0	19.857273	8.943444	13.771698	8.943444	2.339123E+9	6.368243E-7	1570291.867364	13.041694	0.444745	0	0
0	0	0	19.623198	8.943385	13.488957	8.943385	2.009594E+9	5.34887E-7	1869553.922569	13.013898	0.442133	0	0
0	0	0	19.38677	8.943405	13.203319	8.943405	1.723855E+9	4.622951E-7	2163120.411838	12.943153	0.440484	0	0
0	0	0	19.147598	8.944231	12.913805	8.944231	1.476115E+9	5.784492E-7	1728760.257172	12.964289	0.437213	0	0
0	0	0	18.905274	8.943818	12.621343	8.943818	1.261396E+9	4.016881E-7	2489493.941427	12.880549	0.435432	0	0
0	0	0	18.658801	8.944172	12.32333	8.944172	1.075013E+9	4.078587E-7	2451829.545274	12.854456	0.433005	0	0
0	0	0	18.410482	8.944044	12.023427	8.944044	9.150741E+8	3.247444E-7	3079344.795558	12.833974	0.430235	0	0
0	0	0	18.15999	8.944605	11.720406	8.944605	7.778334E+8	3.852339E-7	2595825.588687	12.772387	0.428481	0	0
0	0	0	17.905415	8.944664	11.412808	8.944664	6.594266E+8	3.40789E-7	2934366.734182	12.752764	0.425988	0	0
0	0	0	17.648487	8.944654	11.102419	8.944654	5.58192E+8	2.864041E-7	3491570.225649	12.73246	0.423257	0	0
0	0	0	17.391641	8.944851	10.791976	8.944851	4.72524E+8	2.831688E-7	3531463.104276	12.649373	0.421846	0	0
0	0	0	17.131855	8.944497	10.478388	8.944497	3.992415E+8	1.837218E-7	5443012.195976	12.670972	0.418535	0	0
0	0	0	16.867332	8.945195	10.158292	8.945195	3.362893E+8	2.85417E-7	3503644.939499	12.576647	0.416978	0	0
0	0	0	16.598235	8.94547	9.832982	8.94547	2.824241E+8	3.59367E-7	2782670.820415	12.545818	0.414578	0	0
0	0	0	16.332161	8.944929	9.511942	8.944929	2.376523E+8	1.52684E-7	6549476.40585	12.527602	0.41194	0	0
0	0	0	16.066886	8.945116	9.191316	8.945116	2.000818E+8	1.550704E-7	6448682.212613	12.463565	0.41008	0	0
0	0	0	15.800877	8.945195	8.869883	8.945195	1.683706E+8	1.4291E-7	6997410.366522	12.422276	0.407996	0	0
0	0	0	15.5349	8.945677	8.548174	8.945677	1.416883E+8	2.882259E-7	3469500.2317	12.417407	0.404949	0	0
0	0	0	15.268237	8.945873	8.225855	8.945873	1.191814E+8	5.639077E-7	1773339.789875	12.332532	0.403748	0	0
0	0	0	14.999418	8.945657	7.901256	8.945657	1.001095E+8	1.926702E-7	5190216.925789	12.32491	0.400794	0	0
0	0	0	14.731889	8.945559	7.578124	8.945559	8.416005E+7	1.275739E-7	7838591.163381	12.268615	0.398802	0	0
0	0	0	14.465324	8.945667	7.255991	8.945667	7.07959E+7	1.400333E-7	7141156.291225	12.21087	0.396968	0	0
0	0	0	14.197273	8.946109	6.93179	8.946109	5.94965E+7	-4.761508E-7	-2100174.767876	12.202153	0.394277	0	0
0	0	0	13.930218	8.946188	6.609085	8.946188	5.003287E+7	-2.110659E-7	-4737856.903899	12.152311	0.392418	0	0
0	0	0	13.664421	8.94605	6.288077	8.94605	4.210889E+7	-1.029732E-6	-971126.805758	12.108876	0.390505	0	0
0	0	0	13.399751	8.945736	5.968579	8.945736	3.54658E+7	8.70395E-8	1.148904E+7	12.107157	0.387656	0	0
0	0	0	13.135113	8.945913	5.648713	8.945913	2.987135E+7	1.923954E-7	5197629.84023	12.024446	0.386297	0	0
0	0	0	12.866408	8.94607	5.323948	8.94607	2.509309E+7	-3.640675E-7	-2746743.433387	11.99712	0.384015	0	0
0	0	0	12.602996	8.946395	5.005432	8.946395	2.115165E+7	-3.9811E-8	-2.511869E+7	11.972975	0.381654	0	0
0	0	0	12.342883	8.946168	4.69137	8.946168	1.786751E+7	-8.547348E-8	-1.169953E+7	11.899742	0.380229	0	0
0	0	0	12.084829	8.946375	4.379425	8.946375	1.511346E+7	-3.00298E-8	-3.330025E+7	11.892027	0.377644	0	0
0	0	0	11.829698	8.945962	4.071547	8.945962	1.280817E+7	1.503396E-7	6651608.531631	11.847564	0.375613	0	0
0	0	0	11.57803	8.945972	3.767489	8.945972	1.087893E+7	1.528312E-7	6543166.963019	11.779653	0.374254	0	0
0	0	0	11.325922	8.946306	3.462612	8.946306	9237638	-2.279744E-8	-4.386457E+7	11.776742	0.371431	0	0
0	0	0	11.077014	8.946414	3.1618	8.946414	7860273	-1.405299E-8	-7.115921E+7	11.706594	0.369835	0	0
0	0	0	10.831211	8.946424	2.864823	8.946424	6701758	-1.168892E-8	-8.55511E+7	11.650702	0.368239	0	0
0	0	0	10.589017	8.946434	2.572208	8.946434	5727390	-9.751162E-9	-1.025519E+8	11.630551	0.365535	0	0
0	0	0	10.347591	8.946542	2.280431	8.946542	4897125	-6.604526E-9	-1.514113E+8	11.556424	0.364177	0	0
0	0	0	10.108419	8.94668	1.99135	8.94668	4193345	-4.472235E-9	-2.236019E+8	11.535743	0.362132	0	0
0	0	0	9.874001	8.946385	1.708405	8.946385	3601796	-6.962702E-9	-1.436224E+8	11.504188	0.359876	0	0
0	0	0	9.641641	8.946709	1.427381	8.946709	3097830	-3.162102E-9	-3.162454E+8	11.422824	0.358544	0	0
0	0	0	9.410261	8.946355	1.148164	8.946355	2666073	-5.609657E-9	-1.78264E+8	11.399041	0.35642	0	0
0	0	0	9.17679	8.946572	0.865895	8.946572	2291382	-2.924489E-9	-3.419401E+8	11.358288	0.354138	0	0
0	0	0	8.945965	8.946355	0.587226	8.946355	1972734	-4.150807E-9	-2.40917E+8	11.280068	0.353136	0	0
0	0	0	8.722883	8.946532	0.317543	8.946532	1706950	-2.346419E-9	-4.261813E+8	11.275007	0.35063	0	0
0	0	0	8.501189	8.946326	0.049898	8.946326	1478305	-3.412277E-9	-2.930595E+8	11.236008	0.348717	0	0
0	0	0	8.28322	8.94668	-0.213778	8.94668	1283385	-1.368738E-9	-7.306E+8	11.152464	0.347477	0	0
0	0	0	8.067586	8.946827	-0.474438	8.946827	1115854	-9.721576E-10	-1.02864E+9	11.144548	0.345235	0	0
0	0	0	7.855155	8.946444	-0.730722	8.946444	972210	-1.616664E-9	-6.185578E+8	11.084385	0.343375	0	0
0	0	0	7.64483	8.946326	-0.984712	8.946326	848216	-1.957881E-9	-5.107562E+8	11.009531	0.342069	0	0
0	0	0	7.436498	8.946857	-1.236923	8.946857	740993	-6.227637E-10	-1.605745E+9	11.005105	0.339563	0	0
0	0	0	7.230714	8.94666	-1.485351	8.94666	648396	-7.128219E-10	-1.402875E+9	10.96244	0.337914	0	0
0	0	0	7.027838	8.946522	-1.730323	8.946522	568440	-7.967379E-10	-1.255118E+9	10.890331	0.336674	0	0
0	0	0	6.827167	8.946572	-1.972812	8.946572	499058	-6.369467E-10	-1.56999E+9	10.894087	0.334287	0	0
0	0	0	6.627786	8.946532	-2.213656	8.946532	438511	-6.027886E-10	-1.658956E+9	10.8128	0.333047	0	0
0	0	0	6.430284	8.946532	-2.452269	8.946532	385779	-5.303018E-10	-1.885719E+9	10.759578	0.331398	0	0
0	0	0	6.235559	8.946778	-2.687772	8.946778	340001	-3.154715E-10	-3.169859E+9	10.736971	0.329195	0	0
0	0	0	6.043823	8.946768	-2.91941	8.946768	300237	-2.822456E-10	-3.543014E+9	10.682304	0.327863	0	0
0	0	0	5.85292	8.946581	-3.149863	8.946581	265266	-3.326104E-10	-3.00652E+9	10.630281	0.326227	0	0
0	0	0	5.662475	8.946758	-3.380129	8.946758	234438	-2.233312E-10	-4.477655E+9	10.620343	0.323958	0	0
0	0	0	5.472634	8.946749	-3.609478	8.946749	207274	-2.001253E-10	-4.996869E+9	10.528008	0.323114	0	0
0	0	0	5.282711	8.946926	-3.839115	8.946926	183248	-1.422815E-10	-7.028322E+9	10.507666	0.321136	0	0
0	0	0	5.09563	8.946739	-4.064948	8.946739	162306	-1.588573E-10	-6.29496E+9	10.46564	0.319065	0	0
0	0	0	4.91247	8.946778	-4.286275	8.946778	144123	-1.337252E-10	-7.478024E+9	10.392361	0.317983	0	0
0	0	0	4.728624	8.946778	-4.50839	8.946778	127920	-1.186911E-10	-8.425229E+9	10.343535	0.316387	0	0
0	0	0	4.547456	8.94667	-4.727157	8.94667	113737	-1.231413E-10	-8.120753E+9	10.333642	0.314118	0	0
0	0	0	4.366975	8.946975	-4.945524	8.946975	101171	-7.450094E-11	-1.342265E+10	10.224854	0.313538	0	0
0	0	0	4.187866	8.946817	-5.161753	8.946817	90073	-7.944341E-11	-1.258758E+10	10.220957	0.311282	0	0
0	0	0	4.00892	8.946404	-5.377515	8.946404	80201	-1.470707E-10	-6.799452E+9	10.15514	0.309713	0	0
0	0	0	3.830578	8.947142	-5.593756	8.947142	71439	-4.475633E-11	-2.234321E+10	10.098751	0.308499	0	0
0	0	0	3.651077	8.946808	-5.81027	8.946808	63587	-5.678478E-11	-1.761035E+10	10.059196	0.306745	0	0
0	0	0	3.474532	8.946867	-6.023627	8.946867	56706	-4.710357E-11	-2.122981E+10	10.043558	0.304687	0	0
0	0	0	3.298151	8.946975	-6.236839	8.946975	50576	-3.724347E-11	-2.685034E+10	9.936257	0.304225	0	0
0	0	0	3.121818	8.94668	-6.449562	8.94668	45109	-4.810901E-11	-2.078613E+10	9.935703	0.30193	0	0
0	0	0	2.945421	8.946896	-6.662911	8.946896	40232	-3.229173E-11	-3.096768E+10	9.866347	0.3004	0	0
0	0	0	2.770003	8.947388	-6.875374	8.947388	35904	-1.844579E-11	-5.421292E+10	9.792795	0.299239	0	0
0	0	0	2.595124	8.947004	-7.086242	8.947004	32054	-2.289544E-11	-4.367683E+10	9.762572	0.297736	0	0
0	0	0	2.423513	8.94728	-7.293877	8.94728	28677	-1.599979E-11	-6.250081E+10	9.750274	0.295638	0	0
0	0	0	2.255593	8.946729	-7.496152	8.946729	25717	-2.552053E-11	-3.918414E+10	9.647131	0.295005	0	0
0	0	0	2.093243	8.946631	-7.692189	8.946631	23146	-2.667867E-11	-3.748313E+10	9.609029	0.293198	0	0
0	0	0	1.937753	8.946768	-7.880196	8.946768	20926	-1.967203E-11	-5.08336E+10	9.573268	0.291549	0	0
0	0	0	1.787115	8.946886	-8.06232	8.946886	18978	-1.540572E-11	-6.491098E+10	9.509694	0.290309	0	0
0	0	0	1.648352	8.946867	-8.229947	8.946867	17344	-1.440702E-11	-6.941062E+10	9.455883	0.28899	0	0
0	0	0	1.521089	8.946955	-8.383799	8.946955	15970	-1.200788E-11	-8.327866E+10	9.434222	0.286932	0	0
0	0	0	1.401503	8.94723	-8.528584	8.94723	14778	-8.580492E-12	-1.165434E+11	9.350209	0.286141	0	0
0	0	0	1.292388	8.946985	-8.66014	8.946985	13768	-1.003503E-11	-9.965095E+10	9.296884	0.284584	0	0
0	0	0	1.190199	8.947063	-8.78369	8.947063	12885	-8.682115E-12	-1.151793E+11	9.269595	0.282896	0	0
0	0	0	1.095833	8.946601	-8.897182	8.946601	12120	-1.468111E-11	-6.811473E+10	9.200654	0.281656	0	0
0	0	0	1.005634	8.946788	-9.006367	8.946788	11431	-1.047019E-11	-9.550929E+10	9.14948	0.28068	0	0
0	0	0	0.924107	8.946985	-9.105084	8.946985	10842	-7.902365E-12	-1.265444E+11	9.129463	0.278504	0	0
0	0	0	0.848429	8.946994	-9.196527	8.946994	10323	-7.448022E-12	-1.342638E+11	9.05335	0.277396	0	0
0	0	0	0.777814	8.946808	-9.281631	8.946808	9861	-8.80612E-12	-1.135574E+11	8.971124	0.276406	0	0
0	0	0	0.712917	8.946798	-9.360026	8.946798	9454	-8.549636E-12	-1.16964E+11	8.951276	0.274705	0	0
0	0	0	0.651254	8.946758	-9.434481	8.946758	9083	-8.65268E-12	-1.155711E+11	8.911841	0.273148	0	0
0	0	0	0.59516	8.946768	-9.502262	8.946768	8759	-8.234125E-12	-1.214458E+11	8.846007	0.272251	0	0
0	0	0	0.541387	8.947044	-9.56754	8.947044	8459	-5.809503E-12	-1.721318E+11	8.786073	0.270761	0	0
0	0	0	0.493281	8.946994	-9.625604	8.946994	8199	-5.91556E-12	-1.690457E+11	8.762476	0.268967	0	0
0	0	0	0.447283	8.946975	-9.681155	8.946975	7958	-5.860162E-12	-1.706437E+11	8.673622	0.268096	0	0
0	0	0	0.404421	8.946739	-9.732672	8.946739	7739	-7.574558E-12	-1.320209E+11	8.638263	0.26679	0	0
0	0	0	0.365251	8.94666	-9.779907	8.94666	7545	-8.294684E-12	-1.205591E+11	8.597664	0.265036	0	0
0	0	0	0.327403	8.946778	-9.825766	8.946778	7362	-6.830864E-12	-1.463944E+11	8.542127	0.263836	0	0
0	0	0	0.292594	8.946749	-9.867788	8.946749	7198	-6.949747E-12	-1.438901E+11	8.45264	0.263057	0	0
0	0	0	0.261362	8.946857	-9.905644	8.946857	7053	-5.927656E-12	-1.687007E+11	8.443236	0.261132	0	0
0	0	0	0.230277	8.947191	-9.943579	8.947191	6913	-4.148879E-12	-2.41029E+11	8.364224	0.260024	0	0
0	0	0	0.202084	8.947103	-9.977541	8.947103	6788	-4.407418E-12	-2.268902E+11	8.312417	0.258955	0	0
0	0	0	0.175883	8.946522	-10.008536	8.946522	6673	-9.353019E-12	-1.069173E+11	8.261526	0.257544	0	0
0	0	0	0.152149	8.946994	-10.037748	8.946994	6571	-4.740962E-12	-2.109277E+11	8.216444	0.255921	0	0
0	0	0	0.130211	8.946513	-10.063703	8.946513	6478	-9.261588E-12	-1.079728E+11	8.125873	0.255209	0	0
0	0	0	0.108078	8.946945	-10.090937	8.946945	6386	-4.852773E-12	-2.060678E+11	8.095303	0.253824	0	0
0	0	0	0.087088	8.946601	-10.115903	8.946601	6299	-7.63006E-12	-1.310606E+11	8.043478	0.25236	0	0
0	0	0	0.068712	8.94666	-10.138172	8.94666	6225	-6.843526E-12	-1.461235E+11	7.988964	0.251001	0	0
0	0	0	0.051593	8.946867	-10.15909	8.946867	6156	-5.113561E-12	-1.955584E+11	7.906117	0.250276	0	0
0	0	0	0.034735	8.946768	-10.179344	8.946768	6089	-5.724122E-12	-1.746993E+11	7.876162	0.248535	0	0
0	0	0	0.020443	8.946876	-10.196736	8.946876	6033	-4.953734E-12	-2.018679E+11	7.817787	0.247282	0	0
0	0	0	0.006036	8.94669	-10.213928	8.94669	5977	-6.280651E-12	-1.592192E+11	7.745325	0.246345	0	0
0	0	0	-0.007098	8.94667	-10.229773	8.94667	5926	-6.415988E-12	-1.558606E+11	7.684795	0.245105	0	0
0	0	0	-0.018842	8.946965	-10.244299	8.946965	5881	-4.375837E-12	-2.285277E+11	7.645841	0.243575	0	0
0	0	0	-0.031567	8.947171	-10.259909	8.947171	5833	-3.560592E-12	-2.808521E+11	7.570681	0.242586	0	0
0	0	0	-0.041025	8.946699	-10.270796	8.946699	5797	-6.003122E-12	-1.6658E+11	7.503714	0.241623	0	0
0	0	0	-0.050972	8.946906	-10.28305	8.946906	5760	-4.57178E-12	-2.187332E+11	7.446299	0.240356	0	0
0	0	0	-0.060773	8.946906	-10.294891	8.946906	5723	-4.542412E-12	-2.201473E+11	7.391492	0.238932	0	0
0	0	0	-0.06881	8.946827	-10.304511	8.946827	5693	-4.959871E-12	-2.016182E+11	7.337886	0.237943	0	0
0	0	0	-0.076471	8.946719	-10.313643	8.946719	5666	-5.701996E-12	-1.753772E+11	7.278951	0.236861	0	0
0	0	0	-0.084295	8.946857	-10.323253	8.946857	5637	-4.737586E-12	-2.110779E+11	7.231714	0.235581	0	0
0	0	0	-0.090584	8.946729	-10.330705	8.946729	5614	-5.571111E-12	-1.794974E+11	7.168874	0.234315	0	0
0	0	0	-0.097085	8.946817	-10.338661	8.946817	5590	-4.930319E-12	-2.028266E+11	7.111163	0.23326	0	0
0	0	0	-0.102459	8.947112	-10.345491	8.947112	5571	-3.584614E-12	-2.789701E+11	7.038627	0.232376	0	0
0	0	0	-0.108601	8.947053	-10.352844	8.947053	5548	-3.77396E-12	-2.649737E+11	7.011418	0.231044	0	0
0	0	0	-0.114122	8.946788	-10.35921	8.946788	5529	-5.064269E-12	-1.974619E+11	6.955131	0.229738	0	0
0	0	0	-0.119202	8.946926	-10.365505	8.946926	5510	-4.278196E-12	-2.337434E+11	6.891356	0.228907	0	0
0	0	0	-0.123531	8.946985	-10.370803	8.946985	5495	-4.005119E-12	-2.496805E+11	6.826466	0.227905	0	0
0	0	0	-0.127353	8.947073	-10.375522	8.947073	5481	-3.658642E-12	-2.733254E+11	6.784568	0.226493	0	0
0	0	0	-0.130996	8.946837	-10.379653	8.946837	5469	-4.707255E-12	-2.12438E+11	6.705573	0.225398	0	0
0	0	0	-0.13472	8.946798	-10.384107	8.946798	5455	-4.933178E-12	-2.027091E+11	6.660039	0.224277	0	0
0	0	0	-0.138281	8.947034	-10.38868	8.947034	5443	-3.774485E-12	-2.649368E+11	6.570393	0.223538	0	0
0	0	0	-0.14163	8.946699	-10.392342	8.946699	5431	-5.624108E-12	-1.77806E+11	6.529392	0.222048	0	0
0	0	0	-0.144374	8.946827	-10.395804	8.946827	5421	-4.722898E-12	-2.117344E+11	6.459218	0.221138	0	0
0	0	0	-0.14684	8.947044	-10.399032	8.947044	5412	-3.716873E-12	-2.690433E+11	6.407421	0.219951	0	0
0	0	0	-0.14947	8.946808	-10.401939	8.946808	5403	-4.825014E-12	-2.072533E+11	6.328088	0.219172	0	0
0	0	0	-0.151169	8.946729	-10.403901	8.946729	5398	-5.356761E-12	-1.8668E+11	6.302194	0.217787	0	0
0	0	0	-0.153015	8.94667	-10.406064	8.94667	5391	-5.836752E-12	-1.713282E+11	6.228399	0.216917	0	0
0	0	0	-0.154681	8.946532	-10.407919	8.946532	5385	-7.402359E-12	-1.350921E+11	6.193627	0.21565	0	0
0	0	0	-0.156069	8.946581	-10.409653	8.946581	5380	-6.745847E-12	-1.482394E+11	6.107089	0.214978	0	0
0	0	0	-0.157343	8.94665	-10.411271	8.94665	5376	-6.00263E-12	-1.665936E+11	6.056577	0.213619	0	0
0	0	0	-0.15865	8.946336	-10.412489	8.946336	5371	-1.200913E-11	-8.327001E+10	5.982662	0.21288	0	0
0	0	0	-0.160186	8.946562	-10.414603	8.946562	5366	-6.973314E-12	-1.434038E+11	5.953303	0.211311	0	0
0	0	0	-0.161084	8.946837	-10.416004	8.946837	5363	-4.616019E-12	-2.166369E+11	5.869628	0.210651	0	0
0	0	0	-0.162571	8.946985	-10.417969	8.946985	5358	-3.905264E-12	-2.560646E+11	5.822281	0.209609	0	0
0	0	0	-0.163518	8.946572	-10.41864	8.946572	5354	-6.833297E-12	-1.463422E+11	5.753756	0.208739	0	0
0	0	0	-0.164302	8.946768	-10.419813	8.946768	5351	-5.030346E-12	-1.987935E+11	5.725027	0.207314	0	0
0	0	0	-0.165396	8.946778	-10.421147	8.946778	5348	-4.962165E-12	-2.015249E+11	5.651999	0.20647	0	0
0	0	0	-0.166115	8.946827	-10.422071	8.946827	5345	-4.656685E-12	-2.14745E+11	5.603531	0.205362	0	0
0	0	0	-0.167291	8.946552	-10.423177	8.946552	5341	-7.06955E-12	-1.414517E+11	5.5262	0.20465	0	0
0	0	0	-0.1677	8.946385	-10.423478	8.946385	5340	-1.032283E-11	-9.687268E+10	5.480499	0.203449	0	0
0	0	0	-0.169039	8.946739	-10.425502	8.946739	5335	-5.221639E-12	-1.915107E+11	5.41485	0.20271	0	0
0	0	0	-0.169251	8.94667	-10.42568	8.94667	5334	-5.775039E-12	-1.73159E+11	5.371979	0.201497	0	0
0	0	0	-0.170281	8.946808	-10.427081	8.946808	5331	-4.760716E-12	-2.100524E+11	5.309799	0.200706	0	0
0	0	0	-0.171244	8.946778	-10.428212	8.946778	5328	-4.943608E-12	-2.022814E+11	5.258824	0.199545	0	0
0	0	0	-0.172584	8.946631	-10.429661	8.946631	5323	-6.135425E-12	-1.629879E+11	5.202595	0.19874	0	0
0	0	0	-0.172812	8.946906	-10.430253	8.946906	5322	-4.224134E-12	-2.367349E+11	5.149244	0.197777	0	0
0	0	0	-0.174642	8.946798	-10.432339	8.946798	5316	-4.807475E-12	-2.080094E+11	5.085793	0.196893	0	0
0	0	0	-0.174381	8.946867	-10.432102	8.946867	5317	-4.416635E-12	-2.264167E+11	5.0472	0.195627	0	0
0	0	0	-0.175132	8.94667	-10.432785	8.94667	5314	-5.753385E-12	-1.738107E+11	4.997976	0.194888	0	0
0	0	0	-0.176275	8.946896	-10.434425	8.946896	5310	-4.262007E-12	-2.346312E+11	4.921291	0.193833	0	0
0	0	0	-0.1767	8.946788	-10.434814	8.946788	5309	-4.862761E-12	-2.056445E+11	4.877091	0.192989	0	0
0	0	0	-0.177811	8.946876	-10.436258	8.946876	5305	-4.355969E-12	-2.2957E+11	4.822477	0.192079	0	0
0	0	0	-0.178023	8.946965	-10.436616	8.946965	5304	-3.946512E-12	-2.533883E+11	4.781252	0.191129	0	0
0	0	0	-0.179379	8.946886	-10.438164	8.946886	5300	-4.302365E-12	-2.324303E+11	4.719355	0.190206	0	0
0	0	0	-0.179216	8.946601	-10.437639	8.946601	5300	-6.419959E-12	-1.557642E+11	4.670013	0.189217	0	0
0	0	0	-0.179412	8.946867	-10.438181	8.946867	5299	-4.401683E-12	-2.271858E+11	4.592682	0.188531	0	0
0	0	0	-0.180653	8.947024	-10.439861	8.947024	5295	-3.70788E-12	-2.696959E+11	4.551193	0.187502	0	0
0	0	0	-0.180571	8.947053	-10.439796	8.947053	5295	-3.60186E-12	-2.776344E+11	4.485571	0.186631	0	0
0	0	0	-0.181404	8.946975	-10.440712	8.946975	5293	-3.897693E-12	-2.56562E+11	4.439522	0.185655	0	0
0	0	0	-0.181633	8.946798	-10.440786	8.946798	5292	-4.78577E-12	-2.089528E+11	4.377548	0.184956	0	0
0	0	0	-0.181829	8.947093	-10.441361	8.947093	5291	-3.466963E-12	-2.884369E+11	4.338962	0.183874	0	0
0	0	0	-0.182499	8.946955	-10.442012	8.946955	5289	-3.976811E-12	-2.514578E+11	4.266364	0.183175	0	0
0	0	0	-0.182793	8.947221	-10.442672	8.947221	5288	-3.095534E-12	-3.23046E+11	4.236992	0.182107	0	0
0	0	0	-0.182907	8.946817	-10.442348	8.946817	5287	-4.663076E-12	-2.144507E+11	4.161746	0.181329	0	0
0	0	0	-0.182809	8.946916	-10.442342	8.946916	5288	-4.150985E-12	-2.409067E+11	4.121396	0.180379	0	0
0	0	0	-0.18343	8.946601	-10.442731	8.946601	5285	-6.401789E-12	-1.562063E+11	4.045691	0.179772	0	0
0	0	0	-0.183381	8.946758	-10.442852	8.946758	5286	-5.035568E-12	-1.985873E+11	4.009631	0.178717	0	0
0	0	0	-0.183234	8.946886	-10.442821	8.946886	5286	-4.291001E-12	-2.330459E+11	3.950183	0.17807	0	0
0	0	0	-0.18374	8.946709	-10.44323	8.946709	5284	-5.393622E-12	-1.854042E+11	3.907453	0.177015	0	0
0	0	0	-0.183936	8.947024	-10.443828	8.947024	5284	-3.700177E-12	-2.702573E+11	3.834481	0.176369	0	0
0	0	0	-0.183528	8.946768	-10.443041	8.946768	5285	-4.968301E-12	-2.012761E+11	3.803415	0.175274	0	0
0	0	0	-0.183691	8.946729	-10.443193	8.946729	5285	-5.244625E-12	-1.906714E+11	3.74526	0.17472	0	0
0	0	0	-0.184067	8.946611	-10.443512	8.946611	5283	-6.292568E-12	-1.589176E+11	3.693151	0.173863	0	0
0	0	0	-0.183381	8.946522	-10.442582	8.946522	5286	-7.408971E-12	-1.349715E+11	3.636231	0.173058	0	0
0	0	0	-0.183397	8.946857	-10.442985	8.946857	5286	-4.44259E-12	-2.250939E+11	3.595709	0.172095	0	0
0	0	0	-0.184018	8.946758	-10.443622	8.946758	5284	-5.033663E-12	-1.986625E+11	3.536289	0.171356	0	0
0	0	0	-0.18325	8.946847	-10.442796	8.946847	5286	-4.495529E-12	-2.224432E+11	3.487704	0.170552	0	0
0	0	0	-0.1841	8.94666	-10.443608	8.94666	5283	-5.807928E-12	-1.721785E+11	3.432465	0.169919	0	0
0	0	0	-0.183773	8.946985	-10.443585	8.946985	5284	-3.851328E-12	-2.596507E+11	3.396651	0.168903	0	0
0	0	0	-0.183544	8.946827	-10.443128	8.946827	5285	-4.604412E-12	-2.17183E+11	3.342466	0.168178	0	0
0	0	0	-0.183593	8.946611	-10.44294	8.946611	5285	-6.29495E-12	-1.588575E+11	3.290139	0.167452	0	0
0	0	0	-0.183757	8.947211	-10.443825	8.947211	5284	-3.118773E-12	-3.206389E+11	3.250584	0.166595	0	0
0	0	0	-0.183691	8.946739	-10.443205	8.946739	5285	-5.172702E-12	-1.933226E+11	3.195087	0.165869	0	0
0	0	0	-0.183936	8.946778	-10.443546	8.946778	5284	-4.902783E-12	-2.039658E+11	3.157446	0.16517	0	0
0	0	0	-0.183822	8.946788	-10.443419	8.946788	5284	-4.839862E-12	-2.066175E+11	3.089351	0.164392	0	0
0	0	0	-0.183855	8.946896	-10.443582	8.946896	5284	-4.241139E-12	-2.357857E+11	3.051581	0.163574	0	0
0	0	0	-0.183855	8.946985	-10.443684	8.946985	5284	-3.851328E-12	-2.596507E+11	2.999116	0.162796	0	0
0	0	0	-0.184345	8.946611	-10.443847	8.946611	5283	-6.292568E-12	-1.589176E+11	2.959913	0.162097	0	0
0	0	0	-0.184426	8.946719	-10.44407	8.946719	5282	-5.315557E-12	-1.88127E+11	2.893428	0.161345	0	0
0	0	0	-0.184279	8.946965	-10.444174	8.946965	5283	-3.930887E-12	-2.543955E+11	2.876917	0.160474	0	0
0	0	0	-0.184622	8.947004	-10.444634	8.947004	5281	-3.772097E-12	-2.651045E+11	2.803752	0.159947	0	0
0	0	0	-0.184949	8.946758	-10.444747	8.946758	5280	-5.029853E-12	-1.98813E+11	2.771344	0.15901	0	0
0	0	0	-0.185521	8.946896	-10.445595	8.946896	5279	-4.237125E-12	-2.360091E+11	2.716701	0.158496	0	0
0	0	0	-0.184949	8.946916	-10.444927	8.946916	5280	-4.144705E-12	-2.412717E+11	2.68614	0.157401	0	0
0	0	0	-0.185439	8.947034	-10.445655	8.947034	5279	-3.660758E-12	-2.731675E+11	2.616061	0.156979	0	0
0	0	0	-0.186141	8.946876	-10.446323	8.946876	5276	-4.332157E-12	-2.308319E+11	2.589335	0.156174	0	0
0	0	0	-0.185847	8.946778	-10.445855	8.946778	5277	-4.896288E-12	-2.042364E+11	2.527684	0.155567	0	0
0	0	0	-0.186174	8.946768	-10.446238	8.946768	5276	-4.95984E-12	-2.016194E+11	2.51071	0.154499	0	0
0	0	0	-0.186877	8.946896	-10.447233	8.946896	5274	-4.233112E-12	-2.362328E+11	2.448766	0.154064	0	0
0	0	0	-0.187399	8.946896	-10.447865	8.946896	5272	-4.231507E-12	-2.363224E+11	2.417802	0.153153	0	0
0	0	0	-0.187514	8.946896	-10.448003	8.946896	5272	-4.231507E-12	-2.363224E+11	2.366221	0.152745	0	0
0	0	0	-0.187187	8.946522	-10.44718	8.946522	5273	-7.390749E-12	-1.353043E+11	2.337994	0.151795	0	0
0	0	0	-0.187448	8.946886	-10.447913	8.946886	5272	-4.279636E-12	-2.336647E+11	2.274387	0.15136	0	0
0	0	0	-0.187726	8.946906	-10.448271	8.946906	5271	-4.183655E-12	-2.390255E+11	2.251994	0.150265	0	0
0	0	0	-0.187824	8.946906	-10.448389	8.946906	5271	-4.183655E-12	-2.390255E+11	2.192097	0.150001	0	0
0	0	0	-0.18851	8.946926	-10.449241	8.946926	5268	-4.090297E-12	-2.44481E+11	2.172172	0.148932	0	0
0	0	0	-0.188314	8.946876	-10.448947	8.946876	5269	-4.326409E-12	-2.311386E+11	2.119273	0.148537	0	0
0	0	0	-0.188363	8.946916	-10.449052	8.946916	5269	-4.13607E-12	-2.417754E+11	2.082085	0.147653	0	0
0	0	0	-0.188918	8.946778	-10.449565	8.946778	5267	-4.887009E-12	-2.046241E+11	2.03694	0.147244	0	0
0	0	0	-0.188755	8.946975	-10.449593	8.946975	5267	-3.878547E-12	-2.578285E+11	2.005481	0.146215	0	0
0	0	0	-0.188216	8.946808	-10.44875	8.946808	5269	-4.705349E-12	-2.125241E+11	1.955932	0.145806	0	0
0	0	0	-0.188461	8.946601	-10.448809	8.946601	5268	-6.381197E-12	-1.567104E+11	1.927883	0.144962	0	0
0	0	0	-0.188804	8.947063	-10.449754	8.947063	5267	-3.548987E-12	-2.817705E+11	1.893853	0.144395	0	0
0	0	0	-0.188722	8.947014	-10.449599	8.947014	5267	-3.724819E-12	-2.684694E+11	1.851017	0.143617	0	0
0	0	0	-0.189114	8.94726	-10.450354	8.94726	5266	-2.984731E-12	-3.350385E+11	1.815776	0.143247	0	0
0	0	0	-0.188559	8.947024	-10.449413	8.947024	5268	-3.688973E-12	-2.710782E+11	1.771773	0.142429	0	0
0	0	0	-0.188641	8.946699	-10.449139	8.946699	5268	-5.455312E-12	-1.833076E+11	1.75478	0.14177	0	0
0	0	0	-0.188641	8.946768	-10.449218	8.946768	5268	-4.95232E-12	-2.019256E+11	1.688578	0.141137	0	0
0	0	0	-0.188281	8.947221	-10.449303	8.947221	5269	-3.084412E-12	-3.242109E+11	1.672404	0.14053	0	0
0	0	0	-0.188232	8.946709	-10.448657	8.946709	5269	-5.378311E-12	-1.85932E+11	1.62535	0.139739	0	0
0	0	0	-0.1882	8.946857	-10.448787	8.946857	5269	-4.428303E-12	-2.258201E+11	1.597991	0.139317	0	0
0	0	0	-0.188232	8.946926	-10.448905	8.946926	5269	-4.091074E-12	-2.444346E+11	1.552301	0.138591	0	0
0	0	0	-0.188494	8.947142	-10.449469	8.947142	5268	-3.300387E-12	-3.029948E+11	1.544164	0.137905	0	0
0	0	0	-0.187987	8.946896	-10.448575	8.946896	5270	-4.229902E-12	-2.364121E+11	1.482977	0.137351	0	0
0	0	0	-0.187906	8.946926	-10.44851	8.946926	5270	-4.09185E-12	-2.443882E+11	1.470254	0.136586	0	0
0	0	0	-0.187628	8.946798	-10.448028	8.946798	5271	-4.766779E-12	-2.097853E+11	1.421374	0.136296	0	0
0	0	0	-0.187465	8.946572	-10.447572	8.946572	5272	-6.728641E-12	-1.486184E+11	1.40585	0.135478	0	0
0	0	0	-0.187269	8.946601	-10.447369	8.946601	5272	-6.386042E-12	-1.565915E+11	1.354241	0.134819	0	0
0	0	0	-0.187318	8.946788	-10.447642	8.946788	5272	-4.828871E-12	-2.070878E+11	1.34478	0.134238	0	0
0	0	0	-0.187318	8.947093	-10.447992	8.947093	5272	-3.454513E-12	-2.894764E+11	1.287089	0.133711	0	0
0	0	0	-0.18722	8.946808	-10.447546	8.946808	5273	-4.708921E-12	-2.123629E+11	1.281489	0.132893	0	0
0	0	0	-0.187628	8.94666	-10.44787	8.94666	5271	-5.794735E-12	-1.725704E+11	1.234532	0.132444	0	0
0	0	0	-0.187399	8.947004	-10.447989	8.947004	5272	-3.765668E-12	-2.655571E+11	1.218864	0.131679	0	0
0	0	0	-0.187138	8.946572	-10.447177	8.946572	5273	-6.729917E-12	-1.485902E+11	1.168263	0.131336	0	0
0	0	0	-0.18753	8.946935	-10.448068	8.946935	5272	-4.04935E-12	-2.469532E+11	1.170681	0.130466	0	0
0	0	0	-0.187497	8.946385	-10.447397	8.946385	5272	-1.019138E-11	-9.812218E+10	1.116341	0.130123	0	0
0	0	0	-0.187203	8.947162	-10.447933	8.947162	5273	-3.246523E-12	-3.080218E+11	1.095689	0.129344	0	0
0	0	0	-0.187465	8.946955	-10.448011	8.946955	5272	-3.964029E-12	-2.522686E+11	1.071047	0.128883	0	0
0	0	0	-0.187938	8.946955	-10.448584	8.946955	5270	-3.962525E-12	-2.523644E+11	1.058717	0.128065	0	0
0	0	0	-0.188477	8.946749	-10.448998	8.946749	5268	-5.086311E-12	-1.966061E+11	1.007645	0.127814	0	0
0	0	0	-0.187726	8.946955	-10.448327	8.946955	5271	-3.963277E-12	-2.523165E+11	1.012346	0.126931	0	0
0	0	0	-0.188526	8.946847	-10.44917	8.946847	5268	-4.480221E-12	-2.232033E+11	0.966172	0.126535	0	0
0	0	0	-0.188543	8.946994	-10.449359	8.946994	5268	-3.80085E-12	-2.63099E+11	0.946856	0.125809	0	0
0	0	0	-0.189065	8.947083	-10.450092	8.947083	5266	-3.482555E-12	-2.871455E+11	0.918996	0.125334	0	0
0	0	0	-0.189245	8.946837	-10.450027	8.946837	5266	-4.53253E-12	-2.206273E+11	0.891991	0.124701	0	0
0	0	0	-0.189408	8.946955	-10.45036	8.946955	5265	-3.958765E-12	-2.52604E+11	0.875942	0.124187	0	0
0	0	0	-0.189163	8.947093	-10.450222	8.947093	5266	-3.450582E-12	-2.898062E+11	0.848035	0.123461	0	0
0	0	0	-0.190143	8.947014	-10.451316	8.947014	5263	-3.72199E-12	-2.686735E+11	0.82507	0.123118	0	0
0	0	0	-0.190797	8.947103	-10.452207	8.947103	5260	-3.415294E-12	-2.928005E+11	0.805915	0.12267	0	0
0	0	0	-0.189702	8.946739	-10.450467	8.946739	5264	-5.152148E-12	-1.940938E+11	0.786594	0.12205	0	0
0	0	0	-0.190258	8.946926	-10.451352	8.946926	5262	-4.085638E-12	-2.447598E+11	0.759395	0.121417	0	0
0	0	0	-0.190388	8.946817	-10.451386	8.946817	5262	-4.641027E-12	-2.154696E+11	0.738366	0.120823	0	0
0	0	0	-0.190486	8.946876	-10.451572	8.946876	5262	-4.320661E-12	-2.31446E+11	0.713558	0.120454	0	0
0	0	0	-0.190127	8.946857	-10.451115	8.946857	5263	-4.42326E-12	-2.260776E+11	0.710883	0.119755	0	0
0	0	0	-0.190421	8.946532	-10.451099	8.946532	5262	-7.23328E-12	-1.382499E+11	0.67516	0.119465	0	0
0	0	0	-0.190682	8.946739	-10.451651	8.946739	5261	-5.149212E-12	-1.942045E+11	0.668157	0.118871	0	0
0	0	0	-0.191009	8.946926	-10.45226	8.946926	5260	-4.084086E-12	-2.448529E+11	0.644066	0.118475	0	0
0	0	0	-0.190552	8.946985	-10.451775	8.946985	5261	-3.834564E-12	-2.607858E+11	0.643045	0.117592	0	0
0	0	0	-0.191009	8.946985	-10.452328	8.946985	5260	-3.833835E-12	-2.608354E+11	0.612297	0.117526	0	0
0	0	0	-0.190813	8.946798	-10.451877	8.946798	5260	-4.756832E-12	-2.10224E+11	0.603464	0.116536	0	0
0	0	0	-0.190731	8.946994	-10.452004	8.946994	5261	-3.7958E-12	-2.634491E+11	0.561375	0.116352	0	0
0	0	0	-0.190633	8.947044	-10.451942	8.947044	5261	-3.613169E-12	-2.767654E+11	0.571801	0.115626	0	0
0	0	0	-0.190601	8.946788	-10.451609	8.946788	5261	-4.818795E-12	-2.075208E+11	0.535756	0.115323	0	0
0	0	0	-0.190013	8.946876	-10.451	8.946876	5263	-4.321482E-12	-2.314021E+11	0.532839	0.114663	0	0
0	0	0	-0.190094	8.946798	-10.451008	8.946798	5263	-4.759545E-12	-2.101041E+11	0.504962	0.114294	0	0
0	0	0	-0.190176	8.946896	-10.45122	8.946896	5263	-4.224283E-12	-2.367266E+11	0.508695	0.1137	0	0
0	0	0	-0.190111	8.946837	-10.451073	8.946837	5263	-4.529948E-12	-2.207531E+11	0.481659	0.113344	0	0
0	0	0	-0.190029	8.946985	-10.451144	8.946985	5263	-3.836022E-12	-2.606867E+11	0.478697	0.112606	0	0
0	0	0	-0.189114	8.94668	-10.449689	8.94668	5266	-5.616219E-12	-1.780557E+11	0.443753	0.112342	0	0
0	0	0	-0.189523	8.94665	-10.450148	8.94665	5265	-5.878692E-12	-1.701059E+11	0.456396	0.111577	0	0
0	0	0	-0.189196	8.946935	-10.450081	8.946935	5266	-4.044741E-12	-2.472346E+11	0.419589	0.111379	0	0
0	0	0	-0.188853	8.946994	-10.449734	8.946994	5267	-3.800129E-12	-2.63149E+11	0.422111	0.110693	0	0
0	0	0	-0.188918	8.947083	-10.449914	8.947083	5267	-3.483217E-12	-2.87091E+11	0.391132	0.110482	0	0
0	0	0	-0.188624	8.946876	-10.449322	8.946876	5268	-4.325588E-12	-2.311824E+11	0.397358	0.109743	0	0
0	0	0	-0.188592	8.946709	-10.449091	8.946709	5268	-5.37729E-12	-1.859673E+11	0.389931	0.1094	0	0
0	0	0	-0.188788	8.946886	-10.449531	8.946886	5267	-4.275577E-12	-2.338866E+11	0.373691	0.108728	0	0
0	0	0	-0.188706	8.947014	-10.449579	8.947014	5268	-3.725526E-12	-2.684185E+11	0.347963	0.108622	0	0
0	0	0	-0.188624	8.946886	-10.449334	8.946886	5268	-4.276389E-12	-2.338422E+11	0.331529	0.107883	0	0
0	0	0	-0.188853	8.947004	-10.449745	8.947004	5267	-3.762097E-12	-2.658092E+11	0.339667	0.107659	0	0
0	0	0	-0.188592	8.946758	-10.449148	8.946758	5268	-5.018421E-12	-1.992659E+11	0.344499	0.106907	0	0
0	0	0	-0.188592	8.946827	-10.449227	8.946827	5268	-4.589601E-12	-2.178839E+11	0.321418	0.106617	0	0
0	0	0	-0.188526	8.947122	-10.449486	8.947122	5268	-3.359365E-12	-2.976753E+11	0.311587	0.106063	0	0
0	0	0	-0.188967	8.946847	-10.449703	8.946847	5267	-4.47937E-12	-2.232457E+11	0.296127	0.105667	0	0
0	0	0	-0.189196	8.946719	-10.449833	8.946719	5266	-5.299455E-12	-1.886986E+11	0.286182	0.105087	0	0
0	0	0	-0.189212	8.946955	-10.450123	8.946955	5266	-3.959517E-12	-2.52556E+11	0.280547	0.104784	0	0
0	0	0	-0.189392	8.946709	-10.450058	8.946709	5265	-5.374228E-12	-1.860732E+11	0.268105	0.104111	0	0
0	0	0	-0.189441	8.947034	-10.45049	8.947034	5265	-3.651049E-12	-2.738939E+11	0.263643	0.103807	0	0
0	0	0	-0.189425	8.947162	-10.450616	8.947162	5265	-3.241598E-12	-3.084899E+11	0.24224	0.10353	0	0
0	0	0	-0.190045	8.946798	-10.450949	8.946798	5263	-4.759545E-12	-2.101041E+11	0.261935	0.10291	0	0
0	0	0	-0.189964	8.946788	-10.450839	8.946788	5263	-4.820627E-12	-2.074419E+11	0.221216	0.102396	0	0
0	0	0	-0.190274	8.946788	-10.451214	8.946788	5262	-4.819711E-12	-2.074813E+11	0.241897	0.101948	0	0
0	0	0	-0.19065	8.946896	-10.451792	8.946896	5261	-4.222678E-12	-2.368165E+11	0.202913	0.101657	0	0
0	0	0	-0.190633	8.94726	-10.45219	8.94726	5261	-2.981897E-12	-3.353569E+11	0	0	0	0
0	0	0	-0.190633	8.946906	-10.451784	8.946906	5261	-4.175717E-12	-2.394798E+11	0	0	0	0
0	0	0	-0.190895	8.94724	-10.452483	8.94724	5260	-3.029448E-12	-3.300932E+11	0	0	0	0
0	0	0	-0.191254	8.946857	-10.452477	8.946857	5259	-4.419898E-12	-2.262495E+11	0	0	0	0
0	0	0	-0.190797	8.947152	-10.452263	8.947152	5260	-3.2667E-12	-3.061193E+11	0	0	0	0
0	0	0	-0.190862	8.947083	-10.452263	8.947083	5260	-3.478587E-12	-2.87473E+11	0	0	0	0
0	0	0	-0.192055	8.94724	-10.453884	8.94724	5256	-3.027144E-12	-3.303444E+11	0	0	0	0
0	0	0	-0.191891	8.946749	-10.453123	8.946749	5257	-5.07569E-12	-1.970175E+11	0	0	0	0
0	0	0	-0.191516	8.947024	-10.452985	8.947024	5258	-3.68197E-12	-2.715937E+11	0	0	0	0
0	0	0	-0.191859	8.946896	-10.453252	8.946896	5257	-4.219467E-12	-2.369967E+11	0	0	0	0
0	0	0	-0.192038	8.946817	-10.453379	8.946817	5256	-4.635735E-12	-2.157155E+11	0	0	0	0
0	0	0	-0.191614	8.94669	-10.45272	8.94669	5258	-5.525124E-12	-1.809914E+11	0	0	0	0
0	0	0	-0.191712	8.947044	-10.453244	8.947044	5257	-3.610422E-12	-2.769759E+11	0	0	0	0
0	0	0	-0.19163	8.946906	-10.452987	8.946906	5258	-4.173336E-12	-2.396164E+11	0	0	0	0
0	0	0	-0.191401	8.947171	-10.453016	8.947171	5258	-3.2096E-12	-3.115653E+11	0	0	0	0
0	0	0	-0.191565	8.946994	-10.45301	8.946994	5258	-3.793635E-12	-2.635994E+11	0	0	0	0
0	0	0	-0.192104	8.946768	-10.453402	8.946768	5256	-4.941039E-12	-2.023866E+11	0	0	0	0
0	0	0	-0.190993	8.947063	-10.452398	8.947063	5260	-3.544271E-12	-2.821455E+11	0	0	0	0
0	0	0	-0.190797	8.946916	-10.451992	8.946916	5260	-4.129005E-12	-2.421891E+11	0	0	0	0
0	0	0	-0.191352	8.946817	-10.45255	8.946817	5259	-4.638381E-12	-2.155925E+11	0	0	0	0
0	0	0	-0.190454	8.946965	-10.451634	8.946965	5262	-3.915262E-12	-2.554108E+11	0	0	0	0
0	0	0	-0.190568	8.946906	-10.451705	8.946906	5261	-4.175717E-12	-2.394798E+11	0	0	0	0
0	0	0	-0.190405	0	-0.190405	0	5262	0	0	0	0	0	0
0	0	0	-0.190307	0	-0.190307	0	5262	0	0	0	0	0	0
