Vload_(V)	ILoad_(A)	RsLoad (ohm)	SunsVoc_Voltage_(V)	SunsVoc_Current_(A)	Model_Voltage_(V)	Model_Current_(A)	Carrier_Density_(cm-3)	Lifetime_(s)	Inverse_Lifetime_(s-1)	Efficiency_(%)	Intensity_(suns)	Dark_IV_Voltage_(V)	Dark_IV_Current_(A)
2.986926	6.355135	0	64.886995	-0.867838	65.127223	-0.867838	3.723022E+15	0.000216	4598.62454	19.308802	1.096561	0	0
2.969508	6.357555	-0.504583	64.899858	-0.688807	65.090048	-0.688807	3.73443E+15	0.000223	4470.161675	19.576476	1.08924	0	0
6.896954	6.346959	5.414067	64.740637	-0.228834	64.805797	-0.228834	3.595361E+15	0.000229	4340.891386	19.302303	1.094701	0	0
11.934943	6.328364	5.883599	64.557321	0.23524	64.487998	0.23524	3.44088E+15	0.000236	4217.25964	19.544116	1.08738	0	0
16.578608	6.327753	5.166326	64.371596	0.679756	64.164432	0.679756	3.290308E+15	0.000243	4091.002893	19.308246	1.092168	0	0
21.373045	6.320399	4.559641	64.183217	1.081073	63.842701	1.081073	3.143472E+15	0.00025	3980.381854	19.46962	1.086549	0	0
26.735066	6.239143	4.365564	64.005496	1.434109	63.539959	1.434109	3.010187E+15	0.000257	3879.329384	19.329512	1.089794	0	0
31.588835	6.230939	3.624097	63.830838	1.754657	63.244625	1.754657	2.883986E+15	0.000263	3786.204704	19.38036	1.086747	0	0
36.461444	6.229529	2.847389	63.657691	2.053635	62.952308	2.053635	2.763405E+15	0.00027	3695.416074	19.372286	1.08738	0	0
41.022005	6.293246	1.76235	63.490792	2.329806	62.669462	2.329806	2.6513E+15	0.000276	3605.073223	19.318426	1.086945	0	0
45.860927	6.266828	1.168943	63.318135	2.587828	62.381612	2.587828	2.539452E+15	0.000283	3523.29255	19.435421	1.084887	0	0
47.265105	6.249012	1.03243	63.149398	2.832909	62.098258	2.832909	2.434062E+15	0.00029	3437.318623	19.277267	1.087816	0	0
48.69389	6.222595	0.909441	62.977149	3.064122	61.811595	3.064122	2.330346E+15	0.000297	3355.204716	19.479964	1.083819	0	0
50.086145	6.174267	0.832818	62.802818	3.276874	61.525354	3.276874	2.229224E+15	0.000304	3281.228606	19.257372	1.088172	0	0
51.523507	6.102799	0.757164	62.638573	3.470944	61.254535	3.470944	2.137379E+15	0.000311	3206.94768	19.516736	1.082276	0	0
52.950374	5.994891	0.695659	62.474206	3.648588	60.986808	3.648588	2.048689E+15	0.000318	3140.162698	19.276509	1.087341	0	0
54.361223	5.838677	0.638505	62.314167	3.814014	60.726228	3.814014	1.965337E+15	0.000325	3073.677787	19.52128	1.081445	0	0
55.740112	5.610109	0.592579	62.149963	3.968128	60.462523	3.968128	1.882801E+15	0.000331	3014.236745	19.301902	1.086114	0	0
57.106547	5.287159	0.551234	61.990782	4.111959	60.20668	4.111959	1.805587E+15	0.000338	2954.099387	19.469131	1.080891	0	0
58.444749	4.834821	0.517608	61.829478	4.247302	59.949498	4.247302	1.730069E+15	0.000345	2897.369059	19.335585	1.083542	0	0
59.729378	4.23752	0.492155	61.670869	4.372681	59.697779	4.372681	1.658407E+15	0.000351	2843.088054	19.409402	1.079743	0	0
60.998977	3.469271	0.46393	61.509727	4.490025	59.444449	4.490025	1.588157E+15	0.000357	2793.417489	19.385834	1.079901	0	0
62.159978	2.576197	0.446368	61.350791	4.599593	59.195469	4.599593	1.521316E+15	0.000364	2745.108636	19.342222	1.078754	0	0
63.214082	1.606608	0.450061	61.19357	4.703771	58.949324	4.703771	1.457518E+15	0.000371	2695.481469	19.446665	1.075865	0	0
64.069639	0.70181	0.461455	61.031082	4.800291	58.698483	4.800291	1.393935E+15	0.000376	2653.944663	19.281901	1.077408	0	0
53.226721	5.966453	0.686925	60.874473	4.890246	58.456629	4.890246	1.334852E+15	0.000383	2611.289568	19.473955	1.072185	0	0
64.67479	0	0	60.717538	4.973611	58.216146	4.973611	1.277745E+15	0.000388	2572.954915	19.241125	1.07539	0	0
0	0	0	60.570935	5.050245	57.990848	5.050245	1.226243E+15	0.000394	2532.472359	19.492796	1.068584	0	0
0	0	0	60.415797	5.121904	57.756007	5.121904	1.173629E+15	0.000399	2500.875513	19.232628	1.072976	0	0
0	0	0	60.268295	5.18864	57.532343	5.18864	1.125353E+15	0.000405	2467.173263	19.497839	1.065655	0	0
0	0	0	60.12112	5.250429	57.310679	5.250429	1.078835E+15	0.00041	2437.377695	19.245373	1.070167	0	0
0	0	0	59.979213	5.309416	57.096336	5.309416	1.035502E+15	0.000416	2403.908869	19.440157	1.063993	0	0
0	0	0	59.831793	5.364827	56.875937	5.364827	9.920231E+14	0.000421	2376.430582	19.272792	1.06712	0	0
0	0	0	59.689559	5.416919	56.663218	5.416919	9.51519E+14	0.000426	2347.374597	19.381566	1.06245	0	0
0	0	0	59.544303	5.467622	56.446563	5.467622	9.115798E+14	0.000431	2317.911362	19.333344	1.063518	0	0
0	0	0	59.405214	5.515259	56.238882	5.515259	8.746499E+14	0.000437	2286.203052	19.33084	1.061698	0	0
0	0	0	59.256324	5.559737	56.019563	5.559737	8.365038E+14	0.000441	2263.960966	19.400255	1.060115	0	0
0	0	0	59.115927	5.600689	55.812682	5.600689	8.018114E+14	0.000446	2240.393974	19.275174	1.061025	0	0
0	0	0	58.975735	5.638885	55.607089	5.638885	7.683733E+14	0.00045	2219.604732	19.454167	1.056673	0	0
0	0	0	58.84024	5.67487	55.408396	5.67487	7.371683E+14	0.000455	2197.396745	19.250397	1.059601	0	0
0	0	0	58.700864	5.709261	55.205068	5.709261	7.061813E+14	0.000459	2177.91782	19.504278	1.052874	0	0
0	0	0	58.565818	5.741334	55.008334	5.741334	6.772036E+14	0.000463	2158.392852	19.24277	1.057266	0	0
0	0	0	58.430199	5.771702	54.811448	5.771702	6.491128E+14	0.000467	2140.446664	19.502706	1.049866	0	0
0	0	0	58.295684	5.800379	54.616637	5.800379	6.222234E+14	0.000471	2123.241441	19.24225	1.05418	0	0
0	0	0	58.163455	5.82743	54.425461	5.82743	5.96711E+14	0.000475	2106.108512	19.463153	1.047136	0	0
0	0	0	58.027877	5.853189	54.230324	5.853189	5.714742E+14	0.000478	2091.8166	19.270632	1.050222	0	0
0	0	0	57.896057	5.877425	54.040761	5.877425	5.478078E+14	0.000481	2076.858516	19.411396	1.044484	0	0
0	0	0	57.762807	5.900029	53.850048	5.900029	5.247342E+14	0.000484	2065.631183	19.327795	1.045355	0	0
0	0	0	57.63556	5.921572	53.66765	5.921572	5.034761E+14	0.000487	2050.973846	19.336767	1.042506	0	0
0	0	0	57.504189	5.942078	53.480202	5.942078	4.823031E+14	0.00049	2039.77742	19.376412	1.040646	0	0
0	0	0	57.373675	5.961086	53.294623	5.961086	4.620261E+14	0.000492	2031.342419	19.278226	1.040369	0	0
0	0	0	57.242957	5.979647	53.108814	5.979647	4.424538E+14	0.000495	2021.31544	19.430471	1.036056	0	0
0	0	0	57.113954	5.997012	52.925849	5.997012	4.23841E+14	0.000497	2012.521426	19.240476	1.037995	0	0
0	0	0	56.985605	6.013649	52.744021	6.013649	4.059961E+14	0.000499	2003.395393	19.47778	1.031624	0	0
0	0	0	56.853989	6.029607	52.558111	6.029607	3.88375E+14	0.000501	1996.449145	19.227881	1.035185	0	0
0	0	0	56.723679	6.044508	52.374468	6.044508	3.71586E+14	0.000502	1991.158916	19.47876	1.02826	0	0
0	0	0	56.59337	6.058812	52.191048	6.058812	3.554319E+14	0.000504	1985.812085	19.211042	1.032732	0	0
0	0	0	56.470166	6.072068	52.017641	6.072068	3.407257E+14	0.000505	1978.871944	19.460544	1.025371	0	0
0	0	0	56.340346	6.085147	51.835388	6.085147	3.258089E+14	0.000507	1973.866018	19.245966	1.029131	0	0
0	0	0	56.213426	6.097438	51.657398	6.097438	3.117828E+14	0.000508	1968.777236	19.437478	1.02276	0	0
0	0	0	56.088099	6.108907	51.48198	6.108907	2.984576E+14	0.000509	1965.159032	19.301072	1.024976	0	0
0	0	0	55.960933	6.120162	51.304121	6.120162	2.85454E+14	0.00051	1960.77774	19.383878	1.020583	0	0
0	0	0	55.835402	6.130839	51.128727	6.130839	2.731129E+14	0.000511	1956.265914	19.363576	1.020425	0	0
0	0	0	55.707011	6.140624	50.950067	6.140624	2.60984E+14	0.000511	1957.877995	19.319676	1.018723	0	0
0	0	0	55.589525	6.149869	50.786234	6.149869	2.503089E+14	0.000512	1953.407604	19.433672	1.015518	0	0
0	0	0	55.466361	6.158717	50.615023	6.158717	2.395394E+14	0.000512	1953.251229	19.281083	1.01627	0	0
0	0	0	55.344709	6.166873	50.44626	6.166873	2.293125E+14	0.000511	1955.652092	19.486192	1.010334	0	0
0	0	0	55.223833	6.17511	50.27836	6.17511	2.195422E+14	0.000512	1953.315895	19.244613	1.013341	0	0
0	0	0	55.101446	6.182759	50.10881	6.182759	2.100347E+14	0.000511	1954.992759	19.494663	1.006416	0	0
0	0	0	54.982652	6.190089	49.944217	6.190089	2.011649E+14	0.000512	1954.397296	19.234735	1.010017	0	0
0	0	0	54.861694	6.196931	49.777039	6.196931	1.924847E+14	0.000511	1957.866104	19.490552	1.002064	0	0
0	0	0	54.738653	6.203637	49.6071	6.203637	1.840068E+14	0.00051	1961.263732	19.252651	1.005585	0	0
0	0	0	54.618022	6.209894	49.440667	6.209894	1.760279E+14	0.000509	1965.497683	19.461932	0.998581	0	0
0	0	0	54.497105	6.21602	49.27388	6.21602	1.683497E+14	0.000508	1968.459894	19.282634	1.001233	0	0
0	0	0	54.372513	6.222032	49.102193	6.222032	1.607615E+14	0.000507	1972.29481	19.38701	0.996049	0	0
0	0	0	54.248451	6.227811	48.931335	6.227811	1.535203E+14	0.000506	1975.657901	19.329693	0.996365	0	0
0	0	0	54.130637	6.23297	48.769292	6.23297	1.469243E+14	0.000505	1980.705103	19.324122	0.99403	0	0
0	0	0	54.00433	6.238176	48.595775	6.238176	1.401454E+14	0.000503	1988.033085	19.40634	0.991102	0	0
0	0	0	53.883168	6.242833	48.429553	6.242833	1.339171E+14	0.000501	1997.656962	19.277165	0.991379	0	0
0	0	0	53.763149	6.247671	48.264643	6.247671	1.280028E+14	0.0005	1999.92805	19.453486	0.986472	0	0
0	0	0	53.63578	6.252338	48.089977	6.252338	1.21994E+14	0.000498	2007.295029	19.233961	0.989044	0	0
0	0	0	53.515883	6.256424	47.925775	6.256424	1.165803E+14	0.000496	2017.024096	19.483847	0.982317	0	0
0	0	0	53.390597	6.260501	47.754308	6.260501	1.111649E+14	0.000493	2027.916587	19.228709	0.9858	0	0
0	0	0	53.269394	6.26464	47.588201	6.26464	1.061521E+14	0.000492	2030.812446	19.49852	0.978083	0	0
0	0	0	53.145577	6.268326	47.418949	6.268326	1.012521E+14	0.00049	2042.357241	19.241179	0.98208	0	0
0	0	0	53.020536	6.271814	47.24819	6.271814	9.652134E+13	0.000486	2056.377781	19.483414	0.974522	0	0
0	0	0	52.895576	6.275303	47.077492	6.275303	9.200355E+13	0.000484	2067.038627	19.263818	0.977925	0	0
0	0	0	52.766205	6.278588	46.901024	6.278588	8.753841E+13	0.00048	2083.062299	19.425132	0.971791	0	0
0	0	0	52.642756	6.281782	46.732536	6.281782	8.347062E+13	0.000478	2093.441663	19.313668	0.973057	0	0
0	0	0	52.5131	6.284808	46.55584	6.284808	7.939278E+13	0.000474	2110.162554	19.373011	0.968942	0	0
0	0	0	52.383648	6.28786	46.37935	6.28786	7.551181E+13	0.000471	2122.320309	19.383638	0.967399	0	0
0	0	0	52.254196	6.290702	46.203021	6.290702	7.181294E+13	0.000468	2137.385655	19.313893	0.966132	0	0
0	0	0	52.119599	6.293267	46.020018	6.293267	6.815172E+13	0.000462	2162.544243	19.441445	0.962373	0	0
0	0	0	51.989044	6.295884	45.84235	6.295884	6.477236E+13	0.000459	2179.140014	19.259572	0.963639	0	0
0	0	0	51.85755	6.298271	45.663611	6.298271	6.153213E+13	0.000454	2201.46826	19.477684	0.957545	0	0
0	0	0	51.725975	6.300552	45.484833	6.300552	5.844671E+13	0.000449	2224.725388	19.229932	0.960474	0	0
0	0	0	51.585252	6.302712	45.293869	6.302712	5.531236E+13	0.000443	2257.749896	19.502194	0.952757	0	0
0	0	0	51.444366	6.305049	45.102476	6.305049	5.233766E+13	0.000439	2279.707642	19.225319	0.956754	0	0
0	0	0	51.305113	6.307174	44.913453	6.307174	4.955016E+13	0.000434	2305.793615	19.492034	0.948958	0	0
0	0	0	51.17219	6.308996	44.733204	6.308996	4.702416E+13	0.000428	2337.350228	19.24904	0.952955	0	0
0	0	0	51.028527	6.311076	44.538246	6.311076	4.44349E+13	0.000423	2362.033356	19.454141	0.946188	0	0
0	0	0	50.887477	6.312947	44.346982	6.312947	4.202805E+13	0.000418	2391.289563	19.300874	0.948127	0	0
0	0	0	50.745407	6.314714	44.154426	6.314714	3.973245E+13	0.000413	2423.462135	19.402568	0.943497	0	0
0	0	0	50.607134	6.316162	43.967278	6.316162	3.761599E+13	0.000405	2468.15994	19.358577	0.94326	0	0
0	0	0	50.464369	6.317802	43.773873	6.317802	3.554648E+13	0.0004	2501.924338	19.338849	0.940846	0	0
0	0	0	50.323606	6.319395	43.583181	6.319395	3.361524E+13	0.000395	2532.805489	19.419694	0.937997	0	0
0	0	0	50.179412	6.320536	43.388343	6.320536	3.174361E+13	0.000385	2596.518525	19.285569	0.938432	0	0
0	0	0	50.033503	6.322014	43.190819	6.322014	2.995385E+13	0.00038	2634.066692	19.463275	0.933288	0	0
0	0	0	49.879794	6.323187	42.98313	6.323187	2.817559E+13	0.00037	2701.166884	19.255162	0.935029	0	0
0	0	0	49.725145	6.324413	42.774101	6.324413	2.649127E+13	0.000362	2762.61159	19.508308	0.928183	0	0
0	0	0	49.566618	6.32585	42.559609	6.32585	2.486758E+13	0.000356	2805.356923	19.227747	0.931903	0	0
0	0	0	49.41001	6.326923	42.348076	6.326923	2.335989E+13	0.000348	2877.030304	19.50691	0.924265	0	0
0	0	0	49.243274	6.328039	42.122873	6.328039	2.185369E+13	0.000339	2953.687714	19.229402	0.928223	0	0
0	0	0	49.073108	6.32917	41.893024	6.32917	2.041534E+13	0.00033	3029.745671	19.48996	0.920348	0	0
0	0	0	48.895264	6.330152	41.653013	6.330152	1.901198E+13	0.000319	3130.339076	19.265345	0.923514	0	0
0	0	0	48.711867	6.331166	41.405485	6.331166	1.766466E+13	0.000309	3232.406738	19.446563	0.916945	0	0
0	0	0	48.522426	6.332014	41.150011	6.332014	1.637209E+13	0.000297	3364.165029	19.317991	0.91833	0	0
0	0	0	48.32102	6.332834	40.878478	6.332834	1.510048E+13	0.000284	3518.209027	19.395183	0.914214	0	0
0	0	0	48.11357	6.334249	40.598101	6.334249	1.3893E+13	0.000279	3581.293178	19.382722	0.913541	0	0
0	0	0	47.895544	6.334766	40.304557	6.334766	1.272704E+13	0.000262	3812.589594	19.324698	0.911879	0	0
0	0	0	47.664082	6.335815	39.992306	6.335815	1.159536E+13	0.000252	3969.212931	19.443385	0.908081	0	0
0	0	0	47.42139	6.336453	39.665443	6.336453	1.051597E+13	0.000236	4232.192104	19.275915	0.908872	0	0
0	0	0	47.170327	6.337374	39.326963	6.337374	9.50434E+12	0.000225	4451.654595	19.49697	0.903174	0	0
0	0	0	46.913587	6.338183	38.980971	6.338183	8.569865E+12	0.000212	4712.183681	19.24954	0.905904	0	0
0	0	0	46.648109	6.339055	38.623134	6.339055	7.699625E+12	0.000201	4975.091326	19.518138	0.8989	0	0
0	0	0	46.370011	6.339665	38.24865	6.339665	6.882225E+12	0.000187	5354.939235	19.230479	0.903015	0	0
0	0	0	46.084196	6.340453	37.863543	6.340453	6.132121E+12	0.000175	5703.567233	19.511209	0.895101	0	0
0	0	0	45.78417	6.340997	37.459636	6.340997	5.432208E+12	0.000161	6200.078761	19.250894	0.898742	0	0
0	0	0	45.465277	6.341517	37.030387	6.341517	4.775384E+12	0.000147	6793.403695	19.492706	0.89154	0	0
0	0	0	45.129355	6.342153	36.578078	6.342153	4.168962E+12	0.000135	7418.038623	19.308758	0.894191	0	0
0	0	0	44.76836	6.342987	36.091777	6.342987	3.602646E+12	0.000124	8032.862481	19.433686	0.889126	0	0
0	0	0	44.385067	6.343298	35.576201	6.343298	3.085146E+12	0.000109	9140.13646	19.356451	0.889521	0	0
0	0	0	43.98152	6.344219	35.032528	6.344219	2.620288E+12	0.000101	9924.086109	19.365719	0.886514	0	0
0	0	0	43.558984	6.344798	34.463782	6.344798	2.20833E+12	8.967872E-5	11150.917167	19.414207	0.884338	0	0
0	0	0	43.122277	6.34526	33.876134	6.34526	1.850414E+12	7.865549E-5	12713.670817	19.31581	0.883704	0	0
0	0	0	42.663438	6.345614	33.258872	6.345614	1.536613E+12	6.774757E-5	14760.677541	19.467326	0.879708	0	0
0	0	0	42.176298	6.346337	32.602997	6.346337	1.261439E+12	6.018844E-5	16614.48691	19.267691	0.881251	0	0
0	0	0	41.656571	6.346703	31.903829	6.346703	1.021928E+12	5.087416E-5	19656.342392	19.493424	0.875196	0	0
0	0	0	41.113771	6.347294	31.173271	6.347294	8.20165E+11	4.390792E-5	22774.932742	19.231693	0.878639	0	0
0	0	0	40.54214	6.347503	30.404534	6.347503	6.505742E+11	3.578204E-5	27946.982458	19.51943	0.870804	0	0
0	0	0	39.945763	6.348132	29.601832	6.348132	5.108892E+11	3.062477E-5	32653.306837	19.230799	0.875038	0	0
0	0	0	39.33011	6.348219	28.774081	6.348219	3.980662E+11	2.415998E-5	41390.754668	19.522667	0.86744	0	0
0	0	0	38.690405	6.348699	27.913321	6.348699	3.071444E+11	2.003379E-5	49915.660302	19.269039	0.871398	0	0
0	0	0	38.021788	6.349162	27.013691	6.349162	2.342254E+11	1.646139E-5	60748.229339	19.480193	0.865145	0	0
0	0	0	37.329281	6.349586	26.08198	6.349586	1.768947E+11	1.338198E-5	74727.367695	19.313765	0.867124	0	0
0	0	0	36.62587	6.349894	25.135789	6.349894	1.330062E+11	1.065346E-5	93866.253263	19.42631	0.862573	0	0
0	0	0	35.91658	6.350059	24.181933	6.350059	9.976789E+10	8.250807E-6	121200.261782	19.374713	0.86285	0	0
0	0	0	35.202144	6.350403	23.22081	6.350403	7.467949E+10	6.624463E-6	150955.63657	19.375121	0.860278	0	0
0	0	0	34.495058	6.350821	22.269399	6.350821	5.606662E+10	5.455641E-6	183296.508954	19.444361	0.858299	0	0
0	0	0	33.793976	6.35077	21.326948	6.35077	4.21952E+10	4.057672E-6	246446.704104	19.315347	0.858339	0	0
0	0	0	33.090402	6.35106	20.380469	6.35106	3.172358E+10	3.267771E-6	306019.038672	19.488883	0.853867	0	0
0	0	0	32.367268	6.351447	19.407472	6.351447	2.366227E+10	2.693152E-6	371312.061608	19.263211	0.856123	0	0
0	0	0	31.656915	6.351519	18.452284	6.351519	1.774111E+10	2.059354E-6	485589.266338	19.526461	0.849593	0	0
0	0	0	30.95718	6.351898	17.510716	6.351898	1.3359E+10	1.732052E-6	577349.976648	19.252189	0.853234	0	0
0	0	0	30.267246	6.352115	16.582644	6.352115	1.009934E+10	1.403773E-6	712365.659011	19.545363	0.845953	0	0
0	0	0	29.583437	6.352053	15.663404	6.352053	7.654025E+9	1.042454E-6	959274.507402	19.255939	0.850147	0	0
0	0	0	28.901507	6.352312	14.745978	6.352312	5.805205E+9	8.632051E-7	1158473.214162	19.515538	0.843143	0	0
0	0	0	28.215085	6.352718	13.822162	6.352718	4.394952E+9	7.631577E-7	1310345.19343	19.280141	0.846388	0	0
0	0	0	27.531236	6.352516	12.903175	6.352516	3.330762E+9	5.337183E-7	1873647.456284	19.465247	0.840334	0	0
0	0	0	26.84563	6.35269	11.980959	6.35269	2.522458E+9	4.33113E-7	2308866.03592	19.329553	0.842114	0	0
0	0	0	26.155287	6.352977	11.052095	6.352977	1.906646E+9	3.708524E-7	2696490.362071	19.415959	0.837999	0	0
0	0	0	25.466456	6.35297	10.12595	6.35297	1.442056E+9	2.796017E-7	3576516.759193	19.399241	0.837366	0	0
0	0	0	24.783056	6.353306	9.206269	6.353306	1.093076E+9	2.507923E-7	3987362.726617	19.338418	0.836139	0	0
0	0	0	24.0999	6.353383	8.287536	6.353383	8.286325E+8	1.984639E-7	5038700.650323	19.438616	0.83325	0	0
0	0	0	23.413192	6.353676	7.363473	6.353676	6.272605E+8	1.804472E-7	5541786.727965	19.278561	0.834042	0	0
0	0	0	22.717786	6.35369	6.428409	6.35369	4.731537E+8	1.374353E-7	7276153.001417	19.493677	0.828858	0	0
0	0	0	22.044391	6.353809	5.522668	6.353809	3.601076E+8	1.13967E-7	8774467.410282	19.249858	0.831747	0	0
0	0	0	21.37365	6.353795	4.620836	6.353795	2.743656E+8	8.592804E-8	1.163764E+7	19.533363	0.824782	0	0
0	0	0	20.712301	6.353739	3.731747	6.353739	2.098364E+8	6.308878E-8	1.585068E+7	19.222876	0.829254	0	0
0	0	0	20.061733	6.353893	2.856589	6.353893	1.61187E+8	5.44568E-8	1.836318E+7	19.510997	0.821735	0	0
0	0	0	19.414637	6.354012	1.986184	6.354012	1.239912E+8	4.631756E-8	2.159008E+7	19.217592	0.826325	0	0
0	0	0	18.771828	6.354033	1.121808	6.354033	9.554464E+7	3.636977E-8	2.749537E+7	19.516789	0.81849	0	0
0	0	0	18.143966	6.354144	0.277272	6.354144	7.407192E+7	3.137629E-8	3.18712E+7	19.280142	0.82221	0	0
0	0	0	17.529212	6.354305	-0.549786	6.354305	5.773099E+7	2.918651E-8	3.426241E+7	19.476399	0.816274	0	0
0	0	0	16.926627	6.354319	-1.360068	6.354319	4.521756E+7	2.325155E-8	4.300788E+7	19.333958	0.818451	0	0
0	0	0	16.338784	6.354598	-2.151302	6.354598	3.562879E+7	2.785546E-8	3.589961E+7	19.395581	0.81481	0	0
0	0	0	15.769563	6.354347	-2.915953	6.354347	2.828614E+7	1.506076E-8	6.639771E+7	19.387783	0.813939	0	0
0	0	0	15.218228	6.354584	-3.657991	6.354584	2.262017E+7	1.723661E-8	5.801605E+7	19.3537	0.812238	0	0
0	0	0	14.677919	6.354494	-4.384233	6.354494	1.817019E+7	1.188631E-8	8.413038E+7	19.456063	0.809428	0	0
0	0	0	14.15566	6.354556	-5.086664	6.354556	1.470284E+7	1.066279E-8	9.378411E+7	19.284866	0.810259	0	0
0	0	0	13.645448	6.354808	-5.773477	6.354808	1.19554E+7	1.533117E-8	6.52266E+7	19.490687	0.805392	0	0
0	0	0	13.150958	6.354815	-6.43841	6.354815	9783520.375	1.281963E-8	7.800539E+7	19.233718	0.808281	0	0
0	0	0	12.678764	6.354633	-7.072775	6.354633	8078901.375	6.755862E-9	1.480196E+8	19.506733	0.801791	0	0
0	0	0	12.222905	6.354941	-7.686699	6.354941	6715612.625	1.448501E-8	6.90369E+7	19.211958	0.805669	0	0
0	0	0	11.781258	6.354913	-8.280471	6.354913	5614631.125	1.058987E-8	9.442989E+7	19.531899	0.797992	0	0
0	0	0	11.362682	6.354955	-8.843439	6.354955	4738265.625	1.101047E-8	9.082263E+7	19.248003	0.802187	0	0
0	0	0	10.957502	6.354885	-9.38804	6.354885	4020462.75	6.737234E-9	1.484289E+8	19.503063	0.795499	0	0
0	0	0	10.566737	6.354934	-9.913638	6.354934	3431396.5	7.144806E-9	1.399618E+8	19.269783	0.798823	0	0
0	0	0	10.191652	6.355038	-10.418333	6.355038	2947317.125	1.277846E-8	7.825667E+7	19.446623	0.793283	0	0
0	0	0	9.830249	6.354906	-10.903862	6.354906	2545608.75	4.655223E-9	2.148125E+8	19.324837	0.794628	0	0
0	0	0	9.482198	6.35478	-11.371453	6.35478	2210587.375	2.611849E-9	3.828706E+8	19.395135	0.790711	0	0
0	0	0	9.148849	6.355129	-11.82084	6.355129	1931133.375	1.349309E-7	7411203.296541	19.394904	0.789959	0	0
0	0	0	8.829426	6.355416	-12.251305	6.355416	1696558.375	-2.539855E-9	-3.937233E+8	19.312392	0.789167	0	0
0	0	0	8.526255	6.355213	-12.658295	6.355213	1500331.125	-8.093197E-9	-1.235606E+8	19.426137	0.785923	0	0
0	0	0	8.235702	6.355115	-13.048662	6.355115	1333605.125	2.802043E-8	3.568825E+7	19.23814	0.787387	0	0
0	0	0	7.957238	6.355164	-13.423265	6.355164	1191230.375	-1.729078E-8	-5.783429E+7	19.476498	0.781886	0	0
0	0	0	7.692086	6.355094	-13.779568	6.355094	1069814.25	1.09705E-8	9.115351E+7	19.226738	0.784458	0	0
0	0	0	7.437837	6.355024	-14.121208	6.355024	965030	3.656405E-9	2.734927E+8	19.511274	0.777929	0	0
0	0	0	7.194369	6.355059	-14.448706	6.355059	874322.125	4.837915E-9	2.067006E+8	19.201138	0.782203	0	0
0	0	0	6.96593	6.355269	-14.756595	6.355269	796981.625	-2.50221E-9	-3.996467E+8	19.506562	0.774724	0	0
0	0	0	6.748066	6.355444	-15.050146	6.355444	729604.25	-9.932812E-10	-1.006764E+9	19.195465	0.779274	0	0
0	0	0	6.538003	6.355325	-15.332204	6.355325	670038.625	-1.483567E-9	-6.74051E+8	19.479398	0.772112	0	0
0	0	0	6.338026	6.355367	-15.601251	6.355367	617857.625	-1.120348E-9	-8.925795E+8	19.24354	0.775357	0	0
0	0	0	6.149443	6.355129	-15.854011	6.355129	572378.125	3.999431E-8	2.500355E+7	19.458706	0.769223	0	0
0	0	0	5.963881	6.355325	-16.104207	6.355325	530896.375	-1.175485E-9	-8.507126E+8	19.309327	0.77136	0	0
0	0	0	5.78567	6.35536	-16.343963	6.35536	493890.5	-9.234257E-10	-1.082924E+9	19.378117	0.767601	0	0
0	0	0	5.613218	6.355297	-16.575635	6.355297	460538.125	-1.195968E-9	-8.36143E+8	19.359561	0.767363	0	0
0	0	0	5.445869	6.355437	-16.801152	6.355437	430327.625	-5.994269E-10	-1.66826E+9	19.312364	0.76582	0	0
0	0	0	5.285994	6.355367	-17.015887	6.355367	403319	-7.313299E-10	-1.367372E+9	19.428343	0.762892	0	0
0	0	0	5.126323	6.355304	-17.23037	6.355304	378036.875	-9.41053E-10	-1.062639E+9	19.268347	0.763723	0	0
0	0	0	4.974942	6.355395	-17.434248	6.355395	355532.5	-5.752472E-10	-1.738383E+9	19.482429	0.758737	0	0
0	0	0	4.822539	6.355527	-17.639648	6.355527	334229.375	-3.57758E-10	-2.795186E+9	19.223897	0.761467	0	0
0	0	0	4.665727	6.355472	-17.850312	6.355472	313641.375	-3.915114E-10	-2.554204E+9	19.496844	0.755136	0	0
0	0	0	4.522676	6.355444	-18.042569	6.355444	295968.375	-4.029305E-10	-2.481818E+9	19.189586	0.758974	0	0
0	0	0	4.388447	6.355507	-18.223288	6.355507	280291.75	-3.16961E-10	-3.154962E+9	19.496705	0.75201	0	0
0	0	0	4.251848	6.355472	-18.406845	6.355472	265190.875	-3.310317E-10	-3.020859E+9	19.207098	0.756085	0	0
0	0	0	4.126031	6.355311	-18.575454	6.355311	252002.5	-6.023608E-10	-1.660135E+9	19.488665	0.748923	0	0
0	0	0	3.994047	6.355702	-18.754329	6.355702	238872	-1.76908E-10	-5.652657E+9	19.223568	0.752801	0	0
0	0	0	3.866187	6.355353	-18.925007	6.355353	226804.75	-4.376739E-10	-2.284806E+9	19.420308	0.747221	0	0
0	0	0	3.744984	6.355304	-19.087809	6.355304	215929	-5.375153E-10	-1.860412E+9	19.265846	0.74916	0	0
0	0	0	3.629703	6.355639	-19.244031	6.355639	206068.875	-1.716538E-10	-5.82568E+9	19.359009	0.745282	0	0
0	0	0	3.514094	6.355507	-19.39901	6.355507	196633	-2.223576E-10	-4.49726E+9	19.350155	0.74453	0	0
0	0	0	3.400895	6.355416	-19.550898	6.355416	187812.5	-2.811669E-10	-3.556606E+9	19.303962	0.743225	0	0
0	0	0	3.290351	6.355339	-19.699266	6.355339	179580.875	-3.703289E-10	-2.700302E+9	19.405911	0.740534	0	0
0	0	0	3.184502	6.355444	-19.841977	6.355444	172037.25	-2.34211E-10	-4.269654E+9	19.23275	0.741602	0	0
0	0	0	3.072978	6.355618	-19.992575	6.355618	164431.625	-1.429134E-10	-6.997242E+9	19.447556	0.736893	0	0
0	0	0	2.97403	6.355576	-20.125475	6.355576	157965.75	-1.503403E-10	-6.651576E+9	19.18846	0.739465	0	0
0	0	0	2.866426	6.355856	-20.271186	6.355856	151222.375	-8.810611E-11	-1.134995E+10	19.467829	0.73349	0	0
0	0	0	2.758985	6.355367	-20.413878	6.355367	144776.5	-2.625202E-10	-3.809231E+9	19.173178	0.737091	0	0
0	0	0	2.65869	6.355604	-20.549609	6.355604	139007.625	-1.244155E-10	-8.037585E+9	19.492896	0.72981	0	0
0	0	0	2.554884	6.355618	-20.689247	6.355618	133278.625	-1.158372E-10	-8.632802E+9	19.173681	0.734558	0	0
0	0	0	2.455242	6.355583	-20.823105	6.355583	128001.75	-1.199234E-10	-8.338654E+9	19.471759	0.727238	0	0
0	0	0	2.356255	6.35543	-20.955648	6.35543	122966.375	-1.753513E-10	-5.702838E+9	19.186318	0.73163	0	0
0	0	0	2.254367	6.355667	-21.093526	6.355667	117990.25	-9.312158E-11	-1.073865E+10	19.434507	0.72514	0	0
0	0	0	2.156564	6.355513	-21.224476	6.355513	113403.125	-1.258705E-10	-7.944675E+9	19.24588	0.727752	0	0
0	0	0	2.057045	6.35566	-21.358837	6.35566	108918.625	-8.7106E-11	-1.148027E+10	19.364521	0.723518	0	0
0	0	0	1.955239	6.355583	-21.49545	6.355583	104514.5	-9.791849E-11	-1.021258E+10	19.294866	0.723914	0	0
0	0	0	1.855435	6.35573	-21.630197	6.35573	100369.75	-7.084126E-11	-1.411607E+10	19.291547	0.722054	0	0
0	0	0	1.755467	6.35552	-21.763848	6.35552	96383.125	-1.050392E-10	-9.520257E+9	19.362663	0.720273	0	0
0	0	0	1.656397	6.355842	-21.898255	6.355842	92588.5	-5.501121E-11	-1.817811E+10	19.236912	0.720392	0	0
0	0	0	1.556878	6.355702	-22.031559	6.355702	88927	-6.585909E-11	-1.518393E+10	19.427718	0.716118	0	0
0	0	0	1.454828	6.355332	-22.167409	6.355332	85322.75	-1.82204E-10	-5.488354E+9	19.205023	0.718334	0	0
0	0	0	1.35245	6.355423	-22.305411	6.355423	81853.75	-1.195615E-10	-8.363896E+9	19.450703	0.712754	0	0
0	0	0	1.242437	6.3555	-22.45363	6.3555	78283	-9.022223E-11	-1.108374E+10	19.14976	0.716711	0	0
0	0	0	1.137446	6.355604	-22.5952	6.355604	75020.625	-6.714543E-11	-1.489305E+10	19.469117	0.709786	0	0
0	0	0	1.018938	6.355765	-22.755156	6.355765	71501.375	-4.766657E-11	-2.097906E+10	19.147361	0.714179	0	0
0	0	0	0.907087	6.355709	-22.905352	6.355709	68331.25	-4.998984E-11	-2.000406E+10	19.469901	0.7067	0	0
0	0	0	0.780656	6.355758	-23.075545	6.355758	64917	-4.376258E-11	-2.285057E+10	19.170442	0.711053	0	0
0	0	0	0.652634	6.355723	-23.247564	6.355723	61633.375	-4.401802E-11	-2.271797E+10	19.421646	0.7048	0	0
0	0	0	0.51089	6.355709	-23.438113	6.355709	58191.375	-4.25717E-11	-2.348978E+10	19.218351	0.707808	0	0
0	0	0	0.346278	6.355863	-23.660045	6.355863	54434.375	-3.141035E-11	-3.183664E+10	19.368593	0.703059	0	0
0	0	0	0.224789	6.355772	-23.823068	6.355772	51818.25	-3.416574E-11	-2.926909E+10	19.267997	0.704286	0	0
0	0	0	0.153856	6.355947	-23.919112	6.355947	50349.125	-2.605117E-11	-3.838599E+10	19.294573	0.701674	0	0
0	0	0	0.104239	6.355437	-23.983899	6.355437	49346.5	-6.873743E-11	-1.454811E+10	19.333008	0.700289	0	0
0	0	0	0.07647	6.355639	-24.022007	6.355639	48794	-4.064502E-11	-2.460326E+10	19.237276	0.699933	0	0
0	0	0	0.044454	6.355597	-24.064899	6.355597	48164.75	-4.376049E-11	-2.285166E+10	19.377209	0.696569	0	0
0	0	0	0.016522	6.355688	-24.102804	6.355688	47622.375	-3.616031E-11	-2.765463E+10	19.16479	0.698706	0	0
0	0	0	0.004884	6.355737	-24.118639	6.355737	47398.25	-3.306546E-11	-3.024304E+10	19.406001	0.693325	0	0
0	0	0	-0.011614	6.355597	-24.140294	6.355597	47082.25	-4.277698E-11	-2.337706E+10	19.133913	0.696451	0	0
0	0	0	-0.034524	6.355583	-24.171046	6.355583	46646.875	-4.370294E-11	-2.288175E+10	19.44287	0.689882	0	0
0	0	0	-0.0529	6.355793	-24.196553	6.355793	46300.75	-2.9555E-11	-3.383522E+10	19.125157	0.693958	0	0
0	0	0	-0.063272	6.355527	-24.209492	6.355527	46106.375	-4.93521E-11	-2.026256E+10	19.455338	0.686756	0	0
0	0	0	-0.070174	6.355639	-24.219197	6.355639	45977.5	-3.82989E-11	-2.611041E+10	19.123531	0.691821	0	0
0	0	0	-0.078954	6.355688	-24.231189	6.355688	45814.125	-3.478728E-11	-2.874614E+10	19.42445	0.684817	0	0
0	0	0	-0.091695	6.355772	-24.24864	6.355772	45578.125	-3.005139E-11	-3.327633E+10	19.14516	0.688774	0	0
0	0	0	-0.106886	6.355493	-24.268005	6.355493	45298.25	-5.322771E-11	-1.878721E+10	19.375817	0.682838	0	0
0	0	0	-0.117626	6.355639	-24.283005	6.355639	45101.375	-3.75691E-11	-2.661762E+10	19.200919	0.685094	0	0
0	0	0	-0.126202	6.355513	-24.294059	6.355513	44944.875	-4.988604E-11	-2.004569E+10	19.316057	0.681176	0	0
0	0	0	-0.13294	6.355548	-24.303252	6.355548	44822.25	-4.554382E-11	-2.195688E+10	19.263363	0.681651	0	0
0	0	0	-0.137228	6.355472	-24.308725	6.355472	44744.5	-5.585354E-11	-1.790397E+10	19.238191	0.679989	0	0
0	0	0	-0.140045	6.355751	-24.313577	6.355751	44693.375	-3.047104E-11	-3.281805E+10	19.325154	0.677892	0	0
0	0	0	-0.143435	6.355423	-24.316886	6.355423	44632	-6.519273E-11	-1.533913E+10	19.189703	0.678287	0	0
0	0	0	-0.147314	6.35552	-24.322475	6.35552	44561.875	-4.856393E-11	-2.059142E+10	19.384473	0.674132	0	0
0	0	0	-0.153235	6.355688	-24.331075	6.355688	44455	-3.375528E-11	-2.9625E+10	19.145197	0.676586	0	0
0	0	0	-0.15883	6.35566	-24.338491	6.35566	44354.25	-3.547163E-11	-2.819154E+10	19.439936	0.670769	0	0
0	0	0	-0.166507	6.355667	-24.348841	6.355667	44216.375	-3.489694E-11	-2.865581E+10	19.106138	0.675122	0	0
0	0	0	-0.172796	6.3558	-24.357803	6.3558	44103.875	-2.785677E-11	-3.589792E+10	19.42674	0.668157	0	0
0	0	0	-0.1808	6.355555	-24.367635	6.355555	43960.875	-4.392583E-11	-2.276565E+10	19.086364	0.672747	0	0
0	0	0	-0.185374	6.355534	-24.373706	6.355534	43879.5	-4.614648E-11	-2.167013E+10	19.40484	0.665426	0	0
0	0	0	-0.190519	6.355625	-24.38097	6.355625	43788	-3.751513E-11	-2.665591E+10	19.121684	0.669423	0	0
0	0	0	-0.195338	6.355548	-24.387158	6.355548	43702.625	-4.440617E-11	-2.251939E+10	19.368666	0.663527	0	0
0	0	0	-0.199013	6.355562	-24.392153	6.355562	43637.5	-4.288955E-11	-2.33157E+10	19.156297	0.666534	0	0
0	0	0	-0.201218	6.355625	-24.395357	6.355625	43598.5	-3.735278E-11	-2.677177E+10	19.296409	0.662102	0	0
0	0	0	-0.202403	6.355604	-24.39687	6.355604	43577.625	-3.900312E-11	-2.563898E+10	19.217876	0.662894	0	0
0	0	0	-0.206282	6.355681	-24.402379	6.355681	43509.125	-3.345985E-11	-2.988656E+10	19.244775	0.66044	0	0
0	0	0	-0.208528	6.355541	-24.404868	6.355541	43469.5	-4.4929E-11	-2.225734E+10	19.280113	0.659253	0	0
0	0	0	-0.208937	6.3558	-24.406401	6.3558	43462.375	-2.745158E-11	-3.642777E+10	19.183295	0.659135	0	0
0	0	0	-0.210407	6.355905	-24.408776	6.355905	43436.375	-2.369876E-11	-4.21963E+10	19.321236	0.656048	0	0
0	0	0	-0.211264	6.355667	-24.409025	6.355667	43421.25	-3.42694E-11	-2.918055E+10	19.098312	0.658106	0	0
0	0	0	-0.212816	6.355611	-24.410899	6.355611	43394	-3.826878E-11	-2.613096E+10	19.359277	0.652566	0	0
0	0	0	-0.21351	6.355632	-24.411913	6.355632	43381.75	-3.664463E-11	-2.728913E+10	19.072278	0.655731	0	0
0	0	0	-0.214245	6.355604	-24.412795	6.355604	43368.875	-3.881628E-11	-2.576239E+10	19.400215	0.649202	0	0
0	0	0	-0.21543	6.355597	-24.41436	6.355597	43348	-3.93842E-11	-2.53909E+10	19.054142	0.653911	0	0
0	0	0	-0.216696	6.355723	-24.416542	6.355723	43325.75	-3.094288E-11	-3.231762E+10	19.408105	0.646472	0	0
0	0	0	-0.216165	6.355751	-24.415934	6.355751	43335.125	-2.954501E-11	-3.384667E+10	19.049452	0.651616	0	0
0	0	0	-0.217226	6.355716	-24.417229	6.355716	43316.5	-3.130837E-11	-3.194034E+10	19.367615	0.644691	0	0
0	0	0	-0.217921	6.355737	-24.418242	6.355737	43304.25	-3.020945E-11	-3.310223E+10	19.080945	0.648688	0	0
0	0	0	-0.219268	6.355674	-24.419815	6.355674	43280.625	-3.371561E-11	-2.965985E+10	19.324525	0.642712	0	0
0	0	0	-0.220126	6.355486	-24.42025	6.355486	43265.625	-5.185322E-11	-1.92852E+10	19.145608	0.645126	0	0
0	0	0	-0.219717	6.355709	-24.420552	6.355709	43272.75	-3.165752E-11	-3.158807E+10	19.278041	0.641129	0	0
0	0	0	-0.221637	6.355688	-24.423053	6.355688	43239.125	-3.283205E-11	-3.045805E+10	19.21121	0.641723	0	0
0	0	0	-0.221514	6.355744	-24.423101	6.355744	43241.25	-2.981932E-11	-3.35353E+10	19.195767	0.64014	0	0
0	0	0	-0.223311	6.355877	-24.426023	6.355877	43209.75	-2.446357E-11	-4.087711E+10	19.262467	0.63832	0	0
0	0	0	-0.223638	6.355779	-24.426089	6.355779	43204	-2.817688E-11	-3.549009E+10	19.146694	0.638399	0	0
0	0	0	-0.22474	6.355758	-24.427492	6.355758	43184.75	-2.911219E-11	-3.434987E+10	19.333182	0.634679	0	0
0	0	0	-0.223883	6.355709	-24.426153	6.355709	43199.75	-3.160412E-11	-3.164145E+10	19.097575	0.637014	0	0
0	0	0	-0.223964	6.35573	-24.426343	6.35573	43198.25	-3.048945E-11	-3.279823E+10	19.354163	0.63187	0	0
0	0	0	-0.224618	6.355744	-24.427274	6.355744	43186.875	-2.978183E-11	-3.357752E+10	19.032579	0.635708	0	0
0	0	0	-0.225108	6.355702	-24.427774	6.355702	43178.25	-3.197769E-11	-3.12718E+10	19.371603	0.62906	0	0
0	0	0	-0.224209	6.355779	-24.426858	6.355779	43194	-2.817035E-11	-3.549831E+10	19.027784	0.633413	0	0
0	0	0	-0.22425	6.35552	-24.425929	6.35552	43193.25	-4.707239E-11	-2.124388E+10	19.374977	0.626171	0	0
0	0	0	-0.22568	6.355758	-24.428755	6.355758	43168.25	-2.910107E-11	-3.4363E+10	19.059631	0.630722	0	0
0	0	0	-0.225761	6.355744	-24.428812	6.355744	43166.875	-2.976803E-11	-3.359308E+10	19.329144	0.624588	0	0
0	0	0	-0.225557	6.355744	-24.428537	6.355744	43170.375	-2.977045E-11	-3.359036E+10	19.071392	0.627992	0	0
0	0	0	-0.225108	6.355604	-24.427401	6.355604	43178.25	-3.864567E-11	-2.587612E+10	19.264224	0.622887	0	0
0	0	0	-0.225965	6.355758	-24.42914	6.355758	43163.25	-2.90977E-11	-3.436698E+10	19.11976	0.624707	0	0
0	0	0	-0.226986	6.355772	-24.430566	6.355772	43145.375	-2.844738E-11	-3.515262E+10	19.217003	0.621225	0	0
0	0	0	-0.225802	6.3558	-24.42908	6.3558	43166.125	-2.726447E-11	-3.667777E+10	19.201595	0.621304	0	0
0	0	0	-0.225761	6.355835	-24.429158	6.355835	43166.875	-2.59036E-11	-3.860467E+10	19.138588	0.620433	0	0
0	0	0	-0.226333	6.35552	-24.428729	6.35552	43156.875	-4.703275E-11	-2.126178E+10	19.241627	0.618059	0	0
0	0	0	-0.227231	6.355541	-24.430017	6.355541	43141.125	-4.45896E-11	-2.242676E+10	19.06475	0.619127	0	0
0	0	0	-0.226741	6.355716	-24.430023	6.355716	43149.625	-3.118775E-11	-3.206387E+10	19.292868	0.614537	0	0
0	0	0	-0.225475	6.35573	-24.428374	6.35573	43171.875	-3.047084E-11	-3.281827E+10	19.029554	0.617307	0	0
0	0	0	-0.227844	6.355758	-24.431666	6.355758	43130.375	-2.907553E-11	-3.439318E+10	19.335127	0.61149	0	0
0	0	0	-0.22666	6.355548	-24.429275	6.355548	43151.125	-4.384579E-11	-2.280721E+10	18.992544	0.615764	0	0
0	0	0	-0.226823	6.355646	-24.429867	6.355646	43148.25	-3.545074E-11	-2.820815E+10	19.328273	0.609195	0	0
0	0	0	-0.228865	6.355751	-24.433012	6.355751	43112.5	-2.939323E-11	-3.402144E+10	18.964474	0.613904	0	0
0	0	0	-0.229151	6.355688	-24.433157	6.355688	43107.5	-3.27321E-11	-3.055105E+10	19.307899	0.60686	0	0
0	0	0	-0.230253	6.3558	-24.435065	6.3558	43088.25	-2.721528E-11	-3.674406E+10	18.993695	0.611253	0	0
0	0	0	-0.230376	6.355611	-24.434512	6.355611	43086.125	-3.799727E-11	-2.631768E+10	19.307801	0.604565	0	0
0	0	0	-0.23156	6.355709	-24.436476	6.355709	43065.5	-3.15059E-11	-3.174009E+10	19.055748	0.608245	0	0
0	0	0	-0.231193	6.355765	-24.436195	6.355765	43071.875	-2.871398E-11	-3.482625E+10	19.249978	0.603299	0	0
0	0	0	-0.232254	6.355849	-24.437942	6.355849	43053.375	-2.532961E-11	-3.947949E+10	19.07842	0.605554	0	0
0	0	0	-0.232989	6.35573	-24.438478	6.35573	43040.5	-3.037811E-11	-3.291844E+10	19.159147	0.602151	0	0
0	0	0	-0.234909	6.35573	-24.441059	6.35573	43007	-3.035447E-11	-3.294408E+10	19.153969	0.601993	0	0
0	0	0	-0.234419	6.355975	-24.441331	6.355975	43015.625	-2.151571E-11	-4.647766E+10	19.114339	0.600806	0	0
0	0	0	-0.233684	6.355758	-24.439518	6.355758	43028.375	-2.900677E-11	-3.447471E+10	19.223905	0.598708	0	0
0	0	0	-0.235562	6.356009	-24.443002	6.356009	42995.625	-2.064644E-11	-4.84345E+10	19.043882	0.599777	0	0
0	0	0	-0.234419	6.355982	-24.441358	6.355982	43015.625	-2.13381E-11	-4.686453E+10	19.255723	0.595741	0	0
0	0	0	-0.236501	6.355877	-24.443759	6.355877	42979.25	-2.433307E-11	-4.109634E+10	18.987772	0.598392	0	0
0	0	0	-0.236379	6.355632	-24.442663	6.355632	42981.375	-3.630643E-11	-2.754333E+10	19.293178	0.592733	0	0
0	0	0	-0.236665	6.355842	-24.443846	6.355842	42976.5	-2.553437E-11	-3.91629E+10	18.966573	0.596611	0	0
0	0	0	-0.236746	6.355632	-24.443158	6.355632	42975	-3.630104E-11	-2.754742E+10	19.30396	0.589884	0	0
0	0	0	-0.236052	6.355877	-24.443155	6.355877	42987.125	-2.433753E-11	-4.108881E+10	18.939293	0.594751	0	0
0	0	0	-0.23695	6.355779	-24.443991	6.355779	42971.5	-2.802524E-11	-3.568212E+10	19.275921	0.587945	0	0
0	0	0	-0.237604	6.355849	-24.445136	6.355849	42960	-2.527467E-11	-3.95653E+10	18.937035	0.592535	0	0
0	0	0	-0.237808	6.355814	-24.445277	6.355814	42956.5	-2.657345E-11	-3.763155E+10	19.248816	0.586125	0	0
0	0	0	-0.237931	6.355835	-24.445522	6.355835	42954.375	-2.577608E-11	-3.879565E+10	19.005783	0.589409	0	0
0	0	0	-0.237686	6.355793	-24.445033	6.355793	42958.625	-2.742163E-11	-3.646756E+10	19.214203	0.584383	0	0
0	0	0	-0.238829	6.355891	-24.446943	6.355891	42938.75	-2.386053E-11	-4.191021E+10	19.057625	0.586085	0	0
0	0	0	-0.237318	6.355765	-24.444432	6.355765	42965	-2.864273E-11	-3.491288E+10	19.12388	0.583513	0	0
0	0	0	-0.237236	6.355562	-24.443551	6.355562	42966.5	-4.223005E-11	-2.367982E+10	19.098847	0.583394	0	0
0	0	0	-0.235276	6.355807	-24.441846	6.355807	43000.625	-2.687743E-11	-3.720594E+10	19.035451	0.582405	0	0
0	0	0	-0.23642	6.355996	-24.444102	6.355996	42980.75	-2.097452E-11	-4.767691E+10	19.155646	0.579912	0	0
0	0	0	-0.236828	6.355821	-24.443986	6.355821	42973.625	-2.631316E-11	-3.800379E+10	18.980854	0.58102	0	0
0	0	0	-0.235399	6.355681	-24.441532	6.355681	42998.5	-3.306717E-11	-3.024148E+10	19.21098	0.576746	0	0
0	0	0	-0.235807	6.355472	-24.441283	6.355472	42991.375	-5.366515E-11	-1.863407E+10	18.919907	0.579754	0	0
0	0	0	-0.234378	6.355849	-24.440798	6.355849	43016.25	-2.530777E-11	-3.951356E+10	19.220524	0.574134	0	0
0	0	0	-0.235195	6.355884	-24.442029	6.355884	43002	-2.411871E-11	-4.146158E+10	18.88987	0.578171	0	0
0	0	0	-0.234745	6.355688	-24.44068	6.355688	43009.875	-3.265797E-11	-3.062039E+10	19.252328	0.571364	0	0
0	0	0	-0.235235	6.355772	-24.441658	6.355772	43001.375	-2.835244E-11	-3.527033E+10	18.900704	0.576034	0	0
0	0	0	-0.233602	6.355583	-24.438743	6.355583	43029.875	-4.031422E-11	-2.480514E+10	19.265849	0.56903	0	0
0	0	0	-0.232132	6.355779	-24.437511	6.355779	43055.5	-2.808003E-11	-3.56125E+10	18.886736	0.574095	0	0
0	0	0	-0.232091	6.355786	-24.437483	6.355786	43056.25	-2.777903E-11	-3.599838E+10	19.226339	0.567486	0	0
0	0	0	-0.232377	6.355737	-24.437681	6.355737	43051.25	-3.003295E-11	-3.329676E+10	18.921121	0.571641	0	0
0	0	0	-0.232622	6.355653	-24.437691	6.355653	43047	-3.489052E-11	-2.866108E+10	19.179448	0.565706	0	0
0	0	0	-0.230498	6.355493	-24.434224	6.355493	43084	-5.062586E-11	-1.975275E+10	18.985258	0.568238	0	0
0	0	0	-0.232254	6.355779	-24.437676	6.355779	43053.375	-2.807864E-11	-3.561426E+10	19.100551	0.564756	0	0
0	0	0	-0.232948	6.355744	-24.438477	6.355744	43041.25	-2.96814E-11	-3.369113E+10	19.033431	0.565231	0	0
0	0	0	-0.23303	6.355772	-24.438693	6.355772	43039.75	-2.837774E-11	-3.523889E+10	19.023742	0.563806	0	0
0	0	0	-0.231846	6.355751	-24.43702	6.355751	43060.5	-2.935777E-11	-3.406253E+10	19.09664	0.562144	0	0
0	0	0	-0.233112	6.355702	-24.438537	6.355702	43038.375	-3.18741E-11	-3.137343E+10	18.961534	0.562738	0	0
0	0	0	-0.233275	6.3558	-24.439129	6.3558	43035.5	-2.718196E-11	-3.67891E+10	19.174072	0.55882	0	0
0	0	0	-0.233153	6.355709	-24.438618	6.355709	43037.625	-3.148551E-11	-3.176064E+10	18.927585	0.561115	0	0
0	0	0	-0.234745	6.355814	-24.441159	6.355814	43009.875	-2.660647E-11	-3.758485E+10	19.195066	0.556288	0	0
0	0	0	-0.234459	6.355891	-24.441067	6.355891	43014.875	-2.390283E-11	-4.183604E+10	18.865469	0.560047	0	0
0	0	0	-0.235603	6.355695	-24.44186	6.355695	42995	-3.223931E-11	-3.101804E+10	19.198406	0.553913	0	0
0	0	0	-0.236134	6.355625	-24.442307	6.355625	42985.625	-3.68277E-11	-2.715347E+10	18.839899	0.558266	0	0
0	0	0	-0.236379	6.35566	-24.44277	6.35566	42981.375	-3.437369E-11	-2.909201E+10	19.211752	0.551262	0	0
0	0	0	-0.237481	6.355954	-24.44537	6.355954	42962.25	-2.203936E-11	-4.537338E+10	18.853382	0.555852	0	0
0	0	0	-0.237318	6.3558	-24.444565	6.3558	42965	-2.713743E-11	-3.684947E+10	19.187519	0.549323	0	0
0	0	0	-0.237155	6.355751	-24.444159	6.355751	42967.875	-2.929462E-11	-3.413596E+10	18.855566	0.553715	0	0
0	0	0	-0.238502	6.355653	-24.445599	6.355653	42944.375	-3.480734E-11	-2.872957E+10	19.120993	0.548017	0	0
0	0	0	-0.237522	6.355758	-24.44468	6.355758	42961.5	-2.896169E-11	-3.452837E+10	18.904949	0.550906	0	0
0	0	0	-0.23985	6.355933	-24.448475	6.355933	42921	-2.259691E-11	-4.425384E+10	19.077432	0.546751	0	0
0	0	0	-0.239605	6.355898	-24.448013	6.355898	42925.25	-2.363448E-11	-4.231107E+10	18.976423	0.5477	0	0
0	0	0	-0.238502	6.35594	-24.44669	6.35594	42944.375	-2.241285E-11	-4.461725E+10	18.998067	0.545564	0	0
0	0	0	-0.23838	6.355919	-24.446445	6.355919	42946.5	-2.301359E-11	-4.345259E+10	19.01763	0.54493	0	0
0	0	0	-0.238666	6.355884	-24.446696	6.355884	42941.625	-2.408485E-11	-4.151988E+10	18.922814	0.544733	0	0
0	0	0	-0.239033	6.355863	-24.447111	6.355863	42935.25	-2.477499E-11	-4.036328E+10	19.062956	0.542042	0	0
0	0	0	-0.240993	6.355807	-24.449534	6.355807	42901.125	-2.681524E-11	-3.729223E+10	18.865052	0.543545	0	0
0	0	0	-0.239442	6.355996	-24.448165	6.355996	42928.125	-2.094883E-11	-4.773535E+10	19.127182	0.538757	0	0
0	0	0	-0.24034	6.355849	-24.448815	6.355849	42912.5	-2.524673E-11	-3.96091E+10	18.817863	0.5422	0	0
0	0	0	-0.24083	6.355569	-24.448409	6.355569	42903.875	-4.14899E-11	-2.410225E+10	19.148559	0.536383	0	0
0	0	0	-0.24034	6.355898	-24.449001	6.355898	42912.5	-2.362746E-11	-4.232364E+10	18.782009	0.540855	0	0
0	0	0	-0.241157	6.355905	-24.450126	6.355905	42898.25	-2.340516E-11	-4.272562E+10	19.142929	0.534246	0	0
0	0	0	-0.240707	6.355695	-24.448724	6.355695	42906.125	-3.217267E-11	-3.108229E+10	18.768583	0.538836	0	0
0	0	0	-0.241483	6.355688	-24.44974	6.355688	42892.5	-3.256885E-11	-3.070419E+10	19.141232	0.53199	0	0
0	0	0	-0.240422	6.355793	-24.448712	6.355793	42911	-2.739123E-11	-3.650803E+10	18.773967	0.536739	0	0
0	0	0	-0.240054	6.355884	-24.448563	6.355884	42917.375	-2.407125E-11	-4.154334E+10	19.111758	0.53021	0	0
0	0	0	-0.237931	6.355828	-24.445495	6.355828	42954.375	-2.603608E-11	-3.840824E+10	18.801643	0.534365	0	0
0	0	0	-0.239033	6.355856	-24.447084	6.355856	42935.25	-2.50152E-11	-3.99757E+10	19.039719	0.52926	0	0
0	0	0	-0.237931	6.355772	-24.445282	6.355772	42954.375	-2.832145E-11	-3.530893E+10	18.85148	0.531516	0	0
0	0	0	-0.23789	6.35573	-24.445068	6.35573	42955.125	-3.031785E-11	-3.298387E+10	18.995932	0.527756	0	0
0	0	0	-0.236787	6.355604	-24.443106	6.355604	42974.25	-3.846308E-11	-2.599896E+10	18.927061	0.52835	0	0
0	0	0	-0.235195	6.355611	-24.440991	6.355611	43002	-3.792308E-11	-2.636916E+10	18.924393	0.526846	0	0
0	0	0	-0.236134	6.355562	-24.442068	6.355562	42985.625	-4.224885E-11	-2.366928E+10	18.977261	0.52558	0	0
0	0	0	-0.23695	6.35559	-24.443273	6.35559	42971.5	-3.964148E-11	-2.52261E+10	18.841428	0.526134	0	0
0	0	0	-0.234582	6.355541	-24.439901	6.355541	43012.75	-4.445691E-11	-2.249369E+10	19.037811	0.522612	0	0
0	0	0	-0.232744	6.355814	-24.438468	6.355814	43044.75	-2.662804E-11	-3.75544E+10	18.794025	0.524551	0	0
0	0	0	-0.233071	6.355646	-24.438269	6.355646	43039.125	-3.536108E-11	-2.827968E+10	19.075539	0.519763	0	0
0	0	0	-0.232336	6.355905	-24.438265	6.355905	43052	-2.348905E-11	-4.257304E+10	18.754439	0.523206	0	0
0	0	0	-0.234541	6.355772	-24.440725	6.355772	43013.5	-2.836043E-11	-3.526039E+10	19.100166	0.517388	0	0
0	0	0	-0.233275	6.355821	-24.439208	6.355821	43035.5	-2.635105E-11	-3.794915E+10	18.724898	0.522018	0	0
0	0	0	-0.23254	6.355681	-24.437688	6.355681	43048.375	-3.310552E-11	-3.020644E+10	19.09539	0.515331	0	0
0	0	0	-0.233234	6.355695	-24.438675	6.355695	43036.25	-3.227024E-11	-3.09883E+10	18.713767	0.520198	0	0
0	0	0	-0.232785	6.355437	-24.437086	6.355437	43044	-5.995834E-11	-1.667825E+10	19.085113	0.513352	0	0
0	0	0	-0.233643	6.355716	-24.439304	6.355716	43029.125	-3.110066E-11	-3.215366E+10	18.755081	0.517665	0	0
0	0	0	-0.233765	6.355772	-24.439681	6.355772	43027	-2.836933E-11	-3.524933E+10	19.048819	0.512007	0	0
0	0	0	-0.233765	6.355534	-24.438777	6.355534	43027	-4.524993E-11	-2.209948E+10	18.789634	0.515331	0	0
0	0	0	-0.235848	6.355681	-24.442136	6.355681	42990.625	-3.306111E-11	-3.024702E+10	0	0	0	0
0	0	0	-0.234786	6.355534	-24.440149	6.355534	43009.125	-4.523113E-11	-2.210867E+10	0	0	0	0
0	0	0	-0.234745	6.355723	-24.440813	6.355723	43009.875	-3.071728E-11	-3.255496E+10	0	0	0	0
0	0	0	-0.235276	6.355912	-24.442245	6.355912	43000.625	-2.324992E-11	-4.30109E+10	0	0	0	0
0	0	0	-0.236134	6.355695	-24.442573	6.355695	42985.625	-3.223228E-11	-3.10248E+10	0	0	0	0
0	0	0	-0.23695	6.355702	-24.443698	6.355702	42971.5	-3.182457E-11	-3.142226E+10	0	0	0	0
0	0	0	-0.236787	6.355758	-24.443692	6.355758	42974.25	-2.897029E-11	-3.451813E+10	0	0	0	0
0	0	0	-0.238012	6.355576	-24.444647	6.355576	42952.875	-4.087942E-11	-2.446218E+10	0	0	0	0
0	0	0	-0.239401	6.355898	-24.447738	6.355898	42928.75	-2.36364E-11	-4.230762E+10	0	0	0	0
0	0	0	-0.23887	6.35573	-24.446386	6.35573	42938	-3.030577E-11	-3.299702E+10	0	0	0	0
0	0	0	-0.239156	6.3558	-24.447036	6.3558	42933	-2.711722E-11	-3.687693E+10	0	0	0	0
0	0	0	-0.239401	6.355898	-24.447738	6.355898	42928.75	-2.36364E-11	-4.230762E+10	0	0	0	0
0	0	0	-0.24034	6.355849	-24.448815	6.355849	42912.5	-2.524673E-11	-3.96091E+10	0	0	0	0
0	0	0	-0.241157	6.355807	-24.449753	6.355807	42898.25	-2.681344E-11	-3.729473E+10	0	0	0	0
0	0	0	-0.241647	6.355793	-24.450359	6.355793	42889.75	-2.737767E-11	-3.652612E+10	0	0	0	0
0	0	0	-0.241483	6.355737	-24.449927	6.355737	42892.5	-2.992221E-11	-3.342E+10	0	0	0	0
0	0	0	-0.241851	6.355779	-24.45058	6.355779	42886.125	-2.796956E-11	-3.575315E+10	0	0	0	0
0	0	0	-0.240952	6.356016	-24.450277	6.356016	42901.75	-2.043804E-11	-4.892837E+10	0	0	0	0
0	0	0	-0.241892	6.355625	-24.45005	6.355625	42885.5	-3.674192E-11	-2.721687E+10	0	0	0	0
0	0	0	-0.240952	6.355814	-24.449505	6.355814	42901.75	-2.653958E-11	-3.767957E+10	0	0	0	0
0	0	0	-0.241443	6.355849	-24.450297	6.355849	42893.25	-2.52354E-11	-3.962687E+10	0	0	0	0
0	0	0	-0.239646	6.355849	-24.447881	6.355849	42924.5	-2.525379E-11	-3.959802E+10	0	0	0	0
0	0	0	-0.240626	6.356044	-24.449944	6.356044	42907.5	-1.981251E-11	-5.047316E+10	0	0	0	0
0	0	0	-0.241892	6.355884	-24.451035	6.355884	42885.5	-2.405337E-11	-4.157422E+10	0	0	0	0
0	0	0	-0.241851	6.355975	-24.451326	6.355975	42886.125	-2.145094E-11	-4.661801E+10	0	0	0	0
0	0	0	-0.239972	6.355947	-24.448693	6.355947	42918.875	-2.220668E-11	-4.50315E+10	0	0	0	0
0	0	0	-0.239646	6.355723	-24.447402	6.355723	42924.5	-3.065631E-11	-3.261971E+10	0	0	0	0
0	0	0	-0.240871	6.355954	-24.449928	6.355954	42903.125	-2.200903E-11	-4.543591E+10	0	0	0	0
0	0	0	-0.239033	6.355779	-24.446792	6.355779	42935.25	-2.80016E-11	-3.571224E+10	0	0	0	0
0	0	0	-0.239972	6.355653	-24.447576	6.355653	42918.875	-3.478667E-11	-2.874664E+10	0	0	0	0
0	0	0	-0.238012	6.35587	-24.445765	6.35587	42952.875	-2.454943E-11	-4.073415E+10	0	0	0	0
0	0	0	-0.237073	6.355625	-24.44357	6.355625	42969.375	-3.681378E-11	-2.716374E+10	0	0	0	0
0	0	0	-0.236501	6.355737	-24.443227	6.355737	42979.25	-2.998272E-11	-3.335254E+10	0	0	0	0
0	0	0	-0.236175	6.35594	-24.44356	6.35594	42985	-2.243406E-11	-4.457509E+10	0	0	0	0
0	0	0	-0.236542	6.355765	-24.443389	6.355765	42978.5	-2.865173E-11	-3.490191E+10	0	0	0	0
0	0	0	-0.23548	6.355765	-24.441961	6.355765	42997	-2.866406E-11	-3.488689E+10	0	0	0	0
0	0	0	-0.234174	6.355751	-24.44015	6.355751	43019.875	-2.933008E-11	-3.409469E+10	0	0	0	0
0	0	0	-0.235317	6.355681	-24.441422	6.355681	43000	-3.306832E-11	-3.024042E+10	0	0	0	0
0	0	0	-0.233439	6.355912	-24.439774	6.355912	43032.625	-2.326722E-11	-4.297892E+10	0	0	0	0
0	0	0	-0.233561	6.355709	-24.439167	6.355709	43030.5	-3.14803E-11	-3.17659E+10	0	0	0	0
0	0	0	-0.234623	6.355856	-24.441154	6.355856	43012	-2.505992E-11	-3.990436E+10	0	0	0	0
0	0	0	-0.235235	6.355793	-24.441738	6.355793	43001.375	-2.744892E-11	-3.643131E+10	0	0	0	0
0	0	0	-0.235072	6.355625	-24.44088	6.355625	43004.125	-3.684355E-11	-2.714179E+10	0	0	0	0
0	0	0	-0.232989	6.355653	-24.438186	6.355653	43040.5	-3.488525E-11	-2.866541E+10	0	0	0	0
0	0	0	-0.235195	6.355919	-24.442162	6.355919	43002	-2.304333E-11	-4.339651E+10	0	0	0	0
0	0	0	-0.233765	6.355842	-24.439947	6.355842	43027	-2.556438E-11	-3.911693E+10	0	0	0	0
0	0	0	-0.234786	6.355625	-24.440495	6.355625	43009.125	-3.684783E-11	-2.713864E+10	0	0	0	0
0	0	0	-0.23593	6.355723	-24.442405	6.355723	42989.25	-3.070255E-11	-3.257058E+10	0	0	0	0
0	0	0	-0.234541	6.355667	-24.440325	6.355667	43013.5	-3.394759E-11	-2.945717E+10	0	0	0	0
0	0	0	-0.237849	6.355856	-24.445492	6.355856	42955.875	-2.502722E-11	-3.99565E+10	0	0	0	0
0	0	0	-0.238257	6.355926	-24.446307	6.355926	42948.75	-2.281137E-11	-4.383778E+10	0	0	0	0
0	0	0	-0.238053	6.355828	-24.44566	6.355828	42952.25	-2.603479E-11	-3.841014E+10	0	0	0	0
0	0	0	-0.238625	6.355779	-24.446242	6.355779	42942.25	-2.800617E-11	-3.570642E+10	0	0	0	0
0	0	0	-0.238543	6.355912	-24.446638	6.355912	42943.75	-2.321917E-11	-4.306786E+10	0	0	0	0
0	0	0	-0.237563	6.355828	-24.445001	6.355828	42960.75	-2.603994E-11	-3.840254E+10	0	0	0	0
0	0	0	-0.23887	6.35559	-24.445853	6.35559	42938	-3.961058E-11	-2.524578E+10	0	0	0	0
0	0	0	-0.23936	6.355926	-24.44779	6.355926	42929.5	-2.280115E-11	-4.385744E+10	0	0	0	0
0	0	0	-0.241443	6.355807	-24.450138	6.355807	42893.25	-2.681032E-11	-3.729908E+10	0	0	0	0
0	0	0	-0.239156	6.35587	-24.447302	6.35587	42933	-2.453807E-11	-4.0753E+10	0	0	0	0
0	0	0	-0.241402	6.355723	-24.449764	6.355723	42894	-3.063452E-11	-3.264291E+10	0	0	0	0
0	0	0	-0.239074	6.355835	-24.447059	6.355835	42934.5	-2.576416E-11	-3.881361E+10	0	0	0	0
0	0	0	-0.242178	6.355765	-24.450967	6.355765	42880.5	-2.858639E-11	-3.498168E+10	0	0	0	0
0	0	0	-0.24181	6.355667	-24.4501	6.355667	42886.875	-3.384766E-11	-2.954414E+10	0	0	0	0
0	0	0	-0.238543	6.355968	-24.446851	6.355968	42943.75	-2.166005E-11	-4.616794E+10	0	0	0	0
0	0	0	-0.241933	6.355835	-24.450903	6.355835	42884.75	-2.57343E-11	-3.885864E+10	0	0	0	0
0	0	0	-0.243035	6.355856	-24.452466	6.355856	42865.625	-2.497463E-11	-4.004063E+10	0	0	0	0
0	0	0	-0.241688	6.355723	-24.450148	6.355723	42889	-3.063095E-11	-3.264671E+10	0	0	0	0
0	0	0	-0.242545	6.355646	-24.451008	6.355646	42874.125	-3.522552E-11	-2.838851E+10	0	0	0	0
0	0	0	-0.242055	6.355975	-24.4516	6.355975	42882.625	-2.144919E-11	-4.662181E+10	0	0	0	0
0	0	0	-0.242423	6.355919	-24.451881	6.355919	42876.25	-2.297594E-11	-4.352378E+10	0	0	0	0
0	0	0	-0.241402	6.355891	-24.450402	6.355891	42894	-2.383567E-11	-4.195394E+10	0	0	0	0
0	0	0	-0.240462	6.355891	-24.449139	6.355891	42910.25	-2.38447E-11	-4.193805E+10	0	0	0	0
0	0	0	-0.241279	6.355779	-24.449812	6.355779	42896.125	-2.797609E-11	-3.574481E+10	0	0	0	0
0	0	0	-0.240626	6.355688	-24.448587	6.355688	42907.5	-3.258024E-11	-3.069345E+10	0	0	0	0
0	0	0	-0.23838	6.355877	-24.446285	6.355877	42946.5	-2.431453E-11	-4.112768E+10	0	0	0	0
0	0	0	-0.239564	6.355863	-24.447825	6.355863	42925.875	-2.476958E-11	-4.03721E+10	0	0	0	0
0	0	0	-0.237971	0	-0.237971	0	42953.625	0	0	0	0	0	0
0	0	0	-0.236787	0	-0.236787	0	42974.25	0	0	0	0	0	0
