Vload_(V)	ILoad_(A)	RsLoad (ohm)	SunsVoc_Voltage_(V)	SunsVoc_Current_(A)	Model_Voltage_(V)	Model_Current_(A)	Carrier_Density_(cm-3)	Lifetime_(s)	Inverse_Lifetime_(s-1)	Efficiency_(%)	Intensity_(suns)	Dark_IV_Voltage_(V)	Dark_IV_Current_(A)
4.572654	9.289191	0	38.672668	-0.948937	39.000052	-0.948937	6.88681E+14	4.599999E-5	21738.348611	15.950019	1.0979	0	0
4.571975	9.286293	1.657286	38.609535	-0.557663	38.801732	-0.557663	6.630611E+14	4.604859E-5	21715.463067	15.982775	1.097346	0	0
4.639179	9.290339	-0.134593	38.502298	0.036969	38.489579	0.036969	6.215718E+14	4.594153E-5	21766.156464	15.935345	1.094998	0	0
5.73423	9.280546	1.925144	38.378171	0.675834	38.146119	0.675834	5.765857E+14	4.577745E-5	21844.26414	15.931067	1.092307	0	0
8.122939	9.269611	1.95024	38.25228	1.277071	37.814685	1.277071	5.340981E+14	4.558624E-5	21935.968991	15.971085	1.089102	0	0
10.658877	9.250227	1.880494	38.128349	1.828008	37.503235	1.828008	4.951698E+14	4.538441E-5	22033.591345	15.949754	1.0893	0	0
13.084977	9.238573	1.688721	38.007816	2.32438	37.214523	2.32438	4.59897E+14	4.515558E-5	22145.304564	15.979575	1.08773	0	0
15.493859	9.219481	1.509876	37.888312	2.785369	36.939543	2.785369	4.272904E+14	4.492776E-5	22257.650232	15.912433	1.087572	0	0
17.903684	9.213075	1.270096	37.768514	3.217364	36.674745	3.217364	3.96822E+14	4.46927E-5	22374.757253	15.937721	1.08459	0	0
20.310732	9.206529	1.028706	37.647196	3.620036	36.418985	3.620036	3.680896E+14	4.440127E-5	22521.653054	15.944158	1.080937	0	0
22.726698	9.198823	0.787388	37.529375	3.989942	36.178282	3.989942	3.421008E+14	4.414687E-5	22651.465862	15.93042	1.077322	0	0
25.140483	9.197171	0.529007	37.411406	4.333403	35.94686	4.333403	3.178513E+14	4.386029E-5	22799.496989	15.958296	1.07198	0	0
27.533568	9.18832	0.290066	37.292571	4.656188	35.72202	4.656188	2.951025E+14	4.355826E-5	22957.614551	15.914678	1.069342	0	0
28.436925	9.154545	0.257216	37.175338	4.958842	35.505941	4.958842	2.742053E+14	4.330253E-5	23093.216537	15.964572	1.065477	0	0
29.326897	9.050365	0.286466	37.05897	5.234418	35.300197	5.234418	2.548826E+14	4.298668E-5	23262.911918	15.938623	1.062509	0	0
30.203707	8.877933	0.308588	36.94595	5.487424	35.105625	5.487424	2.373839E+14	4.269981E-5	23419.213457	15.930933	1.058288	0	0
31.073896	8.621779	0.319586	36.832278	5.72659	34.915373	5.72659	2.209639E+14	4.241451E-5	23576.75797	15.945349	1.052419	0	0
31.937531	8.262432	0.322293	36.719128	5.946885	34.732234	5.946885	2.057199E+14	4.209111E-5	23757.915037	15.920773	1.047604	0	0
32.787141	7.768859	0.323809	36.607431	6.150168	34.55645	6.150168	1.916799E+14	4.175825E-5	23947.303088	15.965456	1.041405	0	0
33.61841	7.134734	0.323114	36.496928	6.340132	34.386503	6.340132	1.787127E+14	4.144118E-5	24130.531881	15.935508	1.036722	0	0
34.433676	6.356501	0.320237	36.387404	6.516915	34.222114	6.516915	1.667088E+14	4.112275E-5	24317.392816	15.948524	1.031696	0	0
35.234041	5.428361	0.316953	36.278027	6.683306	34.061529	6.683306	1.555105E+14	4.080982E-5	24503.866454	15.959754	1.026196	0	0
36.002169	4.393482	0.310901	36.17079	6.836937	33.907429	6.836937	1.45249E+14	4.050493E-5	24688.316637	15.93448	1.021962	0	0
36.736274	3.25909	0.312555	36.06388	6.980953	33.757004	6.980953	1.356816E+14	4.019765E-5	24877.047604	15.980969	1.014799	0	0
37.401094	2.114787	0.322462	35.956415	7.116275	33.609085	7.116275	1.266897E+14	3.987113E-5	25080.779835	15.930614	1.009998	0	0
37.986332	1.030087	0.337201	35.849292	7.242808	33.464551	7.242808	1.183109E+14	3.953649E-5	25293.066253	15.971603	1.003046	0	0
30.710623	8.740639	0.31601	35.74248	7.361599	33.323011	7.361599	1.105007E+14	3.920216E-5	25508.778449	15.967329	0.99748	0	0
38.511163	0	0	35.637987	7.47092	33.186942	7.47092	1.033528E+14	3.887084E-5	25726.205993	15.964031	0.992375	0	0
0	0	0	35.535144	7.571756	33.055359	7.571756	9.676397E+13	3.852952E-5	25954.1096	15.991895	0.986281	0	0
0	0	0	35.432334	7.666679	32.925856	7.666679	9.059236E+13	3.818246E-5	26190.024116	15.955201	0.98144	0	0
0	0	0	35.329802	7.754564	32.799025	7.754564	8.482532E+13	3.779923E-5	26455.553664	15.988305	0.975109	0	0
0	0	0	35.232415	7.835584	32.679451	7.835584	7.968461E+13	3.748761E-5	26675.469036	15.977987	0.969318	0	0
0	0	0	35.135763	7.912017	32.56216	7.912017	7.488789E+13	3.718632E-5	26891.600771	15.975341	0.963752	0	0
0	0	0	35.040042	7.98428	32.447195	7.98428	7.04195E+13	3.690392E-5	27097.384212	16.004905	0.957024	0	0
0	0	0	34.943814	8.053843	32.332699	8.053843	6.619395E+13	3.664286E-5	27290.435692	15.967613	0.952461	0	0
0	0	0	34.845235	8.120261	32.217049	8.120261	6.212585E+13	3.634497E-5	27514.116255	16.016778	0.94609	0	0
0	0	0	34.748713	8.181707	32.105044	8.181707	5.838324E+13	3.605049E-5	27738.868814	15.980721	0.941301	0	0
0	0	0	34.652437	8.239393	31.994552	8.239393	5.487319E+13	3.574495E-5	27975.977336	15.998478	0.935392	0	0
0	0	0	34.557614	8.293829	31.886554	8.293829	5.162114E+13	3.546555E-5	28196.373439	16.007661	0.929298	0	0
0	0	0	34.462939	8.345211	31.779736	8.345211	4.856523E+13	3.51822E-5	28423.457072	15.980708	0.92418	0	0
0	0	0	34.369341	8.393359	31.675039	8.393359	4.572096E+13	3.490191E-5	28651.726012	16.026888	0.91773	0	0
0	0	0	34.276136	8.438323	31.571785	8.438323	4.305324E+13	3.46022E-5	28899.889823	15.993021	0.912797	0	0
0	0	0	34.182833	8.481145	31.46917	8.481145	4.053781E+13	3.430716E-5	29148.427938	16.014108	0.907164	0	0
0	0	0	34.091506	8.521049	31.369415	8.521049	3.821736E+13	3.402356E-5	29391.396553	16.015398	0.901387	0	0
0	0	0	34.000505	8.559112	31.270598	8.559112	3.603674E+13	3.375484E-5	29625.377897	15.996219	0.896625	0	0
0	0	0	33.908231	8.594882	31.171337	8.594882	3.395204E+13	3.344056E-5	29903.8059	16.042012	0.889845	0	0
0	0	0	33.81777	8.628323	31.07458	8.628323	3.202494E+13	3.313857E-5	30176.316193	15.997332	0.885347	0	0
0	0	0	33.727995	8.6602	30.979005	8.6602	3.02202E+13	3.285588E-5	30435.950174	16.036477	0.879227	0	0
0	0	0	33.6392	8.690477	30.884902	8.690477	2.853486E+13	3.259241E-5	30681.986382	16.023447	0.873818	0	0
0	0	0	33.550535	8.719161	30.791457	8.719161	2.694546E+13	3.232576E-5	30935.079951	16.018379	0.868872	0	0
0	0	0	33.461332	8.746377	30.697993	8.746377	2.543544E+13	3.204412E-5	31206.974349	16.052134	0.862857	0	0
0	0	0	33.374056	8.771313	30.607107	8.771313	2.403972E+13	3.174408E-5	31501.935867	16.006589	0.858676	0	0
0	0	0	33.286469	8.795922	30.516053	8.795922	2.271581E+13	3.149236E-5	31753.729408	16.049865	0.852819	0	0
0	0	0	33.199259	8.818836	30.425914	8.818836	2.146983E+13	3.1215E-5	32035.877365	16.027774	0.848018	0	0
0	0	0	33.112375	8.840223	30.336587	8.840223	2.02963E+13	3.091451E-5	32347.27324	16.026133	0.843243	0	0
0	0	0	33.025752	8.860617	30.247841	8.860617	1.919001E+13	3.062035E-5	32658.0149	16.051293	0.837703	0	0
0	0	0	32.938362	8.880289	30.15861	8.880289	1.813486E+13	3.032881E-5	32971.949645	16.014474	0.833653	0	0
0	0	0	32.853455	8.898801	30.072121	8.898801	1.716516E+13	3.006837E-5	33257.536353	16.057875	0.827968	0	0
0	0	0	32.768531	8.915622	29.986162	8.915622	1.624704E+13	2.974158E-5	33622.955518	16.030149	0.823668	0	0
0	0	0	32.68475	8.932463	29.901299	8.932463	1.538931E+13	2.950136E-5	33896.746119	16.030387	0.818932	0	0
0	0	0	32.60079	8.947981	29.816692	8.947981	1.457509E+13	2.921124E-5	34233.399542	16.054566	0.813379	0	0
0	0	0	32.518235	8.962852	29.733636	8.962852	1.381643E+13	2.895258E-5	34539.237722	16.010902	0.809686	0	0
0	0	0	32.435582	8.97675	29.650802	8.97675	1.309636E+13	2.86644E-5	34886.483011	16.063373	0.803684	0	0
0	0	0	32.352994	8.990246	29.568167	8.990246	1.241429E+13	2.839823E-5	35213.468134	16.009355	0.800109	0	0
0	0	0	32.271027	9.00335	29.486256	9.00335	1.177241E+13	2.816449E-5	35505.698151	16.03539	0.794833	0	0
0	0	0	32.18772	9.014925	29.403557	9.014925	1.1154E+13	2.781121E-5	35956.721363	16.03638	0.790203	0	0
0	0	0	32.10523	9.0272	29.321428	9.0272	1.057362E+13	2.759927E-5	36232.845292	16.013039	0.786141	0	0
0	0	0	32.022887	9.037834	29.239956	9.037834	1.002436E+13	2.727263E-5	36666.798072	16.052742	0.780772	0	0
0	0	0	31.940365	9.048545	29.158299	9.048545	9.502482E+12	2.700347E-5	37032.280625	16.010207	0.77696	0	0
0	0	0	31.855114	9.05873	29.074223	9.05873	8.991839E+12	2.668165E-5	37478.937214	16.033384	0.77233	0	0
0	0	0	31.771318	9.068778	28.991579	9.068778	8.516625E+12	2.64236E-5	37844.962697	16.033644	0.767529	0	0
0	0	0	31.689595	9.077811	28.911225	9.077811	8.077352E+12	2.61316E-5	38267.848393	16.008968	0.763835	0	0
0	0	0	31.604051	9.086683	28.827299	9.086683	7.64176E+12	2.580545E-5	38751.508105	16.052654	0.758322	0	0
0	0	0	31.521267	9.095302	28.74608	9.095302	7.242583E+12	2.554467E-5	39147.115167	15.994774	0.755288	0	0
0	0	0	31.439316	9.103228	28.665871	9.103228	6.867947E+12	2.525576E-5	39594.928155	16.038187	0.750078	0	0
0	0	0	31.356875	9.110521	28.585396	9.110521	6.510604E+12	2.491905E-5	40129.940236	16.018408	0.746055	0	0
0	0	0	31.273846	9.117968	28.504323	9.117968	6.169488E+12	2.464047E-5	40583.635581	16.009791	0.741939	0	0
0	0	0	31.192336	9.124913	28.424851	9.124913	5.85199E+12	2.436043E-5	41050.17699	16.038701	0.73694	0	0
0	0	0	31.10707	9.132064	28.341757	9.132064	5.537318E+12	2.409966E-5	41494.366269	15.990993	0.73384	0	0
0	0	0	31.024122	9.1382	28.261178	9.1382	5.247439E+12	2.376607E-5	42076.794531	16.031146	0.728999	0	0
0	0	0	30.941208	9.144334	28.180637	9.144334	4.972831E+12	2.3476E-5	42596.696889	16.00698	0.725306	0	0
0	0	0	30.857983	9.150445	28.099813	9.150445	4.711637E+12	2.322268E-5	43061.345626	16.001082	0.721441	0	0
0	0	0	30.774513	9.156156	28.018883	9.156156	4.463445E+12	2.294387E-5	43584.635296	16.027895	0.7166	0	0
0	0	0	30.691713	9.16158	27.938681	9.16158	4.230156E+12	2.266881E-5	44113.470691	15.980173	0.713672	0	0
0	0	0	30.608128	9.166289	27.857953	9.166289	4.007017E+12	2.229585E-5	44851.397312	16.030783	0.708659	0	0
0	0	0	30.524087	9.171221	27.77673	9.171221	3.794516E+12	2.199609E-5	45462.632084	15.983292	0.705441	0	0
0	0	0	30.439849	9.176018	27.695365	9.176018	3.592824E+12	2.170973E-5	46062.285541	15.995323	0.701431	0	0
0	0	0	30.35535	9.18053	27.613842	9.18053	3.401271E+12	2.140567E-5	46716.597737	16.013976	0.696788	0	0
0	0	0	30.271504	9.185235	27.532886	9.185235	3.22129E+12	2.11905E-5	47190.949088	15.961984	0.694163	0	0
0	0	0	30.185355	9.189103	27.449998	9.189103	3.046277E+12	2.081368E-5	48045.322087	16.019132	0.688979	0	0
0	0	0	30.09919	9.192928	27.367111	9.192928	2.880739E+12	2.046481E-5	48864.362964	15.974456	0.685932	0	0
0	0	0	30.014805	9.196834	27.285893	9.196834	2.727339E+12	2.019435E-5	49518.802414	15.981194	0.682067	0	0
0	0	0	29.929114	9.200729	27.203442	9.200729	2.579919E+12	1.994397E-5	50140.469756	15.997468	0.677688	0	0
0	0	0	29.842998	9.204337	27.120676	9.204337	2.439792E+12	1.966274E-5	50857.613144	15.958472	0.674733	0	0
0	0	0	29.756767	9.20772	27.037873	9.20772	2.307103E+12	1.936532E-5	51638.712125	15.992374	0.670116	0	0
0	0	0	29.670978	9.210775	26.955587	9.210775	2.182252E+12	1.903094E-5	52546.007416	15.950527	0.666964	0	0
0	0	0	29.584567	9.214176	26.872614	9.214176	2.063326E+12	1.880965E-5	53164.198969	15.97206	0.662994	0	0
0	0	0	29.497128	9.216944	26.788854	9.216944	1.949577E+12	1.84536E-5	54189.96609	15.971448	0.658852	0	0
0	0	0	29.409525	9.219783	26.704921	9.219783	1.841902E+12	1.814747E-5	55104.089631	15.939837	0.656029	0	0
0	0	0	29.321923	9.222652	26.620982	9.222652	1.740173E+12	1.788444E-5	55914.521037	15.982051	0.651333	0	0
0	0	0	29.232474	9.225163	26.535399	9.225163	1.642094E+12	1.753843E-5	57017.653028	15.93161	0.648708	0	0
0	0	0	29.143205	9.22749	26.450043	9.22749	1.549723E+12	1.717605E-5	58220.598812	15.962777	0.644645	0	0
0	0	0	29.05343	9.229868	26.364194	9.229868	1.462066E+12	1.685401E-5	59333.072591	15.958341	0.640847	0	0
0	0	0	28.963263	9.232429	26.277923	9.232429	1.379016E+12	1.661391E-5	60190.514012	15.930348	0.637865	0	0
0	0	0	28.871822	9.234816	26.190496	9.234816	1.299609E+12	1.634463E-5	61182.163182	15.976294	0.633381	0	0
0	0	0	28.78007	9.236549	26.102966	9.236549	1.224526E+12	1.590728E-5	62864.314172	15.917666	0.630743	0	0
0	0	0	28.688221	9.238638	26.015243	9.238638	1.153708E+12	1.560678E-5	64074.722611	15.947007	0.626944	0	0
0	0	0	28.595587	9.240523	25.926837	9.240523	1.086431E+12	1.52659E-5	65505.460534	15.936878	0.623118	0	0
0	0	0	28.501761	9.242408	25.837301	9.242408	1.022287E+12	1.494343E-5	66919.036683	15.915759	0.620507	0	0
0	0	0	28.406366	9.244313	25.746275	9.244313	9.609512E+11	1.464302E-5	68291.930186	15.946229	0.616009	0	0
0	0	0	28.310106	9.245952	25.654507	9.245952	9.02788E+11	1.427807E-5	70037.485132	15.893897	0.613872	0	0
0	0	0	28.212229	9.247621	25.561197	9.247621	8.472557E+11	1.393787E-5	71746.968433	15.935699	0.609572	0	0
0	0	0	28.115006	9.249383	25.468482	9.249383	7.95476E+11	1.366523E-5	73178.398297	15.913968	0.606406	0	0
0	0	0	28.012342	9.250972	25.37066	9.250972	7.4423E+11	1.331656E-5	75094.45654	15.900812	0.603372	0	0
0	0	0	27.908911	9.252653	25.272086	9.252653	6.959385E+11	1.302528E-5	76773.766822	15.939654	0.599178	0	0
0	0	0	27.804745	9.253955	25.172924	9.253955	6.5047E+11	1.262416E-5	79213.181671	15.87041	0.597054	0	0
0	0	0	27.703552	9.25549	25.076516	9.25549	6.091455E+11	1.236087E-5	80900.444213	15.918389	0.592886	0	0
0	0	0	27.600628	9.256414	24.978642	9.256414	5.698058E+11	1.188825E-5	84116.683324	15.879075	0.589918	0	0
0	0	0	27.496707	9.258041	24.879625	9.258041	5.326621E+11	1.169397E-5	85514.173289	15.876251	0.586858	0	0
0	0	0	27.390956	9.259301	24.778978	9.259301	4.973491E+11	1.13789E-5	87881.923958	15.892095	0.58298	0	0
0	0	0	27.283213	9.260254	24.67653	9.260254	4.63777E+11	1.09604E-5	91237.564625	15.84847	0.580526	0	0
0	0	0	27.175862	9.261708	24.574313	9.261708	4.325811E+11	1.076373E-5	92904.617529	15.877992	0.57674	0	0
0	0	0	27.066518	9.262742	24.470326	9.262742	4.029622E+11	1.041889E-5	95979.537196	15.857947	0.573746	0	0
0	0	0	26.954691	9.263766	24.363989	9.263766	3.747671E+11	1.008019E-5	99204.520512	15.841346	0.571002	0	0
0	0	0	26.842586	9.264831	24.257378	9.264831	3.484819E+11	9.78285E-6	102219.70568	15.875945	0.567019	0	0
0	0	0	26.727999	9.265722	24.148462	9.265722	3.235188E+11	9.426939E-6	106078.967838	15.811439	0.564974	0	0
0	0	0	26.610488	9.266399	24.036834	9.266399	2.997747E+11	8.99445E-6	111179.677004	15.869015	0.560714	0	0
0	0	0	26.491065	9.267637	23.923239	9.267637	2.774291E+11	8.802208E-6	113607.856026	15.812763	0.55859	0	0
0	0	0	26.369535	9.268477	23.807757	9.268477	2.563984E+11	8.464839E-6	118135.738989	15.824869	0.555385	0	0
0	0	0	26.246895	9.269358	23.691212	9.269358	2.367912E+11	8.164616E-6	122479.740463	15.829022	0.551757	0	0
0	0	0	26.122343	9.270473	23.572791	9.270473	2.184124E+11	7.979645E-6	125318.855674	15.784037	0.549594	0	0
0	0	0	25.995652	9.270771	23.452567	9.270771	2.011806E+11	7.469134E-6	133884.336646	15.824646	0.545782	0	0
0	0	0	25.868013	9.271866	23.331227	9.271866	1.851945E+11	7.310047E-6	136798.028948	15.791587	0.54321	0	0
0	0	0	25.737058	9.272624	23.206836	9.272624	1.701123E+11	7.02181E-6	142413.429341	15.781159	0.540545	0	0
0	0	0	25.604356	9.273034	23.080883	9.273034	1.560813E+11	6.606317E-6	151370.261776	15.810703	0.536786	0	0
0	0	0	25.469546	9.27371	22.95286	9.27371	1.43012E+11	6.317416E-6	158292.556298	15.744988	0.535111	0	0
0	0	0	25.332547	9.274661	22.822689	9.274661	1.308511E+11	6.158709E-6	162371.681984	15.796308	0.531088	0	0
0	0	0	25.194046	9.275276	22.691184	9.275276	1.196076E+11	5.878016E-6	170125.440197	15.743263	0.528991	0	0
0	0	0	25.05463	9.275685	22.558868	9.275685	1.092653E+11	5.532728E-6	180742.661639	15.758621	0.525812	0	0
0	0	0	24.913825	9.276299	22.425182	9.276299	9.972744E+10	5.290284E-6	189025.774371	15.758901	0.522593	0	0
0	0	0	24.768725	9.276781	22.287458	9.276781	9.076883E+10	5.001768E-6	199929.304889	15.711155	0.520483	0	0
0	0	0	24.621076	9.277476	22.147261	9.277476	8.247853E+10	4.814794E-6	207693.200058	15.761484	0.516697	0	0
0	0	0	24.471483	9.278019	22.005263	9.278019	7.485097E+10	4.581658E-6	218261.609095	15.711348	0.514402	0	0
0	0	0	24.317725	9.278418	21.859354	9.278418	6.774549E+10	4.300475E-6	232532.441794	15.716347	0.511579	0	0
0	0	0	24.161223	9.278756	21.710859	9.278756	6.120547E+10	4.011192E-6	249302.469067	15.732792	0.508044	0	0
0	0	0	24.000801	9.27939	21.55857	9.27939	5.515637E+10	3.848635E-6	259832.386065	15.676998	0.506303	0	0
0	0	0	23.841293	9.280106	21.407128	9.280106	4.973461E+10	3.743701E-6	267115.318067	15.72482	0.502477	0	0
0	0	0	23.677734	9.280291	21.251984	9.280291	4.47281E+10	3.436709E-6	290976.029425	15.672364	0.500578	0	0
0	0	0	23.510484	9.280781	21.093261	9.280781	4.012935E+10	3.26338E-6	306430.742751	15.680796	0.497518	0	0
0	0	0	23.341323	9.281283	20.932724	9.281283	3.595882E+10	3.109512E-6	321593.819789	15.692932	0.494365	0	0
0	0	0	23.169352	9.281559	20.769581	9.281559	3.216305E+10	2.881999E-6	346981.385671	15.639001	0.492439	0	0
0	0	0	22.99511	9.281958	20.604254	9.281958	2.872561E+10	2.715924E-6	368198.815244	15.689673	0.489049	0	0
0	0	0	22.817749	9.28254	20.435923	9.28254	2.560367E+10	2.632828E-6	379819.769652	15.624548	0.487045	0	0
0	0	0	22.635405	9.282633	20.262994	9.282633	2.27474E+10	2.372096E-6	421568.046162	15.652276	0.484024	0	0
0	0	0	22.450481	9.283164	20.087506	9.283164	2.017596E+10	2.289494E-6	436777.816135	15.652521	0.481082	0	0
0	0	0	22.261326	9.283645	19.908021	9.283645	1.784615E+10	2.200526E-6	454436.720877	15.605333	0.479315	0	0
0	0	0	22.069165	9.283849	19.725756	9.283849	1.575464E+10	2.017062E-6	495770.565997	15.647624	0.475635	0	0
0	0	0	21.873215	9.283993	19.539913	9.283993	1.387409E+10	1.825285E-6	547859.652223	15.594913	0.47388	0	0
0	0	0	21.671302	9.284402	19.348351	9.284402	1.217085E+10	1.737886E-6	575411.714538	15.59937	0.470992	0	0
0	0	0	21.466956	9.284626	19.154528	9.284626	1.065986E+10	1.597156E-6	626112.789545	15.607171	0.468156	0	0
0	0	0	21.259065	9.284964	18.957316	9.284964	9.315015E+9	1.507012E-6	663564.835915	15.547656	0.466441	0	0
0	0	0	21.047237	9.285138	18.756413	9.285138	8.119076E+9	1.369873E-6	729994.840181	15.604595	0.462866	0	0
0	0	0	20.829889	9.285822	18.550149	9.285822	7.051381E+9	1.431434E-6	698600.078587	15.540354	0.461059	0	0
0	0	0	20.60697	9.285781	18.338782	9.285781	6.102004E+9	1.22396E-6	817020.308233	15.572072	0.458236	0	0
0	0	0	20.375312	9.285996	18.119067	9.285996	5.250599E+9	1.123948E-6	889721.104776	15.561178	0.455572	0	0
0	0	0	20.144651	9.286006	17.900347	9.286006	4.52091E+9	9.709118E-7	1029959.670833	15.514005	0.453699	0	0
0	0	0	19.91185	9.286078	17.679583	9.286078	3.887229E+9	8.540377E-7	1170908.527865	15.56238	0.45023	0	0
0	0	0	19.674099	9.286722	17.453989	9.286722	3.331654E+9	9.22719E-7	1083753.601259	15.506783	0.448343	0	0
0	0	0	19.433555	9.28713	17.225804	9.28713	2.850315E+9	9.459297E-7	1057160.981653	15.500347	0.445758	0	0
0	0	0	19.189924	9.286895	16.994845	9.286895	2.433638E+9	7.250545E-7	1379206.672876	15.510955	0.442988	0	0
0	0	0	18.941425	9.286804	16.759236	9.286804	2.071322E+9	5.933802E-7	1685260.068663	15.452131	0.441405	0	0
0	0	0	18.688712	9.287314	16.51949	9.287314	1.758135E+9	6.407169E-7	1560751.826039	15.514485	0.437778	0	0
0	0	0	18.435052	9.287212	16.278989	9.287212	1.491385E+9	5.154778E-7	1939947.66502	15.447148	0.43634	0	0
0	0	0	18.178222	9.287733	16.03534	9.287733	1.262509E+9	5.922809E-7	1688388.089256	15.470263	0.433623	0	0
0	0	0	17.917995	9.287835	15.788566	9.287835	1.066405E+9	5.379897E-7	1858771.552989	15.471881	0.431011	0	0
0	0	0	17.654844	9.287754	15.539062	9.287754	8.990546E+8	4.277995E-7	2337543.857696	15.416225	0.429428	0	0
0	0	0	17.391236	9.287498	15.289163	9.287498	7.577416E+8	3.06183E-7	3266020.381226	15.47577	0.426223	0	0
0	0	0	17.125242	9.288009	15.03683	9.288009	6.376528E+8	3.68975E-7	2710210.81244	15.405946	0.42464	0	0
0	0	0	16.854398	9.288315	14.779945	9.288315	5.3491E+8	4.17839E-7	2393266.505104	15.414416	0.422239	0	0
0	0	0	16.578441	9.287999	14.51835	9.287999	4.472359E+8	2.565881E-7	3897297.413226	15.426376	0.419443	0	0
0	0	0	16.306028	9.288091	14.260025	9.288091	3.747929E+8	2.329941E-7	4291954.00557	15.35232	0.418137	0	0
0	0	0	16.032374	9.288356	14.000486	9.288356	3.138313E+8	2.571654E-7	3888548.353374	15.407665	0.414734	0	0
0	0	0	15.757347	9.28853	13.739666	9.28853	2.625515E+8	2.716549E-7	3681141.222437	15.353083	0.413283	0	0
0	0	0	15.483432	9.288326	13.479981	9.288326	2.198092E+8	1.73749E-7	5755427.485867	15.355441	0.410922	0	0
0	0	0	15.207752	9.288489	13.218545	9.288489	1.838146E+8	1.791259E-7	5582666.657941	15.377283	0.40827	0	0
0	0	0	14.931534	9.288805	12.956565	9.288805	1.536606E+8	2.727922E-7	3665794.216664	15.308072	0.406938	0	0
0	0	0	14.657046	9.288673	12.696323	9.288673	1.285975E+8	1.697918E-7	5889565.620027	15.363783	0.403918	0	0
0	0	0	14.3822	9.288928	12.435658	9.288928	1.075973E+8	2.801368E-7	3569684.629701	15.300114	0.402203	0	0
0	0	0	14.10603	9.288775	12.173825	9.288775	8.994929E+7	1.479306E-7	6759926.749601	15.309484	0.400105	0	0
0	0	0	13.82937	9.289234	11.9114	9.289234	7.517196E+7	-1.176974E-6	-849636.497518	15.324949	0.397283	0	0
0	0	0	13.555177	9.289183	11.651419	9.289183	6.292292E+7	5.835961E-6	171351.370564	15.254175	0.396201	0	0
0	0	0	13.279367	9.28903	11.389926	9.28903	5.26146E+7	2.241329E-7	4461639.25993	15.305723	0.393049	0	0
0	0	0	13.000665	9.289183	11.125629	9.289183	4.39126E+7	4.076505E-6	245308.153314	15.26107	0.391439	0	0
0	0	0	12.723385	9.289091	10.86273	9.289091	3.668364E+7	2.527278E-7	3956826.409128	15.234671	0.389619	0	0
0	0	0	12.451381	9.289388	10.604755	9.289388	3.074979E+7	-1.068212E-7	-9361438.994258	15.293432	0.386493	0	0
0	0	0	12.179295	9.289306	10.346779	9.289306	2.577441E+7	-1.530422E-7	-6534143.841725	15.205688	0.385583	0	0
0	0	0	11.912534	9.289428	10.093811	9.289428	2.167882E+7	-6.236852E-8	-1.603373E+7	15.26515	0.382522	0	0
0	0	0	11.647749	9.289	9.842826	9.289	1.825742E+7	6.531611E-8	1.531016E+7	15.206541	0.381032	0	0
0	0	0	11.384696	9.289153	9.593368	9.289153	1.539327E+7	2.770974E-7	3608839.272089	15.196786	0.379185	0	0
0	0	0	11.12344	9.2895	9.345578	9.2895	1.299357E+7	-2.873944E-8	-3.479539E+7	15.216921	0.376402	0	0
0	0	0	10.867411	9.289234	9.102861	9.289234	1.100522E+7	-1.72222E-7	-5806458.041489	15.160697	0.375175	0	0
0	0	0	10.613211	9.289673	8.861746	9.289673	9332210	-1.321933E-8	-7.564677E+7	15.199481	0.372577	0	0
0	0	0	10.361593	9.289459	8.623201	9.289459	7926789	-2.020114E-8	-4.950217E+7	15.181045	0.370651	0	0
0	0	0	10.113159	9.289469	8.387634	9.289469	6746950	-1.656404E-8	-6.037174E+7	15.127869	0.369451	0	0
0	0	0	9.869136	9.289469	8.156251	9.289469	5759173	-1.413899E-8	-7.07264E+7	15.197227	0.366232	0	0
0	0	0	9.628021	9.289878	7.92755	9.289878	4925291.5	-4.902831E-9	-2.039638E+8	15.099074	0.365573	0	0
0	0	0	9.38929	9.289388	7.701275	9.289388	4218670.5	-1.465451E-8	-6.823838E+7	15.146533	0.362776	0	0
0	0	0	9.147717	9.289316	7.472228	9.289316	3606771	-1.967088E-8	-5.083657E+7	15.100489	0.361127	0	0
0	0	0	8.911992	9.289541	7.248672	9.289541	3095344.5	-6.047408E-9	-1.653601E+8	15.077368	0.35969	0	0
0	0	0	8.68383	9.289684	7.032303	9.289684	2669501	-3.703083E-9	-2.700452E+8	15.114521	0.35684	0	0
0	0	0	8.457677	9.289786	6.817847	9.289786	2305245.5	-2.649099E-9	-3.774869E+8	15.04165	0.355812	0	0
0	0	0	8.236048	9.289541	6.607742	9.289541	1996544.5	-3.900667E-9	-2.563664E+8	15.05427	0.353807	0	0
0	0	0	8.017818	9.289612	6.400803	9.289612	1732998	-2.811634E-9	-3.55665E+8	15.067783	0.351459	0	0
0	0	0	7.80305	9.289418	6.197193	9.289418	1507622.5	-4.531878E-9	-2.206591E+8	15.00536	0.350403	0	0
0	0	0	7.590177	9.28953	5.995327	9.28953	1313170.5	-2.642641E-9	-3.784093E+8	15.070741	0.347554	0	0
0	0	0	7.380424	9.289867	5.796382	9.289867	1146115.5	-1.1581E-9	-8.634832E+8	14.987589	0.346618	0	0
0	0	0	7.174624	9.28952	5.601301	9.28952	1002881	-2.080732E-9	-4.806E+8	14.99671	0.34452	0	0
0	0	0	6.972613	9.289439	5.409768	9.289439	879707.5	-2.426554E-9	-4.12107E+8	15.014874	0.342186	0	0
0	0	0	6.772775	9.290082	5.220174	9.290082	772750	-5.929586E-10	-1.686458E+9	14.931213	0.341368	0	0
0	0	0	6.57475	9.289643	5.03248	9.289643	679595.5	-1.027882E-9	-9.728748E+8	14.986791	0.338611	0	0
0	0	0	6.380336	9.289776	4.848114	9.289776	599072	-7.004484E-10	-1.427657E+9	14.944313	0.33716	0	0
0	0	0	6.1902	9.28998	4.667795	9.28998	529558	-4.589301E-10	-2.178981E+9	14.921538	0.335735	0	0
0	0	0	6.002418	9.289929	4.489747	9.289929	468824.5	-4.344024E-10	-2.302013E+9	14.95469	0.333163	0	0
0	0	0	5.81635	9.2895	4.313387	9.2895	415518.5	-9.190405E-10	-1.088091E+9	14.873037	0.332372	0	0
0	0	0	5.632079	9.289633	4.13864	9.289633	368703	-5.705445E-10	-1.752712E+9	14.899782	0.330169	0	0
0	0	0	5.447922	9.289796	3.963996	9.289796	327186.5	-3.696471E-10	-2.705283E+9	14.876159	0.328428	0	0
0	0	0	5.266706	9.290031	3.79213	9.290031	290899	-2.367816E-10	-4.223301E+9	14.817746	0.327399	0	0
0	0	0	5.089115	9.289898	3.62376	9.289898	259245	-2.506124E-10	-3.990225E+9	14.890128	0.32451	0	0
0	0	0	4.914547	9.289796	3.45825	9.289796	231489	-2.615304E-10	-3.823647E+9	14.802027	0.323758	0	0
0	0	0	4.740845	9.28999	3.293516	9.28999	206820.5	-1.769468E-10	-5.651415E+9	14.833108	0.321556	0	0
0	0	0	4.57103	9.289428	3.132584	9.289428	185248	-5.329306E-10	-1.876417E+9	14.827427	0.319894	0	0
0	0	0	4.402326	9.289796	2.972562	9.289796	166044.5	-1.875929E-10	-5.330693E+9	14.766789	0.318891	0	0
0	0	0	4.235418	9.290174	2.814243	9.290174	149005.5	-1.036493E-10	-9.647921E+9	14.816585	0.316279	0	0
0	0	0	4.069899	9.289806	2.657354	9.289806	133836	-1.486962E-10	-6.725123E+9	14.760838	0.315092	0	0
0	0	0	3.904626	9.289663	2.500663	9.289663	120229.5	-1.739874E-10	-5.747543E+9	14.726918	0.313852	0	0
0	0	0	3.739711	9.289827	2.344267	9.289827	108031.5	-1.161721E-10	-8.607919E+9	14.773188	0.311201	0	0
0	0	0	3.577263	9.289878	2.190226	9.289878	97226.5	-9.678292E-11	-1.03324E+10	14.670555	0.310805	0	0
0	0	0	3.414668	9.290215	2.036004	9.290215	87494	-5.843378E-11	-1.711339E+10	14.738335	0.30822	0	0
0	0	0	3.25405	9.290388	1.88368	9.290388	78836.5	-4.501978E-11	-2.221246E+10	14.693253	0.306967	0	0
0	0	0	3.092533	9.289949	1.730595	9.289949	70994.5	-6.401074E-11	-1.562238E+10	14.662898	0.305819	0	0
0	0	0	2.931277	9.290143	1.577664	9.290143	63943.5	-4.591006E-11	-2.178172E+10	14.689247	0.303643	0	0
0	0	0	2.768846	9.289888	1.423684	9.289888	57548.5	-5.644696E-11	-1.771575E+10	14.629245	0.302588	0	0
0	0	0	2.607868	9.289888	1.271045	9.289888	51842	-5.084968E-11	-1.966581E+10	14.623239	0.301031	0	0
0	0	0	2.447445	9.289837	1.118939	9.289837	46718.5	-4.944501E-11	-2.022449E+10	14.652447	0.298815	0	0
0	0	0	2.288804	9.289929	0.968502	9.289929	42150	-3.905525E-11	-2.560475E+10	14.560271	0.298406	0	0
0	0	0	2.129377	9.289898	0.817339	9.289898	38008.5	-3.674285E-11	-2.721618E+10	14.6198	0.295821	0	0
0	0	0	1.972924	9.28998	0.668979	9.28998	34340	-2.976002E-11	-3.360213E+10	14.557985	0.294977	0	0
0	0	0	1.818464	9.28997	0.522521	9.28997	31066	-2.727562E-11	-3.666277E+10	14.544066	0.293605	0	0
0	0	0	1.673968	9.289847	0.385527	9.289847	28286.5	-2.947158E-11	-3.3931E+10	14.586742	0.29127	0	0
0	0	0	1.543307	9.289878	0.26163	9.289878	25988	-2.586943E-11	-3.865566E+10	14.503025	0.290729	0	0
0	0	0	1.420503	9.289806	0.145198	9.289806	23998	-2.666256E-11	-3.750578E+10	14.515666	0.288869	0	0
0	0	0	1.30964	9.289918	0.040062	9.289918	22332.5	-2.09831E-11	-4.76574E+10	14.498849	0.287168	0	0
0	0	0	1.206814	9.290204	-0.057477	9.290204	20891.5	-1.409314E-11	-7.095649E+10	14.438749	0.286416	0	0
0	0	0	1.111681	9.290041	-0.14766	9.290041	19641.5	-1.579552E-11	-6.330909E+10	14.491761	0.284002	0	0
0	0	0	1.02202	9.289918	-0.232659	9.289918	18531.5	-1.741177E-11	-5.743242E+10	14.423951	0.283211	0	0
0	0	0	0.939448	9.290031	-0.310969	9.290031	17565	-1.42973E-11	-6.99433E+10	14.403504	0.281984	0	0
0	0	0	0.86475	9.289806	-0.381767	9.289806	16734	-1.859202E-11	-5.378652E+10	14.444356	0.279847	0	0
0	0	0	0.794315	9.290164	-0.448602	9.290164	15986.5	-1.123703E-11	-8.899146E+10	14.353377	0.279385	0	0
0	0	0	0.730594	9.289939	-0.508992	9.289939	15339.5	-1.401928E-11	-7.133033E+10	14.393583	0.277301	0	0
0	0	0	0.6696	9.289939	-0.566826	9.289939	14744	-1.347503E-11	-7.421131E+10	14.370609	0.275863	0	0
0	0	0	0.614928	9.289959	-0.618669	9.289959	14230.5	-1.26602E-11	-7.898769E+10	14.320424	0.275019	0	0
0	0	0	0.562249	9.289694	-0.668584	9.289694	13752.5	-1.869007E-11	-5.350434E+10	14.354056	0.272988	0	0
0	0	0	0.515581	9.289857	-0.712856	9.289857	13342.5	-1.368854E-11	-7.305382E+10	14.302399	0.272051	0	0
0	0	0	0.471657	9.290153	-0.754544	9.290153	12968	-9.21199E-12	-1.085542E+11	14.279039	0.270943	0	0
0	0	0	0.430151	9.289786	-0.793852	9.289786	12623	-1.450585E-11	-6.893772E+10	14.333722	0.268688	0	0
0	0	0	0.392826	9.290245	-0.829303	9.290245	12321.5	-7.990011E-12	-1.251563E+11	14.224765	0.268477	0	0
0	0	0	0.356677	9.290276	-0.863583	9.290276	12035.5	-7.58425E-12	-1.318522E+11	14.291327	0.266208	0	0
0	0	0	0.323044	9.290102	-0.895451	9.290102	11776	-8.83372E-12	-1.132026E+11	14.220298	0.265179	0	0
0	0	0	0.29227	9.290184	-0.924642	9.290184	11543.5	-7.947197E-12	-1.258305E+11	14.177214	0.264282	0	0
0	0	0	0.264599	9.289929	-0.950846	9.289929	11338	-1.050554E-11	-9.518788E+10	14.215392	0.262198	0	0
0	0	0	0.235638	9.289939	-0.978309	9.289939	11127	-1.016934E-11	-9.833483E+10	14.168698	0.261354	0	0
0	0	0	0.210205	9.290123	-1.002448	9.290123	10944.5	-8.030088E-12	-1.245316E+11	14.13319	0.260417	0	0
0	0	0	0.185801	9.28997	-1.025568	9.28997	10773	-9.458581E-12	-1.057241E+11	14.18331	0.258109	0	0
0	0	0	0.164059	9.290266	-1.046222	9.290266	10622	-6.757102E-12	-1.479924E+11	14.073228	0.257977	0	0
0	0	0	0.142906	9.290215	-1.066273	9.290215	10477.5	-6.997507E-12	-1.42908E+11	14.120867	0.255985	0	0
0	0	0	0.121932	9.28999	-1.086131	9.28999	10335.5	-8.842615E-12	-1.130887E+11	14.092778	0.254706	0	0
0	0	0	0.101939	9.290266	-1.105124	9.290266	10202.5	-6.49024E-12	-1.540775E+11	14.038947	0.253941	0	0
0	0	0	0.084101	9.290164	-1.122025	9.290164	10085	-7.088824E-12	-1.410671E+11	14.070831	0.252068	0	0
0	0	0	0.06762	9.290255	-1.137664	9.290255	9978	-6.408295E-12	-1.560477E+11	14.039847	0.251026	0	0
0	0	0	0.050305	9.289827	-1.154027	9.289827	9866.5	-1.060998E-11	-9.425089E+10	13.989616	0.250274	0	0
0	0	0	0.035604	9.290051	-1.167995	9.290051	9772.5	-7.76571E-12	-1.287712E+11	14.063358	0.248018	0	0
0	0	0	0.020903	9.289949	-1.181922	9.289949	9680	-8.727774E-12	-1.145768E+11	13.950542	0.247965	0	0
0	0	0	0.007835	9.289857	-1.194301	9.289857	9598.5	-9.847438E-12	-1.015493E+11	13.982204	0.246172	0	0
0	0	0	-0.005004	9.290102	-1.206506	9.290102	9518.5	-7.140265E-12	-1.400508E+11	13.967505	0.244852	0	0
0	0	0	-0.018529	9.289939	-1.21931	9.289939	9435.5	-8.623419E-12	-1.159633E+11	13.888209	0.244325	0	0
0	0	0	-0.028297	9.289827	-1.228557	9.289827	9376	-1.008252E-11	-9.918157E+10	13.940255	0.242386	0	0
0	0	0	-0.039748	9.28998	-1.239434	9.28998	9306.5	-8.065277E-12	-1.239883E+11	13.896084	0.24137	0	0
0	0	0	-0.049255	9.289806	-1.248426	9.289806	9249.5	-1.02765E-11	-9.730944E+10	13.851081	0.24075	0	0
0	0	0	-0.057536	9.290245	-1.256336	9.290245	9199.5	-5.965516E-12	-1.676301E+11	13.902739	0.238706	0	0
0	0	0	-0.066471	9.290133	-1.264793	9.290133	9146.5	-6.638155E-12	-1.506443E+11	13.816993	0.238152	0	0
0	0	0	-0.07521	9.290102	-1.273076	9.290102	9095	-6.822579E-12	-1.465721E+11	13.813759	0.236925	0	0
0	0	0	-0.082201	9.289724	-1.279656	9.289724	9053.5	-1.159794E-11	-8.622219E+10	13.837208	0.235171	0	0
0	0	0	-0.08898	9.289857	-1.286101	9.289857	9014	-9.247779E-12	-1.081341E+11	13.72619	0.234894	0	0
0	0	0	-0.095563	9.289888	-1.292347	9.289888	8975.5	-8.803699E-12	-1.135886E+11	13.761515	0.233377	0	0
0	0	0	-0.102064	9.289857	-1.298507	9.289857	8938	-9.169808E-12	-1.090535E+11	13.765609	0.231992	0	0
0	0	0	-0.108174	9.289684	-1.304278	9.289684	8902.5	-1.234937E-11	-8.09758E+10	13.690403	0.231464	0	0
0	0	0	-0.112715	9.289857	-1.308606	9.289857	8876.5	-9.106713E-12	-1.098091E+11	13.715547	0.229881	0	0
0	0	0	-0.117501	9.289694	-1.313123	9.289694	8849	-1.202606E-11	-8.315272E+10	13.696895	0.228562	0	0
0	0	0	-0.122613	9.289612	-1.31796	9.289612	8819.5	-1.430884E-11	-6.988689E+10	13.62643	0.228166	0	0
0	0	0	-0.127122	9.290184	-1.322309	9.290184	8793.5	-6.053942E-12	-1.651816E+11	13.692374	0.226082	0	0
0	0	0	-0.130421	9.289898	-1.3254	9.289898	8775	-8.482801E-12	-1.178856E+11	13.61048	0.225555	0	0
0	0	0	-0.134391	9.289888	-1.329163	9.289888	8752.5	-8.584967E-12	-1.164827E+11	13.595687	0.224592	0	0
0	0	0	-0.137674	9.289816	-1.332267	9.289816	8733.5	-9.544861E-12	-1.047684E+11	13.642965	0.222837	0	0
0	0	0	-0.140157	9.289888	-1.33463	9.289888	8720	-8.553089E-12	-1.169168E+11	13.556508	0.222455	0	0
0	0	0	-0.142721	9.290041	-1.337082	9.290041	8705	-7.000484E-12	-1.428473E+11	13.540708	0.221281	0	0
0	0	0	-0.144583	9.289806	-1.338817	9.289806	8695	-9.660428E-12	-1.035151E+11	13.583516	0.219513	0	0
0	0	0	-0.147458	9.290072	-1.341577	9.290072	8678.5	-6.736504E-12	-1.48445E+11	13.476185	0.219342	0	0
0	0	0	-0.149451	9.289776	-1.343429	9.289776	8667	-1.013365E-11	-9.868115E+10	13.517229	0.21768	0	0
0	0	0	-0.151738	9.289929	-1.345617	9.289929	8654.5	-8.019067E-12	-1.247028E+11	13.504685	0.216611	0	0
0	0	0	-0.153224	9.289735	-1.347001	9.289735	8646	-1.086804E-11	-9.201295E+10	13.436924	0.216057	0	0
0	0	0	-0.155266	9.289786	-1.348944	9.289786	8634.5	-9.922422E-12	-1.007819E+11	13.463725	0.214541	0	0
0	0	0	-0.157341	9.289857	-1.35092	9.289857	8623	-8.846638E-12	-1.130373E+11	13.446032	0.213208	0	0
0	0	0	-0.158174	9.289694	-1.351689	9.289694	8618.5	-1.171281E-11	-8.537663E+10	13.360873	0.212905	0	0
0	0	0	-0.159252	9.289949	-1.352744	9.289949	8612.5	-7.765284E-12	-1.287783E+11	13.415193	0.210953	0	0
0	0	0	-0.160461	9.290041	-1.353902	9.290041	8605.5	-6.920467E-12	-1.444989E+11	13.348059	0.210504	0	0
0	0	0	-0.162911	9.290286	-1.356257	9.290286	8592	-5.363836E-12	-1.864337E+11	13.306249	0.20962	0	0
0	0	0	-0.16314	9.289847	-1.356417	9.289847	8590.5	-8.950403E-12	-1.117268E+11	13.352285	0.208011	0	0
0	0	0	-0.163956	9.290184	-1.357235	9.290184	8586	-5.911087E-12	-1.691736E+11	13.277702	0.207444	0	0
0	0	0	-0.164936	9.290061	-1.358149	9.290061	8581	-6.738927E-12	-1.483916E+11	13.236632	0.206653	0	0
0	0	0	-0.166031	9.290031	-1.359182	9.290031	8574.5	-6.979343E-12	-1.4328E+11	13.276308	0.204832	0	0
0	0	0	-0.167272	9.290327	-1.360398	9.290327	8567.5	-5.156286E-12	-1.93938E+11	13.204974	0.204542	0	0
0	0	0	-0.16724	9.289959	-1.360319	9.289959	8568	-7.622543E-12	-1.311898E+11	13.201083	0.203355	0	0
0	0	0	-0.168171	9.290133	-1.361225	9.290133	8562.5	-6.214312E-12	-1.609189E+11	13.214204	0.202009	0	0
0	0	0	-0.169036	9.290409	-1.362081	9.290409	8558	-4.805125E-12	-2.081111E+11	13.147249	0.201548	0	0
0	0	0	-0.169069	9.290194	-1.362084	9.290194	8558	-5.831861E-12	-1.714719E+11	13.133496	0.200545	0	0
0	0	0	-0.16969	9.290143	-1.362666	9.290143	8554.5	-6.141948E-12	-1.628148E+11	13.146236	0.199042	0	0
0	0	0	-0.169657	9.289929	-1.362608	9.289929	8554.5	-7.92641E-12	-1.261605E+11	13.059065	0.198751	0	0
0	0	0	-0.170752	9.290194	-1.36368	9.290194	8548	-5.825046E-12	-1.716725E+11	13.076116	0.197432	0	0
0	0	0	-0.170719	9.289929	-1.363614	9.289929	8548.5	-7.92085E-12	-1.262491E+11	13.088384	0.196087	0	0
0	0	0	-0.171144	9.290245	-1.364058	9.290245	8546	-5.541747E-12	-1.804485E+11	12.995286	0.195889	0	0
0	0	0	-0.171356	9.29001	-1.364229	9.29001	8545	-7.128608E-12	-1.402798E+11	13.038633	0.194399	0	0
0	0	0	-0.171748	9.289888	-1.364585	9.289888	8542.5	-8.378987E-12	-1.193462E+11	13.009745	0.193436	0	0
0	0	0	-0.17232	9.290164	-1.365163	9.290164	8539.5	-6.00248E-12	-1.665978E+11	12.939475	0.192895	0	0
0	0	0	-0.172156	9.28997	-1.364983	9.28997	8540.5	-7.49847E-12	-1.333605E+11	12.94835	0.191708	0	0
0	0	0	-0.172401	9.290051	-1.365226	9.290051	8539	-6.78551E-12	-1.473729E+11	12.961909	0.190534	0	0
0	0	0	-0.17245	9.290337	-1.365309	9.290337	8539	-5.093363E-12	-1.963339E+11	12.869384	0.190441	0	0
0	0	0	-0.172516	9.289653	-1.365283	9.289653	8538.5	-1.262918E-11	-7.91817E+10	12.890327	0.189004	0	0
0	0	0	-0.172548	9.290245	-1.36539	9.290245	8538.5	-5.536883E-12	-1.80607E+11	12.870112	0.188001	0	0
0	0	0	-0.17263	9.289776	-1.365407	9.289776	8538	-9.982818E-12	-1.001721E+11	12.801762	0.1875	0	0
0	0	0	-0.172614	9.28997	-1.365416	9.28997	8538	-7.496275E-12	-1.333996E+11	12.819744	0.186234	0	0
0	0	0	-0.172287	9.29	-1.365111	9.29	8539.5	-7.213879E-12	-1.386217E+11	12.836465	0.185046	0	0
0	0	0	-0.172728	9.289918	-1.365518	9.289918	8537.5	-8.021638E-12	-1.246628E+11	12.723268	0.185033	0	0
0	0	0	-0.172842	9.290041	-1.365642	9.290041	8537	-6.86538E-12	-1.456584E+11	12.781385	0.183398	0	0
0	0	0	-0.172434	9.289878	-1.365234	9.289878	8539	-8.500042E-12	-1.176465E+11	12.744176	0.182685	0	0
0	0	0	-0.17294	9.289827	-1.365708	9.289827	8536.5	-9.179759E-12	-1.089353E+11	12.683247	0.182079	0	0
0	0	0	-0.173022	9.290286	-1.365844	9.290286	8535.5	-5.328564E-12	-1.876678E+11	12.698856	0.180825	0	0
0	0	0	-0.172581	9.290143	-1.365408	9.290143	8538.5	-6.13046E-12	-1.631199E+11	12.680293	0.179955	0	0
0	0	0	-0.172793	9.289878	-1.365575	9.289878	8537	-8.498051E-12	-1.17674E+11	12.601821	0.179968	0	0
0	0	0	-0.172124	9.290143	-1.364974	9.290143	8540.5	-6.131896E-12	-1.630817E+11	12.649733	0.178227	0	0
0	0	0	-0.172597	9.290307	-1.365444	9.290307	8538	-5.232575E-12	-1.911105E+11	12.60903	0.177515	0	0
0	0	0	-0.172793	9.290113	-1.365605	9.290113	8537	-6.333062E-12	-1.579015E+11	12.540001	0.177	0	0
0	0	0	-0.173006	9.290082	-1.365803	9.290082	8536	-6.549976E-12	-1.526723E+11	12.575576	0.175787	0	0
0	0	0	-0.172663	9.289959	-1.365462	9.289959	8537.5	-7.595408E-12	-1.316585E+11	12.528194	0.17489	0	0
0	0	0	-0.172924	9.290021	-1.365717	9.290021	8536.5	-7.0339E-12	-1.421686E+11	12.47318	0.174705	0	0
0	0	0	-0.173594	9.290061	-1.366358	9.290061	8532.5	-6.700838E-12	-1.492351E+11	12.503527	0.173201	0	0
0	0	0	-0.173545	9.29001	-1.366304	9.29001	8533	-7.118597E-12	-1.404771E+11	12.470851	0.172489	0	0
0	0	0	-0.173724	9.289857	-1.366455	9.289857	8532	-8.753278E-12	-1.142429E+11	12.383161	0.172186	0	0
0	0	0	-0.173398	9.289786	-1.366136	9.289786	8533.5	-9.806356E-12	-1.019747E+11	12.433053	0.170721	0	0
0	0	0	-0.174362	9.29001	-1.367079	9.29001	8528.5	-7.114843E-12	-1.405512E+11	12.387451	0.169956	0	0
0	0	0	-0.174362	9.28997	-1.367074	9.28997	8528.5	-7.487934E-12	-1.335482E+11	12.33096	0.169877	0	0
0	0	0	-0.174084	9.289786	-1.366787	9.289786	8530	-9.802334E-12	-1.020165E+11	12.355327	0.168492	0	0
0	0	0	-0.17477	9.290021	-1.367467	9.290021	8526	-7.025248E-12	-1.423437E+11	12.34044	0.167595	0	0
0	0	0	-0.174884	9.289898	-1.36756	9.289898	8525.5	-8.241609E-12	-1.213355E+11	12.231932	0.167411	0	0
0	0	0	-0.175636	9.290204	-1.368312	9.290204	8521.5	-5.748497E-12	-1.739585E+11	12.278694	0.166171	0	0
0	0	0	-0.175668	9.290102	-1.36833	9.290102	8521	-6.391995E-12	-1.564457E+11	12.254244	0.165234	0	0
0	0	0	-0.175456	9.289878	-1.3681	9.289878	8522.5	-8.483617E-12	-1.178743E+11	12.193969	0.164944	0	0
0	0	0	-0.176207	9.290225	-1.368857	9.290225	8518	-5.632666E-12	-1.775358E+11	12.172743	0.16406	0	0
0	0	0	-0.176142	9.290072	-1.368775	9.290072	8518.5	-6.612307E-12	-1.512331E+11	12.203284	0.162768	0	0
0	0	0	-0.175946	9.290245	-1.368611	9.290245	8519.5	-5.524563E-12	-1.810098E+11	12.100943	0.162715	0	0
0	0	0	-0.176289	9.289806	-1.36888	9.289806	8517.5	-9.46322E-12	-1.056723E+11	12.100635	0.161818	0	0
0	0	0	-0.176861	9.290378	-1.369496	9.290378	8514.5	-4.904042E-12	-2.039134E+11	12.100758	0.160697	0	0
0	0	0	-0.176583	9.289898	-1.369171	9.289898	8516	-8.232425E-12	-1.214709E+11	12.059678	0.160116	0	0
0	0	0	-0.177171	9.290102	-1.369755	9.290102	8512.5	-6.385618E-12	-1.566019E+11	12.005019	0.159694	0	0
0	0	0	-0.177253	9.289939	-1.369811	9.289939	8512.5	-7.779858E-12	-1.28537E+11	12.058773	0.158151	0	0
0	0	0	-0.176697	9.290031	-1.369296	9.290031	8515.5	-6.931319E-12	-1.442727E+11	11.978205	0.157834	0	0
0	0	0	-0.1774	9.290388	-1.370008	9.290388	8511.5	-4.860514E-12	-2.057396E+11	11.939425	0.157439	0	0
0	0	0	-0.177253	9.290276	-1.369854	9.290276	8512.5	-5.364208E-12	-1.864208E+11	11.959695	0.156344	0	0
0	0	0	-0.177383	9.290327	-1.369985	9.290327	8511.5	-5.122583E-12	-1.95214E+11	11.932689	0.15546	0	0
0	0	0	-0.176877	9.290102	-1.369476	9.290102	8514.5	-6.387119E-12	-1.565651E+11	11.841169	0.155354	0	0
0	0	0	-0.177008	9.290123	-1.369602	9.290123	8513.5	-6.246439E-12	-1.600912E+11	11.868903	0.154049	0	0
0	0	0	-0.177841	9.289959	-1.370371	9.289959	8509	-7.570053E-12	-1.320995E+11	11.865844	0.15331	0	0
0	0	0	-0.177008	9.290235	-1.369617	9.290235	8513.5	-5.574648E-12	-1.793835E+11	11.816042	0.152822	0	0
0	0	0	-0.177138	9.290021	-1.369713	9.290021	8513	-7.014536E-12	-1.425611E+11	11.783188	0.152228	0	0
0	0	0	-0.177024	9.29001	-1.369604	9.29001	8513.5	-7.102329E-12	-1.407989E+11	11.785454	0.151015	0	0
0	0	0	-0.177449	9.290215	-1.370032	9.290215	8511	-5.68416E-12	-1.759275E+11	11.709545	0.150975	0	0
0	0	0	-0.1774	9.290225	-1.369987	9.290225	8511.5	-5.628367E-12	-1.776714E+11	11.703373	0.150144	0	0
0	0	0	-0.176828	9.290307	-1.369456	9.290307	8514.5	-5.218173E-12	-1.916379E+11	11.724091	0.149089	0	0
0	0	0	-0.17642	9.290072	-1.369038	9.290072	8517	-6.611143E-12	-1.512598E+11	11.672338	0.148377	0	0
0	0	0	-0.176959	9.289949	-1.369534	9.289949	8514	-7.676474E-12	-1.302681E+11	11.585968	0.14839	0	0
0	0	0	-0.17673	9.29001	-1.369325	9.29001	8515.5	-7.103998E-12	-1.407658E+11	11.631178	0.146886	0	0
0	0	0	-0.176224	9.289582	-1.36879	9.289582	8518	-1.490273E-11	-6.710182E+10	11.601822	0.146372	0	0
0	0	0	-0.176142	9.290164	-1.368787	9.290164	8518.5	-5.987719E-12	-1.670085E+11	11.523145	0.146042	0	0
0	0	0	-0.17655	9.290378	-1.369202	9.290378	8516	-4.904906E-12	-2.038775E+11	11.524552	0.145277	0	0
0	0	0	-0.176224	9.290041	-1.368849	9.290041	8518	-6.8501E-12	-1.459833E+11	11.516602	0.144419	0	0
0	0	0	-0.175881	9.289724	-1.368483	9.289724	8520	-1.09145E-11	-9.16212E+10	11.444019	0.144011	0	0
0	0	0	-0.175358	9.290215	-1.36805	9.290215	8523	-5.692174E-12	-1.756798E+11	11.40895	0.143338	0	0
0	0	0	-0.176371	9.290296	-1.369021	9.290296	8517.5	-5.26822E-12	-1.898174E+11	11.455542	0.142335	0	0
0	0	0	-0.176044	9.29001	-1.368674	9.29001	8519	-7.106918E-12	-1.40708E+11	11.378516	0.141874	0	0
0	0	0	-0.175815	9.290123	-1.368472	9.290123	8520.5	-6.251575E-12	-1.599597E+11	11.3358	0.141438	0	0
0	0	0	-0.175962	9.290041	-1.368601	9.290041	8519.5	-6.851307E-12	-1.459576E+11	11.317337	0.140489	0	0
0	0	0	-0.176044	9.289908	-1.368661	9.289908	8519	-8.118147E-12	-1.231808E+11	11.338007	0.13971	0	0
0	0	0	-0.17642	9.290276	-1.369065	9.290276	8517	-5.367044E-12	-1.863223E+11	11.235399	0.139552	0	0
0	0	0	-0.176191	9.290286	-1.368849	9.290286	8518	-5.31764E-12	-1.880534E+11	11.250358	0.138708	0	0
0	0	0	-0.176191	9.289929	-1.368803	9.289929	8518	-7.892589E-12	-1.267011E+11	11.220236	0.13793	0	0
0	0	0	-0.176779	9.290051	-1.369376	9.290051	8515	-6.766439E-12	-1.477882E+11	11.22588	0.137178	0	0
0	0	0	-0.17691	9.290082	-1.369504	9.290082	8514	-6.533094E-12	-1.530668E+11	11.135426	0.136993	0	0
0	0	0	-0.177155	9.290092	-1.369738	9.290092	8513	-6.458331E-12	-1.548388E+11	11.143944	0.136083	0	0
0	0	0	-0.176746	9.290296	-1.369377	9.290296	8515	-5.266674E-12	-1.898732E+11	11.127667	0.135252	0	0
0	0	0	-0.176959	9.290143	-1.369559	9.290143	8514	-6.11287E-12	-1.635893E+11	11.111776	0.134817	0	0
0	0	0	-0.176828	9.289898	-1.369403	9.289898	8514.5	-8.230975E-12	-1.214923E+11	11.044193	0.134619	0	0
0	0	0	-0.177498	9.290102	-1.370064	9.290102	8511	-6.384493E-12	-1.566295E+11	11.086697	0.133458	0	0
0	0	0	-0.178069	9.290051	-1.3706	9.290051	8508	-6.760876E-12	-1.479098E+11	11.044948	0.132785	0	0
0	0	0	-0.17802	9.290317	-1.370588	9.290317	8508	-5.166908E-12	-1.935393E+11	10.995046	0.132469	0	0
0	0	0	-0.177906	9.290072	-1.370448	9.290072	8508.5	-6.604545E-12	-1.514109E+11	10.935275	0.132073	0	0
0	0	0	-0.178592	9.290245	-1.371121	9.290245	8505	-5.51516E-12	-1.813184E+11	10.991843	0.130899	0	0
0	0	0	-0.179229	9.290266	-1.371727	9.290266	8501.5	-5.408162E-12	-1.849057E+11	10.936065	0.130556	0	0
0	0	0	-0.178086	9.290633	-1.37069	9.290633	8508	-4.033173E-12	-2.479438E+11	10.874533	0.130068	0	0
0	0	0	-0.178854	9.290031	-1.371341	9.290031	8503.5	-6.921552E-12	-1.444763E+11	10.834326	0.129646	0	0
0	0	0	-0.179556	9.290449	-1.372061	9.290449	8499.5	-4.617435E-12	-2.165705E+11	10.876594	0.128406	0	0
0	0	0	-0.17856	9.289694	-1.371019	9.289694	8505	-1.155856E-11	-8.651599E+10	10.807278	0.128208	0	0
0	0	0	-0.178837	9.290266	-1.371356	9.290266	8503.5	-5.409434E-12	-1.848622E+11	10.755031	0.127813	0	0
0	0	0	-0.178739	9.289806	-1.371204	9.289806	8504.5	-9.448776E-12	-1.058338E+11	10.728525	0.127087	0	0
0	0	0	-0.17905	9.289867	-1.371506	9.289867	8502.5	-8.591404E-12	-1.163954E+11	10.715538	0.12619	0	0
0	0	0	-0.179001	9.290113	-1.371491	9.290113	8503	-6.30784E-12	-1.585329E+11	10.675285	0.125834	0	0
0	0	0	-0.179246	9.290113	-1.371723	9.290113	8501.5	-6.306727E-12	-1.585609E+11	10.639458	0.12528	0	0
0	0	0	-0.178968	9.290255	-1.371478	9.290255	8503	-5.460987E-12	-1.831171E+11	10.600323	0.124831	0	0
0	0	0	-0.179099	9.290419	-1.371623	9.290419	8502	-4.733994E-12	-2.112381E+11	10.614672	0.123776	0	0
0	0	0	-0.179017	9.289959	-1.371487	9.289959	8502.5	-7.564271E-12	-1.322005E+11	10.562931	0.123658	0	0
0	0	0	-0.178707	9.29	-1.371198	9.29	8504.5	-7.184312E-12	-1.391922E+11	10.511275	0.123222	0	0
0	0	0	-0.178429	9.289949	-1.370928	9.289949	8505.5	-7.66881E-12	-1.303983E+11	10.529597	0.122457	0	0
0	0	0	-0.178903	9.289898	-1.37137	9.289898	8503	-8.219858E-12	-1.216566E+11	10.524925	0.121573	0	0
0	0	0	-0.178543	9.289622	-1.370994	9.289622	8505	-1.347223E-11	-7.422678E+10	10.476898	0.121428	0	0
0	0	0	-0.178265	9.290317	-1.37082	9.290317	8507	-5.166301E-12	-1.935621E+11	10.407522	0.12094	0	0
0	0	0	-0.177971	9.290092	-1.370512	9.290092	8508.5	-6.454918E-12	-1.549206E+11	10.38831	0.120386	0	0
0	0	0	-0.17789	9.290061	-1.370431	9.290061	8509	-6.682383E-12	-1.496472E+11	10.373104	0.119608	0	0
0	0	0	-0.177743	9.290215	-1.370311	9.290215	8509.5	-5.683158E-12	-1.759585E+11	10.345596	0.119094	0	0
0	0	0	-0.177922	9.290021	-1.370457	9.290021	8508.5	-7.010828E-12	-1.426365E+11	10.265883	0.11883	0	0
0	0	0	-0.177318	9.289765	-1.369851	9.289765	8512	-1.012926E-11	-9.872393E+10	10.269531	0.118236	0	0
0	0	0	-0.176991	9.290276	-1.369607	9.290276	8514	-5.365153E-12	-1.86388E+11	10.245448	0.117616	0	0
0	0	0	-0.178004	9.289949	-1.370525	9.289949	8508.5	-7.671515E-12	-1.303524E+11	10.247154	0.117009	0	0
0	0	0	-0.177204	9.289878	-1.369757	9.289878	8512.5	-8.473663E-12	-1.180127E+11	10.157429	0.116719	0	0
0	0	0	-0.176616	9.290133	-1.369232	9.290133	8516	-6.180564E-12	-1.617975E+11	10.169204	0.116152	0	0
0	0	0	-0.17691	9.28997	-1.36949	9.28997	8514	-7.475203E-12	-1.337756E+11	10.121788	0.115585	0	0
0	0	0	-0.177089	9.290164	-1.369685	9.290164	8513.5	-5.984204E-12	-1.671066E+11	10.145914	0.114899	0	0
0	0	0	-0.1774	9.289939	-1.369951	9.289939	8511.5	-7.778944E-12	-1.285521E+11	10.043017	0.114859	0	0
0	0	0	-0.17722	9.28997	-1.369784	9.28997	8512.5	-7.473886E-12	-1.337992E+11	10.065297	0.114121	0	0
0	0	0	-0.176599	9.290061	-1.369207	9.290061	8516	-6.68788E-12	-1.495242E+11	9.999307	0.113593	0	0
0	0	0	-0.176697	9.28997	-1.369289	9.28997	8515.5	-7.47652E-12	-1.337521E+11	10.010711	0.112881	0	0
0	0	0	-0.176844	9.289867	-1.369415	9.289867	8514.5	-8.60353E-12	-1.162314E+11	9.916682	0.112762	0	0
0	0	0	-0.177498	9.290347	-1.370096	9.290347	8511	-5.031846E-12	-1.987342E+11	9.922763	0.112142	0	0
0	0	0	-0.176795	9.290215	-1.369413	9.290215	8514.5	-5.686497E-12	-1.758552E+11	9.874763	0.111878	0	0
0	0	0	-0.177285	9.289673	-1.369808	9.289673	8512	-1.205741E-11	-8.293652E+10	9.901474	0.110876	0	0
0	0	0	-0.177661	9.29	-1.370206	9.29	8510	-7.188958E-12	-1.391022E+11	9.847861	0.110665	0	0
0	0	0	-0.178004	9.290092	-1.370543	9.290092	8508.5	-6.454918E-12	-1.549206E+11	9.830629	0.110018	0	0
0	0	0	-0.177743	9.290245	-1.370315	9.290245	8509.5	-5.518078E-12	-1.812225E+11	9.754571	0.109887	0	0
0	0	0	-0.177449	9.290113	-1.370019	9.290113	8511	-6.313774E-12	-1.583839E+11	9.726866	0.109306	0	0
0	0	0	-0.178233	9.290296	-1.370786	9.290296	8507	-5.261726E-12	-1.900517E+11	9.70515	0.108818	0	0
0	0	0	-0.178363	9.290153	-1.370892	9.290153	8506.5	-6.042704E-12	-1.654888E+11	9.687952	0.108304	0	0
0	0	0	-0.178952	9.290184	-1.371453	9.290184	8503	-5.853945E-12	-1.70825E+11	9.626163	0.108013	0	0
0	0	0	-0.178854	9.290133	-1.371354	9.290133	8503.5	-6.171492E-12	-1.620354E+11	9.633345	0.107354	0	0
0	0	0	-0.179507	9.290092	-1.371968	9.290092	8500	-6.448469E-12	-1.550756E+11	9.595711	0.107143	0	0
0	0	0	-0.180013	9.290072	-1.372446	9.290072	8497	-6.595618E-12	-1.516158E+11	9.594705	0.106299	0	0
0	0	0	-0.179246	9.290296	-1.371747	9.290296	8501.5	-5.258324E-12	-1.901747E+11	9.551186	0.105929	0	0
0	0	0	-0.179148	9.289806	-1.371591	9.289806	8502	-9.445999E-12	-1.058649E+11	9.494937	0.105573	0	0
0	0	0	-0.179066	9.290194	-1.371563	9.290194	8502	-5.7937E-12	-1.726013E+11	9.452964	0.105402	0	0
0	0	0	-0.179458	9.290552	-1.371981	9.290552	8500	-4.27124E-12	-2.341241E+11	9.420845	0.104821	0	0
0	0	0	-0.179932	9.290266	-1.372393	9.290266	8497.5	-5.405618E-12	-1.849927E+11	9.395575	0.104478	0	0
0	0	0	-0.179948	9.290215	-1.372402	9.290215	8497.5	-5.675144E-12	-1.76207E+11	9.378242	0.103806	0	0
0	0	0	-0.179589	9.290449	-1.372092	9.290449	8499.5	-4.617435E-12	-2.165705E+11	9.34157	0.103502	0	0
0	0	0	-0.17954	9.290174	-1.37201	9.290174	8499.5	-5.912312E-12	-1.691386E+11	9.306136	0.102988	0	0
0	0	0	-0.179605	9.290245	-1.372081	9.290245	8499.5	-5.511593E-12	-1.814357E+11	9.277478	0.102684	0	0
0	0	0	-0.179932	9.290266	-1.372393	9.290266	8497.5	-5.405618E-12	-1.849927E+11	9.233434	0.102223	0	0
0	0	0	-0.179981	9.290021	-1.372408	9.290021	8497.5	-7.001765E-12	-1.428211E+11	9.23388	0.101669	0	0
0	0	0	-0.179425	9.289806	-1.371854	9.289806	8500.5	-9.444332E-12	-1.058836E+11	9.174723	0.101313	0	0
0	0	0	-0.179638	9.290215	-1.372108	9.290215	8499.5	-5.67648E-12	-1.761655E+11	9.152111	0.100943	0	0
0	0	0	-0.179082	9.290123	-1.371569	9.290123	8502	-6.238002E-12	-1.603077E+11	0	0	0	0
0	0	0	-0.179229	9.290255	-1.371726	9.290255	8501.5	-5.460024E-12	-1.831494E+11	0	0	0	0
0	0	0	-0.179001	9.290215	-1.371504	9.290215	8503	-5.678817E-12	-1.76093E+11	0	0	0	0
0	0	0	-0.178886	9.289908	-1.371356	9.289908	8503.5	-8.103376E-12	-1.234054E+11	0	0	0	0
0	0	0	-0.178478	9.28949	-1.370915	9.28949	8505.5	-1.945489E-11	-5.140096E+10	0	0	0	0
0	0	0	-0.178053	9.290204	-1.370604	9.290204	8508	-5.73939E-12	-1.742345E+11	0	0	0	0
0	0	0	-0.178184	9.289837	-1.370681	9.289837	8507	-9.003471E-12	-1.110683E+11	0	0	0	0
0	0	0	-0.177939	9.289959	-1.370464	9.289959	8508.5	-7.569608E-12	-1.321072E+11	0	0	0	0
0	0	0	-0.178674	9.289857	-1.371148	9.289857	8504.5	-8.725065E-12	-1.146123E+11	0	0	0	0
0	0	0	-0.177906	9.290204	-1.370465	9.290204	8508.5	-5.739727E-12	-1.742243E+11	0	0	0	0
0	0	0	-0.177661	9.290143	-1.370225	9.290143	8510	-6.109998E-12	-1.636662E+11	0	0	0	0
0	0	0	-0.176975	9.290194	-1.369581	9.290194	8514	-5.801877E-12	-1.72358E+11	0	0	0	0
0	0	0	-0.177612	9.289776	-1.370131	9.289776	8510.5	-9.950665E-12	-1.004958E+11	0	0	0	0
0	0	0	-0.177432	9.290296	-1.370027	9.290296	8511	-5.2642E-12	-1.899624E+11	0	0	0	0
0	0	0	-0.17753	9.290194	-1.370107	9.290194	8511	-5.799833E-12	-1.724188E+11	0	0	0	0
0	0	0	-0.177628	9.290102	-1.370188	9.290102	8510.5	-6.384118E-12	-1.566387E+11	0	0	0	0
0	0	0	-0.177514	9.290092	-1.370079	9.290092	8511	-6.456814E-12	-1.548751E+11	0	0	0	0
0	0	0	-0.177155	9.289867	-1.369709	9.289867	8513	-8.602014E-12	-1.162518E+11	0	0	0	0
0	0	0	-0.17722	9.289878	-1.369772	9.289878	8512.5	-8.473663E-12	-1.180127E+11	0	0	0	0
0	0	0	-0.176991	9.289806	-1.369546	9.289806	8514	-9.459331E-12	-1.057157E+11	0	0	0	0
0	0	0	-0.17771	9.290174	-1.370275	9.290174	8510	-5.919616E-12	-1.689299E+11	0	0	0	0
0	0	0	-0.177988	0	-0.177988	0	8508.5	0	0	0	0	0	0
0	0	0	-0.177089	0	-0.177089	0	8513.5	0	0	0	0	0	0
