Vload_(V)	ILoad_(A)	RsLoad (ohm)	SunsVoc_Voltage_(V)	SunsVoc_Current_(A)	Model_Voltage_(V)	Model_Current_(A)	Carrier_Density_(cm-3)	Lifetime_(s)	Inverse_Lifetime_(s-1)	Efficiency_(%)	Intensity_(suns)	Dark_IV_Voltage_(V)	Dark_IV_Current_(A)
3.644983	5.936504	0	51.832685	-0.814378	52.225588	-0.814378	7.294087E+15	0.000481	1992.247805	18.607946	1.15609	0	0
3.363986	5.936855	0.744002	52.380386	-1.051442	52.845798	-1.051442	8.871463E+15	0.000565	1640.058387	18.776824	1.154742	0	0
3.46029	5.937775	-0.551164	52.468225	-0.784576	52.810502	-0.784576	9.149162E+15	0.000606	1512.436401	18.5871	1.155019	0	0
6.243258	5.935023	3.481591	52.402192	-0.391039	52.574663	-0.391039	8.939735E+15	0.000628	1458.45267	18.732937	1.152679	0	0
11.281127	5.879941	5.197465	52.292424	0.022013	52.282539	0.022013	8.600492E+15	0.000647	1423.128973	18.581838	1.153234	0	0
15.689117	5.877825	4.466425	52.167749	0.425714	51.97273	0.425714	8.228318E+15	0.000664	1393.157726	18.632717	1.151012	0	0
20.042312	5.876496	3.736712	52.031355	0.795454	51.65907	0.795454	7.836667E+15	0.000678	1372.783289	18.591642	1.151171	0	0
24.310924	5.861841	3.11939	51.895288	1.122508	51.358833	1.122508	7.46157E+15	0.000689	1357.911394	18.514927	1.149902	0	0
28.600044	5.860512	2.396591	51.766407	1.423417	51.07281	1.423417	7.120192E+15	0.000702	1340.708512	18.594216	1.149108	0	0
32.91648	5.855823	1.688306	51.641774	1.710773	50.792655	1.710773	6.802517E+15	0.000716	1319.630766	18.413802	1.148791	0	0
37.204191	5.822427	1.115141	51.51028	1.98515	50.506002	1.98515	6.480207E+15	0.00073	1301.01237	18.560676	1.147839	0	0
38.270568	5.785215	1.057833	51.374744	2.237426	50.220794	2.237426	6.161354E+15	0.000741	1286.595521	18.359026	1.148116	0	0
39.304193	5.740239	0.994291	51.249784	2.467341	49.954842	2.467341	5.879016E+15	0.000754	1269.140327	18.502378	1.147045	0	0
40.369033	5.67628	0.934436	51.123966	2.681496	49.692102	2.681496	5.605659E+15	0.000766	1253.158225	18.355073	1.147958	0	0
41.422379	5.583217	0.887388	50.996474	2.881644	49.431028	2.881644	5.339491E+15	0.000778	1238.798977	18.454129	1.146331	0	0
42.482383	5.461228	0.834095	50.868901	3.066074	49.174828	3.066074	5.083718E+15	0.000788	1226.378743	18.406126	1.147164	0	0
43.521295	5.299788	0.785853	50.748555	3.232709	48.934131	3.232709	4.851826E+15	0.000798	1213.661961	18.400403	1.145696	0	0
44.56136	5.084742	0.738191	50.621962	3.392836	48.686439	3.392836	4.617428E+15	0.000808	1202.982885	18.474733	1.145538	0	0
45.551753	4.792821	0.70844	50.497982	3.543368	48.444649	3.543368	4.397051E+15	0.000817	1191.388188	18.349425	1.145061	0	0
46.543843	4.42787	0.674303	50.374942	3.687251	48.205249	3.687251	4.187049E+15	0.000828	1178.495547	18.511092	1.14407	0	0
47.485875	3.973205	0.651116	50.245285	3.821564	47.960538	3.821564	3.974845E+15	0.000836	1169.879514	18.338676	1.143792	0	0
48.423912	3.425543	0.62835	50.121346	3.944592	47.727505	3.944592	3.780442E+15	0.000844	1160.733082	18.523341	1.141967	0	0
49.306456	2.801914	0.614219	49.998306	4.059766	47.498256	4.059766	3.595355E+15	0.000852	1151.963028	18.371855	1.142007	0	0
50.125723	2.132418	0.61462	49.878328	4.166373	47.276289	4.166373	3.422224E+15	0.00086	1143.315418	18.486995	1.139825	0	0
50.906129	1.422387	0.628313	49.753817	4.269843	47.048509	4.269843	3.249987E+15	0.000867	1135.275856	18.414811	1.139785	0	0
51.568111	0.773399	0.603717	49.632328	4.363363	46.829231	4.363363	3.088998E+15	0.000873	1128.993081	18.422894	1.137524	0	0
42.143882	5.507959	0.847438	49.513943	4.45121	46.616104	4.45121	2.938626E+15	0.00088	1121.878631	18.464863	1.136849	0	0
52.23316	0	0	49.388983	4.535097	46.395334	4.535097	2.786646E+15	0.000885	1117.619316	18.358261	1.135024	0	0
0	0	0	49.274804	4.609683	46.193658	4.609683	2.653642E+15	0.00089	1112.299596	18.497422	1.133279	0	0
0	0	0	49.153723	4.682653	45.982586	4.682653	2.51852E+15	0.000894	1108.631949	18.311711	1.132763	0	0
0	0	0	49.037421	4.749322	45.78098	4.749322	2.394285E+15	0.000897	1105.120657	18.484697	1.130184	0	0
0	0	0	48.921486	4.812625	45.581079	4.812625	2.275687E+15	0.000901	1101.597071	18.296409	1.130145	0	0
0	0	0	48.801222	4.873264	45.37612	4.873264	2.158013E+15	0.000903	1099.834268	18.434057	1.127328	0	0
0	0	0	48.689289	4.928704	45.185116	4.928704	2.053227E+15	0.000906	1096.392428	18.327461	1.127249	0	0
0	0	0	48.56976	4.983704	44.983179	4.983704	1.946204E+15	0.000909	1094.251155	18.363832	1.124948	0	0
0	0	0	48.454029	5.033929	44.788951	5.033929	1.847217E+15	0.00091	1092.727531	18.371047	1.124432	0	0
0	0	0	48.33985	5.081832	44.597714	5.081832	1.753874E+15	0.000913	1090.34511	18.28938	1.122964	0	0
0	0	0	48.223711	5.12519	44.406376	5.12519	1.663176E+15	0.000912	1091.994857	18.40859	1.121575	0	0
0	0	0	48.112554	5.166176	44.222944	5.166176	1.580242E+15	0.000913	1091.686892	18.250106	1.120742	0	0
0	0	0	47.99813	5.204779	44.036162	5.204779	1.498689E+15	0.000911	1093.832397	18.435642	1.1186	0	0
0	0	0	47.885421	5.242367	43.851886	5.242367	1.422011E+15	0.000911	1093.965105	18.268755	1.118084	0	0
0	0	0	47.769608	5.277205	43.664839	5.277205	1.346863E+15	0.000909	1097.389054	18.421959	1.115466	0	0
0	0	0	47.657879	5.310327	43.484215	5.310327	1.277733E+15	0.000908	1098.954365	18.306753	1.115109	0	0
0	0	0	47.544558	5.34148	43.302405	5.34148	1.21087E+15	0.000905	1102.226451	18.377798	1.11249	0	0
0	0	0	47.437321	5.370577	43.130192	5.370577	1.150504E+15	0.000904	1103.571952	18.37026	1.111419	0	0
0	0	0	47.320977	5.399096	42.945311	5.399096	1.088085E+15	0.000901	1108.315818	18.330506	1.10884	0	0
0	0	0	47.214108	5.424967	42.775328	5.424967	1.033461E+15	0.000899	1110.917574	18.434721	1.107055	0	0
0	0	0	47.101276	5.449762	42.597508	5.449762	9.784985E+14	0.000894	1116.638728	18.270308	1.105508	0	0
0	0	0	46.99261	5.473819	42.42572	5.473819	9.28092E+14	0.000892	1119.263375	18.438166	1.10281	0	0
0	0	0	46.882596	5.495948	42.253288	5.495948	8.794858E+14	0.000888	1124.783008	18.246793	1.101937	0	0
0	0	0	46.772011	5.517202	42.080446	5.517202	8.329879E+14	0.000884	1130.413887	18.420255	1.098605	0	0
0	0	0	46.661671	5.536677	41.909134	5.536677	7.888554E+14	0.000878	1138.342669	18.271435	1.097931	0	0
0	0	0	46.558354	5.555322	41.748088	5.555322	7.494976E+14	0.000875	1142.351889	18.369919	1.094757	0	0
0	0	0	46.44491	5.573504	41.572936	5.573504	7.083801E+14	0.000868	1151.113786	18.31231	1.093963	0	0
0	0	0	46.340246	5.590249	41.4111	5.590249	6.723119E+14	0.000864	1157.00698	18.291198	1.091266	0	0
0	0	0	46.228517	5.606434	41.239563	5.606434	6.357015E+14	0.000857	1166.528525	18.356881	1.089798	0	0
0	0	0	46.122423	5.621597	41.076618	5.621597	6.026692E+14	0.000851	1174.010193	18.23598	1.087893	0	0
0	0	0	46.012736	5.635926	40.90913	5.635926	5.702136E+14	0.000844	1184.443355	18.398624	1.085553	0	0
0	0	0	45.905418	5.649991	40.744995	5.649991	5.400542E+14	0.000838	1192.126276	18.219205	1.084521	0	0
0	0	0	45.796384	5.662896	40.579289	5.662896	5.109563E+14	0.000831	1203.320021	18.403133	1.081546	0	0
0	0	0	45.689474	5.675445	40.416708	5.675445	4.838682E+14	0.000825	1212.451134	18.244443	1.080832	0	0
0	0	0	45.578113	5.687606	40.248003	5.687606	4.571019E+14	0.000817	1223.705613	18.370666	1.077737	0	0
0	0	0	45.472101	5.698713	40.087664	5.698713	4.329324E+14	0.00081	1234.405286	18.299305	1.076785	0	0
0	0	0	45.360045	5.709967	39.918462	5.709967	4.087098E+14	0.000803	1245.717137	18.316958	1.074087	0	0
0	0	0	45.250848	5.720103	39.754198	5.720103	3.86353E+14	0.000794	1258.872362	18.354998	1.072659	0	0
0	0	0	45.146796	5.7295	39.597776	5.7295	3.661413E+14	0.000787	1270.705669	18.267107	1.070239	0	0
0	0	0	45.035313	5.73899	39.43059	5.73899	3.456116E+14	0.000778	1284.501327	18.398809	1.068256	0	0
0	0	0	44.927136	5.747741	39.268667	5.747741	3.267506E+14	0.00077	1298.474026	18.236316	1.06651	0	0
0	0	0	44.819818	5.755972	39.108339	5.755972	3.090201E+14	0.000761	1313.128301	18.419295	1.063495	0	0
0	0	0	44.71205	5.764131	38.947317	5.764131	2.921506E+14	0.000754	1326.197243	18.245137	1.062463	0	0
0	0	0	44.603261	5.771615	38.785398	5.771615	2.760249E+14	0.000745	1342.746398	18.404077	1.058813	0	0
0	0	0	44.497209	5.778844	38.627506	5.778844	2.611356E+14	0.000737	1357.096341	18.269155	1.058496	0	0
0	0	0	44.385847	5.785974	38.462062	5.785974	2.463395E+14	0.000728	1373.566023	18.332565	1.055203	0	0
0	0	0	44.283143	5.792366	38.309566	5.792366	2.334172E+14	0.00072	1388.064789	18.324477	1.053696	0	0
0	0	0	44.171905	5.798772	38.144828	5.798772	2.201645E+14	0.000711	1406.221845	18.272896	1.051117	0	0
0	0	0	44.064178	5.804582	37.985604	5.804582	2.080299E+14	0.000701	1425.477821	18.388144	1.048975	0	0
0	0	0	43.956451	5.81028	37.826408	5.81028	1.965482E+14	0.000693	1443.592619	18.235962	1.047427	0	0
0	0	0	43.846805	5.815875	37.664501	5.815875	1.854978E+14	0.000684	1461.801468	18.416602	1.04465	0	0
0	0	0	43.737444	5.820992	37.503423	5.820992	1.75082E+14	0.000674	1483.069763	18.226241	1.043817	0	0
0	0	0	43.629676	5.82584	37.344822	5.82584	1.653785E+14	0.000665	1504.204211	18.403483	1.040683	0	0
0	0	0	43.51709	5.830743	37.179223	5.830743	1.558042E+14	0.000655	1525.895441	18.274107	1.039771	0	0
0	0	0	43.412099	5.835046	37.025019	5.835046	1.473668E+14	0.000646	1547.634887	18.371166	1.036835	0	0
0	0	0	43.300329	5.83929	36.861159	5.83929	1.388775E+14	0.000635	1573.551728	18.328725	1.035684	0	0
0	0	0	43.188315	5.843643	36.696758	5.843643	1.308523E+14	0.000627	1595.283733	18.312898	1.033304	0	0
0	0	0	43.076136	5.847526	36.532579	5.847526	1.232731E+14	0.000616	1622.547453	18.39512	1.0314	0	0
0	0	0	42.96355	5.850982	36.368237	5.850982	1.161012E+14	0.000604	1655.86322	18.258521	1.029733	0	0
0	0	0	42.850963	5.854456	36.203819	5.854456	1.093409E+14	0.000593	1686.836125	18.431598	1.027036	0	0
0	0	0	42.743482	5.857936	36.046614	5.857936	1.032499E+14	0.000585	1710.576703	18.251236	1.025727	0	0
0	0	0	42.617501	5.86138	35.863015	5.86138	9.653595E+13	0.000572	1749.346644	18.438743	1.022592	0	0
0	0	0	42.501116	5.86451	35.693406	5.86451	9.071759E+13	0.000561	1783.998833	18.270119	1.021799	0	0
0	0	0	42.383997	5.867541	35.522811	5.867541	8.521264E+13	0.00055	1819.288028	18.396419	1.018824	0	0
0	0	0	42.269573	5.870448	35.356156	5.870448	8.015386E+13	0.00054	1852.587872	18.307422	1.017871	0	0
0	0	0	42.156741	5.873261	35.191836	5.873261	7.545685E+13	0.000531	1884.102634	18.338564	1.014698	0	0
0	0	0	42.031373	5.875972	35.0097	5.875972	7.055717E+13	0.000519	1928.573942	18.372628	1.013031	0	0
0	0	0	41.917521	5.878487	34.844187	5.878487	6.638145E+13	0.000509	1964.694736	18.295329	1.010889	0	0
0	0	0	41.798727	5.881089	34.671474	5.881089	6.228563E+13	0.0005	1999.992725	18.429311	1.008667	0	0
0	0	0	41.680301	5.88329	34.49973	5.88329	5.845216E+13	0.000489	2046.508566	18.259503	1.00716	0	0
0	0	0	41.563631	5.885325	34.33066	5.885325	5.490471E+13	0.000477	2095.416347	18.450395	1.004422	0	0
0	0	0	41.439365	5.887744	34.150233	5.887744	5.136121E+13	0.000469	2134.104147	18.271554	1.00347	0	0
0	0	0	41.320857	5.889639	33.97864	5.889639	4.819385E+13	0.000457	2185.977898	18.437653	1.000376	0	0
0	0	0	41.196877	5.891635	33.799071	5.891635	4.508789E+13	0.000447	2237.081522	18.320765	0.999503	0	0
0	0	0	41.07547	5.893645	33.623123	5.893645	4.22394E+13	0.000438	2280.932114	18.39563	0.996448	0	0
0	0	0	40.951	5.895237	33.443296	5.895237	3.950482E+13	0.000426	2348.225632	18.380699	0.995575	0	0
0	0	0	40.82212	5.897152	33.256726	5.897152	3.685888E+13	0.000417	2400.023895	18.327451	0.993116	0	0
0	0	0	40.695363	5.898864	33.073416	5.898864	3.44287E+13	0.000407	2457.63897	18.436359	0.991291	0	0
0	0	0	40.566034	5.900641	32.886314	5.900641	3.211357E+13	0.000398	2510.442097	18.297232	0.989625	0	0
0	0	0	40.439481	5.901818	32.703934	5.901818	2.999834E+13	0.000385	2599.286644	18.471684	0.986927	0	0
0	0	0	40.307089	5.903246	32.512854	5.903246	2.793393E+13	0.000374	2676.453487	18.2763	0.985975	0	0
0	0	0	40.176289	5.904839	32.323803	5.904839	2.603344E+13	0.000366	2734.23108	18.456046	0.98292	0	0
0	0	0	40.040181	5.906193	32.127456	5.906193	2.419254E+13	0.000355	2816.542996	18.290708	0.982206	0	0
0	0	0	39.906768	5.907406	31.935123	5.907406	2.251412E+13	0.000344	2905.40226	18.413622	0.979072	0	0
0	0	0	39.769394	5.908548	31.7372	5.908548	2.090713E+13	0.000333	3005.850662	18.365799	0.977882	0	0
0	0	0	39.632959	5.909961	31.540228	5.909961	1.942439E+13	0.000326	3071.817587	18.375378	0.975303	0	0
0	0	0	39.493297	5.910741	31.339487	5.910741	1.801518E+13	0.000311	3214.705799	18.429059	0.973835	0	0
0	0	0	39.354739	5.912044	31.13958	5.912044	1.671794E+13	0.000304	3288.948206	18.324012	0.971653	0	0
0	0	0	39.214098	5.912955	30.937219	5.912955	1.549649E+13	0.000293	3416.119747	18.466914	0.969828	0	0
0	0	0	39.070598	5.913874	30.730739	5.913874	1.434198E+13	0.000282	3547.019928	18.2927	0.968479	0	0
0	0	0	38.928527	5.915108	30.525837	5.915108	1.328358E+13	0.000276	3620.807922	18.492133	0.965464	0	0
0	0	0	38.780495	5.915727	30.313263	5.915727	1.226363E+13	0.000263	3808.466677	18.320601	0.964671	0	0
0	0	0	38.633728	5.916516	30.102241	5.916516	1.132963E+13	0.000252	3965.898424	18.469627	0.961616	0	0
0	0	0	38.48055	5.917513	29.881731	5.917513	1.043049E+13	0.000244	4092.97294	18.359033	0.961021	0	0
0	0	0	38.32533	5.918182	29.658758	5.918182	9.592046E+12	0.000233	4293.905434	18.406825	0.958283	0	0
0	0	0	38.169498	5.919014	29.434654	5.919014	8.818003E+12	0.000224	4458.690329	18.419893	0.957014	0	0
0	0	0	38.011256	5.919845	29.207086	5.919845	8.095816E+12	0.000216	4625.71915	18.356859	0.954554	0	0
0	0	0	37.850646	5.920264	28.976728	5.920264	7.423218E+12	0.000203	4917.945592	18.47305	0.952769	0	0
0	0	0	37.68685	5.921268	28.74092	5.921268	6.794749E+12	0.000198	5040.5597	18.309126	0.951222	0	0
0	0	0	37.520523	5.92195	28.501958	5.92195	6.210946E+12	0.00019	5267.645867	18.488284	0.948603	0	0
0	0	0	37.347376	5.922458	28.253489	5.922458	5.65639E+12	0.000179	5582.000547	18.296671	0.947889	0	0
0	0	0	37.176189	5.923364	28.007198	5.923364	5.156772E+12	0.000175	5728.11044	18.475053	0.944874	0	0
0	0	0	36.998223	5.923866	27.751814	5.923866	4.684073E+12	0.000165	6065.162401	18.328913	0.94416	0	0
0	0	0	36.818093	5.924274	27.49347	5.924274	4.249707E+12	0.000155	6469.462104	18.43742	0.941184	0	0
0	0	0	36.630448	5.924962	27.223919	5.924962	3.839979E+12	0.000148	6756.681974	18.391146	0.940034	0	0
0	0	0	36.43819	5.92533	26.948261	5.92533	3.461096E+12	0.000138	7257.572435	18.377014	0.937733	0	0
0	0	0	36.244053	5.925826	26.669698	5.925826	3.116417E+12	0.00013	7702.515694	18.446595	0.936225	0	0
0	0	0	36.043463	5.926472	26.381644	5.926472	2.796284E+12	0.000124	8065.173983	18.333083	0.934321	0	0
0	0	0	35.836463	5.927115	26.084402	5.927115	2.500347E+12	0.000118	8441.555115	18.488388	0.932139	0	0
0	0	0	35.629789	5.927336	25.788309	5.927336	2.236116E+12	0.000108	9216.682869	18.305187	0.930909	0	0
0	0	0	35.418133	5.927628	25.484962	5.927628	1.994424E+12	9.995546E-5	10004.456411	18.500564	0.927894	0	0
0	0	0	35.20178	5.928388	25.174093	5.928388	1.77434E+12	9.725958E-5	10281.762983	18.318599	0.927339	0	0
0	0	0	34.97918	5.928493	24.855379	5.928493	1.573216E+12	8.73584E-5	11447.096408	18.461851	0.924403	0	0
0	0	0	34.756825	5.929097	24.536151	5.929097	1.39507E+12	8.378931E-5	11934.696076	18.367855	0.92361	0	0
0	0	0	34.529692	5.929177	24.210978	5.929177	1.233902E+12	7.491948E-5	13347.663809	18.420482	0.920713	0	0
0	0	0	34.295453	5.9298	23.874682	5.9298	1.087168E+12	7.213674E-5	13862.561112	18.442939	0.919484	0	0
0	0	0	34.057253	5.930007	23.533432	5.930007	9.558329E+11	6.544471E-5	15280.074261	18.36424	0.917302	0	0
0	0	0	33.812969	5.93024	23.183421	5.93024	8.376023E+11	5.948406E-5	16811.226539	18.483099	0.915278	0	0
0	0	0	33.565377	5.93055	22.828528	5.93055	7.326836E+11	5.474116E-5	18267.788794	18.314232	0.914088	0	0
0	0	0	33.313374	5.931023	22.467014	5.931023	6.393799E+11	5.189281E-5	19270.490771	18.495643	0.91143	0	0
0	0	0	33.047079	5.931051	22.08585	5.931051	5.53663E+11	4.516546E-5	22140.810645	18.312416	0.910557	0	0
0	0	0	32.78842	5.931436	21.714947	5.931436	4.8142E+11	4.225511E-5	23665.778978	18.492706	0.907622	0	0
0	0	0	32.518612	5.931584	21.32852	5.931584	4.160878E+11	3.7623E-5	26579.488765	18.340128	0.907026	0	0
0	0	0	32.253828	5.932117	20.948544	5.932117	3.60599E+11	3.65623E-5	27350.579955	18.434033	0.90413	0	0
0	0	0	31.985368	5.932249	20.564057	5.932249	3.118896E+11	3.260792E-5	30667.400582	18.375768	0.903575	0	0
0	0	0	31.71405	5.932427	20.175386	5.932427	2.69343E+11	2.938591E-5	34029.91051	18.368924	0.900957	0	0
0	0	0	31.436565	5.932545	19.778	5.932545	2.318263E+11	2.604638E-5	38393.056487	18.432747	0.899647	0	0
0	0	0	31.15561	5.932812	19.375343	5.932812	1.99161E+11	2.399825E-5	41669.698149	18.327857	0.897386	0	0
0	0	0	30.873265	5.932994	18.970861	5.932994	1.7097E+11	2.166818E-5	46150.627164	18.487969	0.895442	0	0
0	0	0	30.591738	5.933123	18.567647	5.933123	1.468341E+11	1.931749E-5	51766.572649	18.304257	0.894371	0	0
0	0	0	30.305514	5.933526	18.157145	5.933526	1.257857E+11	1.878741E-5	53227.138184	18.492402	0.891633	0	0
0	0	0	30.016759	5.933575	17.743734	5.933575	1.076071E+11	1.634211E-5	61191.611067	18.311305	0.89088	0	0
0	0	0	29.728044	5.933833	17.329942	5.933833	9.205769E+10	1.533148E-5	65225.289948	18.482587	0.887627	0	0
0	0	0	29.435654	5.934084	16.910894	5.934084	7.859887E+10	1.444898E-5	69209.026817	18.376879	0.886992	0	0
0	0	0	29.142121	5.934211	16.490464	5.934211	6.706624E+10	1.300921E-5	76868.643398	18.44099	0.883937	0	0
0	0	0	28.84577	5.934271	16.066137	5.934271	5.713865E+10	1.138556E-5	87830.516366	18.432961	0.883183	0	0
0	0	0	28.550766	5.934594	15.643167	5.934594	4.871608E+10	1.134467E-5	88147.126451	18.353495	0.880882	0	0
0	0	0	28.256579	5.934693	15.221842	5.934693	4.155338E+10	1.020859E-5	97956.7061	18.464655	0.878978	0	0
0	0	0	27.958431	5.934694	14.795061	5.934694	3.536799E+10	8.694896E-6	115010.007072	18.312525	0.87755	0	0
0	0	0	27.664081	5.934767	14.373555	5.934767	3.016518E+10	7.727401E-6	129409.623403	18.497659	0.874812	0	0
0	0	0	27.367608	5.934906	13.948859	5.934906	2.569821E+10	7.152579E-6	139809.708429	18.294047	0.874138	0	0
0	0	0	27.070195	5.934704	13.523589	5.934704	2.188161E+10	5.40676E-6	184953.640363	18.481124	0.870924	0	0
0	0	0	26.774252	5.935306	13.098579	5.935306	1.864665E+10	6.925013E-6	144404.056193	18.317747	0.870686	0	0
0	0	0	26.47104	5.935097	12.665024	5.935097	1.582763E+10	5.005568E-6	199777.509135	18.42914	0.867671	0	0
0	0	0	26.173546	5.935242	12.238833	5.935242	1.347637E+10	4.74947E-6	210549.806827	18.365232	0.866679	0	0
0	0	0	25.871682	5.935236	11.806737	5.935236	1.144733E+10	4.014823E-6	249076.953895	18.37677	0.863863	0	0
0	0	0	25.570716	5.935609	11.375021	5.935609	9.728514E+9	4.834623E-6	206841.380909	18.429926	0.862752	0	0
0	0	0	25.265871	5.935413	10.939108	5.935413	8.250456E+9	3.363678E-6	297293.592639	18.317486	0.860967	0	0
0	0	0	24.95731	5.935649	10.496833	5.935649	6.982918E+9	3.631567E-6	275363.199364	18.458841	0.858824	0	0
0	0	0	24.648054	5.935603	10.054245	5.935603	5.907897E+9	2.917013E-6	342816.39636	18.284624	0.857515	0	0
0	0	0	24.330754	5.935649	9.599916	5.935649	4.976685E+9	2.589382E-6	386192.530933	18.485028	0.854778	0	0
0	0	0	24.014025	5.935924	9.14583	5.935924	4.193549E+9	3.21613E-6	310932.66049	18.301575	0.854262	0	0
0	0	0	23.679941	5.935702	8.668144	5.935702	3.500649E+9	1.940936E-6	515215.294704	18.462288	0.851168	0	0
0	0	0	23.348389	5.935937	8.192923	5.935937	2.92624E+9	2.297107E-6	435330.205405	18.336187	0.850652	0	0
0	0	0	23.015121	5.935852	7.716062	5.935852	2.443816E+9	1.668318E-6	599406.177378	18.396763	0.847954	0	0
0	0	0	22.686836	5.935937	7.245895	5.935937	2.04643E+9	1.606974E-6	622287.571737	18.383746	0.847121	0	0
0	0	0	22.350628	5.936114	6.764142	5.936114	1.706339E+9	1.947369E-6	513513.380151	18.337075	0.844701	0	0
0	0	0	22.005028	5.936036	6.269611	5.936036	1.415561E+9	1.344872E-6	743565.210886	18.441828	0.843154	0	0
0	0	0	21.65853	5.936075	5.773483	5.936075	1.173764E+9	1.217341E-6	821462.458031	18.30098	0.841567	0	0
0	0	0	21.308438	5.936101	5.272244	5.936101	9.71381E+8	1.073021E-6	931948.310344	18.471685	0.839226	0	0
0	0	0	20.951036	5.936069	4.7607	5.936069	8.007228E+8	8.181291E-7	1222300.983628	18.254263	0.838869	0	0
0	0	0	20.591021	5.936154	4.245092	5.936154	6.59115E+8	8.370058E-7	1194734.83621	18.446254	0.836013	0	0
0	0	0	20.223818	5.93616	3.719409	5.93616	5.404467E+8	6.994267E-7	1429742.376329	18.278741	0.835418	0	0
0	0	0	19.84902	5.936258	3.182595	5.936258	4.413278E+8	7.994365E-7	1250881.155244	18.41257	0.832244	0	0
0	0	0	19.46487	5.936376	2.632333	5.936376	3.585702E+8	1.24813E-6	801198.356784	18.319396	0.831688	0	0
0	0	0	19.077372	5.936258	2.077945	5.936258	2.908044E+8	5.268524E-7	1898064.963857	18.347023	0.829149	0	0
0	0	0	18.680563	5.93654	1.50908	5.93654	2.346615E+8	-2.916989E-6	-342819.232592	18.361582	0.828078	0	0
0	0	0	18.279547	5.936245	0.93586	5.936245	1.889276E+8	3.249975E-7	3076946.670683	18.289842	0.826055	0	0
0	0	0	17.870896	5.936258	0.350818	5.936258	1.514802E+8	2.744786E-7	3643271.862242	18.423985	0.82427	0	0
0	0	0	17.45473	5.936435	-0.245469	5.936435	1.20963E+8	7.814778E-7	1279626.83995	18.252073	0.823278	0	0
0	0	0	17.032071	5.936651	-0.85118	5.936651	9.62553E+7	-2.912025E-7	-3434036.667922	18.450405	0.82062	0	0
0	0	0	16.612475	5.936461	-1.451286	5.936461	7.672129E+7	7.997474E-7	1250394.784737	18.247006	0.820144	0	0
0	0	0	16.203538	5.936232	-2.036001	5.936232	6.150485E+7	1.007202E-7	9928491.515902	18.424252	0.817287	0	0
0	0	0	15.807423	5.936468	-2.603788	5.936468	4.964932E+7	6.113803E-7	1635643.058033	18.276486	0.81689	0	0
0	0	0	15.417188	5.936304	-3.161921	5.936304	4.020663E+7	8.957381E-8	1.116398E+7	18.386151	0.813875	0	0
0	0	0	15.03557	5.936605	-3.709176	5.936605	3.271185E+7	-1.437009E-7	-6958896.910151	18.337084	0.813241	0	0
0	0	0	14.655586	5.936599	-4.25313	5.936599	2.663765E+7	-1.250973E-7	-7993779.817574	18.318067	0.810979	0	0
0	0	0	14.27209	5.936461	-4.801691	5.936461	2.165022E+7	2.25762E-7	4429443.057015	18.391363	0.809591	0	0
0	0	0	13.897169	5.93652	-5.338603	5.93652	1.767836E+7	-4.848357E-7	-2062554.362499	18.257896	0.808321	0	0
0	0	0	13.526128	5.936618	-5.870094	5.936618	1.446546E+7	-5.627223E-8	-1.777076E+7	18.425031	0.806258	0	0
0	0	0	13.166276	5.936631	-6.385291	5.936631	1.19083E+7	-4.156811E-8	-2.40569E+7	18.241691	0.805385	0	0
0	0	0	12.80871	5.936566	-6.896955	5.936566	9815307	-7.040459E-8	-1.420362E+7	18.427517	0.803005	0	0
0	0	0	12.448164	5.936566	-7.413101	5.936566	8077152	-5.793646E-8	-1.726029E+7	18.239097	0.802569	0	0
0	0	0	12.100155	5.936546	-7.911235	5.936546	6691999	-7.022386E-8	-1.424017E+7	18.390646	0.79999	0	0
0	0	0	11.773176	5.936592	-8.379482	5.936592	5607779.5	-2.828763E-8	-3.535114E+7	18.261916	0.799792	0	0
0	0	0	11.477397	5.936527	-8.802687	5.936527	4779150	-9.33855E-8	-1.07083E+7	18.334647	0.797134	0	0
0	0	0	11.184884	5.936474	-9.221258	5.936474	4080161.5	6.137863E-8	1.629232E+7	18.319649	0.796459	0	0
0	0	0	10.893229	5.936455	-9.638713	5.936455	3485020.5	3.151168E-8	3.173427E+7	18.297704	0.793999	0	0
0	0	0	10.596266	5.936429	-10.063743	5.936429	2968158	1.751948E-8	5.707931E+7	18.392221	0.793047	0	0
0	0	0	10.300282	5.936605	-10.488079	5.936605	2529291	-1.111015E-8	-9.000776E+7	18.243283	0.791619	0	0
0	0	0	10.001726	5.936474	-10.915023	5.936474	2152318.5	3.237816E-8	3.088502E+7	18.417002	0.789715	0	0
0	0	0	9.710275	5.93671	-11.333088	5.93671	1838580	-3.971354E-9	-2.518033E+8	18.228896	0.788961	0	0
0	0	0	9.421152	5.936756	-11.747153	5.936756	1572551.5	-2.77882E-9	-3.59865E+8	18.418201	0.786422	0	0
0	0	0	9.134234	5.936828	-12.158158	5.936828	1346620	-1.850571E-9	-5.403737E+8	18.25252	0.785906	0	0
0	0	0	8.852584	5.93652	-12.560256	5.93652	1156437	-3.17078E-8	-3.153798E+7	18.394541	0.783328	0	0
0	0	0	8.574283	5.936769	-12.959564	5.936769	994912.5	-1.671224E-9	-5.983637E+8	18.28696	0.783169	0	0
0	0	0	8.297901	5.936579	-13.354536	5.936579	856837.5	-5.075135E-9	-1.970391E+8	18.322181	0.780709	0	0
0	0	0	8.02352	5.936762	-13.748003	5.936762	738724	-1.272317E-9	-7.859675E+8	18.342966	0.779717	0	0
0	0	0	7.751589	5.936644	-14.13686	5.936644	637735.5	-2.018816E-9	-4.953398E+8	18.263624	0.777932	0	0
0	0	0	7.481904	5.936913	-14.523929	5.936913	551222	-5.998957E-10	-1.666957E+9	18.394394	0.776186	0	0
0	0	0	7.215895	5.936703	-14.903966	5.936703	477392.5	-1.065003E-9	-9.389643E+8	18.223393	0.775115	0	0
0	0	0	6.9516	5.936638	-15.282079	5.936638	413834.5	-1.374001E-9	-7.278015E+8	18.400463	0.773052	0	0
0	0	0	6.690164	5.936533	-15.65595	5.936533	359293.5	-5.453337E-9	-1.833739E+8	18.190597	0.772775	0	0
0	0	0	6.431914	5.936658	-16.026123	5.936658	312478.5	-9.049244E-10	-1.105065E+9	18.371813	0.770037	0	0
0	0	0	6.172969	5.936566	-16.396474	5.936566	271661	-1.94854E-9	-5.132047E+8	18.216598	0.769799	0	0
0	0	0	5.915004	5.936762	-16.766518	5.936762	236300.5	-4.069843E-10	-2.457097E+9	18.341287	0.766943	0	0
0	0	0	5.655855	5.936743	-17.137436	5.936743	205411	-3.828768E-10	-2.611806E+9	18.269984	0.766506	0	0
0	0	0	5.3974	5.936788	-17.507611	5.936788	178626.5	-2.793486E-10	-3.579757E+9	18.288531	0.764166	0	0
0	0	0	5.123264	5.936579	-17.899249	5.936579	154023.5	-9.122951E-10	-1.096137E+9	18.313514	0.763333	0	0
0	0	0	4.861706	5.936697	-18.274146	5.936697	133715.5	-3.084213E-10	-3.242318E+9	18.206028	0.761785	0	0
0	0	0	4.605211	5.936638	-18.641108	5.936638	116403	-3.864777E-10	-2.587472E+9	18.344432	0.760238	0	0
0	0	0	4.340835	5.9369	-19.020612	5.9369	100901	-1.13442E-10	-8.815079E+9	18.17607	0.759246	0	0
0	0	0	4.079645	5.936756	-19.393961	5.936756	87614.5	-1.548214E-10	-6.459054E+9	18.375514	0.756866	0	0
0	0	0	3.81776	5.936867	-19.769313	5.936867	76049	-9.320671E-11	-1.072884E+10	18.176782	0.756707	0	0
0	0	0	3.552975	5.93688	-20.148428	5.93688	65907	-7.796594E-11	-1.282611E+10	18.344765	0.754089	0	0
0	0	0	3.28427	5.936644	-20.532159	5.936644	56996	-1.804265E-10	-5.542424E+9	18.197293	0.753811	0	0
0	0	0	3.011196	5.936638	-20.923059	5.936638	49174	-1.63266E-10	-6.124974E+9	18.306249	0.751113	0	0
0	0	0	2.738693	5.936671	-21.313299	5.936671	42438.5	-1.132533E-10	-8.829768E+9	18.259148	0.750955	0	0
0	0	0	2.458228	5.936795	-21.715313	5.936795	36468.5	-5.574979E-11	-1.793729E+10	18.241176	0.748812	0	0
0	0	0	2.170207	5.93669	-22.12721	5.93669	31210	-7.451503E-11	-1.342011E+10	18.311371	0.747702	0	0
0	0	0	1.880308	5.93669	-22.542223	5.93669	26683	-6.370665E-11	-1.569695E+10	18.185956	0.746313	0	0
0	0	0	1.597597	5.936795	-22.94738	5.936795	22901.5	-3.500977E-11	-2.856346E+10	18.33151	0.744528	0	0
0	0	0	1.353639	5.936638	-23.295974	5.936638	20072	-6.664243E-11	-1.500546E+10	18.144001	0.743972	0	0
0	0	0	1.151294	5.936716	-23.585973	5.936716	17992.5	-3.76674E-11	-2.654816E+10	18.357729	0.741314	0	0
0	0	0	0.983006	5.936756	-23.827054	5.936756	16428	-2.902951E-11	-3.44477E+10	18.153488	0.741195	0	0
0	0	0	0.840486	5.936795	-24.031248	5.936795	15209.5	-2.325093E-11	-4.300904E+10	18.313468	0.738617	0	0
0	0	0	0.724755	5.936697	-24.196514	5.936697	14287	-3.295366E-11	-3.034564E+10	18.16628	0.738656	0	0
0	0	0	0.632383	5.936847	-24.329385	5.936847	13591.5	-1.761017E-11	-5.678535E+10	18.251112	0.735879	0	0
0	0	0	0.556631	5.936736	-24.437363	5.936736	13046	-2.500252E-11	-3.999596E+10	18.212542	0.735681	0	0
0	0	0	0.504605	5.936658	-24.511511	5.936658	12684	-3.673231E-11	-2.722399E+10	18.186359	0.733539	0	0
0	0	0	0.457317	5.936501	-24.578546	5.936501	12364	1.616761E-9	6.185207E+8	18.271958	0.732467	0	0
0	0	0	0.425301	5.936599	-24.624793	5.936599	12152	-5.706493E-11	-1.75239E+10	18.132716	0.731119	0	0
0	0	0	0.390345	5.936749	-24.67547	5.936749	11924.5	-2.163369E-11	-4.622419E+10	18.292245	0.729373	0	0
0	0	0	0.37401	5.936828	-24.699186	5.936828	11819.5	-1.624275E-11	-6.156594E+10	18.101492	0.728937	0	0
0	0	0	0.357716	5.936821	-24.722485	5.936821	11716	-1.643262E-11	-6.085456E+10	18.306191	0.726636	0	0
0	0	0	0.335746	5.936618	-24.75308	5.936618	11577.5	-4.503638E-11	-2.220427E+10	18.128627	0.726199	0	0
0	0	0	0.31786	5.936743	-24.779211	5.936743	11466.5	-2.137303E-11	-4.678793E+10	18.282153	0.723462	0	0
0	0	0	0.308345	5.936697	-24.792639	5.936697	11407.5	-2.631195E-11	-3.800554E+10	18.149135	0.723343	0	0
0	0	0	0.303281	5.936769	-24.800192	5.936769	11376.5	-1.910989E-11	-5.232891E+10	18.206077	0.72128	0	0
0	0	0	0.294869	5.936873	-24.812678	5.936873	11324.5	-1.363372E-11	-7.334754E+10	18.180331	0.720804	0	0
0	0	0	0.28613	5.936599	-24.824026	5.936599	11271.5	-5.293017E-11	-1.889282E+10	18.139111	0.718701	0	0
0	0	0	0.275553	5.936644	-24.839361	5.936644	11207	-3.547686E-11	-2.818739E+10	18.248111	0.717392	0	0
0	0	0	0.262159	5.936834	-24.859339	5.936834	11126	-1.498683E-11	-6.672525E+10	18.091748	0.71636	0	0
0	0	0	0.253338	5.936841	-24.871994	5.936841	11073	-1.462571E-11	-6.837276E+10	18.265109	0.714535	0	0
0	0	0	0.244966	5.936887	-24.884173	5.936887	11023	-1.281689E-11	-7.802207E+10	18.062469	0.71398	0	0
0	0	0	0.23929	5.936985	-24.892714	5.936985	10989.5	-1.016948E-11	-9.833341E+10	18.241779	0.711917	0	0
0	0	0	0.234839	5.936887	-24.898671	5.936887	10963	-1.274712E-11	-7.844908E+10	18.056185	0.711838	0	0
0	0	0	0.23243	5.936631	-24.90104	5.936631	10948.5	-3.821693E-11	-2.616642E+10	18.232869	0.708902	0	0
0	0	0	0.229653	5.936841	-24.905902	5.936841	10932	-1.443947E-11	-6.925463E+10	18.094818	0.708743	0	0
0	0	0	0.227366	5.936873	-24.909314	5.936873	10918.5	-1.314493E-11	-7.607494E+10	18.153022	0.706244	0	0
0	0	0	0.224834	5.936703	-24.912219	5.936703	10904	-2.432546E-11	-4.11092E+10	18.127074	0.706045	0	0
0	0	0	0.222139	5.93669	-24.916022	5.93669	10888	-2.59955E-11	-3.846819E+10	18.08707	0.704141	0	0
0	0	0	0.21879	5.93669	-24.920815	5.93669	10868.5	-2.594895E-11	-3.853721E+10	18.178647	0.703348	0	0
0	0	0	0.21683	5.936873	-24.924397	5.936873	10856.5	-1.307029E-11	-7.650939E+10	18.041549	0.701959	0	0
0	0	0	0.214788	5.936658	-24.926406	5.936658	10845	-3.140665E-11	-3.184039E+10	18.212714	0.700253	0	0
0	0	0	0.213114	5.936919	-24.929911	5.936919	10835	-1.160599E-11	-8.616242E+10	18.013644	0.699539	0	0
0	0	0	0.211766	5.936762	-24.931176	5.936762	10827	-1.864752E-11	-5.362643E+10	18.201783	0.697278	0	0
0	0	0	0.210582	5.936749	-24.932815	5.936749	10820	-1.962989E-11	-5.094273E+10	18.01945	0.69708	0	0
0	0	0	0.209194	5.936664	-24.934443	5.936664	10812	-3.003203E-11	-3.329778E+10	18.169801	0.694501	0	0
0	0	0	0.20903	5.936945	-24.935868	5.936945	10811	-1.089384E-11	-9.179502E+10	18.067436	0.694302	0	0
0	0	0	0.207764	5.936644	-24.936406	5.936644	10803.5	-3.419954E-11	-2.924016E+10	18.114039	0.692081	0	0
0	0	0	0.207029	5.936769	-24.937985	5.936769	10799.5	-1.814067E-11	-5.512477E+10	18.11518	0.691644	0	0
0	0	0	0.206988	5.936644	-24.937517	5.936644	10799.5	-3.418688E-11	-2.925099E+10	18.034225	0.690018	0	0
0	0	0	0.206866	5.936841	-24.938523	5.936841	10798.5	-1.426314E-11	-7.011081E+10	18.152521	0.688828	0	0
0	0	0	0.20903	5.93673	-24.934954	5.93673	10811	-2.132007E-11	-4.690415E+10	17.987175	0.687717	0	0
0	0	0	0.208458	5.936815	-24.936133	5.936815	10808	-1.547835E-11	-6.460636E+10	18.168829	0.685932	0	0
0	0	0	0.207968	5.937037	-24.937776	5.937037	10805	-9.017037E-12	-1.109012E+11	17.966259	0.685098	0	0
0	0	0	0.208009	5.937148	-24.938189	5.937148	10805	-7.460481E-12	-1.340396E+11	18.156985	0.682877	0	0
0	0	0	0.206417	5.936625	-24.938252	5.936625	10796	-3.972382E-11	-2.517381E+10	17.940734	0.683075	0	0
0	0	0	0.208499	5.936638	-24.935326	5.936638	10808	-3.588438E-11	-2.786728E+10	18.094928	0.680496	0	0
0	0	0	0.20952	5.936756	-24.934363	5.936756	10814	-1.910915E-11	-5.233095E+10	17.980096	0.680219	0	0
0	0	0	0.209684	5.936664	-24.933741	5.936664	10815	-3.004037E-11	-3.328854E+10	18.040597	0.677838	0	0
0	0	0	0.209439	5.936965	-24.935367	5.936965	10813.5	-1.043255E-11	-9.585384E+10	18.050088	0.677164	0	0
0	0	0	0.209561	5.936723	-24.934166	5.936723	10814.5	-2.196398E-11	-4.552908E+10	17.971234	0.675577	0	0
0	0	0	0.208744	5.936847	-24.935862	5.936847	10809.5	-1.400561E-11	-7.139998E+10	18.06237	0.674546	0	0
0	0	0	0.207968	5.936801	-24.936779	5.936801	10805	-1.615453E-11	-6.190213E+10	17.901345	0.673593	0	0
0	0	0	0.208377	5.93703	-24.937164	5.93703	10807	-9.130768E-12	-1.095198E+11	18.073049	0.671689	0	0
0	0	0	0.206131	5.9369	-24.939825	5.9369	10794.5	-1.213615E-11	-8.239847E+10	17.89189	0.670896	0	0
0	0	0	0.206376	5.936913	-24.93953	5.936913	10795.5	-1.174875E-11	-8.51154E+10	18.084034	0.668793	0	0
0	0	0	0.206702	5.936991	-24.939394	5.936991	10797.5	-9.857656E-12	-1.01444E+11	17.889246	0.668793	0	0
0	0	0	0.205069	5.936658	-24.94032	5.936658	10788	-3.124158E-11	-3.200863E+10	18.042962	0.666214	0	0
0	0	0	0.205273	5.93673	-24.940332	5.93673	10789.5	-2.127767E-11	-4.699762E+10	17.917744	0.666175	0	0
0	0	0	0.203313	5.936762	-24.943277	5.936762	10778	-1.856313E-11	-5.387023E+10	17.988529	0.663755	0	0
0	0	0	0.202537	5.936913	-24.945025	5.936913	10773	-1.172427E-11	-8.529317E+10	17.978929	0.663318	0	0
0	0	0	0.200332	5.936808	-24.947739	5.936808	10760.5	-1.574187E-11	-6.352484E+10	17.931108	0.661374	0	0
0	0	0	0.200781	5.936985	-24.947844	5.936985	10763	-9.959884E-12	-1.004028E+11	18.021787	0.660382	0	0
0	0	0	0.200495	5.936736	-24.9472	5.936736	10761.5	-2.06243E-11	-4.848648E+10	17.844859	0.659351	0	0
0	0	0	0.197718	5.936795	-24.951425	5.936795	10745	-1.6426E-11	-6.08791E+10	18.02188	0.657685	0	0
0	0	0	0.197106	5.936749	-24.952108	5.936749	10741.5	-1.948747E-11	-5.131503E+10	17.8155	0.657248	0	0
0	0	0	0.196003	5.936893	-24.954296	5.936893	10735	-1.227217E-11	-8.148521E+10	18.024414	0.654709	0	0
0	0	0	0.194533	5.936867	-24.956289	5.936867	10726.5	-1.314655E-11	-7.60656E+10	17.808714	0.654987	0	0
0	0	0	0.195146	5.936887	-24.955496	5.936887	10730	-1.24762E-11	-8.015259E+10	17.972718	0.652131	0	0
0	0	0	0.192736	5.936985	-24.959361	5.936985	10716.5	-9.916854E-12	-1.008384E+11	17.830488	0.652527	0	0
0	0	0	0.192451	5.936926	-24.95952	5.936926	10714.5	-1.129892E-11	-8.850402E+10	17.89667	0.650147	0	0
0	0	0	0.193186	5.936958	-24.958607	5.936958	10719	-1.049022E-11	-9.532689E+10	17.864422	0.649869	0	0
0	0	0	0.190735	5.936919	-24.961948	5.936919	10704.5	-1.14662E-11	-8.721284E+10	17.832896	0.647806	0	0
0	0	0	0.191348	5.936985	-24.961348	5.936985	10708	-9.908988E-12	-1.009185E+11	17.915415	0.646854	0	0
0	0	0	0.191266	5.936847	-24.960883	5.936847	10708	-1.387409E-11	-7.207678E+10	17.773485	0.645505	0	0
0	0	0	0.192614	5.936932	-24.959314	5.936932	10715.5	-1.11274E-11	-8.986822E+10	17.936684	0.643998	0	0
0	0	0	0.189878	5.936893	-24.963065	5.936893	10699.5	-1.223158E-11	-8.175557E+10	17.739674	0.643601	0	0
0	0	0	0.191225	5.936906	-24.961191	5.936906	10707.5	-1.184253E-11	-8.444145E+10	17.951268	0.641181	0	0
0	0	0	0.192818	5.936815	-24.958523	5.936815	10716.5	-1.534731E-11	-6.515798E+10	17.758007	0.640943	0	0
0	0	0	0.193104	5.936841	-24.958225	5.936841	10718.5	-1.415747E-11	-7.06341E+10	17.91688	0.638682	0	0
0	0	0	0.192573	5.936893	-24.959206	5.936893	10715.5	-1.224987E-11	-8.16335E+10	17.776847	0.638563	0	0
0	0	0	0.192859	5.936893	-24.958797	5.936893	10717	-1.225159E-11	-8.162207E+10	17.86304	0.636301	0	0
0	0	0	0.193553	5.936703	-24.957	5.936703	10721	-2.391721E-11	-4.18109E+10	17.806543	0.636024	0	0
0	0	0	0.19486	5.936788	-24.955489	5.936788	10728.5	-1.677798E-11	-5.960194E+10	17.78399	0.634238	0	0
0	0	0	0.196493	5.936958	-24.953871	5.936958	10738	-1.050881E-11	-9.515822E+10	17.856325	0.633207	0	0
0	0	0	0.196207	5.936854	-24.953837	5.936854	10736.5	-1.36509E-11	-7.325522E+10	17.725965	0.631898	0	0
0	0	0	0.195881	5.936769	-24.953945	5.936769	10734.5	-1.803148E-11	-5.545856E+10	17.885351	0.630231	0	0
0	0	0	0.197351	5.936893	-24.952366	5.936893	10743	-1.228131E-11	-8.142453E+10	17.671592	0.629954	0	0
0	0	0	0.199352	5.936985	-24.94989	5.936985	10754.5	-9.952019E-12	-1.004821E+11	17.872826	0.627732	0	0
0	0	0	0.200454	5.936684	-24.947037	5.936684	10761	-2.662723E-11	-3.755554E+10	17.665106	0.627494	0	0
0	0	0	0.198984	5.93671	-24.949252	5.93671	10752.5	-2.322549E-11	-4.305615E+10	17.85338	0.625074	0	0
0	0	0	0.199393	5.936775	-24.948945	5.936775	10755	-1.763038E-11	-5.672026E+10	17.684923	0.624915	0	0
0	0	0	0.20217	5.936749	-24.944858	5.936749	10771	-1.954099E-11	-5.117448E+10	17.782366	0.622654	0	0
0	0	0	0.201475	5.936834	-24.946212	5.936834	10767	-1.450325E-11	-6.895004E+10	17.695987	0.622694	0	0
0	0	0	0.200169	5.936769	-24.947806	5.936769	10759.5	-1.807348E-11	-5.53297E+10	17.699461	0.620551	0	0
0	0	0	0.19927	5.936782	-24.949148	5.936782	10754.5	-1.721456E-11	-5.809038E+10	17.742803	0.619916	0	0
0	0	0	0.200046	5.936952	-24.948757	5.936952	10758.5	-1.068263E-11	-9.360993E+10	17.650323	0.618528	0	0
0	0	0	0.200822	5.936834	-24.947148	5.936834	10763	-1.449787E-11	-6.897567E+10	17.78403	0.617219	0	0
0	0	0	0.200005	5.936782	-24.948095	5.936782	10758.5	-1.722096E-11	-5.806878E+10	17.61363	0.616346	0	0
0	0	0	0.20221	5.936723	-24.944689	5.936723	10771.5	-2.187665E-11	-4.571084E+10	17.788026	0.614838	0	0
0	0	0	0.201394	5.936788	-24.946135	5.936788	10766.5	-1.68374E-11	-5.939158E+10	17.577574	0.614481	0	0
0	0	0	0.198903	5.936743	-24.949508	5.936743	10752	-2.004124E-11	-4.989712E+10	17.76894	0.612101	0	0
0	0	0	0.198617	5.936749	-24.949945	5.936749	10750.5	-1.95038E-11	-5.127207E+10	17.603341	0.611942	0	0
0	0	0	0.198576	5.93688	-24.950557	5.93688	10750	-1.271692E-11	-7.863542E+10	17.727256	0.60984	0	0
0	0	0	0.197147	5.936651	-24.951633	5.936651	10742	-3.249219E-11	-3.077663E+10	17.634857	0.609602	0	0
0	0	0	0.195881	5.936932	-24.954637	5.936932	10734.5	-1.114713E-11	-8.970915E+10	17.664161	0.607578	0	0
0	0	0	0.195513	5.9369	-24.955025	5.9369	10732.5	-1.206644E-11	-8.287447E+10	17.663945	0.607261	0	0
0	0	0	0.195636	5.937044	-24.955459	5.937044	10733	-8.848356E-12	-1.130153E+11	17.585316	0.605714	0	0
0	0	0	0.193921	5.936965	-24.957582	5.936965	10723	-1.034524E-11	-9.666283E+10	17.702342	0.604524	0	0
0	0	0	0.192981	5.936834	-24.958372	5.936834	10718	-1.443725E-11	-6.926526E+10	17.535619	0.60369	0	0
0	0	0	0.190082	5.936991	-24.963188	5.936991	10701	-9.769555E-12	-1.023588E+11	17.71472	0.601865	0	0
0	0	0	0.190858	5.936834	-24.961412	5.936834	10705.5	-1.442041E-11	-6.934614E+10	17.491769	0.601746	0	0
0	0	0	0.190531	5.936991	-24.962545	5.936991	10703.5	-9.771838E-12	-1.023349E+11	17.695765	0.599485	0	0
0	0	0	0.189306	5.936769	-24.963357	5.936769	10696.5	-1.796765E-11	-5.565558E+10	17.491992	0.599406	0	0
0	0	0	0.188244	5.936873	-24.96532	5.936873	10690	-1.286984E-11	-7.770105E+10	17.662407	0.596986	0	0
0	0	0	0.18755	5.936795	-24.965981	5.936795	10686.5	-1.633657E-11	-6.121237E+10	17.522226	0.597184	0	0
0	0	0	0.185957	5.936985	-24.969065	5.936985	10677	-9.880302E-12	-1.012115E+11	17.596389	0.595121	0	0
0	0	0	0.185141	5.937011	-24.970345	5.937011	10672.5	-9.36627E-12	-1.067661E+11	17.556661	0.594724	0	0
0	0	0	0.18706	5.936906	-24.967154	5.936906	10683.5	-1.181598E-11	-8.463114E+10	17.514378	0.593217	0	0
0	0	0	0.186693	5.936854	-24.967459	5.936854	10681.5	-1.358098E-11	-7.363242E+10	17.588204	0.592384	0	0
0	0	0	0.185753	5.936932	-24.969136	5.936932	10676	-1.108639E-11	-9.020072E+10	17.468916	0.591233	0	0
0	0	0	0.185753	5.936873	-24.968886	5.936873	10676	-1.285298E-11	-7.780294E+10	17.625032	0.589765	0	0
0	0	0	0.186774	5.936945	-24.96773	5.936945	10681.5	-1.076335E-11	-9.290792E+10	17.415792	0.589289	0	0
0	0	0	0.1851	5.936815	-24.969572	5.936815	10672.5	-1.52843E-11	-6.542661E+10	17.618658	0.587425	0	0
0	0	0	0.187142	5.9369	-24.96701	5.9369	10684	-1.201191E-11	-8.325068E+10	17.405953	0.587266	0	0
0	0	0	0.187836	5.937148	-24.967069	5.937148	10688	-7.379697E-12	-1.355069E+11	17.591971	0.585124	0	0
0	0	0	0.188449	5.936788	-24.964668	5.936788	10691.5	-1.672011E-11	-5.980821E+10	17.433875	0.585124	0	0
0	0	0	0.187632	5.936801	-24.965892	5.936801	10686.5	-1.597736E-11	-6.258855E+10	17.563984	0.582624	0	0
0	0	0	0.188939	5.937004	-24.964881	5.937004	10694.5	-9.508296E-12	-1.051713E+11	17.470959	0.582743	0	0
0	0	0	0.191756	5.936926	-24.960514	5.936926	10710.5	-1.12947E-11	-8.853708E+10	17.475656	0.58072	0	0
0	0	0	0.190572	5.936913	-24.962154	5.936913	10703.5	-1.164863E-11	-8.5847E+10	17.496633	0.580323	0	0
0	0	0	0.189714	5.936972	-24.963631	5.936972	10698.5	-1.01772E-11	-9.825882E+10	17.404933	0.578935	0	0
0	0	0	0.191144	5.936926	-24.961391	5.936926	10707	-1.129101E-11	-8.856602E+10	17.548376	0.577546	0	0
0	0	0	0.192777	5.936828	-24.958637	5.936828	10716.5	-1.472697E-11	-6.790263E+10	17.352621	0.57711	0	0
0	0	0	0.19388	5.936932	-24.957502	5.936932	10723	-1.113519E-11	-8.980536E+10	17.53525	0.575444	0	0
0	0	0	0.195922	5.936867	-24.954302	5.936867	10735	-1.315696E-11	-7.600537E+10	17.322815	0.575126	0	0
0	0	0	0.195268	5.936638	-24.954267	5.936638	10731	-3.562873E-11	-2.806724E+10	17.504511	0.573024	0	0
0	0	0	0.196044	5.936795	-24.953822	5.936795	10735.5	-1.641147E-11	-6.093298E+10	17.310739	0.573182	0	0
0	0	0	0.197596	5.93686	-24.951877	5.93686	10744.5	-1.341032E-11	-7.456942E+10	17.468484	0.570842	0	0
0	0	0	0.196207	5.936795	-24.953588	5.936795	10736.5	-1.6413E-11	-6.09273E+10	17.336592	0.570802	0	0
0	0	0	0.197188	5.936926	-24.952739	5.936926	10742.5	-1.132845E-11	-8.827334E+10	17.390329	0.568699	0	0
0	0	0	0.196738	5.936684	-24.952357	5.936684	10739.5	-2.657403E-11	-3.763072E+10	17.354299	0.56858	0	0
0	0	0	0.197555	5.936893	-24.952074	5.936893	10744.5	-1.228303E-11	-8.141317E+10	17.301847	0.567271	0	0
0	0	0	0.197841	5.936887	-24.951637	5.936887	10746	-1.249481E-11	-8.003324E+10	17.399934	0.566279	0	0
0	0	0	0.197065	5.936788	-24.952332	5.936788	10741.5	-1.679831E-11	-5.952981E+10	17.264074	0.565367	0	0
0	0	0	0.197718	5.936788	-24.951397	5.936788	10745	-1.680378E-11	-5.951042E+10	17.416466	0.564058	0	0
0	0	0	0.196289	5.936834	-24.953637	5.936834	10737	-1.446284E-11	-6.914269E+10	17.236032	0.563343	0	0
0	0	0	0.195064	5.93669	-24.954781	5.93669	10730	-2.561827E-11	-3.903464E+10	17.419459	0.561558	0	0
0	0	0	0.193921	5.936703	-24.956474	5.936703	10723	-2.392167E-11	-4.180311E+10	17.197348	0.561757	0	0
0	0	0	0.19633	5.93669	-24.952969	5.93669	10737.5	-2.563618E-11	-3.900737E+10	17.408679	0.559218	0	0
0	0	0	0.19486	5.936612	-24.954741	5.936612	10728.5	-4.426617E-11	-2.259062E+10	17.237106	0.559376	0	0
0	0	0	0.193512	5.936887	-24.957834	5.936887	10721	-1.246574E-11	-8.021987E+10	17.358046	0.557313	0	0
0	0	0	0.192042	5.936769	-24.95944	5.936769	10712.5	-1.799453E-11	-5.557245E+10	17.262545	0.557393	0	0
0	0	0	0.191348	5.937004	-24.961431	5.937004	10708	-9.520299E-12	-1.050387E+11	17.281168	0.555528	0	0
0	0	0	0.191756	5.93671	-24.9596	5.93671	10710.5	-2.313477E-11	-4.322499E+10	17.30205	0.555052	0	0
0	0	0	0.19147	5.9369	-24.960813	5.9369	10709	-1.204002E-11	-8.305633E+10	17.205763	0.553901	0	0
0	0	0	0.190531	5.937129	-24.963127	5.937129	10703.5	-7.622607E-12	-1.311887E+11	17.342315	0.552751	0	0
0	0	0	0.188204	5.936788	-24.965018	5.936788	10690	-1.671777E-11	-5.98166E+10	17.163302	0.552156	0	0
0	0	0	0.186693	5.936873	-24.967542	5.936873	10681.5	-1.285961E-11	-7.776288E+10	17.344123	0.55049	0	0
0	0	0	0.187101	5.936926	-24.967179	5.936926	10683.5	-1.126623E-11	-8.876083E+10	17.097447	0.550609	0	0
0	0	0	0.186856	5.937168	-24.968555	5.937168	10682.5	-7.157849E-12	-1.397068E+11	17.30458	0.548427	0	0
0	0	0	0.185631	5.936801	-24.968757	5.936801	10675	-1.596017E-11	-6.265597E+10	17.087138	0.548625	0	0
0	0	0	0.184855	5.936998	-24.970699	5.936998	10671	-9.613097E-12	-1.040247E+11	17.26379	0.546284	0	0
0	0	0	0.182731	5.936873	-24.973212	5.936873	10658.5	-1.283192E-11	-7.793069E+10	17.111668	0.546562	0	0
0	0	0	0.183589	5.936867	-24.971957	5.936867	10663.5	-1.306933E-11	-7.6515E+10	17.201579	0.54438	0	0
0	0	0	0.184896	5.936769	-24.969671	5.936769	10671	-1.792482E-11	-5.578858E+10	17.134295	0.544737	0	0
0	0	0	0.183221	5.936834	-24.972345	5.936834	10661.5	-1.436115E-11	-6.963233E+10	17.135205	0.542793	0	0
0	0	0	0.184242	5.936828	-24.970855	5.936828	10667.5	-1.465963E-11	-6.821454E+10	17.199659	0.542079	0	0
0	0	0	0.184977	5.937004	-24.970552	5.937004	10671.5	-9.487847E-12	-1.05398E+11	17.079499	0.541008	0	0
0	0	0	0.184447	5.936985	-24.971228	5.936985	10668.5	-9.872436E-12	-1.012921E+11	17.219179	0.539738	0	0
0	0	0	0.184038	5.936887	-24.971397	5.936887	10666	-1.240179E-11	-8.063353E+10	17.028128	0.539223	0	0
0	0	0	0.183997	5.936795	-24.971068	5.936795	10666	-1.630523E-11	-6.133002E+10	17.207754	0.537715	0	0
0	0	0	0.18559	5.93686	-24.969065	5.93686	10675	-1.332358E-11	-7.505491E+10	0	0	0	0
0	0	0	0.186325	5.936795	-24.967735	5.936795	10679.5	-1.632587E-11	-6.125249E+10	0	0	0	0
0	0	0	0.186856	5.936893	-24.967391	5.936893	10682.5	-1.221215E-11	-8.188568E+10	0	0	0	0
0	0	0	0.187223	5.936612	-24.965673	5.936612	10684.5	-4.408462E-11	-2.268365E+10	0	0	0	0
0	0	0	0.188734	5.936801	-24.964314	5.936801	10693	-1.598708E-11	-6.25505E+10	0	0	0	0
0	0	0	0.189755	5.936821	-24.962935	5.936821	10699	-1.50062E-11	-6.663913E+10	0	0	0	0
0	0	0	0.190409	5.936834	-24.962055	5.936834	10703	-1.441705E-11	-6.936234E+10	0	0	0	0
0	0	0	0.190776	5.936612	-24.960587	5.936612	10705	-4.41692E-11	-2.264021E+10	0	0	0	0
0	0	0	0.192165	5.937168	-24.960955	5.937168	10713	-7.178286E-12	-1.39309E+11	0	0	0	0
0	0	0	0.192451	5.936664	-24.958412	5.936664	10714.5	-2.976121E-11	-3.360078E+10	0	0	0	0
0	0	0	0.194492	5.936978	-24.956819	5.936978	10726.5	-1.006306E-11	-9.937338E+10	0	0	0	0
0	0	0	0.193594	5.936743	-24.957107	5.936743	10721.5	-1.998439E-11	-5.003906E+10	0	0	0	0
0	0	0	0.192981	5.936841	-24.9584	5.936841	10718	-1.415681E-11	-7.06374E+10	0	0	0	0
0	0	0	0.194452	5.936906	-24.956573	5.936906	10726.5	-1.186354E-11	-8.429188E+10	0	0	0	0
0	0	0	0.194125	5.936749	-24.956375	5.936749	10724.5	-1.945663E-11	-5.139637E+10	0	0	0	0
0	0	0	0.195105	5.936828	-24.955305	5.936828	10730	-1.474552E-11	-6.78172E+10	0	0	0	0
0	0	0	0.195636	5.93705	-24.955487	5.93705	10733	-8.742362E-12	-1.143856E+11	0	0	0	0
0	0	0	0.196657	5.936788	-24.952917	5.936788	10739	-1.67944E-11	-5.954367E+10	0	0	0	0
0	0	0	0.196289	5.936815	-24.953554	5.936815	10737	-1.537667E-11	-6.503358E+10	0	0	0	0
0	0	0	0.194411	5.936991	-24.956991	5.936991	10726	-9.792379E-12	-1.021202E+11	0	0	0	0
0	0	0	0.195227	5.936939	-24.9556	5.936939	10731	-1.097588E-11	-9.110888E+10	0	0	0	0
0	0	0	0.196167	5.936664	-24.953092	5.936664	10736	-2.982093E-11	-3.353349E+10	0	0	0	0
0	0	0	0.195187	5.936651	-24.95444	5.936651	10730.5	-3.24574E-11	-3.080961E+10	0	0	0	0
0	0	0	0.193961	5.936788	-24.956775	5.936788	10723.5	-1.677016E-11	-5.962973E+10	0	0	0	0
0	0	0	0.192001	5.936926	-24.960164	5.936926	10712	-1.129628E-11	-8.852468E+10	0	0	0	0
0	0	0	0.190817	5.936788	-24.961277	5.936788	10705	-1.674123E-11	-5.973278E+10	0	0	0	0
0	0	0	0.190776	5.936677	-24.960864	5.936677	10705	-2.748899E-11	-3.63782E+10	0	0	0	0
0	0	0	0.19	5.936847	-24.962696	5.936847	10700.5	-1.386438E-11	-7.21273E+10	0	0	0	0
0	0	0	0.188449	5.936795	-24.964695	5.936795	10691.5	-1.634421E-11	-6.118374E+10	0	0	0	0
0	0	0	0.186897	5.936821	-24.967028	5.936821	10682.5	-1.498306E-11	-6.674206E+10	0	0	0	0
0	0	0	0.185998	5.936958	-24.968896	5.936958	10677.5	-1.04496E-11	-9.56974E+10	0	0	0	0
0	0	0	0.186284	5.936906	-24.968265	5.936906	10679	-1.1811E-11	-8.46668E+10	0	0	0	0
0	0	0	0.186407	5.936978	-24.968394	5.936978	10679.5	-1.001896E-11	-9.981071E+10	0	0	0	0
0	0	0	0.185917	5.936919	-24.968847	5.936919	10677	-1.143674E-11	-8.743747E+10	0	0	0	0
0	0	0	0.185263	5.937115	-24.970614	5.937115	10673	-7.763506E-12	-1.288078E+11	0	0	0	0
0	0	0	0.183997	5.936965	-24.971788	5.936965	10666	-1.029025E-11	-9.71794E+10	0	0	0	0
0	0	0	0.1851	5.936658	-24.968907	5.936658	10672.5	-3.090709E-11	-3.235503E+10	0	0	0	0
0	0	0	0.183466	5.93688	-24.972188	5.93688	10663	-1.2614E-11	-7.927701E+10	0	0	0	0
0	0	0	0.181956	5.937011	-24.974905	5.937011	10654	-9.350034E-12	-1.069515E+11	0	0	0	0
0	0	0	0.184242	5.936795	-24.970717	5.936795	10667.5	-1.630752E-11	-6.132139E+10	0	0	0	0
0	0	0	0.182895	5.936926	-24.9732	5.936926	10659.5	-1.124092E-11	-8.896068E+10	0	0	0	0
0	0	0	0.181956	5.936919	-24.974517	5.936919	10654	-1.141211E-11	-8.762623E+10	0	0	0	0
0	0	0	0.182405	5.93688	-24.973708	5.93688	10656.5	-1.260631E-11	-7.932536E+10	0	0	0	0
0	0	0	0.181629	5.936913	-24.974957	5.936913	10652.5	-1.159313E-11	-8.6258E+10	0	0	0	0
0	0	0	0.181384	5.936867	-24.975114	5.936867	10651	-1.305401E-11	-7.66048E+10	0	0	0	0
0	0	0	0.183385	5.936788	-24.971917	5.936788	10662.5	-1.667476E-11	-5.997088E+10	0	0	0	0
0	0	0	0.18412	5.936743	-24.97067	5.936743	10666.5	-1.988187E-11	-5.029708E+10	0	0	0	0
0	0	0	0.184651	5.937135	-24.971574	5.937135	10669.5	-7.519637E-12	-1.329851E+11	0	0	0	0
0	0	0	0.185672	5.936952	-24.969336	5.936952	10675.5	-1.060021E-11	-9.433773E+10	0	0	0	0
0	0	0	0.185712	5.936625	-24.967891	5.936625	10676	-3.928228E-11	-2.545677E+10	0	0	0	0
0	0	0	0.185794	5.936926	-24.96905	5.936926	10676	-1.125832E-11	-8.882319E+10	0	0	0	0
0	0	0	0.186407	5.936854	-24.967868	5.936854	10679.5	-1.357843E-11	-7.364621E+10	0	0	0	0
0	0	0	0.188775	5.936958	-24.964921	5.936958	10693.5	-1.046526E-11	-9.555421E+10	0	0	0	0
0	0	0	0.189388	5.936782	-24.963295	5.936782	10697	-1.712252E-11	-5.840263E+10	0	0	0	0
0	0	0	0.190695	5.936873	-24.961813	5.936873	10704.5	-1.28873E-11	-7.75958E+10	0	0	0	0
0	0	0	0.189674	5.936893	-24.963357	5.936893	10698.5	-1.223044E-11	-8.176322E+10	0	0	0	0
0	0	0	0.190858	5.936782	-24.961191	5.936782	10705.5	-1.713612E-11	-5.835626E+10	0	0	0	0
0	0	0	0.192736	5.936893	-24.958973	5.936893	10716.5	-1.225102E-11	-8.162588E+10	0	0	0	0
0	0	0	0.191634	5.936671	-24.959609	5.936671	10710	-2.858118E-11	-3.498806E+10	0	0	0	0
0	0	0	0.193798	5.936906	-24.957508	5.936906	10722.5	-1.185912E-11	-8.432332E+10	0	0	0	0
0	0	0	0.194574	5.936841	-24.95612	5.936841	10727	-1.416869E-11	-7.057813E+10	0	0	0	0
0	0	0	0.193022	5.936671	-24.957621	5.936671	10718	-2.860253E-11	-3.496194E+10	0	0	0	0
0	0	0	0.193921	5.936677	-24.956363	5.936677	10723	-2.753521E-11	-3.631713E+10	0	0	0	0
0	0	0	0.19437	5.936782	-24.956163	5.936782	10726	-1.716894E-11	-5.824473E+10	0	0	0	0
0	0	0	0.194043	5.936677	-24.956187	5.936677	10723.5	-2.75365E-11	-3.631544E+10	0	0	0	0
0	0	0	0.194574	5.936573	-24.954984	5.936573	10727	-6.959966E-11	-1.436789E+10	0	0	0	0
0	0	0	0.192205	5.936834	-24.959483	5.936834	10713	-1.443052E-11	-6.929759E+10	0	0	0	0
0	0	0	0.192981	5.93669	-24.957763	5.93669	10718	-2.558962E-11	-3.907834E+10	0	0	0	0
0	0	0	0.192777	5.936985	-24.959302	5.936985	10716.5	-9.916854E-12	-1.008384E+11	0	0	0	0
0	0	0	0.191266	5.93669	-24.960218	5.93669	10708	-2.556575E-11	-3.911484E+10	0	0	0	0
0	0	0	0.189674	5.936795	-24.962941	5.936795	10698.5	-1.635491E-11	-6.114371E+10	0	0	0	0
0	0	0	0.191552	5.936913	-24.960751	5.936913	10709.5	-1.165516E-11	-8.57989E+10	0	0	0	0
0	0	0	0.190654	5.936684	-24.961067	5.936684	10704.5	-2.648743E-11	-3.775376E+10	0	0	0	0
0	0	0	0.189919	5.936926	-24.963145	5.936926	10700	-1.128363E-11	-8.862396E+10	0	0	0	0
0	0	0	0.188489	0	0.188489	0	10691.5	0	0	0	0	0	0
0	0	0	0.185631	0	0.185631	0	10675	0	0	0	0	0	0
