Vload_(V)	ILoad_(A)	RsLoad (ohm)	SunsVoc_Voltage_(V)	SunsVoc_Current_(A)	Model_Voltage_(V)	Model_Current_(A)	Carrier_Density_(cm-3)	Lifetime_(s)	Inverse_Lifetime_(s-1)	Efficiency_(%)	Intensity_(suns)	Dark_IV_Voltage_(V)	Dark_IV_Current_(A)
5.180381	9.260892	0	38.888944	-1.787009	39.546239	-1.787009	7.745912E+14	4.794607E-5	20855.772469	15.761629	1.14644	0	0
5.345161	9.263002	-0.607956	38.835203	-1.268345	39.301791	-1.268345	7.501766E+14	4.872219E-5	20523.593399	15.765355	1.146123	0	0
5.412661	9.261227	-0.299118	38.71155	-0.504244	38.897109	-0.504244	6.966857E+14	4.878865E-5	20495.765086	15.761881	1.146242	0	0
5.695523	9.260969	0.126093	38.589432	0.203138	38.514654	0.203138	6.473614E+14	4.887497E-5	20459.675132	15.755393	1.145487	0	0
7.794805	9.23921	2.057058	38.469226	0.84249	38.158991	0.84249	6.020125E+14	4.890306E-5	20448.017168	15.751542	1.145011	0	0
10.349903	9.202697	2.057995	38.357334	1.395801	37.843195	1.395801	5.624941E+14	4.890738E-5	20446.287295	15.743951	1.143781	0	0
13.051675	9.196487	1.790783	38.247205	1.910385	37.543313	1.910385	5.259937E+14	4.893543E-5	20434.634072	15.736112	1.142947	0	0
15.471708	9.188285	1.558093	38.133582	2.401252	37.248555	2.401252	4.906868E+14	4.891738E-5	20442.232414	15.737067	1.141875	0	0
17.886574	9.184016	1.309622	38.019305	2.859641	36.965005	2.859641	4.5745E+14	4.886962E-5	20462.262974	15.728751	1.141319	0	0
20.287325	9.179593	1.061922	37.906187	3.291214	36.692404	3.291214	4.266659E+14	4.887618E-5	20459.562198	15.726745	1.140684	0	0
22.688563	9.17252	0.820726	37.792858	3.697399	36.428859	3.697399	3.97811E+14	4.889782E-5	20450.547054	15.741156	1.139771	0	0
25.113171	9.165965	0.573555	37.679871	4.068518	36.178508	4.068518	3.709066E+14	4.884935E-5	20470.872733	15.74992	1.139136	0	0
27.511947	9.145507	0.357663	37.571001	4.400959	35.946484	4.400959	3.466387E+14	4.877608E-5	20501.653777	15.754696	1.138858	0	0
28.409116	9.085422	0.353718	37.464401	4.700449	35.728836	4.700449	3.243599E+14	4.863852E-5	20559.662316	15.762674	1.13866	0	0
29.297571	8.976292	0.36307	37.358732	4.982907	35.518351	4.982907	3.036406E+14	4.853787E-5	20602.317874	15.764627	1.138541	0	0
30.180749	8.805861	0.369536	37.251691	5.249023	35.312465	5.249023	2.839575E+14	4.840239E-5	20660.002848	15.765563	1.138739	0	0
31.078063	8.543895	0.372895	37.14318	5.499995	35.110641	5.499995	2.652664E+14	4.823374E-5	20732.257858	15.762177	1.138541	0	0
31.935067	8.186296	0.371704	37.034375	5.736043	34.913983	5.736043	2.477245E+14	4.806054E-5	20806.990348	15.76282	1.138183	0	0
32.792717	7.694169	0.369949	36.928804	5.955483	34.726669	5.955483	2.317836E+14	4.795322E-5	20853.567659	15.759666	1.137588	0	0
33.632776	7.062132	0.366805	36.82276	6.157358	34.54533	6.157358	2.167777E+14	4.776592E-5	20935.351311	15.73934	1.137588	0	0
34.45364	6.278863	0.364117	36.718414	6.344276	34.37119	6.344276	2.02938E+14	4.758219E-5	21016.199627	15.737226	1.136715	0	0
35.250449	5.36565	0.359743	36.613693	6.518875	34.201193	6.518875	1.899169E+14	4.736458E-5	21112.761668	15.727477	1.13604	0	0
36.028518	4.330021	0.356635	36.510605	6.680134	34.037743	6.680134	1.778979E+14	4.713937E-5	21213.637925	15.725567	1.134928	0	0
36.765668	3.228741	0.355959	36.409935	6.829402	33.881133	6.829402	1.668807E+14	4.693466E-5	21306.168536	15.723634	1.133817	0	0
37.424334	2.142572	0.36671	36.309281	6.968469	33.728288	6.968469	1.565345E+14	4.669555E-5	21415.275041	15.723652	1.132586	0	0
38.058927	1.01797	0.39728	36.207107	7.099069	33.577022	7.099069	1.466765E+14	4.639813E-5	21552.557152	15.728489	1.131276	0	0
30.65224	8.678555	0.372796	36.105212	7.222047	33.428835	7.222047	1.374533E+14	4.610321E-5	21690.434128	15.734852	1.129966	0	0
38.669933	0	0	36.004705	7.338392	33.284479	7.338392	1.289152E+14	4.58562E-5	21807.272277	15.739648	1.128418	0	0
0	0	0	35.903937	7.44725	33.142613	7.44725	1.208796E+14	4.557866E-5	21940.066475	15.750463	1.126552	0	0
0	0	0	35.803544	7.549418	33.003585	7.549418	1.133651E+14	4.529699E-5	22076.498796	15.751059	1.125282	0	0
0	0	0	35.704197	7.644509	32.868216	7.644509	1.063829E+14	4.500778E-5	22218.360812	15.750348	1.123575	0	0
0	0	0	35.606009	7.732553	32.736611	7.732553	9.989965E+13	4.469968E-5	22371.510705	15.753011	1.122106	0	0
0	0	0	35.508802	7.814887	32.608096	7.814887	9.386592E+13	4.439136E-5	22526.893004	15.746127	1.120876	0	0
0	0	0	35.412901	7.891293	32.483083	7.891293	8.826664E+13	4.407206E-5	22690.100965	15.739666	1.119685	0	0
0	0	0	35.317082	7.964091	32.359478	7.964091	8.30023E+13	4.377003E-5	22846.669341	15.745068	1.118177	0	0
0	0	0	35.219091	8.033359	32.234981	8.033359	7.794005E+13	4.34198E-5	23030.959526	15.747774	1.116708	0	0
0	0	0	35.124333	8.101812	32.114033	8.101812	7.333605E+13	4.326775E-5	23111.8942	15.745408	1.115755	0	0
0	0	0	35.031504	8.162028	31.998077	8.162028	6.908727E+13	4.299462E-5	23258.716905	15.749872	1.114604	0	0
0	0	0	34.937874	8.218824	31.882573	8.218824	6.504915E+13	4.268799E-5	23425.787235	15.746757	1.113572	0	0
0	0	0	34.84555	8.273008	31.769349	8.273008	6.12968E+13	4.243184E-5	23567.202402	15.744359	1.112778	0	0
0	0	0	34.753096	8.322969	31.657552	8.322969	5.775448E+13	4.210937E-5	23747.676149	15.754588	1.111309	0	0
0	0	0	34.661475	8.369448	31.547883	8.369448	5.44447E+13	4.17659E-5	23942.97191	15.755282	1.10988	0	0
0	0	0	34.569789	8.414557	31.438649	8.414557	5.132122E+13	4.146814E-5	24114.895271	15.756798	1.108411	0	0
0	0	0	34.477792	8.456874	31.330132	8.456874	4.836617E+13	4.113732E-5	24308.825211	15.756863	1.106903	0	0
0	0	0	34.386171	8.498038	31.222416	8.498038	4.559134E+13	4.086967E-5	24468.019611	15.748755	1.105315	0	0
0	0	0	34.293309	8.536115	31.114591	8.536115	4.294045E+13	4.051557E-5	24681.866115	15.751452	1.10333	0	0
0	0	0	34.202129	8.571772	31.009356	8.571772	4.048685E+13	4.017713E-5	24889.776179	15.744222	1.101703	0	0
0	0	0	34.111308	8.605476	30.905205	8.605476	3.818163E+13	3.983799E-5	25101.667177	15.74706	1.0994	0	0
0	0	0	34.020259	8.637832	30.801319	8.637832	3.600175E+13	3.951429E-5	25307.300288	15.748366	1.097257	0	0
0	0	0	33.930043	8.667827	30.699148	8.667827	3.396407E+13	3.916315E-5	25534.206384	15.752858	1.095312	0	0
0	0	0	33.840807	8.696557	30.598432	8.696557	3.206155E+13	3.885147E-5	25739.049371	15.750861	1.093327	0	0
0	0	0	33.750885	8.72362	30.497641	8.72362	3.025178E+13	3.850494E-5	25970.693039	15.75829	1.091223	0	0
0	0	0	33.662139	8.749018	30.398652	8.749018	2.856551E+13	3.816266E-5	26203.625537	15.760566	1.089397	0	0
0	0	0	33.573474	8.773035	30.300256	8.773035	2.697433E+13	3.781098E-5	26447.342705	15.765303	1.087492	0	0
0	0	0	33.486345	8.795671	30.20392	8.795671	2.549681E+13	3.747888E-5	26681.692815	15.775676	1.085467	0	0
0	0	0	33.398318	8.816887	30.107204	8.816887	2.408597E+13	3.70968E-5	26956.499871	15.771481	1.083681	0	0
0	0	0	33.309784	8.837275	30.010282	8.837275	2.274552E+13	3.67183E-5	27234.372565	15.773614	1.082093	0	0
0	0	0	33.223586	8.8567	29.916073	8.8567	2.151196E+13	3.639585E-5	27475.658315	15.76989	1.080346	0	0
0	0	0	33.137486	8.874587	29.822534	8.874587	2.034641E+13	3.60178E-5	27764.045557	15.768657	1.07852	0	0
0	0	0	33.051468	8.891874	29.729299	8.891874	1.924488E+13	3.566381E-5	28039.630626	15.773866	1.076535	0	0
0	0	0	32.96576	8.90848	29.636628	8.90848	1.82065E+13	3.532931E-5	28305.110639	15.772023	1.074828	0	0
0	0	0	32.880265	8.924158	29.544515	8.924158	1.722639E+13	3.498383E-5	28584.634093	15.770799	1.073161	0	0
0	0	0	32.795178	8.93929	29.453017	8.93929	1.630325E+13	3.46669E-5	28845.956889	15.777308	1.071097	0	0
0	0	0	32.710091	8.953182	29.361979	8.953182	1.542948E+13	3.429014E-5	29162.900388	15.774321	1.06939	0	0
0	0	0	32.625265	8.966796	29.271306	8.966796	1.460492E+13	3.396021E-5	29446.224183	15.774659	1.067485	0	0
0	0	0	32.540423	8.979439	29.180978	8.979439	1.382421E+13	3.358877E-5	29771.857395	15.782377	1.065381	0	0
0	0	0	32.456185	8.991884	29.091331	8.991884	1.309028E+13	3.327697E-5	30050.812014	15.776603	1.063555	0	0
0	0	0	32.369465	9.003686	28.999419	9.003686	1.237534E+13	3.290305E-5	30392.315977	15.784373	1.061451	0	0
0	0	0	32.284982	9.014773	28.910029	9.014773	1.171636E+13	3.255422E-5	30717.980005	15.793309	1.059109	0	0
0	0	0	32.20045	9.024732	28.821011	9.024732	1.109207E+13	3.211929E-5	31133.93743	15.785501	1.057243	0	0
0	0	0	32.115788	9.035264	28.731645	9.035264	1.050011E+13	3.182443E-5	31422.397938	15.78843	1.05498	0	0
0	0	0	32.030619	9.044492	28.642255	9.044492	9.936436E+12	3.140019E-5	31846.941306	15.786906	1.052916	0	0
0	0	0	31.946397	9.054039	28.553698	9.054039	9.408764E+12	3.11051E-5	32149.069653	15.789336	1.050534	0	0
0	0	0	31.861245	9.062562	28.464586	9.062562	8.903709E+12	3.070027E-5	32573.007183	15.79496	1.04847	0	0
0	0	0	31.777906	9.071499	28.377145	9.071499	8.43564E+12	3.045895E-5	32831.077274	15.792447	1.046406	0	0
0	0	0	31.700153	9.079259	28.295782	9.079259	8.02114E+12	3.019954E-5	33113.086124	15.790171	1.044421	0	0
0	0	0	31.615474	9.087015	28.207431	9.087015	7.59283E+12	2.986217E-5	33487.17961	15.79903	1.042159	0	0
0	0	0	31.528999	9.094516	28.117361	9.094516	7.179004E+12	2.950751E-5	33889.672169	15.801601	1.040214	0	0
0	0	0	31.442948	9.100908	28.028133	9.100908	6.789583E+12	2.902199E-5	34456.632117	15.808187	1.038149	0	0
0	0	0	31.358873	9.107664	27.940763	9.107664	6.4295E+12	2.869452E-5	34849.861449	15.812833	1.036442	0	0
0	0	0	31.273803	9.114152	27.852487	9.114152	6.084567E+12	2.835576E-5	35266.197599	15.811993	1.034339	0	0
0	0	0	31.188372	9.120496	27.763902	9.120496	5.756785E+12	2.804045E-5	35662.765718	15.811733	1.032473	0	0
0	0	0	31.103106	9.126194	27.675722	9.126194	5.447226E+12	2.765506E-5	36159.748784	15.814879	1.030528	0	0
0	0	0	31.018362	9.131952	27.588047	9.131952	5.156049E+12	2.734561E-5	36568.939957	15.814559	1.028503	0	0
0	0	0	30.931723	9.136739	27.498823	9.136739	4.874435E+12	2.684885E-5	37245.549078	15.81608	1.026479	0	0
0	0	0	30.845966	9.142421	27.410152	9.142421	4.610829E+12	2.661505E-5	37572.733599	15.816564	1.024613	0	0
0	0	0	30.759801	9.147491	27.321299	9.147491	4.360316E+12	2.629425E-5	38031.13084	15.812255	1.022747	0	0
0	0	0	30.673129	9.151918	27.232175	9.151918	4.122054E+12	2.586717E-5	38659.046867	15.810676	1.020723	0	0
0	0	0	30.585755	9.155802	27.142546	9.155802	3.89503E+12	2.534592E-5	39454.081419	15.815769	1.0185	0	0
0	0	0	30.498087	9.16043	27.052339	9.16043	3.679802E+12	2.504842E-5	39922.675463	15.812375	1.016396	0	0
0	0	0	30.410974	9.164474	26.962912	9.164474	3.477714E+12	2.466571E-5	40542.111466	15.823013	1.014173	0	0
0	0	0	30.32396	9.168179	26.873711	9.168179	3.286928E+12	2.424428E-5	41246.842627	15.823381	1.01199	0	0
0	0	0	30.235981	9.17215	26.783436	9.17215	3.104664E+12	2.392458E-5	41798.017583	15.824588	1.010084	0	0
0	0	0	30.14784	9.175364	26.693281	9.175364	2.932193E+12	2.344459E-5	42653.766784	15.827472	1.007901	0	0
0	0	0	30.059976	9.178801	26.603322	9.178801	2.769798E+12	2.307336E-5	43340.018361	15.828524	1.005678	0	0
0	0	0	29.97087	9.181879	26.512244	9.181879	2.614288E+12	2.262638E-5	44196.199675	15.83371	1.003733	0	0
0	0	0	29.882222	9.185466	26.421436	9.185466	2.468239E+12	2.237822E-5	44686.30705	15.837941	1.00143	0	0
0	0	0	29.792921	9.188165	26.330303	9.188165	2.329359E+12	2.190269E-5	45656.502221	15.836191	0.999525	0	0
0	0	0	29.702737	9.191129	26.238178	9.191129	2.197034E+12	2.153635E-5	46433.12892	15.835773	0.997501	0	0
0	0	0	29.610888	9.193798	26.144484	9.193798	2.069987E+12	2.109806E-5	47397.724186	15.839809	0.995397	0	0
0	0	0	29.517927	9.196977	26.049475	9.196977	1.94888E+12	2.085163E-5	47957.889885	15.835683	0.99365	0	0
0	0	0	29.425277	9.199551	25.955007	9.199551	1.835226E+12	2.045978E-5	48876.389166	15.838456	0.991705	0	0
0	0	0	29.332643	9.201737	25.860702	9.201737	1.728217E+12	1.99787E-5	50053.314109	15.840364	0.98968	0	0
0	0	0	29.239079	9.204249	25.765334	9.204249	1.626463E+12	1.963629E-5	50926.11977	15.842075	0.987894	0	0
0	0	0	29.145318	9.206536	25.669852	9.206536	1.530505E+12	1.925517E-5	51934.090737	15.85109	0.985751	0	0
0	0	0	29.049875	9.208496	25.572796	9.208496	1.438637E+12	1.877626E-5	53258.747175	15.841378	0.984202	0	0
0	0	0	28.954154	9.210291	25.475521	9.210291	1.352039E+12	1.827209E-5	54728.2826	15.848791	0.98194	0	0
0	0	0	28.857567	9.212597	25.377179	9.212597	1.269939E+12	1.798194E-5	55611.340149	15.851306	0.980153	0	0
0	0	0	28.76	9.214719	25.277917	9.214719	1.192065E+12	1.765494E-5	56641.382384	15.851055	0.97805	0	0
0	0	0	28.660326	9.216667	25.176595	9.216667	1.117438E+12	1.72787E-5	57874.720677	15.854895	0.976184	0	0
0	0	0	28.559705	9.218982	25.074176	9.218982	1.046839E+12	1.708119E-5	58543.922599	15.85444	0.97412	0	0
0	0	0	28.458789	9.220837	24.971635	9.220837	9.805129E+11	1.673985E-5	59737.702564	15.854721	0.972135	0	0
0	0	0	28.356486	9.222182	24.867885	9.222182	9.175617E+11	1.620936E-5	61692.747483	15.851445	0.970388	0	0
0	0	0	28.252761	9.223853	24.762577	9.223853	8.578606E+11	1.583854E-5	63137.143469	15.854726	0.968284	0	0
0	0	0	28.147255	9.225411	24.655515	9.225411	8.011178E+11	1.544043E-5	64765.046485	15.857052	0.966101	0	0
0	0	0	28.040459	9.226816	24.547209	9.226816	7.475019E+11	1.500085E-5	66662.867842	15.861961	0.964037	0	0
0	0	0	27.935591	9.228005	24.440929	9.228005	6.983466E+11	1.452128E-5	68864.45515	15.862501	0.962012	0	0
0	0	0	27.82726	9.229225	24.331142	9.229225	6.509596E+11	1.405759E-5	71135.954762	15.859294	0.960345	0	0
0	0	0	27.714927	9.230681	24.217227	9.230681	6.052148E+11	1.369932E-5	72996.311954	15.863746	0.958241	0	0
0	0	0	27.603034	9.231717	24.103916	9.231717	5.628453E+11	1.319265E-5	75799.754586	15.861751	0.956256	0	0
0	0	0	27.489901	9.233161	23.989197	9.233161	5.230205E+11	1.289765E-5	77533.488264	15.869391	0.954232	0	0
0	0	0	27.373925	9.234176	23.871772	9.234176	4.851182E+11	1.241766E-5	80530.479536	15.871609	0.952406	0	0
0	0	0	27.256397	9.235365	23.752715	9.235365	4.495097E+11	1.204198E-5	83042.826395	15.875405	0.950223	0	0
0	0	0	27.136648	9.236534	23.631423	9.236534	4.15915E+11	1.167654E-5	85641.83625	15.871712	0.948595	0	0
0	0	0	27.015102	9.237692	23.508322	9.237692	3.843827E+11	1.133012E-5	88260.296347	15.873388	0.94665	0	0
0	0	0	26.891792	9.239004	23.383382	9.239004	3.548346E+11	1.108584E-5	90205.189797	15.873292	0.944824	0	0
0	0	0	26.765672	9.240131	23.255676	9.240131	3.269614E+11	1.076976E-5	92852.558258	15.878417	0.942839	0	0
0	0	0	26.642084	9.240318	23.130882	9.240318	3.017728E+11	1.003056E-5	99695.367405	15.882342	0.940854	0	0
0	0	0	26.517549	9.241302	23.00483	9.241302	2.783535E+11	9.71664E-6	102916.230822	15.880069	0.938949	0	0
0	0	0	26.391886	9.242091	22.877713	9.242091	2.56564E+11	9.331962E-6	107158.603659	15.88047	0.937321	0	0
0	0	0	26.26562	9.242502	22.750131	9.242502	2.363875E+11	8.790279E-6	113762.033954	15.878713	0.935416	0	0
0	0	0	26.137262	9.243465	22.620228	9.243465	2.175024E+11	8.534687E-6	117168.91241	15.880095	0.933471	0	0
0	0	0	26.008039	9.244274	22.48951	9.244274	2.000136E+11	8.230579E-6	121498.136808	15.886664	0.931446	0	0
0	0	0	25.875614	9.244848	22.35565	9.244848	1.835495E+11	7.823411E-6	127821.476401	15.884193	0.92966	0	0
0	0	0	25.741147	9.245208	22.219811	9.245208	1.682176E+11	7.334318E-6	136345.322892	15.887881	0.927755	0	0
0	0	0	25.606125	9.245945	22.083268	9.245945	1.541108E+11	7.050671E-6	141830.463017	15.887034	0.925849	0	0
0	0	0	25.469388	9.246468	21.945075	9.246468	1.4103E+11	6.68601E-6	149566.024665	15.886794	0.924023	0	0
0	0	0	25.330445	9.246939	21.804677	9.246939	1.28875E+11	6.316209E-6	158322.81332	15.88657	0.921999	0	0
0	0	0	25.189314	9.247727	21.661948	9.247727	1.176005E+11	6.108616E-6	163703.190145	15.88863	0.920212	0	0
0	0	0	25.045945	9.248127	21.517109	9.248127	1.071567E+11	5.74048E-6	174201.469922	15.886618	0.918188	0	0
0	0	0	24.90042	9.248935	21.369938	9.248935	9.750382E+10	5.576431E-6	179326.162248	15.890158	0.916441	0	0
0	0	0	24.751317	9.249468	21.219262	9.249468	8.851488E+10	5.298253E-6	188741.449328	15.891984	0.914377	0	0
0	0	0	24.601757	9.249898	21.068163	9.249898	8.033079E+10	4.99648E-6	200140.905021	15.889362	0.912392	0	0
0	0	0	24.449813	9.249909	20.914817	9.249909	7.279069E+10	4.532184E-6	220644.177547	15.893355	0.910606	0	0
0	0	0	24.293964	9.250492	20.757313	9.250492	6.57915E+10	4.326115E-6	231154.281459	15.894142	0.908502	0	0
0	0	0	24.13573	9.251065	20.597406	9.251065	5.937339E+10	4.131716E-6	242030.212976	15.89332	0.906994	0	0
0	0	0	23.972351	9.251373	20.432408	9.251373	5.340283E+10	3.836244E-6	260671.635722	15.904399	0.904691	0	0
0	0	0	23.807567	9.252221	20.265784	9.252221	4.798891E+10	3.784672E-6	264223.667474	15.900608	0.903024	0	0
0	0	0	23.64097	9.252038	20.097726	9.252038	4.307316E+10	3.326789E-6	300590.168164	15.901108	0.901198	0	0
0	0	0	23.470976	9.252764	19.92589	9.252764	3.857583E+10	3.245489E-6	308119.95731	15.90099	0.899332	0	0
0	0	0	23.298989	9.252836	19.752294	9.252836	3.450344E+10	2.928893E-6	341425.959163	15.901355	0.897427	0	0
0	0	0	23.122035	9.253327	19.573526	9.253327	3.076172E+10	2.780705E-6	359620.966786	15.904528	0.895561	0	0
0	0	0	22.940198	9.254134	19.389707	9.254134	2.733901E+10	2.766577E-6	361457.497875	15.906571	0.893656	0	0
0	0	0	22.756858	9.254635	19.204489	9.254635	2.427345E+10	2.653034E-6	376926.942806	15.904594	0.891711	0	0
0	0	0	22.569761	9.254473	19.015734	9.254473	2.149918E+10	2.290213E-6	436640.584554	15.911251	0.889607	0	0
0	0	0	22.378728	9.254882	18.822787	9.254882	1.899342E+10	2.160963E-6	462756.725159	15.909147	0.887662	0	0
0	0	0	22.184803	9.255321	18.62691	9.255321	1.674827E+10	2.055883E-6	486409.102861	15.911563	0.885717	0	0
0	0	0	21.985145	9.255618	18.425301	9.255618	1.471368E+10	1.907697E-6	524192.274732	15.911944	0.883811	0	0
0	0	0	21.784621	9.256149	18.222729	9.256149	1.2919E+10	1.862676E-6	536862.113293	15.914849	0.881945	0	0
0	0	0	21.580569	9.25616	18.016796	9.25616	1.131729E+10	1.635386E-6	611476.436817	15.913624	0.880358	0	0
0	0	0	21.374001	9.256283	17.808281	9.256283	9.897995E+9	1.468419E-6	681004.608374	15.914447	0.878452	0	0
0	0	0	21.162549	9.256794	17.594687	9.256794	8.629311E+9	1.439779E-6	694551.160267	15.910434	0.876825	0	0
0	0	0	20.94703	9.256579	17.377268	9.256579	7.503417E+9	1.189757E-6	840507.902058	15.91448	0.874999	0	0
0	0	0	20.730024	9.257294	17.157991	9.257294	6.518134E+9	1.238945E-6	807138.419283	15.924022	0.872855	0	0
0	0	0	20.509114	9.257254	16.935065	9.257254	5.647909E+9	1.061549E-6	942019.65442	15.929941	0.871029	0	0
0	0	0	20.285853	9.257489	16.709659	9.257489	4.886404E+9	9.818564E-7	1018478.82697	15.92698	0.869481	0	0
0	0	0	20.057821	9.257887	16.479376	9.257887	4.214512E+9	9.591383E-7	1042602.531081	15.921382	0.867814	0	0
0	0	0	19.82881	9.257918	16.248246	9.257918	3.632696E+9	8.352886E-7	1197191.003165	15.922556	0.866027	0	0
0	0	0	19.597462	9.25802	16.01473	9.25802	3.12646E+9	7.444841E-7	1343212.090816	15.927054	0.86432	0	0
0	0	0	19.363321	9.258215	15.778361	9.258215	2.685899E+9	6.859488E-7	1457834.68323	15.918596	0.862732	0	0
0	0	0	19.127874	9.258347	15.540696	9.258347	2.305464E+9	6.195292E-7	1614128.95894	15.928056	0.860827	0	0
0	0	0	18.891397	9.25846	15.302	9.25846	1.977594E+9	5.559848E-7	1798610.322067	15.928334	0.85908	0	0
0	0	0	18.654382	9.258521	15.062781	9.258521	1.695758E+9	4.890849E-7	2044634.664656	15.923976	0.857453	0	0
0	0	0	18.414884	9.258766	14.820984	9.258766	1.451749E+9	4.669926E-7	2141361.349103	15.927338	0.855746	0	0
0	0	0	18.172902	9.259062	14.576661	9.259062	1.24085E+9	4.637686E-7	2156247.806504	15.929257	0.853999	0	0
0	0	0	17.932211	9.259001	14.33378	9.259001	1.061477E+9	3.838841E-7	2604952.93167	15.925326	0.85261	0	0
0	0	0	17.689789	9.259022	14.089119	9.259022	9.070149E+8	3.316125E-7	3015567.532641	15.931818	0.850705	0	0
0	0	0	17.447236	9.259134	13.844291	9.259134	7.749635E+8	3.014429E-7	3317377.519677	15.931309	0.848958	0	0
0	0	0	17.203229	9.259543	13.59788	9.259543	6.615132E+8	3.351997E-7	2983296.530738	15.926078	0.847489	0	0
0	0	0	16.961036	9.259492	13.353478	9.259492	5.65336E+8	2.760279E-7	3622822.207564	15.931246	0.845703	0	0
0	0	0	16.721815	9.259298	13.112132	9.259298	4.840745E+8	2.075972E-7	4817020.596075	15.926536	0.844036	0	0
0	0	0	16.480846	9.2594	12.868907	9.2594	4.140239E+8	1.89707E-7	5271287.692938	15.936662	0.841971	0	0
0	0	0	16.237771	9.259706	12.623475	9.259706	3.536267E+8	2.038861E-7	4904698.841346	15.933535	0.840622	0	0
0	0	0	15.997406	9.259635	12.380927	9.259635	3.025719E+8	1.645361E-7	6077692.058935	15.932162	0.838677	0	0
0	0	0	15.758251	9.259635	12.139572	9.259635	2.590911E+8	1.408931E-7	7097577.369915	15.933992	0.837049	0	0
0	0	0	15.519194	9.259665	11.898303	9.259665	2.218729E+8	1.236677E-7	8086184.9354	15.932313	0.835422	0	0
0	0	0	15.2811	9.259604	11.658043	9.259604	1.901198E+8	1.009296E-7	9907895.960565	15.930934	0.833715	0	0
0	0	0	15.045146	9.260053	11.419742	9.260053	1.631373E+8	1.329955E-7	7519052.149349	15.937394	0.831889	0	0
0	0	0	14.809976	9.260033	11.182416	9.260033	1.400555E+8	1.114654E-7	8971394.53283	15.931036	0.83038	0	0
0	0	0	14.575166	9.259594	10.945618	9.259594	1.202675E+8	6.334572E-8	1.578639E+7	15.931827	0.828713	0	0
0	0	0	14.341875	9.25988	10.710068	9.25988	1.033771E+8	6.982736E-8	1.432103E+7	15.932195	0.827046	0	0
0	0	0	14.110413	9.260002	10.476428	9.260002	8.896434E+7	6.836736E-8	1.462686E+7	15.934744	0.825339	0	0
0	0	0	13.881026	9.260298	10.244814	9.260298	7.666407E+7	8.830065E-8	1.132494E+7	15.930147	0.82387	0	0
0	0	0	13.653239	9.260064	10.015024	9.260064	6.613309E+7	5.458042E-8	1.832159E+7	15.937746	0.821925	0	0
0	0	0	13.425289	9.260176	9.784933	9.260176	5.704265E+7	5.446119E-8	1.83617E+7	15.939617	0.820297	0	0
0	0	0	13.201538	9.25989	9.559234	9.25989	4.933593E+7	3.366465E-8	2.970475E+7	15.935936	0.818749	0	0
0	0	0	12.981363	9.260074	9.336962	9.260074	4.276955E+7	3.573896E-8	2.798067E+7	15.931746	0.817241	0	0
0	0	0	12.761924	9.259982	9.115539	9.259982	3.709481E+7	2.786753E-8	3.588406E+7	15.938084	0.815574	0	0
0	0	0	12.540916	9.260013	8.892486	9.260013	3.21403E+7	2.498638E-8	4.00218E+7	15.941354	0.813827	0	0
0	0	0	12.3236	9.260544	8.672961	9.260544	2.791429E+7	5.475409E-8	1.826348E+7	15.940011	0.812239	0	0
0	0	0	12.108032	9.260268	8.455518	9.260268	2.427145E+7	2.65845E-8	3.76159E+7	15.935146	0.810731	0	0
0	0	0	11.894081	9.260441	8.23953	9.260441	2.112615E+7	3.205128E-8	3.12E+7	15.939081	0.809063	0	0
0	0	0	11.680113	9.260574	8.023542	9.260574	1.838826E+7	3.954377E-8	2.528843E+7	15.935692	0.807515	0	0
0	0	0	11.469625	9.260482	7.811153	9.260482	1.604135E+7	2.67622E-8	3.736614E+7	15.936385	0.805927	0	0
0	0	0	11.260264	9.260309	7.599934	9.260309	1.400421E+7	1.641264E-8	6.092865E+7	15.935581	0.804498	0	0
0	0	0	11.052537	9.260523	7.39021	9.260523	1.223874E+7	2.267815E-8	4.409532E+7	15.934704	0.80299	0	0
0	0	0	10.847161	9.260605	7.182913	9.260605	1.071217E+7	2.549247E-8	3.922727E+7	15.939993	0.801085	0	0
0	0	0	10.640626	9.260523	6.97451	9.260523	9368959.5	1.736053E-8	5.760192E+7	15.930887	0.799894	0	0
0	0	0	10.437962	9.260676	6.769921	9.260676	8214780.5	2.602253E-8	3.842824E+7	15.931871	0.798107	0	0
0	0	0	10.236687	9.260482	6.56687	9.260482	7209277.5	1.202749E-8	8.314285E+7	15.932065	0.796797	0	0
0	0	0	10.036784	9.260513	6.365115	9.260513	6332483	1.141808E-8	8.758042E+7	15.931406	0.795249	0	0
0	0	0	9.836946	9.260789	6.163329	9.260789	5562561	3.673617E-8	2.722113E+7	15.937606	0.793344	0	0
0	0	0	9.639313	9.260687	5.963918	9.260687	4893242.5	1.627037E-8	6.146142E+7	15.932191	0.792113	0	0
0	0	0	9.443918	9.260666	5.766734	9.260666	4310713.5	1.303864E-8	7.669514E+7	15.932092	0.790684	0	0
0	0	0	9.25001	9.260605	5.571065	9.260605	3801197	9.04602E-9	1.105459E+8	15.933562	0.789136	0	0
0	0	0	9.057196	9.26085	5.376379	9.26085	3354284.5	5.42568E-8	1.843087E+7	15.941335	0.787548	0	0
0	0	0	8.863843	9.260452	5.181406	9.260452	2958881.5	4.593137E-9	2.177161E+8	15.936187	0.786079	0	0
0	0	0	8.674671	9.260768	4.990368	9.260768	2617178.5	1.443694E-8	6.926675E+7	15.934462	0.784769	0	0
0	0	0	8.48764	9.260554	4.8017	9.260554	2318152	4.684371E-9	2.134758E+8	15.93365	0.783261	0	0
0	0	0	8.302339	9.260768	4.61461	9.260768	2055598.5	1.133915E-8	8.819001E+7	15.931674	0.781554	0	0
0	0	0	8.118754	9.26084	4.429307	9.26084	1824811	2.377464E-8	4.206162E+7	15.934875	0.780165	0	0
0	0	0	7.935594	9.260881	4.244445	9.260881	1620381	9.518352E-8	1.050602E+7	15.933602	0.778537	0	0
0	0	0	7.75557	9.260584	4.062883	9.260584	1441783	3.203456E-9	3.121628E+8	15.928833	0.777426	0	0
0	0	0	7.577964	9.26086	3.883532	9.26086	1284883.5	2.740268E-8	3.649278E+7	15.937319	0.775679	0	0
0	0	0	7.403526	9.260911	3.707469	9.260911	1147414.5	-4.131193E-8	-2.420608E+7	15.933453	0.774369	0	0
0	0	0	7.230951	9.260921	3.533301	9.260921	1025892	-2.402157E-8	-4.162926E+7	15.935581	0.772781	0	0
0	0	0	7.060874	9.261034	3.361615	9.261034	918728	-4.439018E-9	-2.252751E+8	15.929594	0.77167	0	0
0	0	0	6.891909	9.260707	3.191225	9.260707	823351.5	3.039556E-9	3.289954E+8	15.932165	0.770003	0	0
0	0	0	6.727207	9.260809	3.024967	9.260809	739919.5	6.087261E-9	1.642775E+8	15.934421	0.768494	0	0
0	0	0	6.564841	9.26087	2.861082	9.26087	665950.5	2.083954E-8	4.79857E+7	15.940153	0.766906	0	0
0	0	0	6.403226	9.260758	2.698025	9.260758	599668	3.056172E-9	3.272068E+8	15.934891	0.765596	0	0
0	0	0	6.245057	9.260891	2.538348	9.260891	541192	2.588538E-7	3863185.216909	15.928639	0.764286	0	0
0	0	0	6.087036	9.260921	2.378861	9.260921	488464	-1.143748E-8	-8.743182E+7	15.928005	0.762976	0	0
0	0	0	5.930942	9.261054	2.221277	9.261054	441425	-1.863874E-9	-5.365169E+8	15.926995	0.761428	0	0
0	0	0	5.7764	9.260748	2.065436	9.260748	399318	1.891176E-9	5.287716E+8	15.932479	0.759959	0	0
0	0	0	5.623982	9.260972	1.911525	9.260972	361725.5	-3.081907E-9	-3.244744E+8	15.933917	0.758292	0	0
0	0	0	5.472511	9.260615	1.758803	9.260615	327873	8.090182E-10	1.236066E+9	15.93398	0.756982	0	0
0	0	0	5.323572	9.260901	1.608379	9.260901	297677.5	-2.317997E-8	-4.314069E+7	15.931847	0.755752	0	0
0	0	0	5.172525	9.261156	1.45584	9.261156	269893.5	-6.989186E-10	-1.430782E+9	15.927236	0.754402	0	0
0	0	0	5.021299	9.260983	1.303292	9.260983	244674	-1.849341E-9	-5.407333E+8	15.924945	0.752973	0	0
0	0	0	4.873634	9.260881	1.154309	9.260881	222324.5	1.306001E-8	7.656961E+7	15.935452	0.751266	0	0
0	0	0	4.725544	9.260676	1.004939	9.260676	201960.5	6.397701E-10	1.563061E+9	15.930257	0.749877	0	0
0	0	0	4.576981	9.261034	0.854865	9.261034	183405.5	-8.861593E-10	-1.128465E+9	15.928075	0.748567	0	0
0	0	0	4.429054	9.260921	0.705622	9.260921	166624.5	-3.901538E-9	-2.563092E+8	15.924131	0.747376	0	0
0	0	0	4.280246	9.260819	0.555486	9.260819	151291.5	1.418988E-9	7.047276E+8	15.918291	0.745907	0	0
0	0	0	4.129902	9.260891	0.403729	9.260891	137233.5	6.564278E-8	1.523397E+7	15.92141	0.744438	0	0
0	0	0	3.980832	9.260901	0.253284	9.260901	124584	-9.701247E-9	-1.030795E+8	15.916792	0.743247	0	0
0	0	0	3.83021	9.26085	0.101297	9.26085	112987	1.827639E-9	5.471539E+8	15.919617	0.741779	0	0
0	0	0	3.679409	9.261034	-0.050967	9.261034	102457.5	-4.950433E-10	-2.020025E+9	15.923196	0.740191	0	0
0	0	0	3.525553	9.261095	-0.206263	9.261095	92725.5	-3.126674E-10	-3.198287E+9	15.922813	0.738921	0	0
0	0	0	3.369933	9.261003	-0.363278	9.261003	83822	-5.168813E-10	-1.93468E+9	15.913026	0.737769	0	0
0	0	0	3.210098	9.261309	-0.524707	9.261309	75566	-1.238485E-10	-8.074383E+9	15.915799	0.736301	0	0
0	0	0	3.048092	9.260952	-0.68806	9.260952	68027.5	-7.77409E-10	-1.286324E+9	15.919464	0.734752	0	0
0	0	0	2.885072	9.261095	-0.852638	9.261095	61201.5	-2.063695E-10	-4.845678E+9	15.908797	0.73372	0	0
0	0	0	2.722167	9.261126	-1.017054	9.261126	55064	-1.613073E-10	-6.199346E+9	15.919943	0.732013	0	0
0	0	0	2.558004	9.261136	-1.182732	9.261136	49501	-1.389332E-10	-7.197702E+9	15.915909	0.730783	0	0
0	0	0	2.395654	9.260789	-1.346436	9.260789	44553	2.942399E-10	3.398587E+9	15.9144	0.729513	0	0
0	0	0	2.230216	9.261166	-1.513548	9.261166	40019.5	-9.97765E-11	-1.00224E+10	15.909205	0.728163	0	0
0	0	0	2.06705	9.261024	-1.678158	9.261024	36000	-1.874667E-10	-5.334281E+9	15.912515	0.726694	0	0
0	0	0	1.909224	9.261258	-1.837531	9.261258	32496.5	-6.068605E-11	-1.647825E+10	15.91118	0.725464	0	0
0	0	0	1.758047	9.260983	-1.989988	9.260983	29461	-2.226775E-10	-4.490799E+9	15.917317	0.723757	0	0
0	0	0	1.622682	9.260921	-2.126574	9.260921	26984	-6.318339E-10	-1.582694E+9	15.911495	0.722685	0	0
0	0	0	1.494815	9.261105	-2.255692	9.261105	24836.5	-7.973311E-11	-1.254184E+10	15.904611	0.721494	0	0
0	0	0	1.374167	9.26136	-2.377553	9.26136	22967	-3.353766E-11	-2.981722E+10	15.910636	0.719906	0	0
0	0	0	1.264676	9.261279	-2.488019	9.261279	21392	-3.783845E-11	-2.642814E+10	15.906188	0.718636	0	0
0	0	0	1.163499	9.261013	-2.590019	9.261013	20033	-1.13116E-10	-8.840485E+9	15.904071	0.717405	0	0
0	0	0	1.069445	9.261105	-2.684977	9.261105	18847.5	-6.05065E-11	-1.652715E+10	15.907227	0.715976	0	0
0	0	0	0.982708	9.261218	-2.772557	9.261218	17816.5	-3.744891E-11	-2.670304E+10	15.902727	0.714785	0	0
0	0	0	0.901655	9.260738	-2.854161	9.260738	16903.5	7.476758E-11	1.337478E+10	15.898108	0.713396	0	0
0	0	0	0.82565	9.260778	-2.930882	9.260778	16090.5	9.672683E-11	1.033839E+10	15.898741	0.711888	0	0
0	0	0	0.755575	9.260942	-3.001669	9.260942	15375.5	-2.118632E-10	-4.720026E+9	15.900613	0.710617	0	0
0	0	0	0.690644	9.260799	-3.067138	9.260799	14741	1.080049E-10	9.258842E+9	15.900179	0.709268	0	0
0	0	0	0.629618	9.261034	-3.128821	9.261034	14169	-6.846026E-11	-1.460701E+10	15.898698	0.707878	0	0
0	0	0	0.57261	9.260942	-3.186317	9.260942	13654.5	-1.881491E-10	-5.314934E+9	15.898535	0.706767	0	0
0	0	0	0.519964	9.261299	-3.239593	9.261299	13196	-2.21701E-11	-4.51058E+10	15.890444	0.705616	0	0
0	0	0	0.469326	9.260666	-3.290439	9.260666	12769.5	3.862414E-11	2.589054E+10	15.888935	0.704147	0	0
0	0	0	0.423279	9.261105	-3.337088	9.261105	12394	-3.97887E-11	-2.513276E+10	15.891377	0.702877	0	0
0	0	0	0.380335	9.261075	-3.380415	9.261075	12053.5	-4.519541E-11	-2.212614E+10	15.897087	0.701368	0	0
0	0	0	0.341426	9.260881	-3.419603	9.260881	11753	6.90409E-10	1.448417E+9	15.887963	0.700177	0	0
0	0	0	0.30433	9.261013	-3.457094	9.261013	11473.5	-6.47849E-11	-1.543569E+10	15.89041	0.698947	0	0
0	0	0	0.269243	9.261054	-3.492521	9.261054	11215.5	-4.735633E-11	-2.11165E+10	15.883005	0.697756	0	0
0	0	0	0.237522	9.261064	-3.524539	9.261064	10987	-4.363994E-11	-2.291479E+10	15.888977	0.696168	0	0
0	0	0	0.208054	9.261054	-3.554273	9.261054	10779	-4.551325E-11	-2.197162E+10	15.891747	0.695017	0	0
0	0	0	0.18035	9.26084	-3.582145	9.26084	10587	1.379343E-10	7.249827E+9	15.890001	0.693707	0	0
0	0	0	0.152712	9.260738	-3.609996	9.260738	10398.5	4.599466E-11	2.174165E+10	15.886412	0.692714	0	0
0	0	0	0.128194	9.260993	-3.634843	9.260993	10234.5	-6.95108E-11	-1.438625E+10	15.887529	0.691166	0	0
0	0	0	0.105276	9.260962	-3.657959	9.260962	10083.5	-9.843505E-11	-1.015898E+10	15.882215	0.689856	0	0
0	0	0	0.083568	9.261064	-3.679909	9.261064	9942.5	-3.949123E-11	-2.532208E+10	15.874747	0.688745	0	0
0	0	0	0.061826	9.26086	-3.701768	9.26086	9803.5	2.090808E-10	4.782841E+9	15.881816	0.687316	0	0
0	0	0	0.041898	9.260778	-3.721846	9.260778	9677.5	5.817556E-11	1.718935E+10	15.883157	0.685807	0	0
0	0	0	0.022754	9.260952	-3.741237	9.260952	9558	-1.092275E-10	-9.155203E+9	15.886496	0.684616	0	0
0	0	0	0.005341	9.260891	-3.758785	9.260891	9450.5	4.520529E-9	2.21213E+8	15.879089	0.683545	0	0
0	0	0	-0.011239	9.261054	-3.775584	9.261054	9349.5	-3.947733E-11	-2.533099E+10	15.870946	0.682354	0	0
0	0	0	-0.028047	9.26135	-3.792667	9.26135	9248	-1.380547E-11	-7.243507E+10	15.876321	0.680885	0	0
0	0	0	-0.042781	9.261003	-3.807395	9.261003	9160.5	-5.648745E-11	-1.770305E+10	15.866471	0.679932	0	0
0	0	0	-0.058184	9.261187	-3.823015	9.261187	9069	-2.104387E-11	-4.751977E+10	15.871715	0.678384	0	0
0	0	0	-0.073	9.260901	-3.837851	9.260901	8982.5	-6.994576E-10	-1.429679E+9	15.866223	0.677273	0	0
0	0	0	-0.086427	9.261115	-3.851489	9.261115	8904.5	-2.727859E-11	-3.665878E+10	15.866779	0.675804	0	0
0	0	0	-0.098645	9.261105	-3.863815	9.261105	8834	-2.835996E-11	-3.526097E+10	15.858169	0.674851	0	0
0	0	0	-0.110455	9.26135	-3.875834	9.26135	8767	-1.308743E-11	-7.64092E+10	15.862604	0.673501	0	0
0	0	0	-0.121301	9.261207	-3.886721	9.261207	8705.5	-1.889124E-11	-5.29346E+10	15.867749	0.672072	0	0
0	0	0	-0.132344	9.261003	-3.897782	9.261003	8643	-5.329633E-11	-1.876302E+10	15.878232	0.670524	0	0
0	0	0	-0.142814	9.260962	-3.908332	9.260962	8584.5	-8.380183E-11	-1.193291E+10	15.863713	0.66973	0	0
0	0	0	-0.151569	9.261146	-3.917243	9.261146	8536	-2.299407E-11	-4.348947E+10	15.863385	0.668341	0	0
0	0	0	-0.161011	9.260962	-3.926697	9.260962	8484	-8.282075E-11	-1.207427E+10	15.861544	0.66715	0	0
0	0	0	-0.170109	9.260717	-3.935779	9.260717	8434	3.295227E-11	3.034692E+10	15.855069	0.666078	0	0
0	0	0	-0.178015	9.260932	-3.943845	9.260932	8391	-1.455757E-10	-6.869276E+9	15.864206	0.66453	0	0
0	0	0	-0.186085	9.261177	-3.952088	9.261177	8347	-2.006374E-11	-4.984116E+10	15.867432	0.663061	0	0
0	0	0	-0.192749	9.261034	-3.958756	9.261034	8311	-4.01562E-11	-2.490275E+10	15.863203	0.66195	0	0
0	0	0	-0.199855	9.261044	-3.965931	9.261044	8273	-3.728265E-11	-2.682213E+10	15.859875	0.660799	0	0
0	0	0	-0.205964	9.261555	-3.972304	9.261555	8240	-8.507714E-12	-1.175404E+11	15.86443	0.65937	0	0
0	0	0	-0.211305	9.261095	-3.977508	9.261095	8211.5	-2.768891E-11	-3.611554E+10	15.846566	0.658695	0	0
0	0	0	-0.216287	9.26133	-3.982631	9.26133	8185	-1.278878E-11	-7.819354E+10	15.854818	0.657067	0	0
0	0	0	-0.22122	9.260911	-3.987439	9.260911	8159	-2.937559E-10	-3.404187E+9	15.850986	0.655995	0	0
0	0	0	-0.22666	9.261013	-3.99297	9.261013	8130.5	-4.590872E-11	-2.178236E+10	15.851606	0.654646	0	0
0	0	0	-0.230155	9.261013	-3.996498	9.261013	8111.5	-4.580143E-11	-2.183338E+10	15.857941	0.653098	0	0
0	0	0	-0.234533	9.261115	-4.000958	9.261115	8088.5	-2.477881E-11	-4.035707E+10	15.848987	0.652105	0	0
0	0	0	-0.237408	9.261371	-4.003963	9.261371	8074	-1.153849E-11	-8.666644E+10	15.845192	0.650914	0	0
0	0	0	-0.240283	9.261034	-4.006727	9.261034	8058.5	-3.89362E-11	-2.568304E+10	15.837889	0.649843	0	0
0	0	0	-0.24355	9.261238	-4.010107	9.261238	8041.5	-1.590423E-11	-6.287635E+10	15.845558	0.648294	0	0
0	0	0	-0.245428	9.261289	-4.012024	9.261289	8032	-1.384151E-11	-7.224645E+10	15.844101	0.647064	0	0
0	0	0	-0.247846	9.260829	-4.014277	9.260829	8019.5	8.746645E-11	1.143295E+10	15.843843	0.645913	0	0
0	0	0	-0.2501	9.261156	-4.016685	9.261156	8007.5	-2.073629E-11	-4.822464E+10	15.837163	0.644881	0	0
0	0	0	-0.252371	9.261197	-4.018993	9.261197	7996	-1.79327E-11	-5.576407E+10	15.836434	0.643571	0	0
0	0	0	-0.253759	9.261228	-4.020406	9.261228	7988.5	-1.628022E-11	-6.142423E+10	15.833522	0.642419	0	0
0	0	0	-0.256274	9.261258	-4.022957	9.261258	7975.5	-1.489396E-11	-6.71413E+10	15.830505	0.641189	0	0
0	0	0	-0.257598	9.261289	-4.024305	9.261289	7968.5	-1.373208E-11	-7.282217E+10	15.835037	0.639958	0	0
0	0	0	-0.258806	9.261003	-4.025409	9.261003	7962.5	-4.910008E-11	-2.036656E+10	15.838189	0.63849	0	0
0	0	0	-0.260227	9.261075	-4.026872	9.261075	7955	-2.982781E-11	-3.352576E+10	15.840785	0.637021	0	0
0	0	0	-0.261273	9.261105	-4.027939	9.261105	7949.5	-2.552044E-11	-3.918428E+10	15.839007	0.635949	0	0
0	0	0	-0.262841	9.260921	-4.029447	9.260921	7941.5	-1.859512E-10	-5.377754E+9	15.847961	0.634202	0	0
0	0	0	-0.263364	9.261054	-4.030029	9.261054	7939	-3.352164E-11	-2.983148E+10	15.839237	0.63321	0	0
0	0	0	-0.264148	9.260738	-4.030691	9.260738	7935	3.50981E-11	2.849157E+10	15.84912	0.631741	0	0
0	0	0	-0.264965	9.261095	-4.031661	9.261095	7930.5	-2.674139E-11	-3.739522E+10	15.845391	0.63063	0	0
0	0	0	-0.265994	9.261146	-4.03272	9.261146	7925.5	-2.134952E-11	-4.683946E+10	15.835325	0.629558	0	0
0	0	0	-0.266859	9.261115	-4.033581	9.261115	7921	-2.426568E-11	-4.121047E+10	15.832133	0.628526	0	0
0	0	0	-0.267529	9.261269	-4.03432	9.261269	7917.5	-1.438452E-11	-6.951918E+10	15.833588	0.627136	0	0
0	0	0	-0.268052	9.261064	-4.034764	9.261064	7915	-3.143807E-11	-3.180856E+10	15.831257	0.626025	0	0
0	0	0	-0.269048	9.260952	-4.035724	9.260952	7909.5	-9.038867E-11	-1.106333E+10	15.836911	0.624794	0	0
0	0	0	-0.269653	9.260921	-4.036321	9.260921	7906.5	-1.851317E-10	-5.40156E+9	15.835721	0.623405	0	0
0	0	0	-0.270322	9.261473	-4.037222	9.261473	7903	-9.307815E-12	-1.074366E+11	15.835617	0.622333	0	0
0	0	0	-0.271466	9.261013	-4.038189	9.261013	7897.5	-4.459309E-11	-2.2425E+10	15.831595	0.621142	0	0
0	0	0	-0.271727	9.261095	-4.038486	9.261095	7896	-2.662505E-11	-3.755861E+10	15.828523	0.619872	0	0
0	0	0	-0.272642	9.261115	-4.039417	9.261115	7891.5	-2.417531E-11	-4.136452E+10	15.829759	0.618721	0	0
0	0	0	-0.273508	9.261381	-4.040399	9.261381	7887	-1.103575E-11	-9.061462E+10	15.827434	0.617451	0	0
0	0	0	-0.274177	9.261003	-4.040921	9.261003	7883.5	-4.861293E-11	-2.057066E+10	15.825472	0.616379	0	0
0	0	0	-0.274667	9.261218	-4.041503	9.261218	7881	-1.656526E-11	-6.036731E+10	15.823909	0.615267	0	0
0	0	0	-0.274847	9.261401	-4.041759	9.261401	7880	-1.058368E-11	-9.448513E+10	15.825524	0.613878	0	0
0	0	0	-0.275566	9.261177	-4.042393	9.261177	7876.5	-1.89328E-11	-5.28184E+10	15.819824	0.612727	0	0
0	0	0	-0.276448	9.261422	-4.043383	9.261422	7872	-1.016518E-11	-9.837502E+10	15.819982	0.611576	0	0
0	0	0	-0.277281	9.261452	-4.044236	9.261452	7867.5	-9.60381E-12	-1.041253E+11	15.812604	0.610663	0	0
0	0	0	-0.277412	9.261095	-4.044222	9.261095	7867	-2.652727E-11	-3.769706E+10	15.825566	0.609194	0	0
0	0	0	-0.277232	9.261085	-4.044037	9.261085	7868	-2.793735E-11	-3.579437E+10	15.809422	0.608321	0	0
0	0	0	-0.27782	9.260972	-4.044585	9.260972	7864.5	-6.700561E-11	-1.492412E+10	15.818012	0.606812	0	0
0	0	0	-0.277983	9.261258	-4.044866	9.261258	7864	-1.468574E-11	-6.809327E+10	15.806507	0.605899	0	0
0	0	0	-0.278424	9.260942	-4.045182	9.260942	7862	-1.083326E-10	-9.230828E+9	15.808874	0.604589	0	0
0	0	0	-0.278277	9.261166	-4.045125	9.261166	7862.5	-1.960276E-11	-5.101322E+10	15.804625	0.603557	0	0
0	0	0	-0.278571	9.261279	-4.045468	9.261279	7861	-1.390464E-11	-7.191843E+10	15.803153	0.602366	0	0
0	0	0	-0.278898	9.261136	-4.045739	9.261136	7859.5	-2.205906E-11	-4.533284E+10	15.800917	0.601255	0	0
0	0	0	-0.27911	9.261105	-4.045941	9.261105	7858	-2.522669E-11	-3.964055E+10	15.800921	0.600064	0	0
0	0	0	-0.278996	9.260932	-4.045755	9.260932	7858.5	-1.363374E-10	-7.334746E+9	15.797568	0.598833	0	0
0	0	0	-0.279813	9.26132	-4.046737	9.26132	7854.5	-1.256556E-11	-7.958259E+10	15.797247	0.597642	0	0
0	0	0	-0.279274	9.260921	-4.046031	9.260921	7857.5	-1.839844E-10	-5.435244E+9	15.801531	0.596412	0	0
0	0	0	-0.279274	9.261177	-4.046135	9.261177	7857.5	-1.888713E-11	-5.294612E+10	15.793808	0.59538	0	0
0	0	0	-0.279143	9.261115	-4.045978	9.261115	7858	-2.407268E-11	-4.154087E+10	15.778269	0.594506	0	0
0	0	0	-0.279355	9.261034	-4.046159	9.261034	7857	-3.796261E-11	-2.634171E+10	15.788408	0.593276	0	0
0	0	0	-0.279241	9.261126	-4.046081	9.261126	7857.5	-2.301817E-11	-4.344394E+10	15.780047	0.592125	0	0
0	0	0	-0.278996	9.260972	-4.045772	9.260972	7858.5	-6.695449E-11	-1.493552E+10	15.787553	0.590894	0	0
0	0	0	-0.278653	9.261309	-4.045563	9.261309	7860.5	-1.288292E-11	-7.762214E+10	15.79062	0.589663	0	0
0	0	0	-0.278686	9.261095	-4.045508	9.261095	7860.5	-2.650535E-11	-3.772823E+10	15.780084	0.588711	0	0
0	0	0	-0.279094	9.260891	-4.045837	9.260891	7858.5	3.759016E-9	2.66027E+8	15.783038	0.58752	0	0
0	0	0	-0.279127	9.261075	-4.045945	9.261075	7858	-2.94641E-11	-3.393961E+10	15.78103	0.58621	0	0
0	0	0	-0.27862	9.26086	-4.045347	9.26086	7860.5	1.676421E-10	5.965088E+9	15.768993	0.585257	0	0
0	0	0	-0.278506	9.261095	-4.045327	9.261095	7861.5	-2.650872E-11	-3.772344E+10	15.781215	0.584027	0	0
0	0	0	-0.278081	9.261503	-4.045064	9.261503	7863.5	-8.797145E-12	-1.136732E+11	15.777229	0.582836	0	0
0	0	0	-0.278375	9.260921	-4.045124	9.260921	7862	-1.840897E-10	-5.432133E+9	15.768478	0.581883	0	0
0	0	0	-0.278473	9.261013	-4.045261	9.261013	7861.5	-4.438981E-11	-2.252769E+10	15.768169	0.580811	0	0
0	0	0	-0.279045	9.261197	-4.045912	9.261197	7858.5	-1.762432E-11	-5.673977E+10	15.778647	0.579303	0	0
0	0	0	-0.27898	9.260819	-4.045693	9.260819	7859	7.371089E-11	1.356652E+10	15.754122	0.578707	0	0
0	0	0	-0.278653	9.261024	-4.045446	9.261024	7860.5	-4.093283E-11	-2.443027E+10	15.766935	0.577397	0	0
0	0	0	-0.278653	9.260911	-4.045401	9.260911	7860.5	-2.830087E-10	-3.53346E+9	15.765012	0.576286	0	0
0	0	0	-0.279404	9.261126	-4.046246	9.261126	7856.5	-2.301524E-11	-4.344947E+10	15.752112	0.575333	0	0
0	0	0	-0.279764	9.261197	-4.046638	9.261197	7855	-1.761647E-11	-5.676505E+10	15.749057	0.57438	0	0
0	0	0	-0.279992	9.261126	-4.04684	9.261126	7854	-2.300791E-11	-4.34633E+10	15.753269	0.573031	0	0
0	0	0	-0.280139	9.261095	-4.046975	9.261095	7853	-2.648006E-11	-3.776427E+10	15.742142	0.572197	0	0
0	0	0	-0.28045	9.261003	-4.047251	9.261003	7851.5	-4.841561E-11	-2.06545E+10	15.746698	0.570927	0	0
0	0	0	-0.280629	9.261075	-4.047462	9.261075	7850.5	-2.943598E-11	-3.397203E+10	15.755709	0.569617	0	0
0	0	0	-0.281152	9.261258	-4.048064	9.261258	7848	-1.465586E-11	-6.823209E+10	15.74521	0.568624	0	0
0	0	0	-0.281054	9.261197	-4.04794	9.261197	7848.5	-1.76019E-11	-5.681206E+10	15.743369	0.567513	0	0
0	0	0	-0.281315	9.261187	-4.0482	9.261187	7847	-1.820832E-11	-5.491994E+10	15.729743	0.566759	0	0
0	0	0	-0.281642	9.26134	-4.048592	9.26134	7845	-1.197807E-11	-8.348589E+10	15.737065	0.565449	0	0
0	0	0	-0.282002	9.260983	-4.048809	9.260983	7843.5	-5.928417E-11	-1.686791E+10	15.735131	0.564417	0	0
0	0	0	-0.282786	9.261187	-4.049683	9.261187	7839.5	-1.819092E-11	-5.497248E+10	15.727053	0.563464	0	0
0	0	0	-0.283145	9.261279	-4.050083	9.261279	7837.5	-1.386307E-11	-7.213407E+10	15.738259	0.562114	0	0
0	0	0	-0.282998	9.261085	-4.049856	9.261085	7838.5	-2.783261E-11	-3.592908E+10	15.728793	0.561162	0	0
0	0	0	-0.283847	9.261371	-4.05083	9.261371	7834	-1.119551E-11	-8.932152E+10	15.725112	0.560169	0	0
0	0	0	-0.28406	9.261289	-4.051011	9.261289	7833	-1.349857E-11	-7.408189E+10	15.722161	0.559058	0	0
0	0	0	-0.283929	9.261534	-4.050979	9.261534	7833.5	-8.345341E-12	-1.198273E+11	15.725784	0.557907	0	0
0	0	0	-0.28388	9.26086	-4.050655	9.26086	7834	1.670769E-10	5.985266E+9	15.712756	0.557073	0	0
0	0	0	-0.284223	9.261085	-4.051093	9.261085	7832.5	-2.78113E-11	-3.595661E+10	15.718493	0.555842	0	0
0	0	0	-0.28468	9.261238	-4.051616	9.261238	7830	-1.548593E-11	-6.457473E+10	15.707053	0.555048	0	0
0	0	0	-0.284697	9.261207	-4.05162	9.261207	7829.5	-1.699029E-11	-5.885716E+10	15.70191	0.553977	0	0
0	0	0	-0.28468	9.260911	-4.051483	9.260911	7830	-2.819106E-10	-3.547224E+9	15.705238	0.552786	0	0
0	0	0	-0.284354	9.26132	-4.05132	9.26132	7831.5	-1.252877E-11	-7.981632E+10	15.710502	0.551635	0	0
0	0	0	-0.284337	9.261279	-4.051287	9.261279	7831.5	-1.385246E-11	-7.218934E+10	15.70773	0.550682	0	0
0	0	0	-0.284631	9.261177	-4.051542	9.261177	7830	-1.882102E-11	-5.313207E+10	15.703475	0.549531	0	0
0	0	0	-0.284762	9.261708	-4.05189	9.261708	7829.5	-6.565493E-12	-1.523115E+11	15.699108	0.548538	0	0
0	0	0	-0.284288	9.261197	-4.051204	9.261197	7832	-1.756489E-11	-5.693175E+10	15.693468	0.547586	0	0
0	0	0	-0.284582	9.261003	-4.051422	9.261003	7830.5	-4.828611E-11	-2.070989E+10	15.691744	0.546514	0	0
0	0	0	-0.284337	9.261126	-4.051225	9.261126	7831.5	-2.2942E-11	-4.358817E+10	15.691789	0.545561	0	0
0	0	0	-0.284256	9.260993	-4.051088	9.260993	7832	-5.319347E-11	-1.87993E+10	15.682842	0.544489	0	0
0	0	0	-0.283439	9.261177	-4.050339	9.261177	7836.5	-1.883665E-11	-5.3088E+10	15.684861	0.543417	0	0
0	0	0	-0.28321	9.261187	-4.050112	9.261187	7837.5	-1.818628E-11	-5.498651E+10	15.68385	0.542346	0	0
0	0	0	-0.283357	9.260993	-4.050181	9.260993	7836.5	-5.322404E-11	-1.87885E+10	15.678728	0.541433	0	0
0	0	0	-0.283014	9.261013	-4.049844	9.261013	7838.5	-4.425994E-11	-2.259379E+10	15.675487	0.540401	0	0
0	0	0	-0.282867	9.260687	-4.049562	9.260687	7839	2.606536E-11	3.836509E+10	15.669982	0.539488	0	0
0	0	0	-0.282884	9.260952	-4.049687	9.260952	7839	-8.958301E-11	-1.116283E+10	15.678098	0.538217	0	0
0	0	0	-0.282769	9.261187	-4.049667	9.261187	7839.5	-1.819092E-11	-5.497248E+10	15.674815	0.537384	0	0
0	0	0	-0.282622	9.261207	-4.049527	9.261207	7840.5	-1.701416E-11	-5.877458E+10	15.682601	0.536113	0	0
0	0	0	-0.282524	9.260962	-4.049328	9.260962	7841	-7.654378E-11	-1.306442E+10	15.665228	0.535359	0	0
0	0	0	-0.282851	9.261228	-4.049766	9.261228	7839	-1.597555E-11	-6.259567E+10	15.681129	0.53401	0	0
0	0	0	-0.282475	9.261075	-4.049324	9.261075	7841	-2.940036E-11	-3.401319E+10	15.665976	0.533255	0	0
0	0	0	-0.282165	9.26132	-4.049111	9.26132	7842.5	-1.254636E-11	-7.970436E+10	15.662763	0.532223	0	0
0	0	0	-0.282394	9.26133	-4.049346	9.26133	7841.5	-1.225207E-11	-8.161884E+10	0	0	0	0
0	0	0	-0.281936	9.26136	-4.048897	9.26136	7844	-1.145424E-11	-8.730395E+10	0	0	0	0
0	0	0	-0.282508	9.260952	-4.049308	9.260952	7841	-8.960586E-11	-1.115998E+10	0	0	0	0
0	0	0	-0.282296	9.260921	-4.049081	9.260921	7842	-1.836214E-10	-5.445987E+9	0	0	0	0
0	0	0	-0.282557	9.260952	-4.049357	9.260952	7840.5	-8.960015E-11	-1.11607E+10	0	0	0	0
0	0	0	-0.282312	9.260983	-4.049122	9.260983	7842	-5.927284E-11	-1.687113E+10	0	0	0	0
0	0	0	-0.28308	9.261024	-4.049914	9.261024	7838	-4.081567E-11	-2.45004E+10	0	0	0	0
0	0	0	-0.282884	9.260911	-4.04967	9.260911	7839	-2.822346E-10	-3.543151E+9	0	0	0	0
0	0	0	-0.282851	9.261309	-4.049799	9.261309	7839	-1.284769E-11	-7.783503E+10	0	0	0	0
0	0	0	-0.283243	9.261269	-4.050178	9.261269	7837	-1.423827E-11	-7.023327E+10	0	0	0	0
0	0	0	-0.283766	9.261269	-4.050706	9.261269	7834.5	-1.423372E-11	-7.025568E+10	0	0	0	0
0	0	0	-0.284256	9.261177	-4.051163	9.261177	7832	-1.882583E-11	-5.31185E+10	0	0	0	0
0	0	0	-0.284256	9.261197	-4.051171	9.261197	7832	-1.756489E-11	-5.693175E+10	0	0	0	0
0	0	0	-0.284599	9.261126	-4.051488	9.261126	7830.5	-2.293907E-11	-4.359374E+10	0	0	0	0
0	0	0	-0.285366	9.261085	-4.052246	9.261085	7826.5	-2.779E-11	-3.598417E+10	0	0	0	0
0	0	0	-0.284942	9.261258	-4.051888	9.261258	7828.5	-1.461944E-11	-6.840205E+10	0	0	0	0
0	0	0	-0.285824	9.261299	-4.052795	9.261299	7824	-1.31448E-11	-7.607568E+10	0	0	0	0
0	0	0	-0.285906	9.261381	-4.052911	9.261381	7823.5	-1.09469E-11	-9.13501E+10	0	0	0	0
0	0	0	-0.285857	9.261218	-4.052795	9.261218	7824	-1.644545E-11	-6.080711E+10	0	0	0	0
0	0	0	-0.285987	9.260993	-4.052836	9.260993	7823	-5.313235E-11	-1.882093E+10	0	0	0	0
0	0	0	-0.286036	9.261228	-4.05298	9.261228	7823	-1.594294E-11	-6.27237E+10	0	0	0	0
0	0	0	-0.286788	9.261391	-4.053805	9.261391	7819	-1.071668E-11	-9.331246E+10	0	0	0	0
0	0	0	-0.286118	9.260901	-4.05293	9.260901	7822.5	-6.091296E-10	-1.641687E+9	0	0	0	0
0	0	0	-0.286788	9.261146	-4.053706	9.261146	7819	-2.106263E-11	-4.747744E+10	0	0	0	0
0	0	0	-0.286298	9.261279	-4.053265	9.261279	7821.5	-1.383477E-11	-7.228163E+10	0	0	0	0
0	0	0	-0.286379	9.261269	-4.053343	9.261269	7821.5	-1.421011E-11	-7.037245E+10	0	0	0	0
0	0	0	-0.286902	9.261105	-4.053804	9.261105	7818.5	-2.509988E-11	-3.984082E+10	0	0	0	0
0	0	0	-0.28651	9.261105	-4.053409	9.261105	7820.5	-2.510631E-11	-3.983063E+10	0	0	0	0
0	0	0	-0.286249	9.261034	-4.053116	9.261034	7822	-3.779351E-11	-2.645957E+10	0	0	0	0
0	0	0	-0.286722	9.261258	-4.053685	9.261258	7819.5	-1.460264E-11	-6.848078E+10	0	0	0	0
0	0	0	-0.286053	9.261024	-4.052914	9.261024	7823	-4.073755E-11	-2.454737E+10	0	0	0	0
0	0	0	-0.285906	9.260748	-4.052653	9.260748	7823.5	3.705222E-11	2.698893E+10	0	0	0	0
0	0	0	-0.286036	9.261258	-4.052993	9.261258	7823	-1.460917E-11	-6.845014E+10	0	0	0	0
0	0	0	-0.28584	9.26133	-4.052824	9.26133	7824	-1.222473E-11	-8.18014E+10	0	0	0	0
0	0	0	-0.285285	9.260952	-4.05211	9.260952	7827	-8.944587E-11	-1.117995E+10	0	0	0	0
0	0	0	-0.285383	9.261146	-4.052288	9.261146	7826.5	-2.108284E-11	-4.743195E+10	0	0	0	0
0	0	0	-0.284827	9.261381	-4.051823	9.261381	7829	-1.095459E-11	-9.128592E+10	0	0	0	0
0	0	0	-0.28455	9.261238	-4.051485	9.261238	7830.5	-1.548692E-11	-6.457061E+10	0	0	0	0
0	0	0	-0.285334	9.26136	-4.052326	9.26136	7826.5	-1.142868E-11	-8.749916E+10	0	0	0	0
0	0	0	-0.284599	9.261197	-4.051517	9.261197	7830.5	-1.756153E-11	-5.694266E+10	0	0	0	0
0	0	0	-0.284207	9.261146	-4.051101	9.261146	7832.5	-2.1099E-11	-4.739561E+10	0	0	0	0
0	0	0	-0.284305	9.261024	-4.05115	9.261024	7831.5	-4.078182E-11	-2.452073E+10	0	0	0	0
0	0	0	-0.28388	9.261034	-4.050726	9.261034	7834	-3.785149E-11	-2.641904E+10	0	0	0	0
0	0	0	-0.283913	9.261095	-4.050783	9.261095	7833.5	-2.641431E-11	-3.785827E+10	0	0	0	0
0	0	0	-0.284027	9.261024	-4.05087	9.261024	7833	-4.078963E-11	-2.451604E+10	0	0	0	0
0	0	0	-0.283864	9.260727	-4.050584	9.260727	7834	3.250444E-11	3.076503E+10	0	0	0	0
0	0	0	-0.283684	9.261177	-4.050586	9.261177	7835	-1.883304E-11	-5.309817E+10	0	0	0	0
0	0	0	-0.283619	9.261003	-4.050449	9.261003	7835	-4.831386E-11	-2.069799E+10	0	0	0	0
0	0	0	-0.283962	9.261136	-4.05085	9.261136	7833.5	-2.198609E-11	-4.54833E+10	0	0	0	0
0	0	0	-0.283684	9.260942	-4.05049	9.260942	7835	-1.079606E-10	-9.262638E+9	0	0	0	0
0	0	0	-0.283978	9.261156	-4.050874	9.261156	7833.5	-2.02857E-11	-4.929582E+10	0	0	0	0
0	0	0	-0.283488	9.261115	-4.050363	9.261115	7836	-2.400528E-11	-4.165749E+10	0	0	0	0
0	0	0	-0.283668	9.261156	-4.050561	9.261156	7835	-2.028958E-11	-4.928638E+10	0	0	0	0
0	0	0	-0.283913	9.260911	-4.050709	9.260911	7833.5	-2.820366E-10	-3.545639E+9	0	0	0	0
0	0	0	-0.284419	9.261156	-4.051319	9.261156	7831	-2.027922E-11	-4.931156E+10	0	0	0	0
0	0	0	-0.284795	9.261003	-4.051636	9.261003	7829.5	-4.827995E-11	-2.071253E+10	0	0	0	0
0	0	0	-0.285105	9.261095	-4.051987	9.261095	7827.5	-2.639407E-11	-3.788729E+10	0	0	0	0
0	0	0	-0.285072	9.261309	-4.052041	9.261309	7828	-1.282966E-11	-7.794441E+10	0	0	0	0
0	0	0	-0.28571	9.261003	-4.052559	9.261003	7824.5	-4.824912E-11	-2.072577E+10	0	0	0	0
0	0	0	-0.285579	9.261412	-4.052594	9.261412	7825.5	-1.030382E-11	-9.705137E+10	0	0	0	0
0	0	0	-0.285628	9.261218	-4.052564	9.261218	7825	-1.644755E-11	-6.079934E+10	0	0	0	0
0	0	0	-0.286151	9.261238	-4.0531	9.261238	7822.5	-1.54711E-11	-6.463664E+10	0	0	0	0
0	0	0	-0.286216	9.261085	-4.053104	9.261085	7822	-2.777402E-11	-3.600487E+10	0	0	0	0
0	0	0	-0.286641	9.260993	-4.053495	9.260993	7820	-5.311197E-11	-1.882815E+10	0	0	0	0
0	0	0	-0.287245	9.261279	-4.054221	9.261279	7817	-1.382681E-11	-7.232325E+10	0	0	0	0
0	0	0	-0.286445	9.261371	-4.053451	9.261371	7821	-1.117693E-11	-8.946999E+10	0	0	0	0
0	0	0	-0.287131	9.261585	-4.05423	9.261585	7817.5	-7.714657E-12	-1.296234E+11	0	0	0	0
0	0	0	-0.28669	9.261146	-4.053607	9.261146	7819.5	-2.106398E-11	-4.747441E+10	0	0	0	0
0	0	0	-0.287033	9.261238	-4.05399	9.261238	7818	-1.54622E-11	-6.467385E+10	0	0	0	0
0	0	0	-0.287768	9.261248	-4.054736	9.261248	7814	-1.501097E-11	-6.661797E+10	0	0	0	0
0	0	0	-0.287294	9.261228	-4.05425	9.261228	7816.5	-1.592969E-11	-6.277585E+10	0	0	0	0
0	0	0	-0.287784	9.261228	-4.054744	9.261228	7814	-1.59246E-11	-6.279594E+10	0	0	0	0
0	0	0	-0.287343	9.260921	-4.054175	9.260921	7816.5	-1.830244E-10	-5.463754E+9	0	0	0	0
0	0	0	-0.287016	0	-0.287016	0	7818	0	0	0	0	0	0
0	0	0	-0.28749	0	-0.28749	0	7815.5	0	0	0	0	0	0
