Vload_(V)	ILoad_(A)	RsLoad (ohm)	SunsVoc_Voltage_(V)	SunsVoc_Current_(A)	Model_Voltage_(V)	Model_Current_(A)	Carrier_Density_(cm-3)	Lifetime_(s)	Inverse_Lifetime_(s-1)	Efficiency_(%)	Intensity_(suns)	Dark_IV_Voltage_(V)	Dark_IV_Current_(A)
5.609839	9.45964	0	38.893064	-1.463252	39.416144	-1.463252	7.751121E+14	4.852741E-5	20605.913436	15.748757	1.146711	0	0
5.647956	9.455967	1.681989	38.812469	-0.964935	39.158009	-0.964935	7.387383E+14	4.846101E-5	20634.237737	15.745246	1.146592	0	0
5.64261	9.457112	1.55553	38.692932	-0.307173	38.803212	-0.307173	6.876977E+14	4.815096E-5	20767.233533	15.772683	1.146433	0	0
5.891336	9.455336	1.710278	38.555411	0.373549	38.420905	0.373549	6.330494E+14	4.764537E-5	20987.731306	15.744593	1.145401	0	0
7.95542	9.432214	2.065026	38.427886	0.958566	38.081791	0.958566	5.860299E+14	4.714181E-5	21212.023234	15.731042	1.144845	0	0
10.499289	9.42196	1.875035	38.30095	1.516981	37.751757	1.516981	5.425013E+14	4.670841E-5	21408.932507	15.746534	1.143297	0	0
13.183065	9.42013	1.601746	38.170583	2.043003	37.428906	2.043003	5.009827E+14	4.619297E-5	21647.899563	15.703139	1.142622	0	0
15.600326	9.415538	1.371864	38.040347	2.536714	37.116897	2.536714	4.625223E+14	4.568811E-5	21887.178782	15.722656	1.140836	0	0
18.019098	9.408736	1.148188	37.912055	2.991489	36.820101	2.991489	4.273908E+14	4.518613E-5	22130.380243	15.730049	1.139923	0	0
20.4235	9.40473	0.910041	37.783877	3.419339	36.532379	3.419339	3.948407E+14	4.470165E-5	22370.279117	15.711565	1.138653	0	0
22.832024	9.396969	0.68439	37.65681	3.820282	36.254832	3.820282	3.649216E+14	4.425171E-5	22597.775846	15.741027	1.13766	0	0
25.236396	9.385947	0.465247	37.529791	4.187976	35.988787	4.187976	3.371946E+14	4.374145E-5	22861.423736	15.746986	1.136906	0	0
27.63229	9.277648	0.403872	37.405648	4.525379	35.736174	4.525379	3.120606E+14	4.324909E-5	23121.709848	15.738283	1.136509	0	0
28.521641	9.173586	0.402477	37.282142	4.837322	35.492995	4.837322	2.888539E+14	4.273449E-5	23400.1628	15.76922	1.135914	0	0
29.409954	9.011851	0.401886	37.158652	5.127414	35.257342	5.127414	2.673228E+14	4.219735E-5	23698.053078	15.763528	1.135675	0	0
30.310486	8.776647	0.396849	37.039181	5.394783	35.033772	5.394783	2.479774E+14	4.171833E-5	23970.174425	15.759245	1.135398	0	0
31.175169	8.451107	0.39158	36.920722	5.642193	34.818204	5.642193	2.301414E+14	4.122703E-5	24255.843288	15.775592	1.134921	0	0
32.033404	8.010715	0.386418	36.803211	5.87704	34.607869	5.87704	2.136843E+14	4.07882E-5	24516.82091	15.746549	1.134881	0	0
32.88406	7.446884	0.381281	36.684343	6.099281	34.400411	6.099281	1.982063E+14	4.033592E-5	24791.731481	15.74183	1.134286	0	0
33.713062	6.758289	0.377068	36.566293	6.30811	34.198437	6.30811	1.839203E+14	3.990878E-5	25057.085512	15.743255	1.133571	0	0
34.523545	5.952662	0.373132	36.449027	6.50169	34.002646	6.50169	1.707281E+14	3.947066E-5	25335.226666	15.721644	1.132619	0	0
35.260668	5.110428	0.369252	36.334406	6.680013	33.815042	6.680013	1.587312E+14	3.905135E-5	25607.26764	15.721814	1.131984	0	0
36.015258	4.121348	0.368016	36.218218	6.846386	33.62999	6.846386	1.474151E+14	3.857631E-5	25922.608085	15.725118	1.130952	0	0
36.736027	3.074125	0.374378	36.107812	7.00029	33.45546	7.00029	1.373982E+14	3.820507E-5	26174.505861	15.712095	1.129959	0	0
37.426427	1.993097	0.39048	35.997815	7.142624	33.285493	7.142624	1.280848E+14	3.780323E-5	26452.741272	15.735339	1.128729	0	0
38.049204	0.950175	0.432586	35.89017	7.274152	33.121882	7.274152	1.195732E+14	3.741501E-5	26727.219121	15.7398	1.12722	0	0
30.128146	8.831354	0.397851	35.784403	7.396991	32.963352	7.396991	1.117538E+14	3.705077E-5	26989.971518	15.731	1.125394	0	0
38.659885	0	0	35.6796	7.511683	32.808755	7.511683	1.045037E+14	3.668701E-5	27257.585932	15.743172	1.123886	0	0
0	0	0	35.576087	7.619267	32.658062	7.619267	9.779911E+13	3.634037E-5	27517.59079	15.7359	1.122179	0	0
0	0	0	35.473343	7.720166	32.510576	7.720166	9.156494E+13	3.599743E-5	27779.748467	15.724174	1.12071	0	0
0	0	0	35.368458	7.815082	32.362964	7.815082	8.560633E+13	3.559728E-5	28092.020022	15.737322	1.118765	0	0
0	0	0	35.266334	7.904397	32.220285	7.904397	8.017367E+13	3.525282E-5	28366.513932	15.730635	1.117177	0	0
0	0	0	35.166104	7.988223	32.081597	7.988223	7.517405E+13	3.493754E-5	28622.494229	15.740875	1.115311	0	0
0	0	0	35.066283	8.067069	31.94514	8.067069	7.050201E+13	3.462138E-5	28883.874798	15.75146	1.114041	0	0
0	0	0	34.968014	8.141081	31.812085	8.141081	6.618399E+13	3.432525E-5	29133.063066	15.743448	1.112453	0	0
0	0	0	34.869565	8.212492	31.679737	8.212492	6.212122E+13	3.406295E-5	29357.402622	15.747285	1.111262	0	0
0	0	0	34.773109	8.281835	31.550206	8.281835	5.838091E+13	3.389672E-5	29501.378105	15.751769	1.109674	0	0
0	0	0	34.67765	8.34271	31.424933	8.34271	5.489949E+13	3.361264E-5	29750.704876	15.737569	1.108523	0	0
0	0	0	34.582893	8.401089	31.301295	8.401089	5.164772E+13	3.336566E-5	29970.926014	15.732912	1.107293	0	0
0	0	0	34.489556	8.455297	31.180716	8.455297	4.863193E+13	3.31131E-5	30199.521812	15.732903	1.106022	0	0
0	0	0	34.396776	8.505343	31.062284	8.505343	4.580764E+13	3.282576E-5	30463.879767	15.725843	1.104832	0	0
0	0	0	34.304942	8.552634	30.945872	8.552634	4.317286E+13	3.255072E-5	30721.27885	15.725254	1.103442	0	0
0	0	0	34.214775	8.597452	30.832142	8.597452	4.073263E+13	3.230732E-5	30952.73388	15.728928	1.101815	0	0
0	0	0	34.124951	8.639639	30.719754	8.639639	3.843818E+13	3.205596E-5	31195.446258	15.727373	1.100425	0	0
0	0	0	34.034735	8.68074	30.607317	8.68074	3.62632E+13	3.183794E-5	31409.067089	15.74235	1.09856	0	0
0	0	0	33.945744	8.719125	30.497205	8.719125	3.423785E+13	3.161791E-5	31627.645038	15.750505	1.096257	0	0
0	0	0	33.85739	8.755112	30.38867	8.755112	3.233847E+13	3.13893E-5	31857.99158	15.746412	1.09463	0	0
0	0	0	33.768219	8.788902	30.280086	8.788902	3.052793E+13	3.112469E-5	32128.836776	15.744223	1.092645	0	0
0	0	0	33.680061	8.821272	30.173103	8.821272	2.883726E+13	3.089182E-5	32371.030293	15.741875	1.0907	0	0
0	0	0	33.592115	8.851697	30.067076	8.851697	2.724365E+13	3.06452E-5	32631.538515	15.744311	1.088397	0	0
0	0	0	33.50363	8.880974	29.960891	8.880974	2.572884E+13	3.040552E-5	32888.767724	15.751084	1.086333	0	0
0	0	0	33.414198	8.908453	29.854372	8.908453	2.428312E+13	3.01277E-5	33192.042085	15.756211	1.08419	0	0
0	0	0	33.327902	8.9342	29.75186	8.9342	2.296495E+13	2.988842E-5	33457.770705	15.759352	1.082205	0	0
0	0	0	33.242407	8.959127	29.650498	8.959127	2.172938E+13	2.968875E-5	33682.786198	15.762622	1.080538	0	0
0	0	0	33.155621	8.982472	29.548359	8.982472	2.054295E+13	2.944096E-5	33966.284551	15.764967	1.078513	0	0
0	0	0	33.071171	9.003885	29.449464	9.003885	1.945053E+13	2.918502E-5	34264.158184	15.772456	1.076647	0	0
0	0	0	32.986378	9.02489	29.350338	9.02489	1.841197E+13	2.896147E-5	34528.6349	15.775062	1.074742	0	0
0	0	0	32.902369	9.044791	29.25247	9.044791	1.743759E+13	2.874461E-5	34789.127184	15.769741	1.073075	0	0
0	0	0	32.817984	9.062904	29.154896	9.062904	1.651065E+13	2.84592E-5	35138.022243	15.77038	1.071328	0	0
0	0	0	32.735462	9.080684	29.059425	9.080684	1.565175E+13	2.824457E-5	35405.037561	15.767214	1.069661	0	0
0	0	0	32.653331	9.097211	28.96486	9.097211	1.484121E+13	2.800313E-5	35710.29604	15.766681	1.067994	0	0
0	0	0	32.571511	9.113274	28.870794	9.113274	1.40754E+13	2.778982E-5	35984.404071	15.771536	1.066088	0	0
0	0	0	32.487992	9.128691	28.775153	9.128691	1.333436E+13	2.755319E-5	36293.433205	15.77891	1.064183	0	0
0	0	0	32.406972	9.142719	28.682733	9.142719	1.265274E+13	2.730198E-5	36627.383288	15.773941	1.062516	0	0
0	0	0	32.325969	9.156313	28.59049	9.156313	1.200603E+13	2.706752E-5	36944.653353	15.773316	1.060888	0	0
0	0	0	32.244606	9.169435	28.498037	9.169435	1.138968E+13	2.683908E-5	37259.098859	15.780519	1.059141	0	0
0	0	0	32.164272	9.181911	28.406935	9.181911	1.081214E+13	2.662256E-5	37562.120573	15.781931	1.056958	0	0
0	0	0	32.084069	9.194357	28.31597	9.194357	1.026471E+13	2.646049E-5	37792.200607	15.782932	1.055331	0	0
0	0	0	32.00269	9.205521	28.224256	9.205521	9.737535E+12	2.620431E-5	38161.654973	15.79246	1.053147	0	0
0	0	0	31.922617	9.215896	28.134251	9.215896	9.245232E+12	2.593847E-5	38552.771634	15.789053	1.051004	0	0
0	0	0	31.848132	9.226092	28.050291	9.226092	8.809623E+12	2.579537E-5	38766.652216	15.788375	1.048979	0	0
0	0	0	31.769186	9.236031	27.961648	9.236031	8.370294E+12	2.559838E-5	39064.978815	15.78929	1.047034	0	0
0	0	0	31.689081	9.245316	27.872022	9.245316	7.946877E+12	2.535631E-5	39437.911447	15.785823	1.04493	0	0
0	0	0	31.607669	9.254559	27.781001	9.254559	7.538471E+12	2.513731E-5	39781.506641	15.800202	1.042509	0	0
0	0	0	31.526895	9.263214	27.690895	9.263214	7.153988E+12	2.490632E-5	40150.452627	15.799896	1.040524	0	0
0	0	0	31.44679	9.271636	27.601592	9.271636	6.792046E+12	2.470556E-5	40476.720516	15.793616	1.038698	0	0
0	0	0	31.366521	9.279183	27.512468	9.279183	6.447718E+12	2.443384E-5	40926.840133	15.808098	1.036554	0	0
0	0	0	31.286334	9.286862	27.423366	9.286862	6.121156E+12	2.422738E-5	41275.615007	15.806011	1.034609	0	0
0	0	0	31.206082	9.293904	27.33445	9.293904	5.810876E+12	2.397641E-5	41707.656376	15.808839	1.032585	0	0
0	0	0	31.126124	9.300692	27.245947	9.300692	5.517364E+12	2.373755E-5	42127.350024	15.820121	1.03064	0	0
0	0	0	31.047081	9.307485	27.158413	9.307485	5.241775E+12	2.355881E-5	42446.96269	15.815974	1.028774	0	0
0	0	0	30.967531	9.313225	27.07077	9.313225	4.978309E+12	2.325181E-5	43007.404581	15.816886	1.027027	0	0
0	0	0	30.887982	9.319423	26.982927	9.319423	4.728077E+12	2.305921E-5	43366.616902	15.816385	1.025082	0	0
0	0	0	30.808318	9.325214	26.895125	9.325214	4.490083E+12	2.284192E-5	43779.148845	15.814981	1.023018	0	0
0	0	0	30.727102	9.330715	26.805774	9.330715	4.259774E+12	2.259489E-5	44257.799948	15.81804	1.021073	0	0
0	0	0	30.646539	9.336119	26.717158	9.336119	4.042985E+12	2.238326E-5	44676.239088	15.823235	1.019088	0	0
0	0	0	30.565928	9.341397	26.628536	9.341397	3.837101E+12	2.219166E-5	45061.978335	15.81828	1.016944	0	0
0	0	0	30.485464	9.346371	26.540193	9.346371	3.642044E+12	2.19885E-5	45478.317109	15.823425	1.015118	0	0
0	0	0	30.405783	9.35031	26.453122	9.35031	3.458656E+12	2.163361E-5	46224.360237	15.824806	1.012856	0	0
0	0	0	30.325368	9.354656	26.365086	9.354656	3.282933E+12	2.138446E-5	46762.928493	15.817832	1.011189	0	0
0	0	0	30.245214	9.358907	26.277365	9.358907	3.116663E+12	2.115811E-5	47263.211267	15.831738	1.008966	0	0
0	0	0	30.164945	9.362843	26.189649	9.362843	2.958591E+12	2.090189E-5	47842.563378	15.838833	1.006663	0	0
0	0	0	30.083762	9.36653	26.101055	9.36653	2.806869E+12	2.061507E-5	48508.213214	15.833616	1.004758	0	0
0	0	0	30.003085	9.370537	26.012862	9.370537	2.663798E+12	2.04441E-5	48913.8615	15.838764	1.002694	0	0
0	0	0	29.922392	9.373897	25.924923	9.373897	2.527991E+12	2.016214E-5	49597.8977	15.836981	1.000629	0	0
0	0	0	29.840703	9.377049	25.836	9.377049	2.397556E+12	1.985173E-5	50373.452097	15.835181	0.998724	0	0
0	0	0	29.759226	9.380462	25.747189	9.380462	2.274163E+12	1.964161E-5	50912.325094	15.849255	0.996501	0	0
0	0	0	29.675462	9.383405	25.656123	9.383405	2.153921E+12	1.93214E-5	51756.091255	15.847031	0.994556	0	0
0	0	0	29.592874	9.386358	25.566311	9.386358	2.041592E+12	1.905155E-5	52489.176308	15.853472	0.992571	0	0
0	0	0	29.510939	9.389434	25.477142	9.389434	1.935939E+12	1.885726E-5	53029.974662	15.846149	0.990983	0	0
0	0	0	29.427829	9.391947	25.38695	9.391947	1.834354E+12	1.853103E-5	53963.540255	15.83039	0.989038	0	0
0	0	0	29.344751	9.394053	25.296966	9.394053	1.738134E+12	1.812277E-5	55179.205944	15.8402	0.986934	0	0
0	0	0	29.261313	9.397284	25.206108	9.397284	1.646577E+12	1.805788E-5	55377.474483	15.844585	0.985227	0	0
0	0	0	29.177321	9.399786	25.114966	9.399786	1.559279E+12	1.781512E-5	56132.101225	15.846625	0.983243	0	0
0	0	0	29.092544	9.401973	25.023116	9.401973	1.475859E+12	1.75016E-5	57137.632331	15.859305	0.981417	0	0
0	0	0	29.00847	9.404337	24.931939	9.404337	1.397537E+12	1.728125E-5	57866.190144	15.863068	0.979511	0	0
0	0	0	28.922549	9.406326	24.838943	9.406326	1.321788E+12	1.695444E-5	58981.606392	15.853839	0.977963	0	0
0	0	0	28.837021	9.40869	24.746202	9.40869	1.250461E+12	1.678384E-5	59581.137908	15.863789	0.976018	0	0
0	0	0	28.748945	9.410221	24.651088	9.410221	1.18103E+12	1.634277E-5	61189.151328	15.863018	0.974033	0	0
0	0	0	28.661211	9.412229	24.556131	9.412229	1.115701E+12	1.609291E-5	62139.175409	15.858869	0.972207	0	0
0	0	0	28.574393	9.414206	24.462167	9.414206	1.054611E+12	1.587363E-5	62997.580435	15.8691	0.970063	0	0
0	0	0	28.485663	9.416392	24.366059	9.416392	9.956303E+11	1.574314E-5	63519.747324	15.862833	0.968118	0	0
0	0	0	28.397554	9.418233	24.270764	9.418233	9.403265E+11	1.552992E-5	64391.814	15.861477	0.966451	0	0
0	0	0	28.306815	9.419762	24.172784	9.419762	8.865807E+11	1.520353E-5	65774.181041	15.864412	0.964466	0	0
0	0	0	28.216305	9.421466	24.07497	9.421466	8.360304E+11	1.497679E-5	66769.995802	15.863727	0.962521	0	0
0	0	0	28.124112	9.422878	23.975477	9.422878	7.875023E+11	1.464941E-5	68262.141198	15.865304	0.960695	0	0
0	0	0	28.034648	9.424238	23.878932	9.424238	7.431044E+11	1.435437E-5	69665.205339	15.871969	0.958552	0	0
0	0	0	27.941687	9.425285	23.778773	9.425285	6.996212E+11	1.392646E-5	71805.749083	15.871642	0.956567	0	0
0	0	0	27.844267	9.427042	23.673517	9.427042	6.567798E+11	1.377834E-5	72577.684797	15.878132	0.95486	0	0
0	0	0	27.748595	9.428183	23.570405	9.428183	6.17261E+11	1.341891E-5	74521.682142	15.87817	0.952915	0	0
0	0	0	27.651649	9.42947	23.46586	9.42947	5.796406E+11	1.313846E-5	76112.410473	15.876459	0.951089	0	0
0	0	0	27.553952	9.431017	23.360392	9.431017	5.440477E+11	1.299831E-5	76933.062045	15.881888	0.949263	0	0
0	0	0	27.454458	9.431949	23.253269	9.431949	5.100454E+11	1.259596E-5	79390.528591	15.880661	0.947318	0	0
0	0	0	27.354228	9.433266	23.145184	9.433266	4.779402E+11	1.239265E-5	80692.964221	15.87808	0.945611	0	0
0	0	0	27.252153	9.434135	23.035317	9.434135	4.473199E+11	1.199375E-5	83376.779544	15.884297	0.943666	0	0
0	0	0	27.149212	9.435556	22.924273	9.435556	4.184261E+11	1.188124E-5	84166.314596	15.881626	0.941919	0	0
0	0	0	27.044279	9.436509	22.8113	9.436509	3.90893E+11	1.155629E-5	86532.927616	15.881609	0.940291	0	0
0	0	0	26.936993	9.437555	22.695761	9.437555	3.646148E+11	1.128994E-5	88574.425385	15.890977	0.938108	0	0
0	0	0	26.828171	9.43859	22.578577	9.43859	3.397645E+11	1.103794E-5	90596.624229	15.887979	0.93652	0	0
0	0	0	26.718942	9.439667	22.460935	9.439667	3.165239E+11	1.083734E-5	92273.571028	15.887823	0.934813	0	0
0	0	0	26.607115	9.44018	22.340761	9.44018	2.943767E+11	1.034505E-5	96664.551417	15.89134	0.933027	0	0
0	0	0	26.494373	9.441351	22.219306	9.441351	2.736166E+11	1.023095E-5	97742.655244	15.888034	0.931161	0	0
0	0	0	26.379263	9.441624	22.095716	9.441624	2.539301E+11	9.63891E-6	103746.165229	15.894496	0.929216	0	0
0	0	0	26.262454	9.442659	21.969958	9.442659	2.354004E+11	9.480046E-6	105484.720658	15.892713	0.92743	0	0
0	0	0	26.143701	9.442995	21.842431	9.442995	2.179478E+11	8.954264E-6	111678.635328	15.892904	0.925683	0	0
0	0	0	26.02356	9.443842	21.713181	9.443842	2.016075E+11	8.726952E-6	114587.540862	15.89636	0.923818	0	0
0	0	0	25.899008	9.444417	21.579323	9.444417	1.859595E+11	8.35402E-6	119702.849616	15.896133	0.921992	0	0
0	0	0	25.774032	9.444847	21.445075	9.444847	1.714787E+11	7.927143E-6	126148.857928	15.898754	0.920285	0	0
0	0	0	25.646066	9.445725	21.307414	9.445725	1.578192E+11	7.75601E-6	128932.281447	15.898639	0.918419	0	0
0	0	0	25.517154	9.446478	21.168793	9.446478	1.451586E+11	7.541704E-6	132596.020312	15.901588	0.916394	0	0
0	0	0	25.384696	9.447084	21.026435	9.447084	1.332069E+11	7.255079E-6	137834.46891	15.905636	0.914648	0	0
0	0	0	25.250687	9.447586	20.882461	9.447586	1.221163E+11	6.928121E-6	144339.276264	15.903032	0.912901	0	0
0	0	0	25.114145	9.448203	20.735716	9.448203	1.117653E+11	6.682886E-6	149635.942259	15.902097	0.911075	0	0
0	0	0	24.973602	9.448486	20.584832	9.448486	1.020266E+11	6.255379E-6	159862.416108	15.905211	0.909249	0	0
0	0	0	24.830625	9.449082	20.431191	9.449082	9.298942E+10	6.023061E-6	166028.541011	15.906547	0.907344	0	0
0	0	0	24.686358	9.449928	20.276048	9.449928	8.468184E+10	5.96279E-6	167706.727251	15.908423	0.905637	0	0
0	0	0	24.539166	9.450284	20.117996	9.450284	7.697032E+10	5.625891E-6	177749.632346	15.912662	0.90393	0	0
0	0	0	24.388349	9.450525	19.956108	9.450525	6.979665E+10	5.236466E-6	190968.496078	15.919614	0.901786	0	0
0	0	0	24.233839	9.450766	19.790259	9.450766	6.314019E+10	4.865717E-6	205519.544895	15.916139	0.900198	0	0
0	0	0	24.075099	9.451424	19.619675	9.451424	5.6962E+10	4.741271E-6	210913.917404	15.910085	0.898491	0	0
0	0	0	23.915265	9.451727	19.448082	9.451727	5.135187E+10	4.438206E-6	225316.243929	15.907526	0.896824	0	0
0	0	0	23.752931	9.452511	19.273581	9.452511	4.621928E+10	4.43342E-6	225559.520978	15.915619	0.894839	0	0
0	0	0	23.586612	9.452574	19.095145	9.452574	4.149227E+10	4.015705E-6	249022.258771	15.919885	0.892894	0	0
0	0	0	23.417303	9.453201	18.913234	9.453201	3.717655E+10	3.948155E-6	253282.866354	15.923788	0.890989	0	0
0	0	0	23.242882	9.453462	18.726011	9.453462	3.319942E+10	3.675038E-6	272106.063879	15.925402	0.889163	0	0
0	0	0	23.064949	9.453536	18.53511	9.453536	2.95803E+10	3.313951E-6	301754.634146	15.925459	0.887258	0	0
0	0	0	22.883961	9.454131	18.340682	9.454131	2.630353E+10	3.265226E-6	306257.485746	15.928066	0.885392	0	0
0	0	0	22.700115	9.454705	18.143196	9.454705	2.334641E+10	3.23543E-6	309077.962356	15.931348	0.883566	0	0
0	0	0	22.512365	9.454497	17.941898	9.454497	2.066933E+10	2.748548E-6	363828.52453	15.932786	0.88174	0	0
0	0	0	22.31991	9.454925	17.735247	9.454925	1.824346E+10	2.646314E-6	377884.158877	15.93736	0.879953	0	0
0	0	0	22.123339	9.45527	17.524219	9.45527	1.605937E+10	2.513273E-6	397887.549257	15.934672	0.878405	0	0
0	0	0	21.926735	9.455646	17.31314	9.455646	1.413645E+10	2.420597E-6	413121.244379	15.932645	0.8765	0	0
0	0	0	21.727436	9.456032	17.099163	9.456032	1.242205E+10	2.354836E-6	424658.083894	15.939353	0.874634	0	0
0	0	0	21.527076	9.455897	16.884303	9.455897	1.090804E+10	1.993101E-6	501730.627709	15.944047	0.872689	0	0
0	0	0	21.325294	9.456023	16.66779	9.456023	9.569735E+9	1.809231E-6	552720.990336	15.941522	0.871022	0	0
0	0	0	21.119951	9.456701	16.447183	9.456701	8.376255E+9	1.949084E-6	513061.419267	15.946574	0.869156	0	0
0	0	0	20.913776	9.456576	16.226079	9.456576	7.327657E+9	1.635559E-6	611411.801412	15.941142	0.867449	0	0
0	0	0	20.705623	9.456931	16.002617	9.456931	6.402116E+9	1.616167E-6	618747.902743	15.933716	0.865861	0	0
0	0	0	20.496965	9.456973	15.778766	9.456973	5.591641E+9	1.433752E-6	697470.742549	15.942381	0.864035	0	0
0	0	0	20.279943	9.457056	15.545923	9.457056	4.857345E+9	1.285787E-6	777733.578033	15.944667	0.862209	0	0
0	0	0	20.062529	9.457432	15.312513	9.457432	4.218403E+9	1.306662E-6	765308.821884	15.943954	0.860582	0	0
0	0	0	19.840704	9.457735	15.074407	9.457735	3.653042E+9	1.311293E-6	762606.208366	15.944194	0.858954	0	0
0	0	0	19.615123	9.457589	14.832496	9.457589	3.155752E+9	1.052201E-6	950388.414927	15.942021	0.857128	0	0
0	0	0	19.384903	9.457745	14.585457	9.457745	2.717967E+9	9.811352E-7	1019227.473661	15.947161	0.855382	0	0
0	0	0	19.150925	9.458215	14.334227	9.458215	2.335216E+9	1.120713E-6	892289.247529	15.947612	0.853714	0	0
0	0	0	18.914384	9.458184	14.0805	9.458184	2.00303E+9	9.406916E-7	1063047.697498	15.950139	0.851888	0	0
0	0	0	18.67317	9.458121	13.821779	9.458121	1.712898E+9	7.713269E-7	1296467.224404	15.954578	0.850062	0	0
0	0	0	18.42717	9.458027	13.557939	9.458027	1.460251E+9	6.19304E-7	1614715.850019	15.949905	0.848633	0	0
0	0	0	18.177087	9.45809	13.289638	9.45809	1.241575E+9	5.478474E-7	1825325.967093	15.947084	0.846728	0	0
0	0	0	17.925076	9.458184	13.019254	9.458184	1.054327E+9	4.952405E-7	2019220.987365	15.952201	0.8451	0	0
0	0	0	17.669015	9.45858	12.744365	9.45858	8.929688E+8	5.763965E-7	1734916.990202	15.954526	0.843274	0	0
0	0	0	17.407856	9.458591	12.46421	9.458591	7.538095E+8	4.914298E-7	2034878.62103	15.951988	0.841607	0	0
0	0	0	17.145522	9.458966	12.182602	9.458966	6.358513E+8	6.457017E-7	1548702.683222	15.958349	0.83994	0	0
0	0	0	16.882339	9.458831	11.90035	9.458831	5.360561E+8	4.531365E-7	2206840.406174	15.954172	0.838233	0	0
0	0	0	16.61695	9.458904	11.615623	9.458904	4.512775E+8	4.19333E-7	2384739.782974	15.957185	0.836327	0	0
0	0	0	16.345746	9.458956	11.324669	9.458956	3.784764E+8	3.785222E-7	2641853.223554	15.95577	0.834978	0	0
0	0	0	16.073529	9.458654	11.032817	9.458654	3.172113E+8	2.19951E-7	4546466.596358	15.95757	0.833152	0	0
0	0	0	15.797882	9.458998	10.736941	9.458998	2.652724E+8	2.825619E-7	3539047.741502	15.95659	0.831564	0	0
0	0	0	15.519262	9.459102	10.438003	9.459102	2.214104E+8	2.815999E-7	3551137.830712	15.963008	0.829857	0	0
0	0	0	15.240626	9.458758	10.139288	9.458758	1.847989E+8	1.433E-7	6978366.271131	15.953916	0.828269	0	0
0	0	0	14.960814	9.459186	9.838896	9.459186	1.541237E+8	2.32044E-7	4309528.337559	15.953172	0.826681	0	0
0	0	0	14.678143	9.459071	9.535731	9.459071	1.283022E+8	1.542146E-7	6484472.074258	15.954296	0.825173	0	0
0	0	0	14.394606	9.459196	9.231506	9.459196	1.067468E+8	1.644983E-7	6079089.588839	15.953592	0.823426	0	0
0	0	0	14.111364	9.459248	8.927636	9.459248	8.882972E+7	1.551209E-7	6446582.834704	15.964888	0.82168	0	0
0	0	0	13.827647	9.459384	8.623212	9.459384	7.389727E+7	1.974017E-7	5065812.251311	15.965405	0.820092	0	0
0	0	0	13.54184	9.45928	8.316676	9.45928	6.139168E+7	1.165205E-7	8582183.930325	15.956129	0.818583	0	0
0	0	0	13.258532	9.45954	8.01262	9.45954	5.108515E+7	3.510019E-7	2848987.816183	15.964851	0.816837	0	0
0	0	0	12.978949	9.45928	7.712848	9.45928	4.261172E+7	8.087786E-8	1.236432E+7	15.961915	0.815249	0	0
0	0	0	12.692831	9.459592	7.405748	9.459592	3.539344E+7	5.109695E-7	1957064.138187	15.957914	0.813661	0	0
0	0	0	12.41003	9.459624	7.102361	9.459624	2.946121E+7	1.253415E-6	797820.577821	15.966674	0.812113	0	0
0	0	0	12.128682	9.459373	6.800693	9.459373	2.454641E+7	6.300776E-8	1.587106E+7	15.961495	0.810604	0	0
0	0	0	11.846142	9.459791	6.497369	9.459791	2.043569E+7	-9.265784E-8	-1.079239E+7	15.960665	0.809096	0	0
0	0	0	11.565268	9.459415	6.19628	9.459415	1.703179E+7	5.18375E-8	1.929105E+7	15.962125	0.807389	0	0
0	0	0	11.285929	9.459718	5.896454	9.459718	1.420901E+7	-1.2488E-7	-8007689.188448	15.964484	0.805801	0	0
0	0	0	11.007211	9.459707	5.597471	9.459707	1.185883E+7	-1.203584E-7	-8308519.851544	15.960796	0.804134	0	0
0	0	0	10.727954	9.459707	5.297904	9.459707	9893920	-1.004149E-7	-9958676.61558	15.965319	0.802665	0	0
0	0	0	10.451866	9.459436	5.001893	9.459436	8271563.5	2.775223E-8	3.603314E+7	15.962266	0.801038	0	0
0	0	0	10.176089	9.459791	4.705853	9.459791	6916625	-3.135981E-8	-3.188794E+7	15.963094	0.799609	0	0
0	0	0	9.89938	9.459603	4.409129	9.459603	5780142.5	1.070418E-7	9342148.763586	15.963495	0.797981	0	0
0	0	0	9.625007	9.459613	4.114795	9.459613	4837722.5	1.248595E-7	8009003.903603	15.961678	0.796433	0	0
0	0	0	9.352023	9.459488	3.82203	9.459488	4052607	1.827288E-8	5.472591E+7	15.955603	0.795202	0	0
0	0	0	9.078973	9.459937	3.528859	9.459937	3394764.5	-7.820188E-9	-1.278742E+8	15.957302	0.793734	0	0
0	0	0	8.806723	9.459728	3.236932	9.459728	2845183.5	-2.204882E-8	-4.53539E+7	15.962351	0.791947	0	0
0	0	0	8.53859	9.459697	2.949317	9.459697	2390950.5	-2.870944E-8	-3.483175E+7	15.965335	0.790399	0	0
0	0	0	8.272124	9.459801	2.663408	9.459801	2011408.5	-8.529692E-9	-1.172375E+8	15.969675	0.788851	0	0
0	0	0	8.004317	9.459978	2.376019	9.459978	1690646	-3.414646E-9	-2.928561E+8	15.964992	0.787501	0	0
0	0	0	7.740693	9.459916	2.093258	9.459916	1424896	-3.530489E-9	-2.832469E+8	15.963905	0.786152	0	0
0	0	0	7.47728	9.459822	1.810744	9.459822	1201084	-4.509941E-9	-2.217324E+8	15.967574	0.784524	0	0
0	0	0	7.216351	9.460031	1.530711	9.460031	1014058.5	-1.774747E-9	-5.634607E+8	15.964959	0.783055	0	0
0	0	0	6.960893	9.460093	1.256637	9.460093	859200	-1.296121E-9	-7.715328E+8	15.967935	0.781587	0	0
0	0	0	6.710973	9.460093	0.98854	9.460093	730610.5	-1.102141E-9	-9.073248E+8	15.968658	0.780118	0	0
0	0	0	6.46633	9.459999	0.726159	9.459999	623395.5	-1.186013E-9	-8.431611E+8	15.966288	0.778768	0	0
0	0	0	6.224757	9.460041	0.466991	9.460041	532974.5	-9.085276E-10	-1.100682E+9	15.960975	0.777299	0	0
0	0	0	5.987055	9.459947	0.212059	9.459947	456814.5	-1.016595E-9	-9.836755E+8	15.968213	0.775632	0	0
0	0	0	5.753437	9.460177	-0.038691	9.460177	392576.5	-5.001444E-10	-1.999423E+9	15.970012	0.774203	0	0
0	0	0	5.524377	9.459989	-0.284297	9.459989	338370.5	-6.629908E-10	-1.508317E+9	15.969091	0.772655	0	0
0	0	0	5.295937	9.460239	-0.529505	9.460239	291766.5	-3.328976E-10	-3.003927E+9	15.962748	0.771544	0	0
0	0	0	5.072822	9.460156	-0.768796	9.460156	252451.5	-3.346299E-10	-2.988376E+9	15.95582	0.770075	0	0
0	0	0	4.857352	9.460187	-0.999957	9.460187	219520.5	-2.743391E-10	-3.645124E+9	15.961137	0.768487	0	0
0	0	0	4.64786	9.459989	-1.224563	9.459989	191626.5	-3.754659E-10	-2.663358E+9	15.964769	0.767058	0	0
0	0	0	4.442828	9.460396	-1.444761	9.460396	167762	-1.517875E-10	-6.588156E+9	15.961809	0.765629	0	0
0	0	0	4.242124	9.459989	-1.659808	9.459989	147282	-2.885789E-10	-3.465257E+9	15.970145	0.763962	0	0
0	0	0	4.045961	9.459926	-1.870199	9.459926	129684	-3.096184E-10	-3.229782E+9	15.962616	0.762929	0	0
0	0	0	3.854928	9.460312	-2.075368	9.460312	114569	-1.165246E-10	-8.581878E+9	15.962124	0.761342	0	0
0	0	0	3.667308	9.459905	-2.276379	9.459905	101440	-2.612111E-10	-3.828321E+9	15.960996	0.759952	0	0
0	0	0	3.483004	9.460114	-2.474218	9.460114	90009.5	-1.298075E-10	-7.703716E+9	15.963632	0.758642	0	0
0	0	0	3.300351	9.459843	-2.669986	9.459843	79952	-2.693564E-10	-3.712553E+9	15.95736	0.757332	0	0
0	0	0	3.123071	9.459978	-2.860245	9.459978	71266.5	-1.439388E-10	-6.947399E+9	15.966271	0.755824	0	0
0	0	0	2.948143	9.460072	-3.047955	9.460072	63621.5	-1.00604E-10	-9.939958E+9	15.961177	0.754514	0	0
0	0	0	2.776466	9.460323	-3.232277	9.460323	56916.5	-5.70037E-11	-1.754272E+10	15.957266	0.753085	0	0
0	0	0	2.607599	9.460271	-3.413393	9.460271	51011	-5.531419E-11	-1.807855E+10	15.95936	0.751775	0	0
0	0	0	2.440577	9.460197	-3.592517	9.460197	45773	-5.613339E-11	-1.781471E+10	15.960843	0.750187	0	0
0	0	0	2.276365	9.459999	-3.768546	9.459999	41148	-7.828423E-11	-1.277396E+10	15.959664	0.748798	0	0
0	0	0	2.117723	9.46002	-3.938739	9.46002	37124	-6.675425E-11	-1.498032E+10	15.964983	0.747448	0	0
0	0	0	1.965713	9.460156	-4.101892	9.460156	33638	-4.458789E-11	-2.242762E+10	15.958647	0.746098	0	0
0	0	0	1.8245	9.460135	-4.253362	9.460135	30693.5	-4.239938E-11	-2.358525E+10	15.948865	0.744907	0	0
0	0	0	1.695816	9.460114	-4.391393	9.460114	28235.5	-4.071992E-11	-2.455801E+10	15.963517	0.74328	0	0
0	0	0	1.572947	9.460051	-4.523158	9.460051	26072.5	-4.33178E-11	-2.30852E+10	15.954115	0.742049	0	0
0	0	0	1.4588	9.460145	-4.645667	9.460145	24211.5	-3.275511E-11	-3.052958E+10	15.951533	0.74066	0	0
0	0	0	1.354814	9.460083	-4.757176	9.460083	22632	-3.49449E-11	-2.861648E+10	15.963961	0.739271	0	0
0	0	0	1.258799	9.459958	-4.860093	9.459958	21265.5	-4.577059E-11	-2.184809E+10	15.952474	0.737921	0	0
0	0	0	1.169595	9.460093	-4.955872	9.460093	20070	-3.0276E-11	-3.302946E+10	15.946571	0.736809	0	0
0	0	0	1.087056	9.460104	-5.044421	9.460104	19023.5	-2.805187E-11	-3.564825E+10	15.953689	0.735142	0	0
0	0	0	1.010757	9.460197	-5.126331	9.460197	18105	-2.220294E-11	-4.503909E+10	15.939897	0.733991	0	0
0	0	0	0.938869	9.460031	-5.20334	9.460031	17280	-3.024244E-11	-3.306612E+10	15.950155	0.732443	0	0
0	0	0	0.87237	9.459905	-5.274593	9.459905	16550.5	-4.261805E-11	-2.346424E+10	15.954378	0.731054	0	0
0	0	0	0.811393	9.460072	-5.340114	9.460072	15908.5	-2.515595E-11	-3.975202E+10	15.945065	0.729744	0	0
0	0	0	0.753095	9.460072	-5.402652	9.460072	15318	-2.42222E-11	-4.128444E+10	15.947185	0.728513	0	0
0	0	0	0.699468	9.459572	-5.459853	9.459572	14794.5	1.483076E-10	6.742744E+9	15.950818	0.727044	0	0
0	0	0	0.649942	9.460135	-5.513349	9.460135	14326.5	-1.979034E-11	-5.052971E+10	15.944799	0.725655	0	0
0	0	0	0.601232	9.459895	-5.565445	9.459895	13881	-3.720533E-11	-2.687787E+10	15.945529	0.724504	0	0
0	0	0	0.557145	9.46026	-5.612977	9.46026	13489.5	-1.487345E-11	-6.723389E+10	15.945933	0.723035	0	0
0	0	0	0.516161	9.460417	-5.657043	9.460417	13135.5	-1.15655E-11	-8.646406E+10	15.945173	0.721487	0	0
0	0	0	0.477807	9.460302	-5.698112	9.460302	12813	-1.323706E-11	-7.554547E+10	15.942569	0.720296	0	0
0	0	0	0.442737	9.460291	-5.735726	9.460291	12525	-1.314669E-11	-7.606475E+10	15.941125	0.718946	0	0
0	0	0	0.408516	9.459968	-5.772225	9.459968	12249.5	-2.552704E-11	-3.917415E+10	15.930414	0.717914	0	0
0	0	0	0.377758	9.460302	-5.805438	9.460302	12008	-1.240542E-11	-8.060993E+10	15.945842	0.716287	0	0
0	0	0	0.349776	9.46051	-5.835591	9.46051	11792	-9.262963E-12	-1.079568E+11	15.942268	0.714977	0	0
0	0	0	0.322498	9.460197	-5.864649	9.460197	11585	-1.420718E-11	-7.038694E+10	15.941185	0.713548	0	0
0	0	0	0.296493	9.46025	-5.89258	9.46025	11391	-1.27745E-11	-7.828096E+10	15.943191	0.712277	0	0
0	0	0	0.272644	9.460302	-5.918197	9.460302	11216.5	-1.158772E-11	-8.629823E+10	15.939294	0.710848	0	0
0	0	0	0.250576	9.460114	-5.941747	9.460114	11057	-1.594589E-11	-6.271209E+10	15.943156	0.70934	0	0
0	0	0	0.230419	9.460062	-5.963336	9.460062	10913.5	-1.768394E-11	-5.654849E+10	15.946826	0.70799	0	0
0	0	0	0.211226	9.460041	-5.983911	9.460041	10778	-1.837256E-11	-5.442899E+10	15.9327	0.706918	0	0
0	0	0	0.192964	9.460156	-6.003577	9.460156	10651.5	-1.411879E-11	-7.08276E+10	15.936845	0.705529	0	0
0	0	0	0.175404	9.460083	-6.022366	9.460083	10530.5	-1.62596E-11	-6.150213E+10	15.932079	0.704298	0	0
0	0	0	0.159282	9.460364	-6.039845	9.460364	10421	-9.83593E-12	-1.016681E+11	15.942374	0.70275	0	0
0	0	0	0.144597	9.460177	-6.055475	9.460177	10322.5	-1.315091E-11	-7.604034E+10	15.934044	0.701758	0	0
0	0	0	0.130141	9.460364	-6.071106	9.460364	10226	-9.651878E-12	-1.036068E+11	15.937458	0.70021	0	0
0	0	0	0.116632	9.459728	-6.08518	9.459728	10137	-7.85561E-11	-1.272976E+10	15.935812	0.69882	0	0
0	0	0	0.104937	9.460479	-6.098219	9.460479	10060	-8.197072E-12	-1.219948E+11	15.931347	0.697629	0	0
0	0	0	0.092898	9.46026	-6.110989	9.46026	9982	-1.10061E-11	-9.08587E+10	15.930098	0.69632	0	0
0	0	0	0.081872	9.460031	-6.122667	9.460031	9910.5	-1.734477E-11	-5.765426E+10	15.922033	0.695248	0	0
0	0	0	0.071042	9.460417	-6.134537	9.460417	9841.5	-8.66521E-12	-1.15404E+11	15.921063	0.693938	0	0
0	0	0	0.061029	9.46026	-6.145176	9.46026	9777.5	-1.078062E-11	-9.275904E+10	15.923877	0.692628	0	0
0	0	0	0.050689	9.460124	-6.156179	9.460124	9712.5	-1.370543E-11	-7.296379E+10	15.92342	0.691278	0	0
0	0	0	0.041689	9.460041	-6.165779	9.460041	9655.5	-1.645911E-11	-6.075663E+10	15.922187	0.689889	0	0
0	0	0	0.032966	9.460333	-6.175328	9.460333	9601.5	-9.471518E-12	-1.055797E+11	15.935454	0.688499	0	0
0	0	0	0.024913	9.460177	-6.183864	9.460177	9551	-1.216802E-11	-8.218265E+10	15.917852	0.687507	0	0
0	0	0	0.016893	9.460114	-6.192427	9.460114	9501.5	-1.370262E-11	-7.297875E+10	15.921593	0.686118	0	0
0	0	0	0.009885	9.460031	-6.199889	9.460031	9458.5	-1.655371E-11	-6.040942E+10	15.930663	0.684569	0	0
0	0	0	0.002094	9.460385	-6.20848	9.460385	9411	-8.634031E-12	-1.158208E+11	15.921484	0.683418	0	0
0	0	0	-0.004359	9.459739	-6.214977	9.459739	9371.5	-6.494695E-11	-1.539718E+10	15.918092	0.682227	0	0
0	0	0	-0.009978	9.460166	-6.221286	9.460166	9337.5	-1.213177E-11	-8.24282E+10	15.919653	0.680997	0	0
0	0	0	-0.016838	9.460135	-6.228625	9.460135	9296	-1.284131E-11	-7.78737E+10	15.912372	0.679846	0	0
0	0	0	-0.0228	9.45977	-6.234781	9.45977	9260	-4.872297E-11	-2.05242E+10	15.918498	0.678496	0	0
0	0	0	-0.028844	9.460145	-6.241511	9.460145	9224	-1.247891E-11	-8.013519E+10	15.921857	0.677146	0	0
0	0	0	-0.034137	9.459666	-6.246873	9.459666	9192	-2.449716E-10	-4.082106E+9	15.913758	0.675955	0	0
0	0	0	-0.040246	9.459853	-6.25355	9.459853	9156	-2.933871E-11	-3.408466E+10	15.917698	0.674645	0	0
0	0	0	-0.044966	9.460385	-6.258963	9.460385	9128	-8.374395E-12	-1.194116E+11	15.924676	0.673335	0	0
0	0	0	-0.050978	9.459926	-6.26511	9.459926	9092.5	-2.170819E-11	-4.606557E+10	15.90141	0.672343	0	0
0	0	0	-0.056564	9.459916	-6.271096	9.459916	9059.5	-2.244684E-11	-4.45497E+10	15.91321	0.670874	0	0
0	0	0	-0.060974	9.460406	-6.276149	9.460406	9033.5	-8.062058E-12	-1.240378E+11	15.910991	0.669683	0	0
0	0	0	-0.064944	9.460062	-6.280181	9.460062	9010.5	-1.460037E-11	-6.849142E+10	15.900079	0.668612	0	0
0	0	0	-0.070367	9.460041	-6.285985	9.460041	8978.5	-1.530507E-11	-6.533783E+10	15.908972	0.667341	0	0
0	0	0	-0.075218	9.459822	-6.291045	9.459822	8950.5	-3.360809E-11	-2.975474E+10	15.89873	0.666309	0	0
0	0	0	-0.080315	9.460124	-6.296711	9.460124	8921	-1.258853E-11	-7.943737E+10	15.889702	0.66492	0	0
0	0	0	-0.084431	9.460239	-6.301202	9.460239	8897	-1.015123E-11	-9.85102E+10	15.908144	0.663531	0	0
0	0	0	-0.088335	9.460448	-6.305527	9.460448	8875	-7.511587E-12	-1.331277E+11	15.903767	0.66234	0	0
0	0	0	-0.091961	9.460323	-6.309335	9.460323	8854	-8.867564E-12	-1.127705E+11	15.901867	0.66103	0	0
0	0	0	-0.09562	9.460364	-6.313287	9.460364	8832.5	-8.336614E-12	-1.199528E+11	15.909643	0.659879	0	0
0	0	0	-0.099753	9.460218	-6.317625	9.460218	8809.5	-1.041387E-11	-9.602577E+10	15.898272	0.658767	0	0
0	0	0	-0.102873	9.460302	-6.321026	9.460302	8791.5	-9.082465E-12	-1.101023E+11	15.894353	0.657576	0	0
0	0	0	-0.106434	9.460135	-6.324737	9.460135	8771	-1.211608E-11	-8.253493E+10	15.903178	0.656346	0	0
0	0	0	-0.109668	9.460239	-6.328275	9.460239	8752.5	-9.986362E-12	-1.001366E+11	15.904877	0.654718	0	0
0	0	0	-0.11251	9.460281	-6.331351	9.460281	8736.5	-9.319353E-12	-1.073036E+11	15.901961	0.653686	0	0
0	0	0	-0.115336	9.459947	-6.334163	9.459947	8720.5	-1.94066E-11	-5.152886E+10	15.904096	0.652495	0	0
0	0	0	-0.118195	9.460072	-6.337312	9.460072	8704.5	-1.376434E-11	-7.265151E+10	15.887773	0.651384	0	0
0	0	0	-0.120514	9.460218	-6.339896	9.460218	8691.5	-1.027438E-11	-9.732946E+10	15.887056	0.650272	0	0
0	0	0	-0.122376	9.460145	-6.341846	9.460145	8681	-1.17443E-11	-8.514768E+10	15.898904	0.648843	0	0
0	0	0	-0.124549	9.460218	-6.344224	9.460218	8668.5	-1.024719E-11	-9.75877E+10	15.889806	0.647573	0	0
0	0	0	-0.126754	9.460218	-6.34659	9.460218	8656	-1.023242E-11	-9.772863E+10	15.88931	0.64666	0	0
0	0	0	-0.128681	9.460062	-6.348554	9.460062	8645.5	-1.400893E-11	-7.138302E+10	15.895569	0.64527	0	0
0	0	0	-0.130887	9.459885	-6.350803	9.459885	8633	-2.41254E-11	-4.145009E+10	15.878631	0.644238	0	0
0	0	0	-0.132487	9.460344	-6.352822	9.460344	8624	-8.381143E-12	-1.193155E+11	15.882033	0.643047	0	0
0	0	0	-0.133451	9.460187	-6.353753	9.460187	8618.5	-1.077071E-11	-9.284441E+10	15.885857	0.641857	0	0
0	0	0	-0.135036	9.460197	-6.35546	9.460197	8610	-1.055881E-11	-9.470763E+10	15.883859	0.640348	0	0
0	0	0	-0.136751	9.460364	-6.35741	9.460364	8600.5	-8.117639E-12	-1.231885E+11	15.891222	0.639078	0	0
0	0	0	-0.138303	9.460114	-6.35891	9.460114	8591.5	-1.239026E-11	-8.070856E+10	15.889449	0.637847	0	0
0	0	0	-0.138531	9.460093	-6.359141	9.460093	8590.5	-1.295894E-11	-7.716679E+10	15.881243	0.636458	0	0
0	0	0	-0.139577	9.460291	-6.360393	9.460291	8584.5	-9.010603E-12	-1.109804E+11	15.895114	0.635148	0	0
0	0	0	-0.140883	9.460344	-6.361829	9.460344	8577.5	-8.335952E-12	-1.199623E+11	15.892226	0.633957	0	0
0	0	0	-0.141814	9.460051	-6.362636	9.460051	8572	-1.424183E-11	-7.021568E+10	15.891905	0.632568	0	0
0	0	0	-0.142109	9.460093	-6.362979	9.460093	8570.5	-1.292877E-11	-7.734687E+10	15.903528	0.631337	0	0
0	0	0	-0.142827	9.459978	-6.363674	9.459978	8566.5	-1.730198E-11	-5.779686E+10	15.894139	0.630146	0	0
0	0	0	-0.143742	9.460072	-6.364717	9.460072	8561.5	-1.353821E-11	-7.386499E+10	15.885484	0.628995	0	0
0	0	0	-0.14464	9.460291	-6.365825	9.460291	8556.5	-8.981213E-12	-1.113435E+11	15.892022	0.627884	0	0
0	0	0	-0.144608	9.459947	-6.365564	9.459947	8556.5	-1.904163E-11	-5.25165E+10	15.884073	0.626772	0	0
0	0	0	-0.145343	9.459916	-6.366332	9.459916	8552.5	-2.119064E-11	-4.719065E+10	15.87946	0.625621	0	0
0	0	0	-0.145996	9.46002	-6.367101	9.46002	8549	-1.537232E-11	-6.505198E+10	15.896335	0.62439	0	0
0	0	0	-0.146012	9.460291	-6.367297	9.460291	8549	-8.973341E-12	-1.114412E+11	15.882019	0.623318	0	0
0	0	0	-0.146911	9.46026	-6.36824	9.46026	8544	-9.420569E-12	-1.061507E+11	15.872774	0.622128	0	0
0	0	0	-0.146846	9.460281	-6.368184	9.460281	8544	-9.11401E-12	-1.097212E+11	15.886456	0.620778	0	0
0	0	0	-0.147548	9.460187	-6.368876	9.460187	8540	-1.06726E-11	-9.369784E+10	15.884267	0.619508	0	0
0	0	0	-0.147907	9.460124	-6.36922	9.460124	8538	-1.204808E-11	-8.300079E+10	15.885006	0.618158	0	0
0	0	0	-0.14812	9.46002	-6.369379	9.46002	8537	-1.535074E-11	-6.514342E+10	15.890938	0.617086	0	0
0	0	0	-0.148871	9.460187	-6.370295	9.460187	8533	-1.066386E-11	-9.377471E+10	15.870593	0.616173	0	0
0	0	0	-0.149034	9.460239	-6.370504	9.460239	8532	-9.734778E-12	-1.027245E+11	15.868727	0.615062	0	0
0	0	0	-0.149524	9.45977	-6.370721	9.45977	8529.5	-4.487933E-11	-2.228197E+10	15.882998	0.613791	0	0
0	0	0	-0.149818	9.460229	-6.371339	9.460229	8527.5	-9.901972E-12	-1.0099E+11	15.868939	0.61268	0	0
0	0	0	-0.151321	9.460072	-6.372848	9.460072	8519.5	-1.34718E-11	-7.422913E+10	15.87191	0.611449	0	0
0	0	0	-0.151109	9.460114	-6.372647	9.460114	8520.5	-1.228787E-11	-8.13811E+10	15.879481	0.610298	0	0
0	0	0	-0.152171	9.46001	-6.373718	9.46001	8514.5	-1.574205E-11	-6.352414E+10	15.85931	0.609306	0	0
0	0	0	-0.152938	9.459968	-6.374514	9.459968	8510.5	-1.773524E-11	-5.63849E+10	15.860676	0.608234	0	0
0	0	0	-0.153232	9.46025	-6.375015	9.46025	8508.5	-9.541903E-12	-1.048009E+11	15.872632	0.606924	0	0
0	0	0	-0.153526	9.460156	-6.375268	9.460156	8507.5	-1.127687E-11	-8.867707E+10	15.852487	0.605932	0	0
0	0	0	-0.154523	9.459916	-6.376179	9.459916	8502	-2.106551E-11	-4.747095E+10	15.862343	0.604661	0	0
0	0	0	-0.154605	9.460385	-6.376576	9.460385	8501.5	-7.799619E-12	-1.282114E+11	15.872752	0.603391	0	0
0	0	0	-0.154703	9.460124	-6.376509	9.460124	8500.5	-1.199516E-11	-8.336695E+10	15.845365	0.602438	0	0
0	0	0	-0.155111	9.460187	-6.376989	9.460187	8498.5	-1.062074E-11	-9.415539E+10	15.847686	0.601525	0	0
0	0	0	-0.156548	9.460197	-6.378537	9.460197	8490.5	-1.041226E-11	-9.60406E+10	15.863637	0.600096	0	0
0	0	0	-0.156369	9.460166	-6.378324	9.460166	8491.5	-1.10326E-11	-9.064044E+10	15.846806	0.598826	0	0
0	0	0	-0.156565	9.459916	-6.37837	9.459916	8490.5	-2.103702E-11	-4.753525E+10	15.860436	0.597953	0	0
0	0	0	-0.156222	9.460448	-6.378352	9.460448	8492.5	-7.187848E-12	-1.391237E+11	15.84142	0.597119	0	0
0	0	0	-0.157087	9.460062	-6.379026	9.460062	8487.5	-1.375291E-11	-7.271186E+10	15.828571	0.595889	0	0
0	0	0	-0.157773	9.459926	-6.379673	9.459926	8484	-2.025541E-11	-4.936954E+10	15.84138	0.594817	0	0
0	0	0	-0.157218	9.460291	-6.379318	9.460291	8487	-8.908263E-12	-1.122553E+11	15.843478	0.593427	0	0
0	0	0	-0.157839	9.460479	-6.380107	9.460479	8483.5	-6.912511E-12	-1.446652E+11	15.82476	0.592395	0	0
0	0	0	-0.158231	9.460239	-6.38037	9.460239	8481.5	-9.677159E-12	-1.033361E+11	15.847423	0.591363	0	0
0	0	0	-0.158116	9.460302	-6.380288	9.460302	8482	-8.762722E-12	-1.141198E+11	15.837281	0.590172	0	0
0	0	0	-0.158574	9.460427	-6.380861	9.460427	8479.5	-7.367061E-12	-1.357393E+11	15.822528	0.589061	0	0
0	0	0	-0.157888	9.460197	-6.379974	9.460197	8483.5	-1.040368E-11	-9.611985E+10	15.841102	0.587989	0	0
0	0	0	-0.1581	9.460208	-6.380209	9.460208	8482	-1.021084E-11	-9.793514E+10	15.825534	0.586798	0	0
0	0	0	-0.158182	9.460177	-6.380276	9.460177	8481.5	-1.080547E-11	-9.254571E+10	15.826227	0.585726	0	0
0	0	0	-0.157969	9.460187	-6.380055	9.460187	8482.5	-1.060075E-11	-9.433299E+10	15.854987	0.584575	0	0
0	0	0	-0.1581	9.460239	-6.380229	9.460239	8482	-9.677729E-12	-1.0333E+11	15.823075	0.583503	0	0
0	0	0	-0.157626	9.460448	-6.379859	9.460448	8484.5	-7.181077E-12	-1.392549E+11	15.822883	0.582471	0	0
0	0	0	-0.157839	9.459885	-6.379716	9.459885	8483.5	-2.370762E-11	-4.218054E+10	15.839659	0.58128	0	0
0	0	0	-0.158133	9.460062	-6.380148	9.460062	8482	-1.3744E-11	-7.275901E+10	15.815332	0.580129	0	0
0	0	0	-0.157822	9.460344	-6.38	9.460344	8483.5	-8.244599E-12	-1.212915E+11	15.822692	0.579057	0	0
0	0	0	-0.157365	9.460197	-6.379414	9.460197	8486	-1.040674E-11	-9.609153E+10	15.834728	0.578065	0	0
0	0	0	-0.157969	9.460104	-6.38	9.460104	8482.5	-1.250821E-11	-7.994748E+10	15.804489	0.577033	0	0
0	0	0	-0.157512	9.460323	-6.379654	9.460323	8485.5	-8.4985E-12	-1.176678E+11	15.817414	0.57612	0	0
0	0	0	-0.157414	9.460344	-6.379562	9.460344	8486	-8.247029E-12	-1.212558E+11	15.825843	0.575008	0	0
0	0	0	-0.157545	9.460197	-6.379606	9.460197	8485	-1.040552E-11	-9.610285E+10	15.792699	0.573976	0	0
0	0	0	-0.157577	9.460135	-6.3796	9.460135	8485	-1.172101E-11	-8.53169E+10	15.826444	0.572785	0	0
0	0	0	-0.157773	9.459885	-6.379646	9.459885	8484	-2.370901E-11	-4.217805E+10	15.824535	0.571555	0	0
0	0	0	-0.157267	9.460145	-6.379274	9.460145	8486.5	-1.148117E-11	-8.709916E+10	15.791482	0.570642	0	0
0	0	0	-0.157855	9.460177	-6.379925	9.460177	8483.5	-1.080802E-11	-9.252389E+10	15.812112	0.569769	0	0
0	0	0	-0.157839	9.460083	-6.379846	9.460083	8483.5	-1.309893E-11	-7.63421E+10	15.799297	0.568617	0	0
0	0	0	-0.157773	9.46001	-6.379728	9.46001	8484	-1.568566E-11	-6.37525E+10	15.775057	0.567665	0	0
0	0	0	-0.157855	9.459832	-6.379699	9.459832	8483.5	-3.012896E-11	-3.319065E+10	15.816497	0.566434	0	0
0	0	0	-0.157675	9.460083	-6.379671	9.460083	8484.5	-1.310048E-11	-7.63331E+10	15.793128	0.565362	0	0
0	0	0	-0.158231	9.459874	-6.38013	9.459874	8481.5	-2.475733E-11	-4.039208E+10	15.782912	0.564529	0	0
0	0	0	-0.15761	9.460166	-6.379656	9.460166	8484.5	-1.102351E-11	-9.071522E+10	15.822358	0.563258	0	0
0	0	0	-0.15841	9.460187	-6.380528	9.460187	8480.5	-1.059825E-11	-9.435524E+10	15.784762	0.562306	0	0
0	0	0	-0.159211	9.460031	-6.381284	9.460031	8476	-1.48342E-11	-6.741181E+10	15.78197	0.561353	0	0
0	0	0	-0.158786	9.460333	-6.381027	9.460333	8478.5	-8.36372E-12	-1.19564E+11	15.817781	0.560083	0	0
0	0	0	-0.15975	9.460156	-6.381944	9.460156	8473	-1.123114E-11	-8.903814E+10	15.774773	0.55909	0	0
0	0	0	-0.159766	9.460218	-6.382003	9.460218	8473	-1.001609E-11	-9.983937E+10	15.785726	0.558217	0	0
0	0	0	-0.159652	9.460333	-6.381956	9.460333	8473.5	-8.358788E-12	-1.196346E+11	15.816185	0.556947	0	0
0	0	0	-0.160599	9.459926	-6.382705	9.459926	8468.5	-2.02184E-11	-4.94599E+10	15.759642	0.556153	0	0
0	0	0	-0.160991	9.460479	-6.383489	9.460479	8466	-6.898252E-12	-1.449643E+11	15.784627	0.55516	0	0
0	0	0	-0.16122	9.460333	-6.383638	9.460333	8465	-8.350403E-12	-1.197547E+11	15.798072	0.554009	0	0
0	0	0	-0.160975	9.460229	-6.383307	9.460229	8466	-9.830559E-12	-1.017236E+11	15.749408	0.553056	0	0
0	0	0	-0.161155	9.460406	-6.383616	9.460406	8465	-7.554694E-12	-1.32368E+11	15.807603	0.551786	0	0
0	0	0	-0.161694	9.460583	-6.384311	9.460583	8462.5	-6.133141E-12	-1.630486E+11	15.801326	0.550714	0	0
0	0	0	-0.162282	9.460072	-6.384606	9.460072	8459	-1.337613E-11	-7.476003E+10	15.745806	0.550159	0	0
0	0	0	-0.162314	9.460323	-6.384805	9.460323	8459	-8.471959E-12	-1.180365E+11	15.800155	0.548968	0	0
0	0	0	-0.162445	9.460385	-6.384987	9.460385	8458	-7.75971E-12	-1.288708E+11	15.774504	0.547737	0	0
0	0	0	-0.162396	9.460093	-6.384742	9.460093	8458.5	-1.275982E-11	-7.837103E+10	15.754712	0.546824	0	0
0	0	0	-0.16269	9.460448	-6.385291	9.460448	8457	-7.157802E-12	-1.397077E+11	15.801448	0.545951	0	0
0	0	0	-0.162919	9.460197	-6.385371	9.460197	8455.5	-1.036934E-11	-9.643814E+10	15.769079	0.544562	0	0
0	0	0	-0.162837	9.460187	-6.385277	9.460187	8456	-1.056763E-11	-9.462862E+10	15.749351	0.544045	0	0
0	0	0	-0.163376	9.46051	-6.386068	9.46051	8453	-6.64008E-12	-1.506006E+11	15.786051	0.543093	0	0
0	0	0	-0.162576	9.4605	-6.385202	9.4605	8457.5	-6.724183E-12	-1.48717E+11	15.738362	0.541783	0	0
0	0	0	-0.163099	9.460479	-6.385749	9.460479	8454.5	-6.888882E-12	-1.451614E+11	15.76794	0.540909	0	0
0	0	0	-0.16238	9.460187	-6.384786	9.460187	8458.5	-1.057075E-11	-9.460065E+10	15.789152	0.539917	0	0
0	0	0	-0.163164	9.460187	-6.385627	9.460187	8454.5	-1.056575E-11	-9.464541E+10	15.722373	0.538885	0	0
0	0	0	-0.162445	9.460208	-6.38487	9.460208	8458	-1.018195E-11	-9.821304E+10	15.773008	0.538012	0	0
0	0	0	-0.161759	9.460041	-6.384024	9.460041	8462	-1.442463E-11	-6.932589E+10	15.774031	0.536702	0	0
0	0	0	-0.162412	9.460218	-6.384842	9.460218	8458.5	-9.998948E-12	-1.000105E+11	15.715233	0.535987	0	0
0	0	0	-0.161988	9.460062	-6.384283	9.460062	8460.5	-1.370916E-11	-7.294391E+10	15.784444	0.534915	0	0
0	0	0	-0.16153	9.460051	-6.383786	9.460051	8463	-1.406074E-11	-7.112003E+10	15.752729	0.533724	0	0
0	0	0	-0.161285	9.460375	-6.383736	9.460375	8464.5	-7.875887E-12	-1.269698E+11	15.715415	0.53301	0	0
0	0	0	-0.161334	9.460531	-6.383891	9.460531	8464.5	-6.493506E-12	-1.54E+11	0	0	0	0
0	0	0	-0.160893	9.460239	-6.383226	9.460239	8466.5	-9.660044E-12	-1.035192E+11	0	0	0	0
0	0	0	-0.160648	9.460156	-6.382908	9.460156	8468	-1.122451E-11	-8.909071E+10	0	0	0	0
0	0	0	-0.160844	9.459926	-6.382967	9.459926	8467	-2.021482E-11	-4.946866E+10	0	0	0	0
0	0	0	-0.160812	9.460375	-6.383227	9.460375	8467	-7.878213E-12	-1.269323E+11	0	0	0	0
0	0	0	-0.160697	9.460104	-6.382926	9.460104	8468	-1.248683E-11	-8.008438E+10	0	0	0	0
0	0	0	-0.160779	9.460104	-6.383014	9.460104	8467	-1.248536E-11	-8.009383E+10	0	0	0	0
0	0	0	-0.161204	9.460166	-6.383511	9.460166	8465	-1.099817E-11	-9.09242E+10	0	0	0	0
0	0	0	-0.160567	9.460344	-6.382944	9.460344	8468.5	-8.230022E-12	-1.215064E+11	0	0	0	0
0	0	0	-0.160599	9.46025	-6.382917	9.46025	8468.5	-9.497045E-12	-1.052959E+11	0	0	0	0
0	0	0	-0.161008	9.459895	-6.383122	9.459895	8466	-2.269147E-11	-4.406942E+10	0	0	0	0
0	0	0	-0.161008	9.460145	-6.383287	9.460145	8466	-1.145343E-11	-8.731007E+10	0	0	0	0
0	0	0	-0.160648	9.459843	-6.382702	9.459843	8468	-2.852849E-11	-3.505268E+10	0	0	0	0
0	0	0	-0.160861	9.460197	-6.383163	9.460197	8467	-1.038344E-11	-9.630716E+10	0	0	0	0
0	0	0	-0.160599	9.460051	-6.382787	9.460051	8468.5	-1.406987E-11	-7.107384E+10	0	0	0	0
0	0	0	-0.161285	9.459895	-6.38342	9.459895	8464.5	-2.268745E-11	-4.407723E+10	0	0	0	0
0	0	0	-0.161122	9.459801	-6.383183	9.459801	8465.5	-3.589913E-11	-2.785583E+10	0	0	0	0
0	0	0	-0.161743	9.460271	-6.384158	9.460271	8462	-9.175837E-12	-1.089819E+11	0	0	0	0
0	0	0	-0.161514	9.460083	-6.383789	9.460083	8463	-1.306728E-11	-7.652703E+10	0	0	0	0
0	0	0	-0.161792	9.459864	-6.383943	9.459864	8462	-2.58514E-11	-3.868262E+10	0	0	0	0
0	0	0	-0.161351	9.460156	-6.383662	9.460156	8464	-1.121921E-11	-8.913282E+10	0	0	0	0
0	0	0	-0.162282	9.460271	-6.384736	9.460271	8459	-9.172584E-12	-1.090205E+11	0	0	0	0
0	0	0	-0.162314	9.460302	-6.384791	9.460302	8459	-8.73896E-12	-1.144301E+11	0	0	0	0
0	0	0	-0.162903	9.460166	-6.385333	9.460166	8456	-1.098648E-11	-9.102097E+10	0	0	0	0
0	0	0	-0.16318	9.460291	-6.385713	9.460291	8454	-8.873625E-12	-1.126935E+11	0	0	0	0
0	0	0	-0.163425	9.460072	-6.385832	9.460072	8453	-1.336664E-11	-7.481309E+10	0	0	0	0
0	0	0	-0.164013	9.460229	-6.386566	9.460229	8449.5	-9.811399E-12	-1.019223E+11	0	0	0	0
0	0	0	-0.16336	9.460531	-6.386064	9.460531	8453	-6.484684E-12	-1.542095E+11	0	0	0	0
0	0	0	-0.163801	9.460281	-6.386372	9.460281	8450.5	-9.014272E-12	-1.109352E+11	0	0	0	0
0	0	0	-0.164405	9.460417	-6.38711	9.460417	8447.5	-7.437826E-12	-1.344479E+11	0	0	0	0
0	0	0	-0.164258	9.460271	-6.386856	9.460271	8448.5	-9.161198E-12	-1.09156E+11	0	0	0	0
0	0	0	-0.164128	9.460187	-6.386661	9.460187	8449	-1.055888E-11	-9.470702E+10	0	0	0	0
0	0	0	-0.164356	9.46026	-6.386954	9.46026	8448	-9.31472E-12	-1.07357E+11	0	0	0	0
0	0	0	-0.164928	9.460479	-6.387712	9.460479	8444.5	-6.880733E-12	-1.453333E+11	0	0	0	0
0	0	0	-0.164912	9.460239	-6.387536	9.460239	8444.5	-9.634943E-12	-1.037889E+11	0	0	0	0
0	0	0	-0.164487	9.460135	-6.387012	9.460135	8447	-1.166851E-11	-8.570071E+10	0	0	0	0
0	0	0	-0.164471	9.460406	-6.387173	9.460406	8447	-7.538629E-12	-1.326501E+11	0	0	0	0
0	0	0	-0.164324	9.459905	-6.386686	9.459905	8448	-2.175386E-11	-4.596885E+10	0	0	0	0
0	0	0	-0.16452	9.460218	-6.387102	9.460218	8447	-9.985354E-12	-1.001467E+11	0	0	0	0
0	0	0	-0.164111	9.460208	-6.386657	9.460208	8449	-1.017111E-11	-9.831765E+10	0	0	0	0
0	0	0	-0.164095	9.460062	-6.386544	9.460062	8449	-1.369053E-11	-7.304319E+10	0	0	0	0
0	0	0	-0.164242	9.459999	-6.38666	9.459999	8448.5	-1.60733E-11	-6.221496E+10	0	0	0	0
0	0	0	-0.164209	9.459978	-6.386611	9.459978	8448.5	-1.706365E-11	-5.860411E+10	0	0	0	0
0	0	0	-0.16403	9.460385	-6.386686	9.460385	8449.5	-7.751912E-12	-1.290004E+11	0	0	0	0
0	0	0	-0.163801	9.460104	-6.386256	9.460104	8450.5	-1.246102E-11	-8.025022E+10	0	0	0	0
0	0	0	-0.163654	9.460031	-6.38605	9.460031	8451.5	-1.479132E-11	-6.760723E+10	0	0	0	0
0	0	0	-0.163148	9.460041	-6.385514	9.460041	8454.5	-1.441184E-11	-6.938739E+10	0	0	0	0
0	0	0	-0.163033	9.46025	-6.385528	9.46025	8455	-9.481905E-12	-1.05464E+11	0	0	0	0
0	0	0	-0.162706	9.459853	-6.384917	9.459853	8456.5	-2.709729E-11	-3.690406E+10	0	0	0	0
0	0	0	-0.162461	9.460291	-6.384942	9.460291	8458	-8.877824E-12	-1.126402E+11	0	0	0	0
0	0	0	-0.162053	9.460093	-6.384374	9.460093	8460.5	-1.276283E-11	-7.83525E+10	0	0	0	0
0	0	0	-0.162347	9.460458	-6.384929	9.460458	8458.5	-7.067826E-12	-1.414862E+11	0	0	0	0
0	0	0	-0.161792	9.459895	-6.383963	9.459895	8462	-2.268075E-11	-4.409026E+10	0	0	0	0
0	0	0	-0.161988	9.459978	-6.384228	9.459978	8460.5	-1.708789E-11	-5.852099E+10	0	0	0	0
0	0	0	-0.161808	9.459697	-6.38385	9.459697	8461.5	-1.016004E-10	-9.842478E+9	0	0	0	0
0	0	0	-0.162233	9.459905	-6.384443	9.459905	8459	-2.178219E-11	-4.590908E+10	0	0	0	0
0	0	0	-0.161988	9.460427	-6.384523	9.460427	8460.5	-7.350554E-12	-1.360442E+11	0	0	0	0
0	0	0	-0.161775	9.460187	-6.384138	9.460187	8462	-1.057513E-11	-9.456152E+10	0	0	0	0
0	0	0	-0.161661	9.460104	-6.38396	9.460104	8462.5	-1.247872E-11	-8.013642E+10	0	0	0	0
0	0	0	-0.161579	9.460062	-6.383845	9.460062	8463	-1.371321E-11	-7.292236E+10	0	0	0	0
0	0	0	-0.161318	9.460333	-6.383743	9.460333	8464.5	-8.34991E-12	-1.197618E+11	0	0	0	0
0	0	0	-0.162151	9.459978	-6.384404	9.459978	8460	-1.708688E-11	-5.852445E+10	0	0	0	0
0	0	0	-0.162772	9.460197	-6.385214	9.460197	8456.5	-1.037057E-11	-9.642674E+10	0	0	0	0
0	0	0	-0.162935	9.460062	-6.3853	9.460062	8455.5	-1.370106E-11	-7.298704E+10	0	0	0	0
0	0	0	-0.162641	9.460229	-6.385094	9.460229	8457	-9.820108E-12	-1.018319E+11	0	0	0	0
0	0	0	-0.162821	9.460114	-6.385211	9.460114	8456	-1.219485E-11	-8.200185E+10	0	0	0	0
0	0	0	-0.163099	9.460145	-6.38553	9.460145	8454.5	-1.143787E-11	-8.742883E+10	0	0	0	0
0	0	0	-0.163376	9.460177	-6.385848	9.460177	8453	-1.076916E-11	-9.285774E+10	0	0	0	0
0	0	0	-0.163621	9.460302	-6.386193	9.460302	8452	-8.731729E-12	-1.145249E+11	0	0	0	0
0	0	0	-0.164209	9.460281	-6.38681	9.460281	8448.5	-9.012139E-12	-1.109615E+11	0	0	0	0
0	0	0	-0.164422	9.460239	-6.387011	9.460239	8447	-9.637795E-12	-1.037582E+11	0	0	0	0
0	0	0	-0.164487	0	-0.164487	0	8447	0	0	0	0	0	0
0	0	0	-0.16501	0	-0.16501	0	8444	0	0	0	0	0	0
