Vload_(V)	ILoad_(A)	RsLoad_(ohm)	SunsVoc_Voltage_(V)	SunsVoc_Current_(A)	Model_Voltage_(V)	Model_Current_(A)	Carrier_Density_(cm-3)	Lifetime_(s)	Inverse_Lifetime_(s-1)	(Carrier_Density+Doping)/qWni^2_(cm^2/C)	Carrier_Density_at_Vmp_(cm-3)	Lifetime_at_Vmp_(s)	Efficiency_(%)	Intensity_(suns)	Dark_IV_Voltage_(V)	Dark_IV_Current_(A)
4.849035	8.907964	0	37.7894	-0.37446	37.894488	-0.37446	2.58255E+14	1.952627E-5	51212.937838	5.945471E+16	1.563547E+13	1.522063E-5	14.936494	1.144737	0	0
4.824284	8.909143	-0.568988	37.669781	0.258176	37.596476	0.258176	2.393305E+14	1.94189E-5	51496.135901	5.936596E+16	0	0	14.886592	1.143527	0	0
4.853921	8.909131	-0.572319	37.546602	0.866685	37.297583	0.866685	2.212664E+14	1.931178E-5	51781.775202	5.928124E+16	0	0	14.901524	1.138981	0	0
5.030336	8.905466	1.54967	37.424712	1.433144	37.008128	1.433144	2.04713E+14	1.922103E-5	52026.273112	5.920361E+16	0	0	14.914841	1.136147	0	0
5.789229	8.897766	2.054633	37.306972	1.932034	36.73911	1.932034	1.898828E+14	1.910361E-5	52346.062811	5.913405E+16	0	0	14.89158	1.133129	0	0
7.348246	8.868597	2.309523	37.193675	2.381323	36.486332	2.381323	1.766136E+14	1.899182E-5	52654.198509	5.907182E+16	0	0	14.900527	1.128663	0	0
9.214353	8.849803	2.201713	37.08095	2.795916	36.241782	2.795916	1.643201E+14	1.886844E-5	52998.500816	5.901417E+16	0	0	14.902849	1.120868	0	0
11.06706	8.844909	2.012823	36.968878	3.190163	36.001538	3.190163	1.529362E+14	1.877212E-5	53270.437126	5.896078E+16	0	0	14.915617	1.11293	0	0
12.890753	8.839536	1.827254	36.855401	3.56447	35.763429	3.56447	1.422041E+14	1.86775E-5	53540.317341	5.891045E+16	0	0	14.929639	1.106155	0	0
14.697402	8.838743	1.625584	36.742464	3.909457	35.532651	3.909457	1.32263E+14	1.857078E-5	53847.991977	5.886382E+16	0	0	14.917223	1.097787	0	0
16.503343	8.834534	1.436154	36.63031	4.228446	35.30873	4.228446	1.230723E+14	1.845828E-5	54176.214899	5.882072E+16	0	0	14.927878	1.087923	0	0
18.30255	8.832666	1.238618	36.518157	4.526594	35.089417	4.526594	1.145144E+14	1.83435E-5	54515.190244	5.878059E+16	0	0	14.936765	1.077477	0	0
20.107981	8.829539	1.044216	36.406624	4.804957	34.875273	4.804957	1.065892E+14	1.823237E-5	54847.4914	5.874342E+16	0	0	14.943957	1.067803	0	0
21.907806	8.825483	0.852691	36.295711	5.064902	34.666053	5.064902	9.924786E+13	1.812491E-5	55172.684644	5.870899E+16	0	0	14.951671	1.058632	0	0
23.710457	8.819949	0.663801	36.183868	5.3056	34.46043	5.3056	9.235307E+13	1.799268E-5	55578.155831	5.867665E+16	0	0	14.956845	1.048242	0	0
25.512931	8.79878	0.509698	36.075798	5.526554	34.264147	5.526554	8.614319E+13	1.787949E-5	55929.993655	5.864753E+16	0	0	14.976834	1.03778	0	0
26.113596	8.774722	0.486635	35.970456	5.732484	34.074677	5.732484	8.048962E+13	1.778945E-5	56213.083762	5.862101E+16	0	0	14.990097	1.027979	0	0
26.712144	8.741909	0.467623	35.866421	5.921247	33.89126	5.921247	7.526828E+13	1.768683E-5	56539.236169	5.859653E+16	0	0	14.99399	1.01856	0	0
27.310084	8.698225	0.451539	35.764297	6.094746	33.714128	6.094746	7.047058E+13	1.758072E-5	56880.497298	5.857403E+16	0	0	14.999411	1.00903	0	0
27.903744	8.631565	0.444162	35.663316	6.255792	33.541586	6.255792	6.60258E+13	1.747206E-5	57234.237608	5.855318E+16	0	0	15.002848	0.998967	0	0
28.503222	8.552351	0.431058	35.562401	6.408397	33.371112	6.408397	6.186259E+13	1.736982E-5	57571.104184	5.853366E+16	0	0	15.006713	0.98903	0	0
29.06336	8.451906	0.42189	35.460571	6.552443	33.20166	6.552443	5.792646E+13	1.725925E-5	57939.931305	5.85152E+16	0	0	15.008117	0.979707	0	0
29.613024	8.333437	0.410438	35.358691	6.687842	33.034348	6.687842	5.423798E+13	1.714584E-5	58323.179954	5.84979E+16	0	0	15.009462	0.970273	0	0
30.142423	8.188863	0.40079	35.25727	6.813775	32.870137	6.813775	5.079843E+13	1.702419E-5	58739.947318	5.848177E+16	0	0	15.010664	0.960862	0	0
30.696698	8.003968	0.389318	35.156877	6.932143	32.709119	6.932143	4.760782E+13	1.691075E-5	59133.994656	5.84668E+16	0	0	15.016866	0.951292	0	0
31.246757	7.776517	0.37908	35.059833	7.042526	32.554286	7.042526	4.471357E+13	1.68225E-5	59444.190637	5.845323E+16	0	0	15.020272	0.94208	0	0
31.795702	7.500245	0.369366	34.961417	7.146181	32.399634	7.146181	4.195745E+13	1.671432E-5	59828.94579	5.84403E+16	0	0	15.023642	0.932948	0	0
32.345891	7.165724	0.360567	34.864585	7.243395	32.248646	7.243395	3.941105E+13	1.661683E-5	60179.954994	5.842836E+16	0	0	15.02432	0.923546	0	0
32.871638	6.777163	0.354816	34.766398	7.335657	32.097312	7.335657	3.698628E+13	1.650955E-5	60571.001454	5.841699E+16	0	0	15.021275	0.914398	0	0
33.396179	6.324164	0.348578	34.668651	7.422415	31.948028	7.422415	3.472018E+13	1.640314E-5	60963.920441	5.840636E+16	0	0	15.017693	0.905425	0	0
33.91105	5.804599	0.344764	34.571885	7.504164	31.80131	7.504164	3.261324E+13	1.630499E-5	61330.909796	5.839648E+16	0	0	15.015785	0.896317	0	0
34.426552	5.222651	0.341157	34.475968	7.580022	31.657373	7.580022	3.065069E+13	1.619918E-5	61731.525532	5.838728E+16	0	0	15.012692	0.887328	0	0
34.933765	4.581188	0.336583	34.380312	7.65132	31.515059	7.65132	2.881084E+13	1.609072E-5	62147.603451	5.837865E+16	0	0	15.01294	0.878236	0	0
35.417836	3.909297	0.33536	34.286943	7.717388	31.377115	7.717388	2.71213E+13	1.598767E-5	62548.192432	5.837072E+16	0	0	15.005104	0.869645	0	0
35.888715	3.200987	0.338516	34.195306	7.783687	31.240847	7.783687	2.555927E+13	1.595537E-5	62674.813738	5.83634E+16	0	0	15.002394	0.860983	0	0
36.342956	2.469389	0.344094	34.104273	7.841976	31.108038	7.841976	2.409646E+13	1.586474E-5	63032.847249	5.835654E+16	0	0	15.000826	0.852472	0	0
36.749791	1.781074	0.348861	34.013665	7.897292	30.976599	7.897292	2.272347E+13	1.57796E-5	63372.94301	5.83501E+16	0	0	14.998376	0.844032	0	0
37.098074	1.164485	0.351402	33.923677	7.950553	30.846435	7.950553	2.143719E+13	1.571453E-5	63635.363807	5.834407E+16	0	0	14.994357	0.835609	0	0
37.366053	0.668891	0.350402	33.834278	7.999161	30.718538	7.999161	2.02313E+13	1.562378E-5	64004.99231	5.833841E+16	0	0	14.983418	0.827615	0	0
29.688589	8.31242	0.410214	33.744911	8.044572	30.591695	8.044572	1.909355E+13	1.552068E-5	64430.180971	5.833307E+16	0	0	14.970964	0.819837	0	0
37.719842	0	0	33.657439	8.087499	30.467924	8.087499	1.804182E+13	1.543306E-5	64795.95241	5.832814E+16	0	0	14.959883	0.811954	0	0
0	0	0	33.570768	8.127682	30.346015	8.127682	1.705679E+13	1.534185E-5	65181.191332	5.832352E+16	0	0	14.942864	0.803985	0	0
0	0	0	33.486514	8.165775	30.227709	8.165775	1.615074E+13	1.527249E-5	65477.22105	5.831927E+16	0	0	14.927296	0.796158	0	0
0	0	0	33.4011	8.201684	30.108682	8.201684	1.528127E+13	1.518499E-5	65854.523983	5.83152E+16	0	0	14.914409	0.788436	0	0
0	0	0	33.315849	8.23532	29.990604	8.23532	1.446009E+13	1.508751E-5	66280.00727	5.831134E+16	0	0	14.899872	0.780737	0	0
0	0	0	33.232069	8.266787	29.875054	8.266787	1.369603E+13	1.499161E-5	66703.96249	5.830776E+16	0	0	14.887185	0.773269	0	0
0	0	0	33.149089	8.296729	29.760964	8.296729	1.297903E+13	1.490273E-5	67101.80579	5.83044E+16	0	0	14.877804	0.76588	0	0
0	0	0	33.06606	8.325194	29.647284	8.325194	1.229914E+13	1.481185E-5	67513.529922	5.830121E+16	0	0	14.865676	0.758675	0	0
0	0	0	32.983537	8.352008	29.534779	8.352008	1.165865E+13	1.471768E-5	67945.477536	5.829821E+16	0	0	14.84898	0.751732	0	0
0	0	0	32.901129	8.378029	29.422622	8.378029	1.105231E+13	1.463734E-5	68318.427049	5.829536E+16	0	0	14.832443	0.744861	0	0
0	0	0	32.818917	8.402067	29.311415	8.402067	1.047881E+13	1.453722E-5	68788.929906	5.829267E+16	0	0	14.806871	0.738253	0	0
0	0	0	32.73659	8.425168	29.200353	8.425168	9.934305E+12	1.444127E-5	69245.99189	5.829012E+16	0	0	14.789315	0.731462	0	0
0	0	0	32.655032	8.447426	29.090487	8.447426	9.422761E+12	1.435967E-5	69639.459315	5.828772E+16	0	0	14.766394	0.724949	0	0
0	0	0	32.574077	8.467776	28.982077	8.467776	8.941042E+12	1.425548E-5	70148.445053	5.828546E+16	0	0	14.751445	0.718245	0	0
0	0	0	32.492388	8.487653	28.87287	8.487653	8.479891E+12	1.41596E-5	70623.44664	5.82833E+16	0	0	14.724433	0.711852	0	0
0	0	0	32.409669	8.506286	28.762838	8.506286	8.037146E+12	1.404286E-5	71210.568554	5.828122E+16	0	0	14.70354	0.705276	0	0
0	0	0	32.329123	8.524348	28.655649	8.524348	7.628239E+12	1.395596E-5	71653.973805	5.82793E+16	0	0	14.689636	0.698803	0	0
0	0	0	32.247564	8.541268	28.547624	8.541268	7.235372E+12	1.384797E-5	72212.76693	5.827746E+16	0	0	14.665624	0.692426	0	0
0	0	0	32.167328	8.557345	28.441524	8.557345	6.868617E+12	1.374881E-5	72733.544237	5.827574E+16	0	0	14.64711	0.685865	0	0
0	0	0	32.087387	8.57333	28.335757	8.57333	6.521685E+12	1.367796E-5	73110.314198	5.827411E+16	0	0	14.618956	0.679599	0	0
0	0	0	32.007984	8.587618	28.231333	8.587618	6.194433E+12	1.357105E-5	73686.241128	5.827258E+16	0	0	14.588357	0.673341	0	0
0	0	0	31.927389	8.601486	28.125557	8.601486	5.879047E+12	1.346291E-5	74278.139746	5.82711E+16	0	0	14.556646	0.667036	0	0
0	0	0	31.848329	8.614654	28.02193	8.614654	5.585269E+12	1.336438E-5	74825.752789	5.826972E+16	0	0	14.519579	0.660953	0	0
0	0	0	31.772488	8.627343	27.922442	8.627343	5.317249E+12	1.329838E-5	75197.146825	5.826847E+16	0	0	14.496387	0.654711	0	0
0	0	0	31.696662	8.639213	27.823288	8.639213	5.062138E+12	1.32195E-5	75645.841871	5.826727E+16	0	0	14.464932	0.648668	0	0
0	0	0	31.61824	8.650636	27.72107	8.650636	4.811153E+12	1.312182E-5	76208.955437	5.826609E+16	0	0	14.436406	0.642585	0	0
0	0	0	31.536354	8.661622	27.614712	8.661622	4.562351E+12	1.299816E-5	76933.983735	5.826492E+16	0	0	14.418608	0.636495	0	0
0	0	0	31.457082	8.672376	27.511648	8.672376	4.333749E+12	1.291044E-5	77456.692894	5.826385E+16	0	0	14.396437	0.630499	0	0
0	0	0	31.379542	8.682193	27.41111	8.682193	4.121223E+12	1.281117E-5	78056.900658	5.826286E+16	0	0	14.373135	0.624552	0	0
0	0	0	31.30205	8.690971	27.311068	8.690971	3.91924E+12	1.267617E-5	78888.18588	5.826191E+16	0	0	14.342483	0.618804	0	0
0	0	0	31.22384	8.700033	27.209967	8.700033	3.725417E+12	1.257441E-5	79526.563876	5.8261E+16	0	0	14.309731	0.613223	0	0
0	0	0	31.146642	8.70869	27.11027	8.70869	3.543503E+12	1.247999E-5	80128.256459	5.826015E+16	0	0	14.270173	0.607721	0	0
0	0	0	31.069478	8.716716	27.010871	8.716716	3.37054E+12	1.236898E-5	80847.382395	5.825934E+16	0	0	14.233787	0.602228	0	0
0	0	0	30.991937	8.724406	26.911129	8.724406	3.205238E+12	1.225513E-5	81598.465317	5.825856E+16	0	0	14.199988	0.596742	0	0
0	0	0	30.914347	8.731927	26.811373	8.731927	3.047943E+12	1.215162E-5	82293.581419	5.825782E+16	0	0	14.167052	0.591209	0	0
0	0	0	30.837738	8.739251	26.712893	8.739251	2.900208E+12	1.206457E-5	82887.32711	5.825713E+16	0	0	14.123931	0.585826	0	0
0	0	0	30.75974	8.746238	26.61282	8.746238	2.757149E+12	1.196496E-5	83577.35611	5.825646E+16	0	0	14.091554	0.580365	0	0
0	0	0	30.683261	8.752338	26.515024	8.752338	2.623729E+12	1.183223E-5	84514.890365	5.825583E+16	0	0	14.056513	0.57519	0	0
0	0	0	30.604055	8.758744	26.41367	8.758744	2.49235E+12	1.172228E-5	85307.663147	5.825522E+16	0	0	14.018646	0.569839	0	0
0	0	0	30.526661	8.764479	26.314862	8.764479	2.370334E+12	1.159398E-5	86251.666112	5.825464E+16	0	0	13.973059	0.564704	0	0
0	0	0	30.44948	8.770381	26.216212	8.770381	2.254602E+12	1.150101E-5	86948.910183	5.82541E+16	0	0	13.933123	0.559632	0	0
0	0	0	30.371662	8.77577	26.116995	8.77577	2.143633E+12	1.13807E-5	87868.026247	5.825358E+16	0	0	13.893924	0.554521	0	0
0	0	0	30.293729	8.781109	26.017637	8.781109	2.037973E+12	1.127514E-5	88690.687677	5.825309E+16	0	0	13.840366	0.549481	0	0
0	0	0	30.216254	8.785916	25.919084	8.785916	1.938096E+12	1.114488E-5	89727.311698	5.825262E+16	0	0	13.795708	0.544553	0	0
0	0	0	30.138452	8.790702	25.820115	8.790702	1.842722E+12	1.102896E-5	90670.379851	5.825217E+16	0	0	13.752644	0.539625	0	0
0	0	0	30.06052	8.795646	25.720886	8.795646	1.751893E+12	1.094684E-5	91350.599625	5.825174E+16	0	0	13.701776	0.534649	0	0
0	0	0	29.981868	8.799693	25.621188	8.799693	1.664764E+12	1.079121E-5	92668.037999	5.825134E+16	0	0	13.656488	0.529689	0	0
0	0	0	29.903985	8.804252	25.52217	8.804252	1.582755E+12	1.071059E-5	93365.550149	5.825095E+16	0	0	13.613797	0.524872	0	0
0	0	0	29.825138	8.808317	25.422182	8.808317	1.503845E+12	1.059183E-5	94412.348335	5.825058E+16	0	0	13.569568	0.519983	0	0
0	0	0	29.746846	8.811919	25.3231	8.811919	1.429384E+12	1.044491E-5	95740.384225	5.825023E+16	0	0	13.51692	0.515214	0	0
0	0	0	29.667574	8.815826	25.22263	8.815826	1.357746E+12	1.034214E-5	96691.753299	5.82499E+16	0	0	13.468255	0.510588	0	0
0	0	0	29.58675	8.819369	25.120399	8.819369	1.288401E+12	1.020636E-5	97978.076069	5.824957E+16	0	0	13.416917	0.505955	0	0
0	0	0	29.506645	8.822547	25.019231	8.822547	1.223167E+12	1.005013E-5	99501.17858	5.824926E+16	0	0	13.360725	0.501337	0	0
0	0	0	29.427128	8.825637	24.918826	8.825637	1.161678E+12	9.903113E-6	100978.350538	5.824898E+16	0	0	13.308394	0.496783	0	0
0	0	0	29.346631	8.828893	24.817103	8.828893	1.102579E+12	9.786388E-6	102182.741633	5.82487E+16	0	0	13.253162	0.492324	0	0
0	0	0	29.26664	8.831961	24.716091	8.831961	1.046831E+12	9.666685E-6	103448.08428	5.824844E+16	0	0	13.197544	0.487762	0	0
0	0	0	29.185816	8.834724	24.614189	8.834724	9.933636E+11	9.519011E-6	105052.931762	5.824819E+16	0	0	13.139419	0.483328	0	0
0	0	0	29.103669	8.837487	24.510629	8.837487	9.418185E+11	9.378872E-6	106622.634613	5.824795E+16	0	0	13.095043	0.478901	0	0
0	0	0	29.022094	8.840289	24.407748	8.840289	8.932791E+11	9.263817E-6	107946.866198	5.824772E+16	0	0	13.040982	0.474594	0	0
0	0	0	28.940078	8.843288	24.304202	8.843288	8.469987E+11	9.191173E-6	108800.046591	5.82475E+16	0	0	12.982955	0.470302	0	0
0	0	0	28.857164	8.845528	24.199925	8.845528	8.026481E+11	9.022409E-6	110835.141733	5.824729E+16	0	0	12.928847	0.465979	0	0
0	0	0	28.774445	8.847827	24.09585	8.847827	7.607164E+11	8.877931E-6	112638.855966	5.82471E+16	0	0	12.871756	0.461847	0	0
0	0	0	28.690828	8.849791	23.990826	8.849791	7.205551E+11	8.69313E-6	115033.363368	5.824691E+16	0	0	12.805248	0.457699	0	0
0	0	0	28.605267	8.852445	23.883007	8.852445	6.816539E+11	8.616858E-6	116051.57546	5.824672E+16	0	0	12.738874	0.453742	0	0
0	0	0	28.521046	8.854369	23.777232	8.854369	6.454133E+11	8.451689E-6	118319.550941	5.824655E+16	0	0	12.690121	0.449514	0	0
0	0	0	28.436563	8.856678	23.670917	8.856678	6.109958E+11	8.361127E-6	119601.098278	5.824639E+16	0	0	12.618712	0.445629	0	0
0	0	0	28.350708	8.858651	23.563065	8.858651	5.77899E+11	8.224638E-6	121585.892418	5.824624E+16	0	0	12.560662	0.44172	0	0
0	0	0	28.264772	8.860525	23.455156	8.860525	5.465659E+11	8.086061E-6	123669.60154	5.824609E+16	0	0	12.50766	0.437819	0	0
0	0	0	28.177839	8.862025	23.346203	8.862025	5.165977E+11	7.892287E-6	126705.984366	5.824595E+16	0	0	12.452862	0.433862	0	0
0	0	0	28.090007	8.864048	23.235839	8.864048	4.87988E+11	7.798541E-6	128229.110821	5.824582E+16	0	0	12.385571	0.430064	0	0
0	0	0	28.002666	8.865508	23.126384	8.865508	4.611093E+11	7.622499E-6	131190.567469	5.824569E+16	0	0	12.32606	0.426274	0	0
0	0	0	27.917138	8.867116	23.019096	8.867116	4.362238E+11	7.494925E-6	133423.623151	5.824557E+16	0	0	12.255784	0.422604	0	0
0	0	0	27.826954	8.868635	22.906058	8.868635	4.114369E+11	7.342066E-6	136201.4403	5.824546E+16	0	0	12.172097	0.419109	0	0
0	0	0	27.733994	8.870528	22.789349	8.870528	3.8736E+11	7.262018E-6	137702.771574	5.824534E+16	0	0	12.110941	0.415438	0	0
0	0	0	27.642732	8.871585	22.675213	8.871585	3.650942E+11	7.043341E-6	141978.083335	5.824524E+16	0	0	12.048791	0.41168	0	0
0	0	0	27.551062	8.873006	22.560358	8.873006	3.44017E+11	6.906442E-6	144792.35749	5.824514E+16	0	0	11.973982	0.40801	0	0
0	0	0	27.4582	8.874584	22.443924	8.874584	3.23906E+11	6.810109E-6	146840.53168	5.824505E+16	0	0	11.911631	0.404547	0	0
0	0	0	27.364178	8.87559	22.326362	8.87559	3.047413E+11	6.606394E-6	151368.497659	5.824496E+16	0	0	11.853676	0.400972	0	0
0	0	0	27.270009	8.876951	22.208411	8.876951	2.866831E+11	6.487693E-6	154138.004562	5.824487E+16	0	0	11.791044	0.397429	0	0
0	0	0	27.174337	8.877741	22.088909	8.877741	2.694322E+11	6.256632E-6	159830.390901	5.824479E+16	0	0	11.715335	0.394085	0	0
0	0	0	27.077864	8.879053	21.968108	8.879053	2.530879E+11	6.143733E-6	162767.481767	5.824472E+16	0	0	11.64776	0.390685	0	0
0	0	0	26.980183	8.880364	21.845794	8.880364	2.375487E+11	6.040548E-6	165547.905203	5.824464E+16	0	0	11.566084	0.387381	0	0
0	0	0	26.881097	8.881036	21.722098	8.881036	2.227605E+11	5.805715E-6	172244.081436	5.824457E+16	0	0	11.479745	0.384125	0	0
0	0	0	26.77948	8.882308	21.594896	8.882308	2.085501E+11	5.704866E-6	175288.960531	5.824451E+16	0	0	11.414536	0.380717	0	0
0	0	0	26.678581	8.883383	21.468698	8.883383	1.953373E+11	5.577135E-6	179303.536729	5.824444E+16	0	0	11.342467	0.377421	0	0
0	0	0	26.575738	8.88434	21.340144	8.88434	1.82731E+11	5.428538E-6	184211.648008	5.824439E+16	0	0	11.266396	0.374053	0	0
0	0	0	26.471898	8.884834	21.210618	8.884834	1.708278E+11	5.18326E-6	192928.762754	5.824433E+16	0	0	11.206206	0.370765	0	0
0	0	0	26.367994	8.885771	21.080745	8.885771	1.596932E+11	5.049979E-6	198020.61986	5.824428E+16	0	0	11.137519	0.36758	0	0
0	0	0	26.261361	8.886639	20.947512	8.886639	1.490204E+11	4.904269E-6	203903.983882	5.824423E+16	0	0	11.057464	0.36438	0	0
0	0	0	26.153193	8.887782	20.812198	8.887782	1.389225E+11	4.831038E-6	206994.836228	5.824418E+16	0	0	10.9814	0.361299	0	0
0	0	0	26.04331	8.888453	20.675027	8.888453	1.293648E+11	4.653341E-6	214899.364318	5.824413E+16	0	0	10.905051	0.358178	0	0
0	0	0	25.932741	8.88937	20.536849	8.88937	1.20411E+11	4.544893E-6	220027.20058	5.824409E+16	0	0	10.82047	0.355049	0	0
0	0	0	25.817811	8.89011	20.393345	8.89011	1.117603E+11	4.393163E-6	227626.408742	5.824405E+16	0	0	10.749932	0.351952	0	0
0	0	0	25.703958	8.890958	20.251112	8.890958	1.038037E+11	4.28388E-6	233433.239235	5.824401E+16	0	0	10.679476	0.348831	0	0
0	0	0	25.588244	8.891471	20.106762	8.891471	9.629716E+10	4.097735E-6	244037.277592	5.824398E+16	0	0	10.594177	0.345781	0	0
0	0	0	25.470144	8.892339	19.959221	8.892339	8.919535E+10	4.006288E-6	249607.59487	5.824395E+16	0	0	10.512223	0.34282	0	0
0	0	0	25.350052	8.892773	19.809463	8.892773	8.251054E+10	3.811966E-6	262331.843804	5.824392E+16	0	0	10.416818	0.339945	0	0
0	0	0	25.228	8.893138	19.657306	8.893138	7.622974E+10	3.608554E-6	277119.309385	5.824389E+16	0	0	10.32171	0.337039	0	0
0	0	0	25.104493	8.894114	19.502952	8.894114	7.036066E+10	3.56541E-6	280472.643148	5.824386E+16	0	0	10.235622	0.334062	0	0
0	0	0	24.978521	8.894696	19.34577	8.894696	6.483961E+10	3.429728E-6	291568.3102	5.824383E+16	0	0	10.149334	0.331219	0	0
0	0	0	24.848856	8.895071	19.184121	8.895071	5.960887E+10	3.244751E-6	308190.025578	5.824381E+16	0	0	10.071202	0.328186	0	0
0	0	0	24.718718	8.895633	19.021759	8.895633	5.478327E+10	3.118018E-6	320716.586692	5.824379E+16	0	0	9.997352	0.325368	0	0
0	0	0	24.586898	8.896067	18.857382	8.896067	5.02934E+10	2.966907E-6	337051.376824	5.824376E+16	0	0	9.905517	0.322724	0	0
0	0	0	24.453052	8.896826	18.690269	8.896826	4.611087E+10	2.905549E-6	344168.994863	5.824374E+16	0	0	9.81327	0.320049	0	0
0	0	0	24.315988	8.896994	18.519529	8.896994	4.218802E+10	2.69907E-6	370497.940482	5.824373E+16	0	0	9.731043	0.317414	0	0
0	0	0	24.177029	8.897261	18.346365	8.897261	3.855149E+10	2.527814E-6	395598.714489	5.824371E+16	0	0	9.635159	0.314611	0	0
0	0	0	24.034738	8.89802	18.168726	8.89802	3.515235E+10	2.480845E-6	403088.468618	5.824369E+16	0	0	9.557843	0.311872	0	0
0	0	0	23.889164	8.898217	17.987366	8.898217	3.198472E+10	2.303028E-6	434210.907584	5.824368E+16	0	0	9.481393	0.309221	0	0
0	0	0	23.742609	8.899025	17.804377	8.899025	2.908403E+10	2.283506E-6	437923.057424	5.824366E+16	0	0	9.386123	0.306681	0	0
0	0	0	23.594405	8.898927	17.619935	8.898927	2.641812E+10	2.051683E-6	487404.703657	5.824365E+16	0	0	9.294974	0.304245	0	0
0	0	0	23.443441	8.899302	17.431739	8.899302	2.395364E+10	1.940756E-6	515263.253019	5.824364E+16	0	0	9.199122	0.301634	0	0
0	0	0	23.289062	8.899539	17.239382	8.899539	2.167101E+10	1.805153E-6	553969.550953	5.824363E+16	0	0	9.095099	0.29907	0	0
0	0	0	23.131988	8.900288	17.043318	8.900288	1.957166E+10	1.78934E-6	558865.33219	5.824362E+16	0	0	9.02121	0.296459	0	0
0	0	0	22.9707	8.900662	16.842258	8.900662	1.762742E+10	1.694274E-6	590223.327085	5.824361E+16	0	0	8.926466	0.293975	0	0
0	0	0	22.807942	8.900978	16.639406	8.900978	1.586119E+10	1.59336E-6	627604.425231	5.82436E+16	0	0	8.823562	0.29161	0	0
0	0	0	22.642374	8.901225	16.433101	8.901225	1.424594E+10	1.48345E-6	674104.177986	5.824359E+16	0	0	8.720457	0.289277	0	0
0	0	0	22.473506	8.901412	16.222727	8.901412	1.276783E+10	1.367561E-6	731228.594171	5.824359E+16	0	0	8.613675	0.286745	0	0
0	0	0	22.304263	8.901796	16.011744	8.901796	1.144029E+10	1.301736E-6	768204.90823	5.824358E+16	0	0	8.528548	0.284253	0	0
0	0	0	22.129091	8.902112	15.793424	8.902112	1.021143E+10	1.224533E-6	816637.860034	5.824358E+16	0	0	8.437483	0.281809	0	0
0	0	0	21.950782	8.902309	15.571282	8.902309	9.096046E+9	1.128816E-6	885884.045842	5.824357E+16	0	0	8.338007	0.279628	0	0
0	0	0	21.769288	8.902841	15.34493	8.902841	8.085768E+9	1.107661E-6	902803.460669	5.824357E+16	0	0	8.23593	0.277319	0	0
0	0	0	21.585458	8.902782	15.116093	8.902782	7.176816E+9	9.719659E-7	1028842.638702	5.824356E+16	0	0	8.129014	0.274867	0	0
0	0	0	21.397185	8.903019	14.88151	8.903019	6.351709E+9	9.013694E-7	1109423.022917	5.824356E+16	0	0	8.03218	0.272637	0	0
0	0	0	21.205579	8.903048	14.642927	8.903048	5.609325E+9	8.008278E-7	1248707.945329	5.824355E+16	0	0	7.92855	0.270368	0	0
0	0	0	21.010135	8.903699	14.399104	8.903699	4.941391E+9	8.130123E-7	1229993.677275	5.824355E+16	0	0	7.825486	0.268115	0	0
0	0	0	20.811849	8.903994	14.152	8.903994	4.344973E+9	7.681199E-7	1301880.110335	5.824355E+16	0	0	7.718205	0.265941	0	0
0	0	0	20.611097	8.903847	13.902156	8.903847	3.814434E+9	6.501511E-7	1538103.888654	5.824355E+16	0	0	7.613717	0.263649	0	0
0	0	0	20.407943	8.90428	13.648883	8.90428	3.343463E+9	6.369358E-7	1570017.034003	5.824354E+16	0	0	7.514852	0.261459	0	0
0	0	0	20.19783	8.904379	13.387197	8.904379	2.917445E+9	5.710625E-7	1751121.957677	5.824354E+16	0	0	7.405676	0.259317	0	0
0	0	0	19.986656	8.905039	13.123755	8.905039	2.543956E+9	6.103079E-7	1638517.257292	5.824354E+16	0	0	7.289095	0.257407	0	0
0	0	0	19.772689	8.905029	12.857348	8.905029	2.214266E+9	5.294453E-7	1888769.146381	5.824354E+16	0	0	7.180048	0.255177	0	0
0	0	0	19.554425	8.904931	12.585661	8.904931	1.921938E+9	4.446372E-7	2249024.569724	5.824354E+16	0	0	7.074154	0.252988	0	0
0	0	0	19.333369	8.905098	12.310288	8.905098	1.665184E+9	4.077541E-7	2452458.377811	5.824354E+16	0	0	6.96677	0.250981	0	0
0	0	0	19.108702	8.905197	12.030473	8.905197	1.439356E+9	3.650075E-7	2739669.629964	5.824353E+16	0	0	6.841235	0.248975	0	0
0	0	0	18.883235	8.905226	11.749715	8.905226	1.243508E+9	3.187517E-7	3137238.042072	5.824353E+16	0	0	6.726934	0.246857	0	0
0	0	0	18.654338	8.905473	11.464511	8.905473	1.07192E+9	3.019294E-7	3312032.431582	5.824353E+16	0	0	6.607638	0.244978	0	0
0	0	0	18.423154	8.90565	11.176512	8.90565	9.226395E+8	2.797961E-7	3574031.322757	5.824353E+16	0	0	6.494147	0.242876	0	0
0	0	0	18.187282	8.905847	10.882657	8.905847	7.917371E+8	2.624438E-7	3810339.043268	5.824353E+16	0	0	6.384671	0.240783	0	0
0	0	0	17.951279	8.906084	10.588605	8.906084	6.793492E+8	2.534983E-7	3944799.158147	5.824353E+16	0	0	6.280197	0.238919	0	0
0	0	0	17.712025	8.906389	10.290445	8.906389	5.816871E+8	2.591305E-7	3859058.741125	5.824353E+16	0	0	6.162654	0.237072	0	0
0	0	0	17.471237	8.906202	9.990782	8.906202	4.975689E+8	1.981241E-7	5047340.61121	5.824353E+16	0	0	6.046266	0.235034	0	0
0	0	0	17.227148	8.906172	9.68688	8.906172	4.24705E+8	1.663244E-7	6012347.822499	5.824353E+16	0	0	5.939044	0.233092	0	0
0	0	0	16.982521	8.906497	9.382005	8.906497	3.623846E+8	1.733661E-7	5768140.455584	5.824353E+16	0	0	5.812309	0.231244	0	0
0	0	0	16.739755	8.906458	9.079757	8.906458	3.095827E+8	1.442332E-7	6933215.981225	5.824353E+16	0	0	5.701931	0.229373	0	0
0	0	0	16.493396	8.906468	8.772993	8.906468	2.638586E+8	1.237408E-7	8081408.945805	5.824353E+16	0	0	5.607921	0.22755	0	0
0	0	0	16.243591	8.906645	8.461791	8.906645	2.243855E+8	1.193731E-7	8377093.304345	5.824353E+16	0	0	5.515026	0.225751	0	0
0	0	0	15.994422	8.906734	8.151457	8.906734	1.908964E+8	1.088742E-7	9184910.605803	5.824353E+16	0	0	5.419535	0.223928	0	0
0	0	0	15.744845	8.90701	7.840448	8.90701	1.623625E+8	1.193519E-7	8378581.677655	5.824353E+16	0	0	5.322573	0.222088	0	0
0	0	0	15.492884	8.907029	7.526694	8.907029	1.378801E+8	1.034914E-7	9662637.322459	5.824353E+16	0	0	5.231124	0.220217	0	0
0	0	0	15.241788	8.907079	7.213992	8.907079	1.171552E+8	9.282561E-8	1.077289E+7	5.824353E+16	0	0	5.129093	0.21853	0	0
0	0	0	14.991067	8.907049	6.901828	8.907049	9.956978E+7	7.634559E-8	1.309833E+7	5.824353E+16	0	0	5.041125	0.216762	0	0
0	0	0	14.73953	8.907325	6.588368	8.907325	8.457914E+7	9.282119E-8	1.07734E+7	5.824353E+16	0	0	4.947175	0.215106	0	0
0	0	0	14.486572	8.907394	6.273325	8.907394	7.17792E+7	8.829444E-8	1.132574E+7	5.824353E+16	0	0	4.8585	0.213394	0	0
0	0	0	14.235525	8.907443	5.96068	8.907443	6.099194E+7	8.211398E-8	1.217819E+7	5.824353E+16	0	0	4.766113	0.211706	0	0
0	0	0	13.985556	8.907246	5.649607	8.907246	5.186208E+7	5.06727E-8	1.973449E+7	5.824353E+16	0	0	4.674755	0.209995	0	0
0	0	0	13.736371	8.907276	5.339299	8.907276	4.41213E+7	4.495922E-8	2.224238E+7	5.824353E+16	0	0	4.58664	0.208386	0	0
0	0	0	13.486386	8.907423	5.027882	8.907423	3.751641E+7	4.867006E-8	2.054651E+7	5.824353E+16	0	0	4.491287	0.206794	0	0
0	0	0	13.238639	8.90767	4.719155	8.90767	3.19466E+7	7.607272E-8	1.314532E+7	5.824353E+16	0	0	4.401157	0.205019	0	0
0	0	0	12.994566	8.907325	4.415571	8.907325	2.726864E+7	2.992677E-8	3.34149E+7	5.824353E+16	0	0	4.316971	0.203426	0	0
0	0	0	12.749367	8.907226	4.110349	8.907226	2.325866E+7	2.211889E-8	4.521023E+7	5.824353E+16	0	0	4.214571	0.201937	0	0
0	0	0	12.503743	8.907473	3.804262	8.907473	1.98329E+7	2.830655E-8	3.532751E+7	5.824353E+16	0	0	4.124381	0.200377	0	0
0	0	0	12.260374	8.907551	3.501144	8.907551	1.693647E+7	2.87857E-8	3.473947E+7	5.824353E+16	0	0	4.037605	0.198832	0	0
0	0	0	12.019536	8.907945	3.200866	8.907945	1.448681E+7	5.37466E-7	1860582.716376	5.824353E+16	0	0	3.941278	0.197224	0	0
0	0	0	11.779237	8.907502	2.902088	8.907502	1.23958E+7	1.882322E-8	5.312589E+7	5.824353E+16	0	0	3.859965	0.195743	0	0
0	0	0	11.540539	8.907837	2.604528	8.907837	1.061763E+7	5.855106E-8	1.707911E+7	5.824353E+16	0	0	3.770523	0.194127	0	0
0	0	0	11.304046	8.907906	2.309979	8.907906	9107550	1.096075E-7	9123464.128377	5.824353E+16	0	0	3.68517	0.19259	0	0
0	0	0	11.068501	8.907926	2.016658	8.907926	7817043	1.420728E-7	7038644.764222	5.824353E+16	0	0	3.595699	0.191173	0	0
0	0	0	10.834131	8.908024	1.724721	8.908024	6714518	-7.86876E-8	-1.270848E+7	5.824353E+16	0	0	3.509193	0.189525	0	0
0	0	0	10.600987	8.907837	1.434602	8.907837	5772079	3.183058E-8	3.141633E+7	5.824353E+16	0	0	3.427004	0.188084	0	0
0	0	0	10.370326	8.908014	1.1472	8.908014	4969918	-6.970737E-8	-1.434568E+7	5.824353E+16	0	0	3.342382	0.186611	0	0
0	0	0	10.140514	8.908133	0.860915	8.908133	4281593	-1.786082E-8	-5.598848E+7	5.824353E+16	0	0	3.253253	0.185305	0	0
0	0	0	9.911698	8.907837	0.576302	8.907837	3690986	2.035433E-8	4.912959E+7	5.824353E+16	0	0	3.166733	0.183753	0	0
0	0	0	9.683634	8.907916	0.292235	8.907916	3183398	4.609972E-8	2.16921E+7	5.824353E+16	0	0	3.085277	0.182391	0	0
0	0	0	9.45882	8.907916	0.012297	8.907916	2751411	3.98441E-8	2.509782E+7	5.824353E+16	0	0	3.002372	0.180942	0	0
0	0	0	9.234742	8.908034	-0.266851	8.908034	2379178	-2.3943E-8	-4.176587E+7	5.824353E+16	0	0	2.92235	0.17947	0	0
0	0	0	9.011774	8.907857	-0.544301	8.907857	2058786	1.343281E-8	7.444459E+7	5.824353E+16	0	0	2.84791	0.178156	0	0
0	0	0	8.7891	8.908093	-0.821828	8.908093	1781880	-9.706285E-9	-1.03026E+8	5.824353E+16	0	0	2.757525	0.176826	0	0
0	0	0	8.569481	8.908103	-1.095309	8.908103	1545277	-7.81962E-9	-1.278834E+8	5.824353E+16	0	0	2.688051	0.175401	0	0
0	0	0	8.35125	8.907945	-1.366879	8.907945	1341298	4.977327E-8	2.00911E+7	5.824353E+16	0	0	2.613805	0.174016	0	0
0	0	0	8.134604	8.907965	-1.636668	8.907965	1165442	-1.038383E-6	-963036.116776	5.824353E+16	0	0	2.529908	0.172702	0	0
0	0	0	7.917076	8.907689	-1.90723	8.907689	1012063	2.58269E-9	3.871931E+8	5.824353E+16	0	0	2.454064	0.171452	0	0
0	0	0	7.702733	8.907857	-2.174314	8.907857	880687	5.746172E-9	1.740289E+8	5.824353E+16	0	0	2.382557	0.170059	0	0
0	0	0	7.489811	8.908192	-2.439817	8.908192	767072	-2.367998E-9	-4.222976E+8	5.824353E+16	0	0	2.312928	0.168841	0	0
0	0	0	7.277117	8.908014	-2.704466	8.908014	668213	-9.372024E-9	-1.067005E+8	5.824353E+16	0	0	2.239508	0.167495	0	0
0	0	0	7.064898	8.907857	-2.968544	8.907857	582274	3.799135E-9	2.632178E+8	5.824353E+16	0	0	2.166603	0.166285	0	0
0	0	0	6.853495	8.908202	-3.232172	8.908202	507657	-1.502086E-9	-6.657409E+8	5.824353E+16	0	0	2.099516	0.164995	0	0
0	0	0	6.644314	8.908271	-3.492725	8.908271	443239	-1.016103E-9	-9.841521E+8	5.824353E+16	0	0	2.033965	0.163745	0	0
0	0	0	6.435606	8.908142	-3.752463	8.908142	387115	-1.525536E-9	-6.555073E+8	5.824353E+16	0	0	1.966094	0.162559	0	0
0	0	0	6.22814	8.907886	-4.010506	8.907886	338370	3.044015E-9	3.285135E+8	5.824353E+16	0	0	1.899789	0.161325	0	0
0	0	0	6.020396	8.908418	-4.269803	8.908418	295710	-4.572295E-10	-2.187085E+9	5.824353E+16	0	0	1.83171	0.160162	0	0
0	0	0	5.814841	8.908103	-4.525396	8.908103	258795	-1.309586E-9	-7.636E+8	5.824353E+16	0	0	1.771281	0.15892	0	0
0	0	0	5.610298	8.908389	-4.780426	8.908389	226637	-3.748313E-10	-2.667867E+9	5.824353E+16	0	0	1.70872	0.157742	0	0
0	0	0	5.407063	8.908074	-5.033128	8.908074	198644	-1.277369E-9	-7.828589E+8	5.824353E+16	0	0	1.649713	0.156524	0	0
0	0	0	5.203697	8.908261	-5.286581	8.908261	174093	-4.123673E-10	-2.425023E+9	5.824353E+16	0	0	1.590834	0.155369	0	0
0	0	0	5.00185	8.908044	-5.537666	8.908044	152727	-1.346745E-9	-7.425312E+8	5.824353E+16	0	0	1.531379	0.154175	0	0
0	0	0	4.801015	8.908507	-5.788295	8.908507	134071	-1.734289E-10	-5.76605E+9	5.824353E+16	0	0	1.477219	0.153005	0	0
0	0	0	4.602827	8.908211	-6.034729	8.908211	117896	-3.349286E-10	-2.985711E+9	5.824353E+16	0	0	1.413416	0.151858	0	0
0	0	0	4.406387	8.908182	-6.279302	8.908182	103791	-3.349202E-10	-2.985786E+9	5.824353E+16	0	0	1.370015	0.150744	0	0
0	0	0	4.209734	8.908586	-6.524662	8.908586	91360	-1.031918E-10	-9.690695E+9	5.824353E+16	0	0	1.311972	0.149621	0	0
0	0	0	4.016773	8.90834	-6.764642	8.90834	80611	-1.508266E-10	-6.630129E+9	5.824353E+16	0	0	1.262315	0.148491	0	0
0	0	0	3.826622	8.908349	-7.001433	8.908349	71257	-1.299133E-10	-7.697441E+9	5.824353E+16	0	0	1.206828	0.147448	0	0
0	0	0	3.637793	8.90832	-7.236528	8.90832	63042	-1.244928E-10	-8.032595E+9	5.824353E+16	0	0	1.155872	0.146301	0	0
0	0	0	3.452444	8.908251	-7.467242	8.908251	55900	-1.369614E-10	-7.301329E+9	5.824353E+16	0	0	1.104508	0.145171	0	0
0	0	0	3.268777	8.908448	-7.696187	8.908448	49621	-7.203468E-11	-1.38822E+10	5.824353E+16	0	0	1.060218	0.144128	0	0
0	0	0	3.089227	8.9083	-7.919583	8.9083	44165	-9.23335E-11	-1.083031E+10	5.824353E+16	0	0	1.019728	0.143029	0	0
0	0	0	2.91265	8.908399	-8.139581	8.908399	39385	-6.366048E-11	-1.570833E+10	5.824353E+16	0	0	0.968337	0.142002	0	0
0	0	0	2.741185	8.90834	-8.353017	8.90834	35239	-6.593367E-11	-1.516676E+10	5.824353E+16	0	0	0.914238	0.140927	0	0
0	0	0	2.572873	8.908487	-8.562785	8.908487	31594	-4.240864E-11	-2.35801E+10	5.824353E+16	0	0	0.878861	0.139987	0	0
0	0	0	2.408824	8.90832	-8.766851	8.90832	28405	-5.609303E-11	-1.782753E+10	5.824353E+16	0	0	0.833679	0.138849	0	0
0	0	0	2.246262	8.90834	-8.9693	8.90834	25562	-4.782759E-11	-2.090843E+10	5.824353E+16	0	0	0.803347	0.137774	0	0
0	0	0	2.091312	8.908468	-9.162407	8.908468	23118	-3.224631E-11	-3.10113E+10	5.824353E+16	0	0	0.76431	0.136795	0	0
0	0	0	1.942356	8.908142	-9.347477	8.908142	20988	-8.27091E-11	-1.209057E+10	5.824353E+16	0	0	0.733502	0.135736	0	0
0	0	0	1.799183	8.908379	-9.526057	8.908379	19127	-3.238559E-11	-3.087793E+10	5.824353E+16	0	0	0.692153	0.134876	0	0
0	0	0	1.666513	8.908674	-9.691636	8.908674	17550	-1.734774E-11	-5.764439E+10	5.824353E+16	0	0	0.663576	0.133785	0	0
0	0	0	1.540622	8.908448	-9.848108	8.908448	16173	-2.34783E-11	-4.259252E+10	5.824353E+16	0	0	0.628074	0.132639	0	0
0	0	0	1.419076	8.908093	-9.999004	8.908093	14947	-8.141922E-11	-1.228211E+10	5.824353E+16	0	0	0.602446	0.131628	0	0
0	0	0	1.307592	8.908261	-10.13804	8.908261	13904	-3.293385E-11	-3.036389E+10	5.824353E+16	0	0	0.56799	0.130704	0	0
0	0	0	1.205125	8.908418	-10.265835	8.908418	13010	-2.011618E-11	-4.971123E+10	5.824353E+16	0	0	0.535643	0.129621	0	0
0	0	0	1.108636	8.908546	-10.386149	8.908546	12221	-1.473828E-11	-6.785051E+10	5.824353E+16	0	0	0.51375	0.128459	0	0
0	0	0	1.019433	8.90833	-10.496947	8.90833	11534	-2.216261E-11	-4.512104E+10	5.824353E+16	0	0	0.496346	0.127527	0	0
0	0	0	0.936028	8.908842	-10.601466	8.908842	10926	-8.738998E-12	-1.144296E+11	5.824353E+16	0	0	0.473641	0.126405	0	0
0	0	0	0.857949	8.908113	-10.697747	8.908113	10387	-4.907603E-11	-2.037655E+10	5.824353E+16	0	0	0.441509	0.125457	0	0
0	0	0	0.786093	8.908586	-10.787837	8.908586	9913	-1.11968E-11	-8.93112E+10	5.824353E+16	0	0	0.405806	0.124661	0	0
0	0	0	0.718925	8.908477	-10.871335	8.908477	9491	-1.298439E-11	-7.701554E+10	5.824353E+16	0	0	0.396434	0.123682	0	0
0	0	0	0.655889	8.908133	-10.949378	8.908133	9111	-3.800658E-11	-2.631123E+10	5.824353E+16	0	0	0.378781	0.122766	0	0
0	0	0	0.59795	8.90832	-11.021768	8.90832	8775	-1.732851E-11	-5.770836E+10	5.824353E+16	0	0	0.359115	0.121787	0	0
0	0	0	0.542788	8.908093	-11.090161	8.908093	8466	-4.611595E-11	-2.168447E+10	5.824353E+16	0	0	0.343572	0.120887	0	0
0	0	0	0.490648	8.908369	-11.155446	8.908369	8185	-1.419609E-11	-7.044191E+10	5.824353E+16	0	0	0.316596	0.120139	0	0
0	0	0	0.443327	8.908192	-11.214139	8.908192	7937	-2.450198E-11	-4.081303E+10	5.824353E+16	0	0	0.293886	0.119184	0	0
0	0	0	0.398357	8.90829	-11.270264	8.90829	7709	-1.660402E-11	-6.022639E+10	5.824353E+16	0	0	0.28413	0.118395	0	0
0	0	0	0.357308	8.908014	-11.321017	8.908014	7506	-1.052751E-10	-9.498926E+9	5.824353E+16	0	0	0.273339	0.1174	0	0
0	0	0	0.318465	8.9083	-11.36976	8.9083	7320	-1.530355E-11	-6.534432E+10	5.824353E+16	0	0	0.261387	0.11654	0	0
0	0	0	0.281565	8.908162	-11.415527	8.908162	7147	-2.53595E-11	-3.943295E+10	5.824353E+16	0	0	0.243578	0.115728	0	0
0	0	0	0.248454	8.908537	-11.457248	8.908537	6995	-8.581076E-12	-1.165355E+11	5.824353E+16	0	0	0.222745	0.114892	0	0
0	0	0	0.21701	8.908399	-11.496222	8.908399	6854	-1.107856E-11	-9.026447E+10	5.824353E+16	0	0	0.217232	0.114048	0	0
0	0	0	0.185958	8.908359	-11.534836	8.908359	6717	-1.194066E-11	-8.374748E+10	5.824353E+16	0	0	0.206016	0.113157	0	0
0	0	0	0.158663	8.908546	-11.569071	8.908546	6599	-7.958263E-12	-1.256556E+11	5.824353E+16	0	0	0.189618	0.112257	0	0
0	0	0	0.133017	8.908261	-11.600629	8.908261	6490	-1.537261E-11	-6.505078E+10	5.824353E+16	0	0	0.180711	0.111493	0	0
0	0	0	0.108499	8.908418	-11.631367	8.908418	6388	-9.877182E-12	-1.012434E+11	5.824353E+16	0	0	0.168211	0.110617	0	0
0	0	0	0.085876	8.908428	-11.659551	8.908428	6295	-9.526644E-12	-1.049688E+11	5.824353E+16	0	0	0.161978	0.109852	0	0
0	0	0	0.064314	8.908418	-11.686387	8.908418	6207	-9.597319E-12	-1.041958E+11	5.824353E+16	0	0	0.154398	0.108937	0	0
0	0	0	0.044141	8.908389	-11.711468	8.908389	6126	-1.013169E-11	-9.870021E+10	5.824353E+16	0	0	0.142786	0.108157	0	0
0	0	0	0.025977	8.908862	-11.73471	8.908862	6055	-4.736655E-12	-2.111194E+11	5.824353E+16	0	0	0.128769	0.107368	0	0
0	0	0	0.008907	8.9083	-11.755224	8.9083	5988	-1.25188E-11	-7.987983E+10	5.824353E+16	0	0	0.127437	0.106556	0	0
0	0	0	-0.007526	8.908852	-11.776415	8.908852	5924	-4.685623E-12	-2.134188E+11	5.824353E+16	0	0	0.119855	0.105864	0	0
0	0	0	-0.021819	8.908389	-11.793601	8.908389	5870	-9.708297E-12	-1.030047E+11	5.824353E+16	0	0	0.113747	0.105139	0	0
0	0	0	-0.037059	8.908182	-11.812305	8.908182	5812	-1.875457E-11	-5.332033E+10	5.824353E+16	0	0	0.099908	0.104351	0	0
0	0	0	-0.050486	8.9083	-11.829181	8.9083	5762	-1.204632E-11	-8.301292E+10	5.824353E+16	0	0	0.092036	0.103618	0	0
0	0	0	-0.063259	8.90828	-11.84506	8.90828	5714	-1.269073E-11	-7.879769E+10	5.824353E+16	0	0	0.100594	0.102767	0	0
0	0	0	-0.074122	8.908271	-11.858573	8.908271	5674	-1.300735E-11	-7.687959E+10	5.824353E+16	0	0	0.084704	0.102066	0	0
0	0	0	-0.085671	8.908428	-11.873162	8.908428	5632	-8.523281E-12	-1.173257E+11	5.824353E+16	0	0	0.086819	0.101397	0	0
0	0	0	-0.094802	8.908448	-11.884559	8.908448	5598	-8.126602E-12	-1.230527E+11	5.824353E+16	0	0	0.073934	0.100545	0	0
0	0	0	-0.104145	8.908379	-11.896102	8.908379	5565	-9.422585E-12	-1.06128E+11	5.824353E+16	0	0	0.059853	0.099996	0	0
0	0	0	-0.112574	8.908231	-11.906402	8.908231	5534	-1.456033E-11	-6.867978E+10	5.824353E+16	0	0	0.058675	0.099232	0	0
0	0	0	-0.121035	8.908359	-11.917107	8.908359	5504	-9.784336E-12	-1.022042E+11	5.824353E+16	0	0	0.06147	0.098603	0	0
0	0	0	-0.128108	8.908074	-11.925536	8.908074	5479	-3.52324E-11	-2.838297E+10	5.824353E+16	0	0	0.071862	0.097719	0	0
0	0	0	-0.134952	8.908428	-11.934528	8.908428	5454	-8.253902E-12	-1.211548E+11	5.824353E+16	0	0	0.057426	0.09709	0	0
0	0	0	-0.141666	8.908123	-11.942484	8.908123	5431	-2.406436E-11	-4.155522E+10	5.824353E+16	0	0	0.052819	0.096413	0	0
0	0	0	-0.147742	8.908468	-11.950507	8.908468	5409	-7.544783E-12	-1.325419E+11	5.824353E+16	0	0	0.048165	0.095705	0	0
0	0	0	-0.153982	8.90832	-11.958081	8.90832	5387	-1.063803E-11	-9.400239E+10	5.824353E+16	0	0	0.053505	0.095107	0	0
0	0	0	-0.158654	8.908605	-11.964277	8.908605	5371	-5.880148E-12	-1.700638E+11	5.824353E+16	0	0	0.047059	0.094478	0	0
0	0	0	-0.163048	8.908211	-11.969226	8.908211	5356	-1.521576E-11	-6.572133E+10	5.824353E+16	0	0	0.039735	0.093714	0	0
0	0	0	-0.167589	8.908113	-11.97475	8.908113	5340	-2.523019E-11	-3.963505E+10	5.824353E+16	0	0	0.039157	0.093021	0	0
0	0	0	-0.172506	8.908162	-11.980938	8.908162	5323	-1.888745E-11	-5.29452E+10	5.824353E+16	0	0	0.030755	0.092369	0	0
0	0	0	-0.176655	8.908044	-11.985947	8.908044	5309	-4.681467E-11	-2.136082E+10	5.824353E+16	0	0	0.041477	0.091612	0	0
0	0	0	-0.180232	8.908162	-11.990559	8.908162	5297	-1.87952E-11	-5.320508E+10	5.824353E+16	0	0	0.04611	0.091047	0	0
0	0	0	-0.183205	8.908517	-11.994731	8.908517	5287	-6.717102E-12	-1.488737E+11	5.824353E+16	0	0	0.039364	0.09037	0	0
0	0	0	-0.18608	8.90834	-11.998075	8.90834	5276	-9.871621E-12	-1.013005E+11	5.824353E+16	0	0	0.021791	0.089845	0	0
0	0	0	-0.188366	8.908123	-12.000636	8.908123	5269	-2.334655E-11	-4.283287E+10	5.824353E+16	0	0	0.028226	0.089144	0	0
0	0	0	-0.191176	8.908468	-12.004591	8.908468	5259	-7.335554E-12	-1.363224E+11	5.824353E+16	0	0	0.022078	0.088611	0	0
0	0	0	-0.193447	8.908369	-12.007288	8.908369	5251	-9.107354E-12	-1.098014E+11	5.824353E+16	0	0	0.02767	0.08799	0	0
0	0	0	-0.195929	8.9083	-12.010288	8.9083	5243	-1.096127E-11	-9.12303E+10	5.824353E+16	0	0	0.03156	0.087225	0	0
0	0	0	-0.197955	8.908655	-12.013281	8.908655	5236	-5.323364E-12	-1.878511E+11	5.824353E+16	0	0	0.018867	0.086668	0	0
0	0	0	-0.200209	8.908152	-12.015421	8.908152	5229	-1.952634E-11	-5.121287E+10	5.824353E+16	0	0	0.021778	0.086047	0	0
0	0	0	-0.202267	8.908507	-12.018454	8.908507	5221	-6.753679E-12	-1.480675E+11	5.824353E+16	0	0	0.020986	0.085458	0	0
0	0	0	-0.204864	8.908359	-12.021493	8.908359	5213	-9.267032E-12	-1.079094E+11	5.824353E+16	0	0	0.018311	0.084853	0	0
0	0	0	-0.206351	8.908034	-12.022912	8.908034	5208	-5.241051E-11	-1.908014E+10	5.824353E+16	0	0	0.028851	0.084208	0	0
0	0	0	-0.207527	8.907867	-12.024155	8.907867	5204	3.737716E-11	2.675431E+10	5.824353E+16	0	0	0.011901	0.083635	0	0
0	0	0	-0.209781	8.908389	-12.027654	8.908389	5196	-8.593579E-12	-1.163659E+11	5.824353E+16	0	0	0.025414	0.082998	0	0
0	0	0	-0.211349	8.90831	-12.029502	8.90831	5191	-1.054319E-11	-9.484794E+10	5.824353E+16	0	0	0.003379	0.082416	0	0
0	0	0	-0.212493	8.908418	-12.03107	8.908418	5187	-8.020186E-12	-1.246854E+11	5.824353E+16	0	0	0.014075	0.081939	0	0
0	0	0	-0.214306	8.908428	-12.033341	8.908428	5181	-7.840753E-12	-1.275388E+11	5.824353E+16	0	0	0.021999	0.081318	0	0
0	0	0	-0.215482	8.908507	-12.03491	8.908507	5177	-6.696762E-12	-1.493259E+11	5.824353E+16	0	0	0.009354	0.080721	0	0
0	0	0	-0.216936	8.908418	-12.036602	8.908418	5172	-7.996992E-12	-1.25047E+11	5.824353E+16	0	0	0.006441	0.080179	0	0
0	0	0	-0.21839	8.908497	-12.038517	8.908497	5167	-6.807418E-12	-1.468986E+11	5.824353E+16	0	0	0.013473	0.079582	0	0
0	0	0	-0.219419	8.908418	-12.039694	8.908418	5164	-7.984623E-12	-1.252407E+11	5.824353E+16	0	0	0.009542	0.079041	0	0
0	0	0	-0.220611	8.908418	-12.041179	8.908418	5160	-7.978438E-12	-1.253378E+11	5.824353E+16	0	0	0.013654	0.078467	0	0
0	0	0	-0.222195	8.908586	-12.043374	8.908586	5154	-5.821479E-12	-1.717776E+11	5.824353E+16	0	0	0.008667	0.077807	0	0
0	0	0	-0.223208	8.908694	-12.044779	8.908694	5151	-4.954174E-12	-2.0185E+11	5.824353E+16	0	0	0.016938	0.077257	0	0
0	0	0	-0.22396	8.908458	-12.045401	8.908458	5148	-7.32411E-12	-1.365354E+11	5.824353E+16	0	0	0.006703	0.076875	0	0
0	0	0	-0.225168	8.908527	-12.046997	8.908527	5144	-6.420926E-12	-1.557408E+11	5.824353E+16	0	0	0.002598	0.076262	0	0
0	0	0	-0.226181	8.908468	-12.04818	8.908468	5141	-7.170961E-12	-1.394513E+11	5.824353E+16	0	0	0.012025	0.07576	0	0
0	0	0	-0.226573	8.90831	-12.048459	8.90831	5140	-1.043961E-11	-9.578904E+10	5.824353E+16	0	0	0.002629	0.075307	0	0
0	0	0	-0.228125	8.908359	-12.050457	8.908359	5135	-9.128373E-12	-1.095485E+11	5.824353E+16	0	0	-0.00053	0.074622	0	0
0	0	0	-0.228354	8.908635	-12.051108	8.908635	5134	-5.373001E-12	-1.861157E+11	5.824353E+16	0	0	-0.004794	0.07428	0	0
0	0	0	-0.229089	8.908537	-12.051892	8.908537	5131	-6.294425E-12	-1.588708E+11	5.824353E+16	0	0	0.010195	0.073714	0	0
0	0	0	-0.229791	8.908586	-12.052832	8.908586	5129	-5.793242E-12	-1.726149E+11	5.824353E+16	0	0	0.021033	0.073316	0	0
0	0	0	-0.230346	8.908359	-12.053223	8.908359	5127	-9.114151E-12	-1.097195E+11	5.824353E+16	0	0	0.020097	0.072767	0	0
0	0	0	-0.231147	8.908389	-12.054259	8.908389	5124	-8.4745E-12	-1.180011E+11	5.824353E+16	0	0	0.003823	0.072337	0	0
0	0	0	-0.231702	8.908448	-12.055029	8.908448	5123	-7.437045E-12	-1.34462E+11	5.824353E+16	0	0	0.014855	0.071788	0	0
0	0	0	-0.231996	8.908635	-12.055643	8.908635	5122	-5.360443E-12	-1.865518E+11	5.824353E+16	0	0	0.007199	0.071294	0	0
0	0	0	-0.232062	8.908399	-12.055411	8.908399	5122	-8.279014E-12	-1.207873E+11	5.824353E+16	0	0	0.013924	0.070864	0	0
0	0	0	-0.23216	8.908349	-12.055468	8.908349	5121	-9.33643E-12	-1.071073E+11	5.824353E+16	0	0	0.010656	0.070347	0	0
0	0	0	-0.232568	8.908694	-12.056434	8.908694	5120	-4.924358E-12	-2.030722E+11	5.824353E+16	0	0	0.016385	0.069805	0	0
0	0	0	-0.232584	8.908507	-12.056206	8.908507	5120	-6.623029E-12	-1.509883E+11	5.824353E+16	0	0	0.000569	0.069335	0	0
0	0	0	-0.232731	8.908596	-12.056506	8.908596	5119	-5.691717E-12	-1.756939E+11	5.824353E+16	0	0	-0.004001	0.068961	0	0
0	0	0	-0.232927	8.908438	-12.056541	8.908438	5119	-7.585799E-12	-1.318253E+11	5.824353E+16	0	0	0.014371	0.068539	0	0
0	0	0	-0.23296	8.908182	-12.056242	8.908182	5119	-1.651835E-11	-6.053873E+10	5.824353E+16	0	0	0.00058	0.067958	0	0
0	0	0	-0.232519	8.90828	-12.055824	8.90828	5120	-1.137146E-11	-8.793945E+10	5.824353E+16	0	0	0.009914	0.067512	0	0
0	0	0	-0.233189	8.908448	-12.05688	8.908448	5118	-7.429787E-12	-1.345934E+11	5.824353E+16	0	0	0.011137	0.067146	0	0
0	0	0	-0.233238	8.908773	-12.057372	8.908773	5118	-4.442665E-12	-2.250901E+11	5.824353E+16	0	0	0.000591	0.066573	0	0
0	0	0	-0.233189	8.908684	-12.057194	8.908684	5118	-4.989791E-12	-2.004092E+11	5.824353E+16	0	0	0.010086	0.066294	0	0
0	0	0	-0.232895	8.90834	-12.05637	8.90834	5119	-9.577868E-12	-1.044074E+11	5.824353E+16	0	0	0.007764	0.065832	0	0
0	0	0	-0.233581	8.908625	-12.057603	8.908625	5116	-5.433981E-12	-1.840271E+11	5.824353E+16	0	0	0.016261	0.065259	0	0
0	0	0	-0.233189	8.908537	-12.056998	8.908537	5118	-6.278477E-12	-1.592743E+11	5.824353E+16	0	0	0.00787	0.064901	0	0
0	0	0	-0.233581	8.908586	-12.057551	8.908586	5116	-5.778558E-12	-1.730535E+11	5.824353E+16	0	0	0.00548	0.064503	0	0
0	0	0	-0.233336	8.908556	-12.057207	8.908556	5117	-6.068287E-12	-1.647911E+11	5.824353E+16	0	0	-0.004284	0.064152	0	0
0	0	0	-0.233581	8.908645	-12.05763	8.908645	5116	-5.276657E-12	-1.895139E+11	5.824353E+16	0	0	0.015426	0.063611	0	0
0	0	0	-0.233695	8.908369	-12.057406	8.908369	5116	-8.87321E-12	-1.126988E+11	5.824353E+16	0	0	0.006833	0.063157	0	0
0	0	0	-0.233842	8.908369	-12.057589	8.908369	5115	-8.871475E-12	-1.127208E+11	5.824353E+16	0	0	0.004374	0.062775	0	0
0	0	0	-0.234054	8.908221	-12.057657	8.908221	5115	-1.397393E-11	-7.156181E+10	5.824353E+16	0	0	0.010683	0.062393	0	0
0	0	0	-0.234528	8.908448	-12.058548	8.908448	5113	-7.422529E-12	-1.34725E+11	5.824353E+16	0	0	0.012008	0.062019	0	0
0	0	0	-0.234463	8.90831	-12.058283	8.90831	5114	-1.03868E-11	-9.627604E+10	5.824353E+16	0	0	0.000636	0.061621	0	0
0	0	0	-0.2351	8.908044	-12.058724	8.908044	5111	-4.506871E-11	-2.218834E+10	5.824353E+16	0	0	-0.005756	0.061246	0	0
0	0	0	-0.235508	8.90832	-12.059598	8.90832	5110	-1.009102E-11	-9.909802E+10	5.824353E+16	0	0	0.004507	0.060816	0	0
0	0	0	-0.2359	8.908487	-12.060309	8.908487	5109	-6.857813E-12	-1.458191E+11	5.824353E+16	0	0	0.000649	0.060347	0	0
0	0	0	-0.236113	8.90828	-12.060298	8.90828	5108	-1.134481E-11	-8.814605E+10	5.824353E+16	0	0	-0.004565	0.059996	0	0
0	0	0	-0.236652	8.908379	-12.0611	8.908379	5106	-8.645412E-12	-1.156683E+11	5.824353E+16	0	0	0.000656	0.059638	0	0
0	0	0	-0.236848	8.908487	-12.061488	8.908487	5106	-6.853786E-12	-1.459048E+11	5.824353E+16	0	0	0.008584	0.059216	0	0
0	0	0	-0.237338	8.908477	-12.062085	8.908477	5104	-6.982651E-12	-1.432121E+11	5.824353E+16	0	0	0.008642	0.058794	0	0
0	0	0	-0.237975	8.908458	-12.062853	8.908458	5102	-7.258665E-12	-1.377664E+11	5.824353E+16	0	0	-0.003341	0.058476	0	0
0	0	0	-0.238334	8.908438	-12.063274	8.908438	5101	-7.559125E-12	-1.322905E+11	5.824353E+16	0	0	0.022168	0.058141	0	0
0	0	0	-0.239004	8.908517	-12.064212	8.908517	5098	-6.476979E-12	-1.54393E+11	5.824353E+16	0	0	-0.000675	0.057815	0	0
0	0	0	-0.238955	8.908497	-12.064125	8.908497	5099	-6.717829E-12	-1.488576E+11	5.824353E+16	0	0	0.002042	0.057345	0	0
0	0	0	-0.239674	8.908477	-12.064994	8.908477	5096	-6.971706E-12	-1.434369E+11	5.824353E+16	0	0	0.019859	0.056979	0	0
0	0	0	-0.239706	8.908586	-12.065179	8.908586	5096	-5.755968E-12	-1.737327E+11	5.824353E+16	0	0	-0.003446	0.056589	0	0
0	0	0	-0.240066	8.908359	-12.065325	8.908359	5095	-9.057266E-12	-1.104086E+11	5.824353E+16	0	0	0.000692	0.056342	0	0
0	0	0	-0.240997	8.908802	-12.067073	8.908802	5092	-4.264239E-12	-2.345084E+11	5.824353E+16	0	0	0.011841	0.05596	0	0
0	0	0	-0.240801	8.908399	-12.066293	8.908399	5093	-8.23214E-12	-1.214751E+11	5.824353E+16	0	0	0.011932	0.055514	0	0
0	0	0	-0.241405	8.908202	-12.066784	8.908202	5090	-1.506059E-11	-6.639847E+10	5.824353E+16	0	0	0.000706	0.05514	0	0
0	0	0	-0.241176	8.908556	-12.06697	8.908556	5091	-6.037454E-12	-1.656327E+11	5.824353E+16	0	0	0.002129	0.054861	0	0
0	0	0	-0.241356	8.908773	-12.067481	8.908773	5091	-4.419228E-12	-2.262839E+11	5.824353E+16	0	0	0.00357	0.054519	0	0
0	0	0	-0.242026	8.908399	-12.067818	8.908399	5089	-8.225674E-12	-1.215706E+11	5.824353E+16	0	0	0.007922	0.054025	0	0
0	0	0	-0.242385	8.908576	-12.068501	8.908576	5087	-5.838357E-12	-1.712811E+11	5.824353E+16	0	0	-0.005064	0.05377	0	0
0	0	0	-0.242009	8.908468	-12.06789	8.908468	5089	-7.098428E-12	-1.408763E+11	5.824353E+16	0	0	0.003636	0.053468	0	0
0	0	0	-0.242254	8.908418	-12.068129	8.908418	5088	-7.867111E-12	-1.271115E+11	5.824353E+16	0	0	0.005122	0.053117	0	0
0	0	0	-0.242744	8.908596	-12.068975	8.908596	5086	-5.655024E-12	-1.768339E+11	5.824353E+16	0	0	0.018401	0.052791	0	0
0	0	0	-0.242614	8.908418	-12.068577	8.908418	5086	-7.864018E-12	-1.271615E+11	5.824353E+16	0	0	0.017065	0.052353	0	0
0	0	0	-0.242287	8.908418	-12.06817	8.908418	5087	-7.865565E-12	-1.271365E+11	5.824353E+16	0	0	0.014166	0.052082	0	0
0	0	0	-0.242254	8.908408	-12.068116	8.908408	5088	-8.041625E-12	-1.24353E+11	5.824353E+16	0	0	0.009757	0.051716	0	0
0	0	0	-0.242173	8.908448	-12.068067	8.908448	5088	-7.386236E-12	-1.35387E+11	5.824353E+16	0	0	-0.005292	0.051326	0	0
0	0	0	-0.24214	8.908783	-12.068471	8.908783	5088	-4.363463E-12	-2.291758E+11	5.824353E+16	0	0	0.012934	0.050984	0	0
0	0	0	-0.24196	8.908596	-12.067999	8.908596	5089	-5.65836E-12	-1.767296E+11	5.824353E+16	0	0	0.011451	0.050793	0	0
0	0	0	-0.241781	8.908507	-12.067657	8.908507	5089	-6.582929E-12	-1.519081E+11	5.824353E+16	0	0	0.008454	0.050434	0	0
0	0	0	-0.241503	8.908458	-12.067246	8.908458	5090	-7.241593E-12	-1.380912E+11	5.824353E+16	0	0	0.010038	0.05018	0	0
0	0	0	-0.24147	8.908359	-12.067075	8.908359	5090	-9.048377E-12	-1.105171E+11	5.824353E+16	0	0	-0.000778	0.049774	0	0
0	0	0	-0.241242	8.908576	-12.067078	8.908576	5091	-5.842948E-12	-1.711465E+11	5.824353E+16	0	0	0.01644	0.049463	0	0
0	0	0	-0.240441	8.908517	-12.066002	8.908517	5094	-6.471897E-12	-1.545142E+11	5.824353E+16	0	0	0.014982	0.049089	0	0
0	0	0	-0.240784	8.908497	-12.066403	8.908497	5093	-6.709924E-12	-1.49033E+11	5.824353E+16	0	0	0.024589	0.048786	0	0
0	0	0	-0.240866	8.908566	-12.066597	8.908566	5092	-5.939775E-12	-1.683565E+11	5.824353E+16	0	0	0.008762	0.048563	0	0
0	0	0	-0.240556	8.908428	-12.066027	8.908428	5093	-7.707577E-12	-1.297425E+11	5.824353E+16	0	0	0.015229	0.048245	0	0
0	0	0	-0.240425	8.908527	-12.065995	8.908527	5094	-6.358514E-12	-1.572695E+11	5.824353E+16	0	0	0.00726	0.047918	0	0
0	0	0	-0.240752	8.908379	-12.066206	8.908379	5093	-8.623401E-12	-1.159635E+11	5.824353E+16	0	0	0.002433	0.04764	0	0
0	0	0	-0.240392	8.908428	-12.065824	8.908428	5094	-7.70909E-12	-1.29717E+11	5.824353E+16	0	0	0.030174	0.047369	0	0
0	0	0	-0.240458	8.908546	-12.066062	8.908546	5094	-6.143263E-12	-1.627799E+11	5.824353E+16	0	0	-0.004105	0.047035	0	0
0	0	0	-0.23987	8.908704	-12.065539	8.908704	5095	-4.835045E-12	-2.068233E+11	5.824353E+16	0	0	0.000824	0.046836	0	0
0	0	0	-0.240262	8.908418	-12.065648	8.908418	5094	-7.876388E-12	-1.269617E+11	5.824353E+16	0	0	0.00582	0.046414	0	0
0	0	0	-0.240474	8.90831	-12.065769	8.90831	5094	-1.034618E-11	-9.665404E+10	5.824353E+16	0	0	0.019221	0.046159	0	0
0	0	0	-0.240164	8.908684	-12.065879	8.908684	5095	-4.967367E-12	-2.013139E+11	5.824353E+16	0	0	0.032778	0.04588	0	0
0	0	0	-0.240572	8.908586	-12.066257	8.908586	5093	-5.752579E-12	-1.738351E+11	5.824353E+16	0	0	0.012688	0.04557	0	0
0	0	0	-0.240703	8.908438	-12.066223	8.908438	5093	-7.547269E-12	-1.324983E+11	5.824353E+16	0	0	-0.004264	0.04518	0	0
0	0	0	-0.240735	8.908684	-12.066591	8.908684	5093	-4.965418E-12	-2.013929E+11	5.824353E+16	0	0	0.011141	0.044949	0	0
0	0	0	-0.241307	8.908428	-12.066963	8.908428	5091	-7.70455E-12	-1.297934E+11	5.824353E+16	0	0	0.031905	0.044654	0	0
0	0	0	-0.241797	8.908359	-12.067481	8.908359	5089	-9.0466E-12	-1.105388E+11	5.824353E+16	0	0	0.002599	0.044439	0	0
0	0	0	-0.242238	8.908468	-12.068174	8.908468	5088	-7.097033E-12	-1.409039E+11	5.824353E+16	0	0	0.004353	0.0442	0	0
0	0	0	-0.242075	8.908487	-12.067997	8.908487	5088	-6.829624E-12	-1.464209E+11	5.824353E+16	0	0	0.007911	0.043762	0	0
0	0	0	-0.242744	8.908448	-12.068779	8.908448	5086	-7.383333E-12	-1.354402E+11	5.824353E+16	0	0	0.007947	0.043547	0	0
0	0	0	-0.242973	8.908399	-12.068998	8.908399	5085	-8.219209E-12	-1.216662E+11	5.824353E+16	0	0	-0.013299	0.043356	0	0
0	0	0	-0.243218	8.908517	-12.06946	8.908517	5085	-6.460462E-12	-1.547877E+11	5.824353E+16	0	0	0.008032	0.043054	0	0
0	0	0	-0.243349	8.908408	-12.069479	8.908408	5084	-8.035303E-12	-1.244508E+11	5.824353E+16	0	0	0.029617	0.042799	0	0
0	0	0	-0.24379	8.908576	-12.070251	8.908576	5083	-5.833766E-12	-1.714158E+11	5.824353E+16	0	0	0.011738	0.042528	0	0
0	0	0	-0.243937	8.908477	-12.070303	8.908477	5082	-6.952553E-12	-1.438321E+11	5.824353E+16	0	0	0.015449	0.042242	0	0
0	0	0	-0.244607	8.908537	-12.071215	8.908537	5080	-6.231861E-12	-1.604657E+11	5.824353E+16	0	0	-0.013724	0.041939	0	0
0	0	0	-0.24495	8.908802	-12.071996	8.908802	5079	-4.253352E-12	-2.351087E+11	5.824353E+16	0	0	0.028538	0.041669	0	0
0	0	0	-0.244541	8.908635	-12.071265	8.908635	5080	-5.316488E-12	-1.880941E+11	5.824353E+16	0	0	0.024985	0.041438	0	0
0	0	0	-0.244933	8.908448	-12.071504	8.908448	5079	-7.373171E-12	-1.356269E+11	5.824353E+16	0	0	-0.000931	0.041167	0	0
0	0	0	-0.245391	8.908793	-12.072532	8.908793	5077	-4.302245E-12	-2.324368E+11	5.824353E+16	0	0	0.03275	0.040952	0	0
0	0	0	-0.245178	8.908251	-12.071548	8.908251	5078	-1.244168E-11	-8.037502E+10	5.824353E+16	0	0	0.000941	0.040705	0	0
0	0	0	-0.245472	8.908566	-12.072333	8.908566	5077	-5.922278E-12	-1.68854E+11	5.824353E+16	0	0	0.016084	0.040474	0	0
0	0	0	-0.245178	8.908438	-12.071796	8.908438	5078	-7.525041E-12	-1.328896E+11	5.824353E+16	0	0	-0.012395	0.040148	0	0
0	0	0	-0.245391	8.908487	-12.072126	8.908487	5077	-6.814859E-12	-1.467382E+11	5.824353E+16	0	0	0.01245	0.039957	0	0
0	0	0	-0.245374	8.908842	-12.072577	8.908842	5077	-4.060763E-12	-2.462592E+11	5.824353E+16	0	0	0.006759	0.039614	0	0
0	0	0	-0.245162	8.908694	-12.072116	8.908694	5078	-4.883963E-12	-2.047518E+11	5.824353E+16	0	0	-0.002909	0.039439	0	0
0	0	0	-0.245146	8.908674	-12.07207	8.908674	5078	-5.019478E-12	-1.992239E+11	5.824353E+16	0	0	0.006823	0.039216	0	0
0	0	0	-0.245423	8.908458	-12.072128	8.908458	5077	-7.223098E-12	-1.384448E+11	5.824353E+16	0	0	0.01275	0.038962	0	0
0	0	0	-0.245799	8.908527	-12.072687	8.908527	5076	-6.336045E-12	-1.578272E+11	5.824353E+16	0	0	0.026722	0.038595	0	0
0	0	0	-0.244835	8.908911	-12.071997	8.908911	5079	-3.766395E-12	-2.655059E+11	5.824353E+16	0	0	-0.002979	0.038452	0	0
0	0	0	-0.244231	8.908389	-12.070551	8.908389	5081	-8.403383E-12	-1.189997E+11	5.824353E+16	0	0	0.010993	0.038197	0	0
0	0	0	-0.244427	8.908487	-12.070926	8.908487	5081	-6.820228E-12	-1.466227E+11	5.824353E+16	0	0	0.003014	0.037982	0	0
0	0	0	-0.244803	8.908448	-12.071342	8.908448	5079	-7.373171E-12	-1.356269E+11	5.824353E+16	0	0	-0.013148	0.03772	0	0
0	0	0	-0.244329	8.907955	-12.070098	8.907955	5081	3.934975E-10	2.541312E+9	5.824353E+16	0	0	0.019343	0.037457	0	0
0	0	0	-0.244182	8.908635	-12.070817	8.908635	5081	-5.317534E-12	-1.880571E+11	5.824353E+16	0	0	0.011269	0.03721	0	0
0	0	0	-0.243561	8.908133	-12.069377	8.908133	5083	-2.120376E-11	-4.716145E+10	5.824353E+16	0	0	-0.001028	0.037059	0	0
0	0	0	-0.243757	8.908645	-12.070301	8.908645	5083	-5.24262E-12	-1.907443E+11	5.824353E+16	0	0	0.015528	0.036796	0	0
0	0	0	-0.243055	8.908586	-12.069348	8.908586	5085	-5.743543E-12	-1.741085E+11	5.824353E+16	0	0	-0.001043	0.036509	0	0
0	0	0	-0.242908	8.908349	-12.068851	8.908349	5086	-9.272619E-12	-1.078444E+11	5.824353E+16	0	0	-0.003142	0.03635	0	0
0	0	0	-0.243267	8.908527	-12.069534	8.908527	5084	-6.346031E-12	-1.575788E+11	5.824353E+16	0	0	0.015828	0.036063	0	0
0	0	0	-0.242597	8.90833	-12.068439	8.90833	5087	-9.774682E-12	-1.023051E+11	5.824353E+16	0	0	0.013795	0.035849	0	0
0	0	0	-0.242712	8.908221	-12.068437	8.908221	5086	-1.389471E-11	-7.196985E+10	5.824353E+16	0	0	-0.003202	0.035626	0	0
0	0	0	-0.24263	8.908221	-12.068336	8.908221	5086	-1.389471E-11	-7.196985E+10	5.824353E+16	0	0	-0.00967	0.035379	0	0
0	0	0	-0.242957	8.908231	-12.068756	8.908231	5085	-1.337898E-11	-7.474413E+10	5.824353E+16	0	0	0.007546	0.035251	0	0
0	0	0	-0.242565	8.908546	-12.068686	8.908546	5087	-6.134821E-12	-1.630039E+11	5.824353E+16	0	0	0.027199	0.034917	0	0
0	0	0	-0.242989	8.908507	-12.069162	8.908507	5085	-6.577755E-12	-1.520276E+11	5.824353E+16	0	0	0.016351	0.034837	0	0
0	0	0	-0.242712	8.908241	-12.068464	8.908241	5086	-1.290506E-11	-7.748901E+10	5.824353E+16	0	0	-0.01208	0.034567	0	0
0	0	0	-0.243153	8.908448	-12.069287	8.908448	5085	-7.381881E-12	-1.354668E+11	5.824353E+16	0	0	0.007713	0.034439	0	0
0	0	0	-0.24281	8.908251	-12.068599	8.908251	5086	-1.246128E-11	-8.024859E+10	5.824353E+16	0	0	-0.007795	0.034065	0	0
0	0	0	-0.243235	8.908546	-12.06952	8.908546	5085	-6.132409E-12	-1.630681E+11	5.824353E+16	0	0	0.023481	0.033914	0	0
0	0	0	-0.243545	8.908546	-12.069906	8.908546	5083	-6.129997E-12	-1.631322E+11	5.824353E+16	0	0	0.014599	0.033755	0	0
0	0	0	-0.243333	8.908734	-12.06989	8.908734	5084	-4.639235E-12	-2.155528E+11	5.824353E+16	0	0	0.010162	0.033564	0	0
0	0	0	-0.243659	8.908359	-12.0698	8.908359	5083	-9.035934E-12	-1.106692E+11	5.824353E+16	0	0	0.021551	0.033396	0	0
0	0	0	-0.243823	8.908468	-12.070147	8.908468	5082	-7.088664E-12	-1.410703E+11	5.824353E+16	0	0	0.035327	0.033229	0	0
0	0	0	-0.244019	8.908428	-12.070339	8.908428	5082	-7.69093E-12	-1.300233E+11	5.824353E+16	0	0	0.017291	0.032839	0	0
0	0	0	-0.244541	8.908615	-12.071239	8.908615	5080	-5.477398E-12	-1.825684E+11	5.824353E+16	0	0	0.012738	0.03268	0	0
0	0	0	-0.244786	8.908665	-12.071609	8.908665	5079	-5.091098E-12	-1.964213E+11	5.824353E+16	0	0	0.003489	0.032528	0	0
0	0	0	-0.245276	8.908684	-12.072245	8.908684	5078	-4.950793E-12	-2.019878E+11	5.824353E+16	0	0	-0.010491	0.032441	0	0
0	0	0	-0.245423	8.908842	-12.072638	8.908842	5077	-4.060763E-12	-2.462592E+11	5.824353E+16	0	0	0.05049	0.032194	0	0
0	0	0	-0.246256	8.908379	-12.07306	8.908379	5074	-8.59123E-12	-1.163978E+11	5.824353E+16	0	0	-0.010662	0.0319	0	0
0	0	0	-0.245946	8.908497	-12.072831	8.908497	5076	-6.687527E-12	-1.495321E+11	5.824353E+16	0	0	0.032159	0.031716	0	0
0	0	0	-0.246028	8.908546	-12.072998	8.908546	5075	-6.120349E-12	-1.633894E+11	5.824353E+16	0	0	0.017979	0.031509	0	0
0	0	0	-0.246142	8.908556	-12.073153	8.908556	5075	-6.018479E-12	-1.661549E+11	5.824353E+16	0	0	0.02049	0.031326	0	0
0	0	0	-0.246681	8.908773	-12.074112	8.908773	5073	-4.403603E-12	-2.270868E+11	5.824353E+16	0	0	0.010913	0.031127	0	0
0	0	0	-0.247155	8.908625	-12.074506	8.908625	5072	-5.387246E-12	-1.856236E+11	5.824353E+16	0	0	0.018225	0.031056	0	0
0	0	0	-0.246371	8.908349	-12.073164	8.908349	5074	-9.250741E-12	-1.080994E+11	5.824353E+16	0	0	0.023321	0.030729	0	0
0	0	0	-0.246991	8.908408	-12.074015	8.908408	5072	-8.016337E-12	-1.247453E+11	5.824353E+16	0	0	0.048067	0.030594	0	0
0	0	0	-0.247204	8.908615	-12.074554	8.908615	5072	-5.468772E-12	-1.828564E+11	5.824353E+16	0	0	0.011152	0.030419	0	0
0	0	0	-0.247335	8.908389	-12.074416	8.908389	5071	-8.386844E-12	-1.192344E+11	5.824353E+16	0	0	0.023665	0.030251	0	0
0	0	0	-0.247563	8.908576	-12.074949	8.908576	5070	-5.818846E-12	-1.718554E+11	5.824353E+16	0	0	0.041369	0.030044	0	0
0	0	0	-0.24722	8.908645	-12.074614	8.908645	5072	-5.231275E-12	-1.91158E+11	5.824353E+16	0	0	0.016423	0.029806	0	0
0	0	0	-0.24673	8.908527	-12.073846	8.908527	5073	-6.332301E-12	-1.579205E+11	5.824353E+16	0	0	-0.008868	0.02971	0	0
0	0	0	-0.247008	8.908468	-12.074114	8.908468	5072	-7.074716E-12	-1.413484E+11	5.824353E+16	0	0	0.016589	0.029487	0	0
0	0	0	-0.246567	8.908842	-12.074062	8.908842	5073	-4.057563E-12	-2.464533E+11	5.824353E+16	0	0	0.006407	0.029352	0	0
0	0	0	-0.246697	8.908408	-12.073649	8.908408	5073	-8.017918E-12	-1.247207E+11	5.824353E+16	0	0	0.006452	0.029137	0	0
0	0	0	-0.246828	8.90828	-12.073642	8.90828	5073	-1.126707E-11	-8.875419E+10	5.824353E+16	0	0	0.032402	0.029001	0	0
0	0	0	-0.246518	8.90829	-12.073268	8.90829	5074	-1.092863E-11	-9.15028E+10	5.824353E+16	0	0	0.001305	0.028802	0	0
0	0	0	-0.246371	8.908605	-12.073504	8.908605	5074	-5.554994E-12	-1.800182E+11	5.824353E+16	0	0	0	0	0	0
0	0	0	-0.246191	8.908665	-12.073358	8.908665	5075	-5.087088E-12	-1.965761E+11	5.824353E+16	0	0	0	0	0	0
0	0	0	-0.246371	8.908507	-12.073373	8.908507	5074	-6.563525E-12	-1.523571E+11	5.824353E+16	0	0	0	0	0	0
0	0	0	-0.245538	8.908438	-12.072244	8.908438	5077	-7.523559E-12	-1.329158E+11	5.824353E+16	0	0	0	0	0	0
0	0	0	-0.245276	8.908783	-12.072376	8.908783	5078	-4.354887E-12	-2.296271E+11	5.824353E+16	0	0	0	0	0	0
0	0	0	-0.244884	8.908221	-12.071143	8.908221	5079	-1.387558E-11	-7.206904E+10	5.824353E+16	0	0	0	0	0	0
0	0	0	-0.244737	8.908537	-12.071378	8.908537	5079	-6.230634E-12	-1.604973E+11	5.824353E+16	0	0	0	0	0	0
0	0	0	-0.244182	8.908399	-12.070503	8.908399	5081	-8.212743E-12	-1.21762E+11	5.824353E+16	0	0	0	0	0	0
0	0	0	-0.24477	8.908566	-12.071458	8.908566	5079	-5.924611E-12	-1.687875E+11	5.824353E+16	0	0	0	0	0	0
0	0	0	-0.244574	8.908083	-12.070573	8.908083	5080	-2.996246E-11	-3.33751E+10	5.824353E+16	0	0	0	0	0	0
