Vload_(V)	ILoad_(A)	RsLoad_(ohm)	SunsVoc_Voltage_(V)	SunsVoc_Current_(A)	Model_Voltage_(V)	Model_Current_(A)	Carrier_Density_(cm-3)	Lifetime_(s)	Inverse_Lifetime_(s-1)	(Carrier_Density+Doping)/qWni^2_(cm^2/C)	Carrier_Density_at_Vmp_(cm-3)	Lifetime_at_Vmp_(s)	Efficiency_(%)	Intensity_(suns)	Dark_IV_Voltage_(V)	Dark_IV_Current_(A)
3.055465	6.029233	0	52.711565	0.142241	52.615163	0.142241	1.032659E+16	0.000814	1051.674196	8.434086E+16	1.09866E+15	0.001085	19.978318	1.145861	0	0
3.358718	6.03203	-0.545959	52.601796	0.446679	52.298814	0.446679	1.025814E+16	0.000757	1146.906868	8.401984E+16	0	0	19.753696	1.144452	0	0
3.62338	6.031223	-0.622812	52.483084	0.777408	51.955292	0.777408	9.957091E+15	0.000752	1164.50696	8.260796E+16	0	0	19.517891	1.1411	0	0
6.386633	6.026586	3.798156	52.365067	1.100568	51.617208	1.100568	9.585602E+15	0.000764	1156.67138	8.086572E+16	0	0	19.311373	1.139388	0	0
10.956017	6.011255	4.527933	52.246763	1.401467	51.293582	1.401467	9.197039E+15	0.000779	1143.260084	7.904341E+16	0	0	19.20842	1.136968	0	0
14.622008	6.009173	3.987398	52.12948	1.689024	50.979703	1.689024	8.823945E+15	0.000796	1126.369631	7.729365E+16	0	0	19.187503	1.132143	0	0
18.122138	6.00358	3.553139	52.008359	1.965271	50.669304	1.965271	8.462761E+15	0.000813	1110.394755	7.559974E+16	0	0	19.106994	1.125407	0	0
22.401378	5.997279	2.966776	51.888177	2.214452	50.377968	2.214452	8.116984E+15	0.000832	1092.639606	7.397809E+16	0	0	19.032778	1.119014	0	0
26.789709	5.994849	2.276531	51.768036	2.450867	50.095079	2.450867	7.772354E+15	0.000851	1075.129312	7.236182E+16	0	0	18.921643	1.113218	0	0
31.272304	5.99237	1.566614	51.644791	2.671922	49.819246	2.671922	7.442542E+15	0.000868	1060.282993	7.081505E+16	0	0	18.902745	1.105615	0	0
35.672925	5.9603	1.155241	51.528652	2.877819	49.560709	2.877819	7.124572E+15	0.000886	1044.801397	6.932381E+16	0	0	18.841744	1.096164	0	0
36.784542	5.936729	1.109508	51.404386	3.068295	49.304225	3.068295	6.810208E+15	0.000902	1031.223624	6.784948E+16	0	0	18.777682	1.086698	0	0
37.884499	5.906085	1.058377	51.286082	3.236655	49.06871	3.236655	6.524598E+15	0.000921	1015.117784	6.651001E+16	0	0	18.790106	1.077534	0	0
38.984365	5.879576	0.962716	51.166227	3.399566	48.835148	3.399566	6.230084E+15	0.000936	1003.952739	6.512878E+16	0	0	18.787984	1.068274	0	0
40.107762	5.845042	0.866917	51.041104	3.550954	48.603929	3.550954	5.960029E+15	0.000949	994.32566	6.386225E+16	0	0	18.79882	1.057892	0	0
41.209634	5.799734	0.777452	50.922759	3.693993	48.385157	3.693993	5.696398E+15	0.000964	983.883626	6.262586E+16	0	0	18.710196	1.04716	0	0
42.301698	5.715255	0.730842	50.802495	3.830671	48.168628	3.830671	5.431563E+15	0.000975	976.719808	6.138382E+16	0	0	18.651867	1.037056	0	0
43.386983	5.58049	0.705499	50.683293	3.954565	47.961811	3.954565	5.190544E+15	0.000989	966.647735	6.025347E+16	0	0	18.628057	1.027383	0	0
44.449414	5.369431	0.698654	50.566419	4.073519	47.76062	4.073519	4.954762E+15	0.001003	956.736116	5.914768E+16	0	0	18.663822	1.017327	0	0
45.474134	5.077932	0.696798	50.445543	4.182215	47.562269	4.182215	4.72989E+15	0.001014	948.891407	5.809306E+16	0	0	18.72132	1.006898	0	0
46.473656	4.703503	0.693009	50.332262	4.283665	47.376548	4.283665	4.517693E+15	0.001028	939.272222	5.709788E+16	0	0	18.680077	0.996945	0	0
47.44529	4.227317	0.692954	50.210202	4.380817	47.184697	4.380817	4.3066E+15	0.001037	933.326387	5.610789E+16	0	0	18.606815	0.987383	0	0
48.397583	3.62239	0.708991	50.093001	4.468523	47.004224	4.468523	4.116273E+15	0.001049	925.162475	5.521528E+16	0	0	18.599987	0.977662	0	0
49.280837	3.002155	0.714166	49.976249	4.555022	46.824942	4.555022	3.919076E+15	0.001058	920.033323	5.429045E+16	0	0	18.582673	0.967766	0	0
50.171694	2.20646	0.784436	49.855413	4.633157	46.647165	4.633157	3.737197E+15	0.001065	915.60448	5.343746E+16	0	0	18.650051	0.957965	0	0
50.952471	1.51952	0.843907	49.742541	4.70691	46.480484	4.70691	3.563069E+15	0.001075	909.020756	5.262082E+16	0	0	18.67036	0.948276	0	0
51.597324	0.883883	0.988159	49.622931	4.777494	46.309012	4.777494	3.390042E+15	0.00108	906.677431	5.180935E+16	0	0	18.643669	0.938849	0	0
52.025115	0.376607	1.552245	49.507731	4.84116	46.146775	4.84116	3.234828E+15	0.001088	901.550952	5.108141E+16	0	0	18.552216	0.929056	0	0
42.829067	5.647425	0.728781	49.393143	4.904728	45.985159	4.904728	3.0769E+15	0.001093	898.802609	5.034075E+16	0	0	18.521802	0.919446	0	0
52.752877	0	0	49.273819	4.962693	45.822508	4.962693	2.930977E+15	0.001097	896.95844	4.965639E+16	0	0	18.576141	0.910115	0	0
0	0	0	49.164091	5.017092	45.672111	5.017092	2.791662E+15	0.001104	892.566968	4.900302E+16	0	0	18.561089	0.901047	0	0
0	0	0	49.044276	5.069376	45.512775	5.069376	2.652581E+15	0.001106	892.17897	4.835075E+16	0	0	18.56971	0.891572	0	0
0	0	0	48.929525	5.118437	45.36082	5.118437	2.529915E+15	0.001112	888.721719	4.777546E+16	0	0	18.496085	0.882233	0	0
0	0	0	48.813427	5.166106	45.208395	5.166106	2.401517E+15	0.001113	888.915352	4.717329E+16	0	0	18.445917	0.873595	0	0
0	0	0	48.692142	5.209926	45.053275	5.209926	2.283801E+15	0.001115	887.851793	4.662122E+16	0	0	18.560624	0.864996	0	0
0	0	0	48.578617	5.252744	44.90677	5.252744	2.169764E+15	0.001118	886.424821	4.60864E+16	0	0	18.572841	0.856342	0	0
0	0	0	48.458843	5.29269	44.755806	5.29269	2.055892E+15	0.001116	888.840353	4.555236E+16	0	0	18.482416	0.847887	0	0
0	0	0	48.34597	5.329315	44.614209	5.329315	1.954012E+15	0.001119	886.966965	4.507455E+16	0	0	18.401281	0.839423	0	0
0	0	0	48.229995	5.365109	44.469963	5.365109	1.85129E+15	0.001118	888.677716	4.45928E+16	0	0	18.431664	0.831207	0	0
0	0	0	48.113896	5.397222	44.328129	5.397222	1.758814E+15	0.001118	889.444577	4.41591E+16	0	0	18.429325	0.823189	0	0
0	0	0	48.001391	5.428838	44.1903	5.428838	1.668017E+15	0.001117	890.41848	4.373327E+16	0	0	18.406542	0.815029	0	0
0	0	0	47.884476	5.458891	44.048999	5.458891	1.58126E+15	0.001113	894.338794	4.332639E+16	0	0	18.317276	0.807242	0	0
0	0	0	47.770828	5.486877	43.912474	5.486877	1.500998E+15	0.001112	895.444936	4.294997E+16	0	0	18.300141	0.799551	0	0
0	0	0	47.657956	5.513099	43.777956	5.513099	1.421419E+15	0.001109	898.643969	4.257676E+16	0	0	18.209518	0.791804	0	0
0	0	0	47.544022	5.53804	43.643217	5.53804	1.347669E+15	0.001105	901.661824	4.223088E+16	0	0	18.345066	0.784121	0	0
0	0	0	47.427882	5.561511	43.507217	5.561511	1.277811E+15	0.001101	905.294476	4.190325E+16	0	0	18.31735	0.77682	0	0
0	0	0	47.316072	5.583876	43.376422	5.583876	1.210592E+15	0.001096	909.676263	4.158801E+16	0	0	18.173131	0.769376	0	0
0	0	0	47.201362	5.605369	43.243234	5.605369	1.145351E+15	0.001089	915.819065	4.128204E+16	0	0	18.145152	0.762314	0	0
0	0	0	47.086693	5.625052	43.111342	5.625052	1.085549E+15	0.001084	920.299368	4.100157E+16	0	0	18.143294	0.755212	0	0
0	0	0	46.973004	5.644848	42.980355	5.644848	1.027141E+15	0.001078	925.907978	4.072765E+16	0	0	18.155848	0.748127	0	0
0	0	0	46.858008	5.662826	42.849288	5.662826	9.716163E+14	0.001069	933.564771	4.046724E+16	0	0	18.202729	0.741112	0	0
0	0	0	46.746115	5.680109	42.721886	5.680109	9.192768E+14	0.001064	938.562268	4.022178E+16	0	0	18.093595	0.734241	0	0
0	0	0	46.629323	5.696436	42.590097	5.696436	8.689679E+14	0.001055	946.624557	3.998583E+16	0	0	17.989667	0.727354	0	0
0	0	0	46.517186	5.712024	42.463606	5.712024	8.22452E+14	0.001048	953.125344	3.976768E+16	0	0	17.965402	0.720667	0	0
0	0	0	46.400025	5.72686	42.33246	5.72686	7.763519E+14	0.001038	962.633549	3.955148E+16	0	0	18.013358	0.713987	0	0
0	0	0	46.288909	5.739889	42.208802	5.739889	7.343459E+14	0.00103	970.14387	3.935447E+16	0	0	18.02853	0.707498	0	0
0	0	0	46.169054	5.753718	42.075563	5.753718	6.927154E+14	0.001019	980.453991	3.915923E+16	0	0	17.926286	0.700898	0	0
0	0	0	46.052016	5.766365	41.94605	5.766365	6.552696E+14	0.001007	991.913523	3.898362E+16	0	0	17.800199	0.694481	0	0
0	0	0	45.939103	5.779149	41.820671	5.779149	6.170005E+14	0.000996	1003.178568	3.880414E+16	0	0	17.678853	0.688079	0	0
0	0	0	45.822719	5.790787	41.69252	5.790787	5.816578E+14	0.000984	1015.363582	3.863839E+16	0	0	17.689999	0.681726	0	0
0	0	0	45.710745	5.801412	41.56962	5.801412	5.493691E+14	0.000977	1022.824551	3.848696E+16	0	0	17.785659	0.675277	0	0
0	0	0	45.595218	5.811938	41.44312	5.811938	5.178588E+14	0.000966	1034.628604	3.833918E+16	0	0	17.660812	0.668963	0	0
0	0	0	45.479528	5.821717	41.316972	5.821717	4.891595E+14	0.000955	1046.57536	3.820458E+16	0	0	17.539341	0.662698	0	0
0	0	0	45.36539	5.831215	41.192613	5.831215	4.611318E+14	0.000944	1058.941745	3.807314E+16	0	0	17.478403	0.656647	0	0
0	0	0	45.249863	5.840127	41.067232	5.840127	4.345965E+14	0.000932	1073.075453	3.794869E+16	0	0	17.442679	0.650397	0	0
0	0	0	45.135275	5.848414	40.943256	5.848414	4.098457E+14	0.000921	1085.837446	3.783261E+16	0	0	17.456881	0.64425	0	0
0	0	0	45.020688	5.856275	40.819576	5.856275	3.861667E+14	0.000908	1100.587776	3.772156E+16	0	0	17.429932	0.638263	0	0
0	0	0	44.903569	5.863997	40.693378	5.863997	3.639761E+14	0.000895	1116.550806	3.761749E+16	0	0	17.266596	0.632125	0	0
0	0	0	44.785592	5.87163	40.566351	5.87163	3.430107E+14	0.000882	1133.316663	3.751916E+16	0	0	17.255666	0.626034	0	0
0	0	0	44.673373	5.878526	40.445777	5.878526	3.227832E+14	0.000869	1150.590907	3.74243E+16	0	0	17.21363	0.62011	0	0
0	0	0	44.55413	5.885366	40.317998	5.885366	3.03571E+14	0.000857	1166.914291	3.73342E+16	0	0	17.302041	0.614362	0	0
0	0	0	44.439665	5.89165	40.195535	5.89165	2.863232E+14	0.000845	1183.091137	3.725331E+16	0	0	17.213723	0.608701	0	0
0	0	0	44.320749	5.897754	40.068608	5.897754	2.690346E+14	0.000832	1201.990519	3.717222E+16	0	0	17.132713	0.603009	0	0
0	0	0	44.202772	5.9035	39.942899	5.9035	2.53392E+14	0.000819	1220.465097	3.709886E+16	0	0	16.98383	0.597507	0	0
0	0	0	44.086959	5.909176	39.819464	5.909176	2.380765E+14	0.000806	1241.367769	3.702703E+16	0	0	16.916731	0.59195	0	0
0	0	0	43.966655	5.913958	39.692039	5.913958	2.237724E+14	0.000792	1263.010454	3.695995E+16	0	0	17.004954	0.586504	0	0
0	0	0	43.847004	5.918809	39.565232	5.918809	2.105459E+14	0.00078	1281.763933	3.689792E+16	0	0	16.907201	0.581273	0	0
0	0	0	43.724575	5.923914	39.435373	5.923914	1.976137E+14	0.000763	1311.265021	3.683727E+16	0	0	16.718007	0.575843	0	0
0	0	0	43.605292	5.928723	39.308963	5.928723	1.855221E+14	0.000747	1337.950562	3.678056E+16	0	0	16.634258	0.570732	0	0
0	0	0	43.484048	5.933056	39.180872	5.933056	1.73899E+14	0.000735	1361.400154	3.672605E+16	0	0	16.466431	0.565501	0	0
0	0	0	43.364438	5.937188	39.054606	5.937188	1.632613E+14	0.000723	1383.894894	3.667616E+16	0	0	16.544019	0.560366	0	0
0	0	0	43.243153	5.94156	38.926433	5.94156	1.531028E+14	0.000708	1412.107078	3.662852E+16	0	0	16.455477	0.555215	0	0
0	0	0	43.117989	5.945241	38.79476	5.945241	1.436898E+14	0.000694	1439.985275	3.658437E+16	0	0	16.363434	0.550239	0	0
0	0	0	42.998174	5.948908	38.668606	5.948908	1.347259E+14	0.000684	1462.843369	3.654233E+16	0	0	16.226959	0.54492	0	0
0	0	0	42.873663	5.952349	38.537772	5.952349	1.260521E+14	0.000668	1497.867746	3.650165E+16	0	0	16.199393	0.540127	0	0
0	0	0	42.750459	5.955536	38.408465	5.955536	1.182649E+14	0.000655	1526.792067	3.646513E+16	0	0	16.248467	0.535175	0	0
0	0	0	42.625704	5.958574	38.277663	5.958574	1.106747E+14	0.00064	1561.625281	3.642954E+16	0	0	16.248703	0.530223	0	0
0	0	0	42.497477	5.961771	38.143164	5.961771	1.036376E+14	0.000626	1598.531484	3.639653E+16	0	0	16.039164	0.525151	0	0
0	0	0	42.373538	5.96488	38.013144	5.96488	9.696212E+13	0.00061	1638.145604	3.636523E+16	0	0	15.887602	0.520128	0	0
0	0	0	42.255969	5.967339	37.890162	5.967339	9.054361E+13	0.000597	1674.899571	3.633512E+16	0	0	15.825741	0.515223	0	0
0	0	0	42.132275	5.970001	37.760716	5.970001	8.473952E+13	0.000586	1707.147393	3.63079E+16	0	0	15.830302	0.510454	0	0
0	0	0	42.003027	5.972496	37.625663	5.972496	7.957455E+13	0.000572	1748.489511	3.628368E+16	0	0	15.720995	0.505534	0	0
0	0	0	41.875862	5.974924	37.492803	5.974924	7.447675E+13	0.000559	1787.838277	3.625977E+16	0	0	15.461741	0.5009	0	0
0	0	0	41.744899	5.977221	37.356121	5.977221	6.949555E+13	0.000545	1835.269278	3.623641E+16	0	0	15.430306	0.496179	0	0
0	0	0	41.607688	5.979359	37.213112	5.979359	6.491719E+13	0.000532	1880.644817	3.621494E+16	0	0	15.456201	0.491649	0	0
0	0	0	41.476644	5.981498	37.076455	5.981498	6.051474E+13	0.000518	1932.133693	3.619429E+16	0	0	15.403503	0.486903	0	0
0	0	0	41.341189	5.98372	36.935189	5.98372	5.621986E+13	0.000501	1994.250864	3.617415E+16	0	0	15.230587	0.482596	0	0
0	0	0	41.212635	5.985384	36.801445	5.985384	5.240098E+13	0.000488	2047.808064	3.615624E+16	0	0	15.096506	0.478177	0	0
0	0	0	41.076078	5.987295	36.659265	5.987295	4.872431E+13	0.000476	2099.830812	3.6139E+16	0	0	15.038697	0.47379	0	0
0	0	0	40.94438	5.988938	36.522291	5.988938	4.547245E+13	0.000461	2167.720161	3.612375E+16	0	0	14.936093	0.469531	0	0
0	0	0	40.806107	5.990992	36.378232	5.990992	4.225422E+13	0.000448	2231.132878	3.610865E+16	0	0	14.809906	0.465168	0	0
0	0	0	40.670856	5.992366	36.237789	5.992366	3.936536E+13	0.000435	2301.054744	3.609511E+16	0	0	14.727726	0.461068	0	0
0	0	0	40.532216	5.994054	36.093618	5.994054	3.654358E+13	0.000425	2352.384123	3.608187E+16	0	0	14.687981	0.457007	0	0
0	0	0	40.395454	5.995387	35.951644	5.995387	3.397841E+13	0.00041	2439.063687	3.606984E+16	0	0	14.656458	0.452827	0	0
0	0	0	40.254486	5.996723	35.805329	5.996723	3.153496E+13	0.000399	2507.749723	3.605838E+16	0	0	14.447466	0.448743	0	0
0	0	0	40.112212	5.998222	35.657544	5.998222	2.929619E+13	0.000385	2597.127133	3.604788E+16	0	0	14.382256	0.444738	0	0
0	0	0	39.968508	5.999205	35.508668	5.999205	2.71542E+13	0.000372	2691.342696	3.603784E+16	0	0	14.415418	0.440741	0	0
0	0	0	39.824559	6.000624	35.359212	6.000624	2.51506E+13	0.000361	2771.769302	3.602844E+16	0	0	14.207895	0.43692	0	0
0	0	0	39.677343	6.002054	35.206379	6.002054	2.327645E+13	0.000345	2900.068619	3.601965E+16	0	0	14.031727	0.433019	0	0
0	0	0	39.529759	6.003038	35.053497	6.003038	2.153873E+13	0.000335	2985.887235	3.60115E+16	0	0	14.142466	0.429356	0	0
0	0	0	39.379195	6.004323	34.897315	6.004323	1.989533E+13	0.000326	3071.022083	3.600379E+16	0	0	14.013419	0.425805	0	0
0	0	0	39.221484	6.005473	34.733865	6.005473	1.837337E+13	0.000312	3204.939344	3.599666E+16	0	0	13.811346	0.42196	0	0
0	0	0	39.068102	6.00642	34.575028	6.00642	1.694033E+13	0.000303	3305.575374	3.598993E+16	0	0	13.755069	0.418321	0	0
0	0	0	38.913617	6.007544	34.414919	6.007544	1.555873E+13	0.000291	3432.98065	3.598346E+16	0	0	13.693967	0.414754	0	0
0	0	0	38.754477	6.008102	34.250433	6.008102	1.432301E+13	0.000279	3580.5322	3.597766E+16	0	0	13.457751	0.411172	0	0
0	0	0	38.595051	6.009139	34.085293	6.009139	1.317743E+13	0.00027	3700.049122	3.597229E+16	0	0	13.33282	0.407597	0	0
0	0	0	38.431092	6.010027	33.915589	6.010027	1.209291E+13	0.000255	3928.010449	3.59672E+16	0	0	13.408631	0.403943	0	0
0	0	0	38.268317	6.010695	33.747271	6.010695	1.10958E+13	0.000246	4070.974701	3.596252E+16	0	0	13.257598	0.400495	0	0
0	0	0	38.101377	6.011617	33.574466	6.011617	1.015591E+13	0.000235	4251.11149	3.595812E+16	0	0	13.186382	0.396896	0	0
0	0	0	37.93358	6.012494	33.400809	6.012494	9.301493E+12	0.000223	4480.309553	3.595411E+16	0	0	13.193303	0.393497	0	0
0	0	0	37.761086	6.013048	33.222552	6.013048	8.499736E+12	0.000215	4658.947484	3.595035E+16	0	0	12.91533	0.389986	0	0
0	0	0	37.588837	6.013855	33.044356	6.013855	7.763422E+12	0.000206	4847.102599	3.59469E+16	0	0	12.847447	0.386674	0	0
0	0	0	37.412954	6.014541	32.862503	6.014541	7.072873E+12	0.000194	5144.142322	3.594366E+16	0	0	12.784413	0.383417	0	0
0	0	0	37.232865	6.015267	32.676281	6.015267	6.444548E+12	0.000186	5364.251047	3.594071E+16	0	0	12.596876	0.380113	0	0
0	0	0	37.053265	6.015726	32.490767	6.015726	5.860482E+12	0.000177	5635.637158	3.593797E+16	0	0	12.52898	0.376682	0	0
0	0	0	36.867295	6.016334	32.29857	6.016334	5.317217E+12	0.000169	5904.285481	3.593542E+16	0	0	12.442035	0.373593	0	0
0	0	0	36.672995	6.017052	32.097699	6.017052	4.825559E+12	0.000159	6292.154783	3.593312E+16	0	0	12.271063	0.370408	0	0
0	0	0	36.484167	6.017567	31.902623	6.017567	4.364288E+12	0.000151	6644.295021	3.593095E+16	0	0	12.268082	0.367056	0	0
0	0	0	36.287865	6.017975	31.699924	6.017975	3.929362E+12	0.000143	6968.760131	3.592891E+16	0	0	12.089774	0.363816	0	0
0	0	0	36.088787	6.018591	31.494201	6.018591	3.548234E+12	0.000135	7390.795955	3.592713E+16	0	0	12.069606	0.360718	0	0
0	0	0	35.887177	6.019064	31.285976	6.019064	3.191146E+12	0.000126	7930.640448	3.592545E+16	0	0	11.985592	0.357359	0	0
0	0	0	35.682136	6.019607	31.07416	6.019607	2.865677E+12	0.00012	8348.496245	3.592393E+16	0	0	11.859789	0.35427	0	0
0	0	0	35.469582	6.019882	30.854801	6.019882	2.569874E+12	0.000112	8895.681475	3.592254E+16	0	0	11.747183	0.351395	0	0
0	0	0	35.254985	6.020296	30.63323	6.020296	2.300327E+12	0.000106	9406.748379	3.592127E+16	0	0	11.619234	0.34837	0	0
0	0	0	35.03508	6.020854	30.406073	6.020854	2.0507E+12	9.755877E-5	10250.231625	3.59201E+16	0	0	11.49981	0.345456	0	0
0	0	0	34.811541	6.021236	30.175303	6.021236	1.82614E+12	9.089248E-5	11002.010449	3.591905E+16	0	0	11.35846	0.342598	0	0
0	0	0	34.583264	6.021644	29.939629	6.021644	1.621505E+12	8.608899E-5	11615.887565	3.591809E+16	0	0	11.263618	0.339357	0	0
0	0	0	34.345554	6.022098	29.694192	6.022098	1.436972E+12	7.993703E-5	12509.846671	3.591723E+16	0	0	11.114819	0.336451	0	0
0	0	0	34.108049	6.022223	29.449218	6.022223	1.270179E+12	7.445544E-5	13430.852202	3.591644E+16	0	0	10.991069	0.333553	0	0
0	0	0	33.867603	6.022648	29.200982	6.022648	1.117034E+12	6.964361E-5	14358.819851	3.591573E+16	0	0	10.865366	0.330759	0	0
0	0	0	33.620705	6.02291	28.946217	6.02291	9.824594E+11	6.23481E-5	16038.980829	3.591509E+16	0	0	10.840635	0.327837	0	0
0	0	0	33.372623	6.023264	28.690159	6.023264	8.627237E+11	5.827591E-5	17159.749054	3.591453E+16	0	0	10.73108	0.325273	0	0
0	0	0	33.118374	6.023458	28.427868	6.023458	7.549417E+11	5.310927E-5	18829.105903	3.591403E+16	0	0	10.654397	0.322471	0	0
0	0	0	32.870414	6.023582	28.172114	6.023582	6.602012E+11	4.920433E-5	20323.414717	3.591358E+16	0	0	10.452782	0.319899	0	0
0	0	0	32.615472	6.023985	27.908943	6.023985	5.754279E+11	4.432341E-5	22561.442232	3.591319E+16	0	0	10.427854	0.317009	0	0
0	0	0	32.352688	6.024321	27.637739	6.024321	5.032472E+11	3.961721E-5	25241.557488	3.591285E+16	0	0	10.286158	0.31435	0	0
0	0	0	32.080308	6.024669	27.356629	6.024669	4.384619E+11	3.716688E-5	26905.675395	3.591254E+16	0	0	10.229804	0.311515	0	0
0	0	0	31.813278	6.024823	27.081187	6.024823	3.804007E+11	3.444631E-5	29030.685532	3.591227E+16	0	0	10.124397	0.308832	0	0
0	0	0	31.542899	6.02489	26.802361	6.02489	3.2832E+11	3.200017E-5	31249.838412	3.591203E+16	0	0	10.076525	0.30642	0	0
0	0	0	31.271948	6.025309	26.522667	6.025309	2.841901E+11	2.866828E-5	34881.752073	3.591182E+16	0	0	9.914516	0.304007	0	0
0	0	0	31.00063	6.025468	26.242799	6.025468	2.455466E+11	2.515185E-5	39758.505707	3.591164E+16	0	0	9.809097	0.301412	0	0
0	0	0	30.726126	6.025739	25.959557	6.025739	2.120921E+11	2.404595E-5	41587.05304	3.591148E+16	0	0	9.665226	0.299039	0	0
0	0	0	30.451418	6.025896	25.676194	6.025896	1.831591E+11	2.16395E-5	46211.781945	3.591135E+16	0	0	9.575379	0.296229	0	0
0	0	0	30.174097	6.026106	25.390094	6.026106	1.579009E+11	2.010287E-5	49744.152221	3.591123E+16	0	0	9.513117	0.293593	0	0
0	0	0	29.894448	6.026362	25.101557	6.026362	1.361108E+11	1.814483E-5	55112.117843	3.591113E+16	0	0	9.422396	0.291133	0	0
0	0	0	29.611981	6.026212	24.810438	6.026212	1.171619E+11	1.666779E-5	59995.960619	3.591104E+16	0	0	9.345696	0.288896	0	0
0	0	0	29.334333	6.026914	24.523607	6.026914	1.007243E+11	1.560887E-5	64066.128338	3.591096E+16	0	0	9.238448	0.286468	0	0
0	0	0	29.0535	6.026549	24.234343	6.026549	8.646094E+10	1.273019E-5	78553.393921	3.591089E+16	0	0	9.144079	0.284191	0	0
0	0	0	28.773688	6.026944	23.945524	6.026944	7.441098E+10	1.427401E-5	70057.374577	3.591084E+16	0	0	9.009545	0.281961	0	0
0	0	0	28.490813	6.027046	23.653782	6.027046	6.393021E+10	1.059681E-5	94368.025278	3.591079E+16	0	0	8.915577	0.279557	0	0
0	0	0	28.211817	6.027007	23.366152	6.027007	5.495597E+10	1.068149E-5	93619.886164	3.591074E+16	0	0	8.817314	0.277033	0	0
0	0	0	27.928166	6.027208	23.073529	6.027208	4.716334E+10	9.59207E-6	104252.783712	3.591071E+16	0	0	8.78055	0.274732	0	0
0	0	0	27.646149	6.027442	22.782563	6.027442	4.056065E+10	8.105521E-6	123372.704234	3.591068E+16	0	0	8.706325	0.272439	0	0
0	0	0	27.360701	6.02735	22.488323	6.02735	3.479463E+10	7.643716E-6	130826.420418	3.591065E+16	0	0	8.594937	0.270417	0	0
0	0	0	27.075294	6.027697	22.19377	6.027697	2.987467E+10	7.421401E-6	134745.44846	3.591063E+16	0	0	8.499345	0.268339	0	0
0	0	0	26.794747	6.027491	21.904675	6.027491	2.560286E+10	6.04773E-6	165351.298292	3.591061E+16	0	0	8.389151	0.26603	0	0
0	0	0	26.511953	6.028012	21.612675	6.028012	2.194237E+10	6.35541E-6	157346.258921	3.591059E+16	0	0	8.329152	0.263618	0	0
0	0	0	26.231814	6.027999	21.323844	6.027999	1.885469E+10	4.815018E-6	207683.531169	3.591058E+16	0	0	8.249794	0.261341	0	0
0	0	0	25.949838	6.027926	21.033167	6.027926	1.618184E+10	5.893651E-6	169674.114894	3.591056E+16	0	0	8.191809	0.259414	0	0
0	0	0	25.671169	6.028213	20.745607	6.028213	1.390783E+10	5.012476E-6	199502.19338	3.591055E+16	0	0	8.079825	0.257471	0	0
0	0	0	25.391275	6.028193	20.457034	6.028193	1.194152E+10	4.063591E-6	246087.748575	3.591054E+16	0	0	7.952547	0.255361	0	0
0	0	0	25.115546	6.028313	20.172641	6.028313	1.027156E+10	4.478585E-6	223284.820349	3.591053E+16	0	0	7.883048	0.253084	0	0
0	0	0	24.835693	6.028327	19.884083	6.028327	8.829288E+9	3.776698E-6	264781.530889	3.591053E+16	0	0	7.810662	0.25103	0	0
0	0	0	24.562905	6.028407	19.602754	6.028407	7.606637E+9	3.679087E-6	271806.590218	3.591052E+16	0	0	7.744652	0.249135	0	0
0	0	0	24.288442	6.028494	19.319693	6.028494	6.5387E+9	3.209806E-6	311545.28806	3.591052E+16	0	0	7.633223	0.2474	0	0
0	0	0	24.01937	6.028494	19.042261	6.028494	5.642203E+9	3.038564E-6	329102.823096	3.591051E+16	0	0	7.550722	0.245139	0	0
0	0	0	23.750134	6.028374	18.764761	6.028374	4.864217E+9	2.927271E-6	341615.155251	3.591051E+16	0	0	7.510658	0.242933	0	0
0	0	0	23.482328	6.028608	18.488441	6.028608	4.205742E+9	2.531426E-6	395034.244664	3.591051E+16	0	0	7.430055	0.241118	0	0
0	0	0	23.218074	6.028688	18.215911	6.028688	3.636085E+9	1.883062E-6	531050.0574	3.59105E+16	0	0	7.302963	0.23951	0	0
0	0	0	22.954147	6.028514	17.943929	6.028514	3.146016E+9	2.23728E-6	446971.33254	3.59105E+16	0	0	7.220191	0.237408	0	0
0	0	0	22.685034	6.028808	17.666211	6.028808	2.727231E+9	2.224203E-6	449599.152635	3.59105E+16	0	0	7.188741	0.235067	0	0
0	0	0	22.423067	6.028908	17.396022	6.028908	2.36461E+9	1.463533E-6	683278.11001	3.59105E+16	0	0	7.142187	0.233499	0	0
0	0	0	22.161713	6.029028	17.126447	6.029028	2.044465E+9	2.138316E-6	467657.784513	3.59105E+16	0	0	6.992883	0.23193	0	0
0	0	0	21.903177	6.028881	16.86	6.028881	1.774506E+9	2.426886E-6	412050.665227	3.59105E+16	0	0	6.918974	0.229645	0	0
0	0	0	21.642639	6.028828	16.591413	6.028828	1.540704E+9	3.339802E-6	299418.934291	3.591049E+16	0	0	6.905304	0.227718	0	0
0	0	0	21.383817	6.028921	16.324471	6.028921	1.339746E+9	1.693824E-6	590380.049779	3.591049E+16	0	0	6.824409	0.226277	0	0
0	0	0	21.128303	6.028935	16.061007	6.028935	1.16374E+9	1.277728E-6	782638.909302	3.591049E+16	0	0	6.683729	0.224398	0	0
0	0	0	20.871114	6.029195	15.795608	6.029195	1.011794E+9	1.443555E-6	692734.03384	3.591049E+16	0	0	6.686092	0.222074	0	0
0	0	0	20.612904	6.029055	15.529494	6.029055	8.812612E+8	1.313594E-6	761270.04557	3.591049E+16	0	0	6.617163	0.220648	0	0
0	0	0	20.349794	6.029055	15.258209	6.029055	7.668743E+8	8.88354E-6	112567.737524	3.591049E+16	0	0	6.490601	0.219	0	0
0	0	0	20.086765	6.029361	14.986748	6.029361	6.669666E+8	1.663157E-6	601266.304659	3.591049E+16	0	0	6.4733	0.216628	0	0
0	0	0	19.824799	6.028961	14.716981	6.028961	5.785402E+8	1.442775E-6	693108.690196	3.591049E+16	0	0	6.423736	0.215346	0	0
0	0	0	19.558013	6.029248	14.441663	6.029248	5.018595E+8	-1.739793E-6	-574780.893729	3.591049E+16	0	0	6.311392	0.213586	0	0
0	0	0	19.288818	6.029068	14.164257	6.029068	4.355921E+8	7.131956E-7	1402139.876403	3.591049E+16	0	0	6.315208	0.211357	0	0
0	0	0	19.020971	6.029175	13.887997	6.029175	3.770913E+8	-1.118284E-5	-89422.70959	3.591049E+16	0	0	6.195527	0.210314	0	0
0	0	0	18.744385	6.029268	13.602738	6.029268	3.260224E+8	8.789539E-7	1137716.0577	3.591049E+16	0	0	6.122815	0.208292	0	0
0	0	0	18.467309	6.029335	13.316995	6.029335	2.820751E+8	2.151512E-6	464789.473906	3.591049E+16	0	0	6.149321	0.20654	0	0
0	0	0	18.186108	6.029195	13.027177	6.029195	2.429016E+8	-3.085123E-6	-324136.232985	3.591049E+16	0	0	6.031376	0.205243	0	0
0	0	0	17.897107	6.029368	12.729049	6.029368	2.09113E+8	-9.14675E-7	-1093284.514942	3.591049E+16	0	0	6.044638	0.202782	0	0
0	0	0	17.605289	6.029181	12.428323	6.029181	1.796235E+8	2.086108E-6	479361.672746	3.591049E+16	0	0	5.951839	0.201954	0	0
0	0	0	17.311511	6.029328	12.125291	6.029328	1.536436E+8	-5.061082E-7	-1975862.021184	3.591049E+16	0	0	5.87837	0.199852	0	0
0	0	0	17.010954	6.029368	11.81536	6.029368	1.312212E+8	1.130627E-6	884464.741129	3.591049E+16	0	0	5.871134	0.198563	0	0
0	0	0	16.705251	6.029168	11.500332	6.029168	1.119524E+8	-5.239485E-7	-1908584.606885	3.591049E+16	0	0	5.750001	0.196851	0	0
0	0	0	16.395219	6.029348	11.180512	6.029348	9.516369E+7	-3.134489E-7	-3190313.0389	3.591049E+16	0	0	5.79295	0.19506	0	0
0	0	0	16.078695	6.029535	10.853991	6.029535	8.066798E+7	5.524643E-7	1810071.689482	3.591049E+16	0	0	5.636475	0.193873	0	0
0	0	0	15.756331	6.029295	10.521818	6.029295	6.82205E+7	-2.637552E-7	-3791394.398831	3.591049E+16	0	0	5.698872	0.191978	0	0
0	0	0	15.423472	6.029548	10.178396	6.029548	5.749157E+7	-8.475793E-8	-1.179831E+7	3.591049E+16	0	0	5.542029	0.191031	0	0
0	0	0	15.091103	6.029348	9.835874	6.029348	4.829726E+7	-3.480636E-7	-2873038.083742	3.591049E+16	0	0	5.617508	0.189017	0	0
0	0	0	14.751792	6.029328	9.486038	6.029328	4.034381E+7	-5.695981E-8	-1.755624E+7	3.591049E+16	0	0	5.480888	0.187846	0	0
0	0	0	14.405007	6.029488	9.128338	6.029488	3.370904E+7	-1.303189E-7	-7673486.091305	3.591049E+16	0	0	5.540011	0.186111	0	0
0	0	0	14.05418	6.029475	8.766622	6.029475	2.805989E+7	-1.313012E-7	-7616074.254449	3.591049E+16	0	0	5.402041	0.184805	0	0
0	0	0	13.698126	6.029588	8.399404	6.029588	2.326329E+7	-4.057032E-8	-2.464856E+7	3.591049E+16	0	0	5.415872	0.183475	0	0
0	0	0	13.325206	6.029115	8.015314	6.029115	1.924453E+7	-3.541283E-8	-2.823835E+7	3.591049E+16	0	0	5.368535	0.181692	0	0
0	0	0	12.952123	6.029255	7.630515	6.029255	1.587509E+7	-1.988807E-8	-5.02814E+7	3.591049E+16	0	0	5.319751	0.180896	0	0
0	0	0	12.575324	6.029201	7.242056	6.029201	1.297673E+7	4.880598E-8	2.048929E+7	3.591049E+16	0	0	5.34286	0.17865	0	0
0	0	0	12.191869	6.029255	6.846639	6.029255	1.060661E+7	-2.171126E-7	-4605904.432882	3.591049E+16	0	0	5.232215	0.177966	0	0
0	0	0	11.802328	6.029348	6.444912	6.029348	8651968.5	1.21781E-7	8211464.616122	3.591049E+16	0	0	5.252504	0.176437	0	0
0	0	0	11.409562	6.029148	6.04012	6.029148	7032192.5	-1.439403E-7	-6947325.080971	3.591049E+16	0	0	5.223362	0.174709	0	0
0	0	0	11.006954	6.029361	5.624812	6.029361	5696893	-2.202297E-8	-4.540713E+7	3.591049E+16	0	0	5.153575	0.173985	0	0
0	0	0	10.602304	6.029308	5.207637	6.029308	4607104	2.412822E-8	4.144524E+7	3.591049E+16	0	0	5.206478	0.172162	0	0
0	0	0	10.195449	6.029121	4.788308	6.029121	3706017	-1.283889E-8	-7.788835E+7	3.591049E+16	0	0	5.121757	0.170792	0	0
0	0	0	9.783531	6.029308	4.363423	6.029308	2977882	-1.764602E-8	-5.667E+7	3.591049E+16	0	0	5.067119	0.16994	0	0
0	0	0	9.367406	6.029228	3.934441	6.029228	2389955.5	9.525874E-9	1.049772E+8	3.591049E+16	0	0	5.110915	0.168364	0	0
0	0	0	8.950178	6.029448	3.504051	6.029448	1912860.5	-1.133499E-8	-8.822243E+7	3.591049E+16	0	0	5.064976	0.166652	0	0
0	0	0	8.52409	6.029341	3.064819	6.029341	1527528.5	1.377188E-7	7261174.797447	3.591049E+16	0	0	5.007144	0.165792	0	0
0	0	0	8.096816	6.029361	2.624252	6.029361	1219092	-2.521424E-9	-3.966013E+8	3.591049E+16	0	0	4.99855	0.164662	0	0
0	0	0	7.668114	6.029301	2.182283	6.029301	968285	-3.97335E-9	-2.516768E+8	3.591049E+16	0	0	5.003881	0.1633	0	0
0	0	0	7.238962	6.029501	1.739615	6.029501	768585.5	-2.662623E-9	-3.755695E+8	3.591049E+16	0	0	4.980958	0.161692	0	0
0	0	0	6.808667	6.029601	1.295858	6.029601	609600.5	-3.964351E-9	-2.522481E+8	3.591049E+16	0	0	4.956166	0.160394	0	0
0	0	0	6.379883	6.029401	0.853934	6.029401	483384.5	-8.011101E-10	-1.248268E+9	3.591049E+16	0	0	4.882645	0.159423	0	0
0	0	0	5.943625	6.029595	0.403944	6.029595	383064.5	-4.625239E-10	-2.16205E+9	3.591049E+16	0	0	4.20807	0.158364	0	0
0	0	0	5.512554	6.029368	-0.040313	6.029368	303813	-8.025022E-10	-1.246102E+9	3.591049E+16	0	0	1.556939	0.157138	0	0
0	0	0	5.080299	6.029521	-0.486141	6.029521	239986	-2.951068E-10	-3.388604E+9	3.591049E+16	0	0	0.465343	0.155681	0	0
0	0	0	4.652658	6.029535	-0.927082	6.029535	190100.5	-6.260615E-10	-1.597287E+9	3.591049E+16	0	0	0.274057	0.154455	0	0
0	0	0	4.224609	6.029441	-1.368345	6.029441	150488	-2.321071E-10	-4.308356E+9	3.591049E+16	0	0	0.232909	0.1533	0	0
0	0	0	3.783125	6.029401	-1.82351	6.029401	119427.5	-1.760609E-10	-5.679854E+9	3.591049E+16	0	0	0.211972	0.152122	0	0
0	0	0	3.34356	6.029281	-2.276621	6.029281	94757	-2.022532E-10	-4.944298E+9	3.591049E+16	0	0	0.210538	0.151055	0	0
0	0	0	2.904036	6.029628	-2.730126	6.029628	74638.5	-1.971527E-10	-5.072212E+9	3.591049E+16	0	0	0.206344	0.149765	0	0
0	0	0	2.465369	6.029461	-3.182267	6.029461	58852.5	-5.408807E-10	-1.848837E+9	3.591049E+16	0	0	0.21205	0.148603	0	0
0	0	0	2.054471	6.029508	-3.605976	6.029508	46406.5	-5.225047E-11	-1.913858E+10	3.591049E+16	0	0	0.195213	0.14752	0	0
0	0	0	1.69319	6.029601	-3.978571	6.029601	36609.5	-7.129835E-11	-1.402557E+10	3.591049E+16	0	0	0.189567	0.14635	0	0
0	0	0	1.378707	6.029421	-4.302656	6.029421	29317.5	-4.741009E-11	-2.109256E+10	3.591049E+16	0	0	0.186682	0.145379	0	0
0	0	0	1.112412	6.029488	-4.577289	6.029488	24116.5	-2.9119E-11	-3.434184E+10	3.591049E+16	0	0	0.197702	0.144144	0	0
0	0	0	0.887239	6.029381	-4.809358	6.029381	20346	-4.803745E-11	-2.081709E+10	3.591049E+16	0	0	0.186628	0.14299	0	0
0	0	0	0.698166	6.029615	-5.004527	6.029615	17618	-3.072449E-11	-3.254733E+10	3.591049E+16	0	0	0.182835	0.141836	0	0
0	0	0	0.538413	6.029388	-5.169029	6.029388	15599	-4.675678E-11	-2.138727E+10	3.591049E+16	0	0	0.177684	0.140832	0	0
0	0	0	0.403489	6.029355	-5.308114	6.029355	14083.5	-1.64109E-11	-6.093513E+10	3.591049E+16	0	0	0.177903	0.139805	0	0
0	0	0	0.292618	6.029441	-5.422512	6.029441	12918	-3.7056E-11	-2.698618E+10	3.591049E+16	0	0	0.161918	0.138683	0	0
0	0	0	0.19755	6.029415	-5.520508	6.029415	12009.5	-4.388309E-11	-2.278782E+10	3.591049E+16	0	0	0.184077	0.137552	0	0
0	0	0	0.120491	6.029388	-5.599936	6.029388	11310.5	-2.414159E-11	-4.142229E+10	3.591049E+16	0	0	0.173205	0.136581	0	0
0	0	0	0.057725	6.029635	-5.664886	6.029635	10744.5	-2.629865E-11	-3.802477E+10	3.591049E+16	0	0	0.172229	0.135578	0	0
0	0	0	0.008926	6.029501	-5.715076	6.029501	10306	-2.956334E-11	-3.382568E+10	3.591049E+16	0	0	0.158948	0.134551	0	0
0	0	0	-0.030604	6.029361	-5.755701	6.029361	9962	-1.103038E-11	-9.065872E+10	3.591049E+16	0	0	0.14994	0.133571	0	0
0	0	0	-0.063028	6.029328	-5.789101	6.029328	9702.5	-1.607988E-11	-6.218951E+10	3.591049E+16	0	0	0.155622	0.132544	0	0
0	0	0	-0.094473	6.029408	-5.821598	6.029408	9497.5	-3.290228E-11	-3.039303E+10	3.591049E+16	0	0	0.14792	0.131278	0	0
0	0	0	-0.107704	6.029508	-5.835335	6.029508	9332.5	-4.366681E-11	-2.290069E+10	3.591049E+16	0	0	0.140949	0.130267	0	0
0	0	0	-0.126693	6.029481	-5.854889	6.029481	9175	-2.331226E-11	-4.289589E+10	3.591049E+16	0	0	0.136201	0.129256	0	0
0	0	0	-0.148703	6.029721	-5.877812	6.029721	9110	-1.473202E-11	-6.787937E+10	3.591049E+16	0	0	0.130173	0.128285	0	0
0	0	0	-0.163731	6.029781	-5.893364	6.029781	9017	-1.614701E-11	-6.193095E+10	3.591049E+16	0	0	0.137208	0.12717	0	0
0	0	0	-0.172348	6.029801	-5.902267	6.029801	8910	-8.114912E-12	-1.232299E+11	3.591049E+16	0	0	0.142999	0.126207	0	0
0	0	0	-0.176881	6.029521	-5.906675	6.029521	8838	-7.168665E-12	-1.39496E+11	3.591049E+16	0	0	0.136982	0.125116	0	0
0	0	0	-0.180964	6.029448	-5.910815	6.029448	8797	-6.884339E-12	-1.452572E+11	3.591049E+16	0	0	0.116192	0.124145	0	0
0	0	0	-0.187866	6.029448	-5.917931	6.029448	8775.5	-1.3535E-11	-7.388251E+10	3.591049E+16	0	0	0.105941	0.123333	0	0
0	0	0	-0.195461	6.029388	-5.925706	6.029388	8756	-1.810983E-11	-5.521863E+10	3.591049E+16	0	0	0.106736	0.122401	0	0
0	0	0	-0.201219	6.029301	-5.93156	6.029301	8723.5	-1.804261E-11	-5.542435E+10	3.591049E+16	0	0	0.103752	0.121549	0	0
0	0	0	-0.208488	6.029455	-5.939201	6.029455	8688	-2.492201E-11	-4.012517E+10	3.591049E+16	0	0	0.102041	0.12061	0	0
0	0	0	-0.215512	6.029468	-5.946456	6.029468	8660.5	-5.632077E-11	-1.775544E+10	3.591049E+16	0	0	0.106564	0.119694	0	0
0	0	0	-0.221066	6.029408	-5.952125	6.029408	8627	-1.730655E-11	-5.778158E+10	3.591049E+16	0	0	0.094677	0.118794	0	0
0	0	0	-0.226538	6.029401	-5.957761	6.029401	8594	-1.626245E-11	-6.149134E+10	3.591049E+16	0	0	0.106827	0.117919	0	0
0	0	0	-0.232173	6.029535	-5.963698	6.029535	8568.5	-2.177124E-11	-4.593216E+10	3.591049E+16	0	0	0.096058	0.117035	0	0
0	0	0	-0.236992	6.029508	-5.968641	6.029508	8543	-2.256577E-11	-4.431492E+10	3.591049E+16	0	0	0.099256	0.116279	0	0
0	0	0	-0.240259	6.029501	-5.972003	6.029501	8517	-1.255582E-11	-7.964433E+10	3.591049E+16	0	0	0.070104	0.115299	0	0
0	0	0	-0.241852	6.029675	-5.97381	6.029675	8495	-1.373748E-11	-7.279354E+10	3.591049E+16	0	0	0.081139	0.114408	0	0
0	0	0	-0.244874	6.029461	-5.976723	6.029461	8480	-1.405384E-11	-7.115492E+10	3.591049E+16	0	0	0.072414	0.113635	0	0
0	0	0	-0.247201	6.029528	-5.979187	6.029528	8472.5	-8.531653E-12	-1.172106E+11	3.591049E+16	0	0	0.080849	0.112879	0	0
0	0	0	-0.24908	6.029568	-5.981161	6.029568	8458.5	-1.647324E-11	-6.070451E+10	3.591049E+16	0	0	0.085482	0.112011	0	0
0	0	0	-0.249447	6.029448	-5.981426	6.029448	8448	-1.273549E-11	-7.852076E+10	3.591049E+16	0	0	0.067249	0.111119	0	0
0	0	0	-0.252428	6.029441	-5.984494	6.029441	8439.5	-1.120385E-11	-8.925504E+10	3.591049E+16	0	0	0.067757	0.11026	0	0
0	0	0	-0.253858	6.029761	-5.986272	6.029761	8438	-1.745212E-11	-5.729963E+10	3.591049E+16	0	0	0.069631	0.109408	0	0
0	0	0	-0.255287	6.029488	-5.987485	6.029488	8424.5	-1.798159E-11	-5.561242E+10	3.591049E+16	0	0	0.04525	0.108667	0	0
0	0	0	-0.256471	6.029568	-5.988782	6.029568	8418	-7.086436E-12	-1.411147E+11	3.591049E+16	0	0	0.066412	0.107871	0	0
0	0	0	-0.259942	6.029741	-5.992526	6.029741	8411.5	-1.466903E-11	-6.817082E+10	3.591049E+16	0	0	0.05564	0.107178	0	0
0	0	0	-0.260065	6.029641	-5.992557	6.029641	8406	-1.115938E-11	-8.961074E+10	3.591049E+16	0	0	0.058902	0.106303	0	0
0	0	0	-0.260106	6.029475	-5.992441	6.029475	8390	-7.340712E-12	-1.362266E+11	3.591049E+16	0	0	0.065008	0.105514	0	0
0	0	0	-0.261739	6.029735	-5.994373	6.029735	8389.5	-9.137599E-12	-1.094379E+11	3.591049E+16	0	0	0.055432	0.10479	0	0
0	0	0	-0.26276	6.029588	-5.995286	6.029588	8389.5	-1.543765E-11	-6.477668E+10	3.591049E+16	0	0	0.039984	0.104049	0	0
0	0	0	-0.263699	6.029661	-5.996324	6.029661	8382	-7.431157E-12	-1.345685E+11	3.591049E+16	0	0	0.056171	0.103349	0	0
0	0	0	-0.265741	6.029535	-5.998309	6.029535	8377	-1.049447E-11	-9.528831E+10	3.591049E+16	0	0	0.065297	0.102632	0	0
0	0	0	-0.267048	6.029628	-5.999745	6.029628	8373	-8.693875E-12	-1.150235E+11	3.591049E+16	0	0	0.059944	0.101796	0	0
0	0	0	-0.266844	6.029441	-5.999357	6.029441	8364	-1.233027E-11	-8.110124E+10	3.591049E+16	0	0	0.044059	0.101112	0	0
0	0	0	-0.266599	6.029655	-5.999307	6.029655	8358	-9.410522E-12	-1.06264E+11	3.591049E+16	0	0	0.045859	0.100371	0	0
0	0	0	-0.268355	6.029261	-6.000744	6.029261	8359	-1.784179E-11	-5.60482E+10	3.591049E+16	0	0	0.041675	0.099655	0	0
0	0	0	-0.26668	6.029508	-5.999252	6.029508	8360	-8.817594E-12	-1.134096E+11	3.591049E+16	0	0	0.038938	0.09897	0	0
0	0	0	-0.266599	6.029655	-5.999307	6.029655	8352	-1.308139E-10	-7.644447E+9	3.591049E+16	0	0	0.049845	0.098269	0	0
0	0	0	-0.2657	6.029801	-5.99852	6.029801	8359.5	-1.351836E-11	-7.397346E+10	3.591049E+16	0	0	0.037913	0.097656	0	0
0	0	0	-0.267089	6.029635	-5.999793	6.029635	8360	-8.817594E-12	-1.134096E+11	3.591049E+16	0	0	0.041258	0.096932	0	0
0	0	0	-0.265129	6.029735	-5.997867	6.029735	8364	-6.545483E-12	-1.527771E+11	3.591049E+16	0	0	0.033826	0.096143	0	0
0	0	0	-0.264394	6.029708	-5.997084	6.029708	8358	-9.254357E-12	-1.080572E+11	3.591049E+16	0	0	0.02309	0.095602	0	0
0	0	0	-0.262883	6.029461	-5.995292	6.029461	8366.5	-7.417416E-12	-1.348178E+11	3.591049E+16	0	0	0.042109	0.094909	0	0
0	0	0	-0.262066	6.029455	-5.994443	6.029455	8370	-7.837051E-12	-1.27599E+11	3.591049E+16	0	0	0.032903	0.094233	0	0
0	0	0	-0.26276	6.029368	-5.995077	6.029368	8377	-1.631452E-11	-6.129511E+10	3.591049E+16	0	0	0.04112	0.093492	0	0
0	0	0	-0.262188	6.029341	-5.994462	6.029341	8380.5	-1.681205E-11	-5.948114E+10	3.591049E+16	0	0	0.038166	0.092887	0	0
0	0	0	-0.261045	6.029515	-5.993448	6.029515	8377	-2.758812E-11	-3.624749E+10	3.591049E+16	0	0	0.038448	0.092186	0	0
0	0	0	-0.260147	6.029555	-5.992559	6.029555	8380	-3.438717E-11	-2.908061E+10	3.591049E+16	0	0	0.041939	0.091589	0	0
0	0	0	-0.25982	6.029388	-5.992064	6.029388	8385	-1.323874E-11	-7.55359E+10	3.591049E+16	0	0	0.032401	0.090944	0	0
0	0	0	-0.258921	6.029641	-5.991379	6.029641	8389.5	-1.159903E-11	-8.621409E+10	3.591049E+16	0	0	0.042533	0.090244	0	0
0	0	0	-0.259126	6.029535	-5.991488	6.029535	8391	-2.407005E-11	-4.15454E+10	3.591049E+16	0	0	0.037843	0.089607	0	0
0	0	0	-0.257247	6.029528	-5.989544	6.029528	8395	-9.14359E-12	-1.093662E+11	3.591049E+16	0	0	0.034726	0.089065	0	0
0	0	0	-0.258105	6.029628	-5.990524	6.029628	8393.5	-1.237376E-11	-8.08162E+10	3.591049E+16	0	0	0.024878	0.088437	0	0
0	0	0	-0.257615	6.029681	-5.990069	6.029681	8402	-1.266614E-11	-7.895065E+10	3.591049E+16	0	0	0.040273	0.087815	0	0
0	0	0	-0.258554	6.029548	-5.990911	6.029548	8398.5	-9.456123E-12	-1.057516E+11	3.591049E+16	0	0	0.037095	0.087298	0	0
0	0	0	-0.259902	6.029641	-5.992389	6.029641	8401	-8.333878E-12	-1.199922E+11	3.591049E+16	0	0	0.0391	0.086589	0	0
0	0	0	-0.259738	6.029575	-5.992157	6.029575	8396.5	-1.185435E-11	-8.435725E+10	3.591049E+16	0	0	0.027304	0.085913	0	0
0	0	0	-0.259616	6.029475	-5.991936	6.029475	8390	-9.138144E-12	-1.094314E+11	3.591049E+16	0	0	0.025706	0.085459	0	0
0	0	0	-0.260187	6.029641	-5.992684	6.029641	8391	-1.092215E-11	-9.155707E+10	3.591049E+16	0	0	0.031176	0.084718	0	0
0	0	0	-0.260351	6.029475	-5.992694	6.029475	8391.5	-1.544133E-11	-6.476124E+10	3.591049E+16	0	0	0.036637	0.084201	0	0
0	0	0	-0.260269	6.029395	-5.992533	6.029395	8389	-9.137055E-12	-1.094445E+11	3.591049E+16	0	0	0.029814	0.083548	0	0
0	0	0	-0.261535	6.029381	-5.993826	6.029381	8388.5	-1.543581E-11	-6.478441E+10	3.591049E+16	0	0	0.033611	0.082919	0	0
0	0	0	-0.261943	6.029488	-5.994349	6.029488	8388.5	-2.307101E-11	-4.334445E+10	3.591049E+16	0	0	0.023016	0.082425	0	0
0	0	0	-0.26374	6.029588	-5.996296	6.029588	8383	-2.512739E-11	-3.979721E+10	3.591049E+16	0	0	0.023207	0.081709	0	0
0	0	0	-0.263822	6.029721	-5.996507	6.029721	8381	-1.461584E-11	-6.84189E+10	3.591049E+16	0	0	0.02882	0.081183	0	0
0	0	0	-0.265455	6.029588	-5.998065	6.029588	8373	-1.048946E-11	-9.533383E+10	3.591049E+16	0	0	0.016157	0.080626	0	0
0	0	0	-0.266027	6.029395	-5.99847	6.029395	8372.5	-7.625376E-12	-1.311411E+11	3.591049E+16	0	0	0.018124	0.080029	0	0
0	0	0	-0.267497	6.029661	-6.00024	6.029661	8365	-1.047943E-11	-9.542501E+10	3.591049E+16	0	0	0.027544	0.079503	0	0
0	0	0	-0.268804	6.029915	-6.001828	6.029915	8362.5	-2.29995E-11	-4.347921E+10	3.591049E+16	0	0	0.016481	0.078962	0	0
0	0	0	-0.271213	6.029695	-6.004103	6.029695	8356	-8.676223E-12	-1.152575E+11	3.591049E+16	0	0	0.027883	0.078468	0	0
0	0	0	-0.271826	6.029668	-6.004709	6.029668	8350	-5.448208E-12	-1.835466E+11	3.591049E+16	0	0	0.016696	0.077903	0	0
0	0	0	-0.272928	6.029561	-6.005745	6.029561	8339.5	-8.033976E-12	-1.244714E+11	3.591049E+16	0	0	0.02254	0.077362	0	0
0	0	0	-0.273868	6.029835	-6.006973	6.029835	8336.5	-8.523338E-12	-1.173249E+11	3.591049E+16	0	0	0.024629	0.076773	0	0
0	0	0	-0.273255	6.029901	-6.006405	6.029901	8331.5	-1.128501E-11	-8.861315E+10	3.591049E+16	0	0	0.01897	0.076279	0	0
0	0	0	-0.274235	6.029695	-6.007219	6.029695	8327	-6.155541E-12	-1.624552E+11	3.591049E+16	0	0	0.019087	0.075785	0	0
0	0	0	-0.275909	6.029675	-6.008926	6.029675	8330	-5.54358E-12	-1.803888E+11	3.591049E+16	0	0	0.021167	0.075292	0	0
0	0	0	-0.276645	6.029888	-6.009887	6.029888	8325.5	-8.020489E-12	-1.246807E+11	3.591049E+16	0	0	0.005533	0.074655	0	0
0	0	0	-0.276563	6.029695	-6.009619	6.029695	8318	-8.376074E-12	-1.193877E+11	3.591049E+16	0	0	0.013507	0.074249	0	0
0	0	0	-0.27742	6.029775	-6.010579	6.029775	8314.5	-5.64589E-12	-1.7712E+11	3.591049E+16	0	0	0.013614	0.073636	0	0
0	0	0	-0.27787	6.029781	-6.011049	6.029781	8315	-8.010374E-12	-1.248381E+11	3.591049E+16	0	0	-0.008454	0.073214	0	0
0	0	0	-0.2764	6.029655	-6.009412	6.029655	8311.5	-6.824575E-12	-1.465293E+11	3.591049E+16	0	0	-0.008506	0.072752	0	0
0	0	0	-0.277012	6.029381	-6.009784	6.029381	8309.5	-6.739989E-12	-1.483682E+11	3.591049E+16	0	0	0.026114	0.072203	0	0
0	0	0	-0.276645	6.029501	-6.009519	6.029501	8316	-8.771186E-12	-1.140097E+11	3.591049E+16	0	0	0.030364	0.071773	0	0
0	0	0	-0.276849	6.029668	-6.009888	6.029668	8313	-2.491757E-11	-4.013233E+10	3.591049E+16	0	0	0.011976	0.071279	0	0
0	0	0	-0.276359	6.029421	-6.009148	6.029421	8314.5	-1.377956E-11	-7.257125E+10	3.591049E+16	0	0	0.005822	0.070762	0	0
0	0	0	-0.275052	6.029708	-6.008074	6.029708	8313.5	-8.499822E-12	-1.176495E+11	3.591049E+16	0	0	0.01631	0.070348	0	0
0	0	0	-0.27399	6.029668	-6.006941	6.029668	8316	-1.96343E-11	-5.093129E+10	3.591049E+16	0	0	0.043871	0.069719	0	0
0	0	0	-0.27301	6.029455	-6.005727	6.029455	8322	-7.792107E-12	-1.28335E+11	3.591049E+16	0	0	0.005932	0.069384	0	0
0	0	0	-0.271172	6.029468	-6.003845	6.029468	8326.5	-8.513114E-12	-1.174658E+11	3.591049E+16	0	0	0.010256	0.068771	0	0
0	0	0	-0.269621	6.029761	-6.002524	6.029761	8331	-1.671275E-11	-5.983456E+10	3.591049E+16	0	0	0.012458	0.068389	0	0
0	0	0	-0.268355	6.029628	-6.001092	6.029628	8339.5	-1.578086E-11	-6.33679E+10	3.591049E+16	0	0	0.016878	0.067871	0	0
0	0	0	-0.267946	6.029568	-6.000614	6.029568	8346.5	-7.026246E-12	-1.423235E+11	3.591049E+16	0	0	0.027831	0.067529	0	0
0	0	0	-0.267211	6.029508	-5.999799	6.029508	8352	-9.403767E-12	-1.063404E+11	3.591049E+16	0	0	0.045547	0.06702	0	0
0	0	0	-0.265782	6.029355	-5.99818	6.029355	8354	-1.109034E-11	-9.016853E+10	3.591049E+16	0	0	0.025993	0.066598	0	0
0	0	0	-0.2657	6.029415	-5.998153	6.029415	8357	-1.351432E-11	-7.399558E+10	3.591049E+16	0	0	0.006216	0.066064	0	0
0	0	0	-0.265006	6.029608	-5.997621	6.029608	8363.5	-3.056049E-11	-3.272199E+10	3.591049E+16	0	0	0.012955	0.06565	0	0
0	0	0	-0.263944	6.029561	-5.996481	6.029561	8364	-2.047204E-11	-4.88471E+10	3.591049E+16	0	0	-0.01618	0.065228	0	0
0	0	0	-0.262883	6.029828	-5.99564	6.029828	8367	-9.923001E-12	-1.00776E+11	3.591049E+16	0	0	0.019898	0.064798	0	0
0	0	0	-0.264843	6.029761	-5.997598	6.029761	8372	-1.133986E-11	-8.818448E+10	3.591049E+16	0	0	0.020025	0.06436	0	0
0	0	0	-0.263658	6.029855	-5.996466	6.029855	8377	-6.261879E-12	-1.596965E+11	3.591049E+16	0	0	-0.000458	0.063962	0	0
0	0	0	-0.264639	6.029728	-5.997356	6.029728	8368	-7.044345E-12	-1.419578E+11	3.591049E+16	0	0	0.008756	0.063532	0	0
0	0	0	-0.263128	6.029795	-5.995861	6.029795	8373.5	-5.990797E-12	-1.669227E+11	3.591049E+16	0	0	0.046001	0.062991	0	0
0	0	0	-0.263781	6.029575	-5.996326	6.029575	8369	-7.519546E-12	-1.329867E+11	3.591049E+16	0	0	0.025203	0.06268	0	0
0	0	0	-0.264598	6.029828	-5.997409	6.029828	8376	-6.632668E-12	-1.507689E+11	3.591049E+16	0	0	0.008918	0.062306	0	0
0	0	0	-0.264026	6.029675	-5.996673	6.029675	8373	-1.089872E-11	-9.175389E+10	3.591049E+16	0	0	0.016099	0.061749	0	0
0	0	0	-0.263985	6.029635	-5.996593	6.029635	8369	-6.255899E-12	-1.598491E+11	3.591049E+16	0	0	0.013799	0.06143	0	0
0	0	0	-0.265414	6.029955	-5.998371	6.029955	8371.5	-8.429947E-12	-1.186247E+11	3.591049E+16	0	0	0.047488	0.060913	0	0
0	0	0	-0.265047	6.029768	-5.997815	6.029768	8372	-9.269859E-12	-1.078765E+11	3.591049E+16	0	0	0.018796	0.060594	0	0
0	0	0	-0.267456	6.029735	-6.000267	6.029735	8365.5	-5.15581E-12	-1.939559E+11	3.591049E+16	0	0	0.014062	0.060212	0	0
0	0	0	-0.267946	6.029728	-6.000766	6.029728	8367	-6.955745E-12	-1.437661E+11	3.591049E+16	0	0	0.004397	0.059751	0	0
0	0	0	-0.269743	6.029895	-6.002777	6.029895	8356	-7.408107E-12	-1.349873E+11	3.591049E+16	0	0	0.021631	0.05936	0	0
0	0	0	-0.270682	6.029741	-6.0036	6.029741	8354	-7.506069E-12	-1.332255E+11	3.591049E+16	0	0	0.014329	0.059034	0	0
0	0	0	-0.270764	6.029628	-6.003576	6.029628	8346	-5.610184E-12	-1.782473E+11	3.591049E+16	0	0	0.02438	0.058604	0	0
0	0	0	-0.27252	6.029715	-6.005469	6.029715	8341.5	-7.298277E-12	-1.370186E+11	3.591049E+16	0	0	0.029573	0.058158	0	0
0	0	0	-0.274889	6.029735	-6.007931	6.029735	8341	-9.391382E-12	-1.064806E+11	3.591049E+16	0	0	0.02218	0.057816	0	0
0	0	0	-0.276359	6.029655	-6.00937	6.029655	8333.5	-7.694891E-12	-1.299563E+11	3.591049E+16	0	0	0.045148	0.057434	0	0
0	0	0	-0.276685	6.029748	-6.009796	6.029748	8322.5	-7.378407E-12	-1.355306E+11	3.591049E+16	0	0	0.032618	0.057139	0	0
0	0	0	-0.278155	6.029655	-6.011223	6.029655	8316	-8.771186E-12	-1.140097E+11	3.591049E+16	0	0	0.027728	0.056693	0	0
0	0	0	-0.279503	6.029908	-6.012853	6.029908	8314.5	-7.180496E-12	-1.392661E+11	3.591049E+16	0	0	0.025307	0.056351	0	0
0	0	0	-0.279748	6.029901	-6.0131	6.029901	8308	-8.762748E-12	-1.141195E+11	3.591049E+16	0	0	0.017666	0.056001	0	0
0	0	0	-0.278768	6.030082	-6.01226	6.030082	8302	-5.470384E-12	-1.828025E+11	3.591049E+16	0	0	0.020411	0.055579	0	0
0	0	0	-0.281504	6.029835	-6.014847	6.029835	8301	-5.524281E-12	-1.81019E+11	3.591049E+16	0	0	0.033685	0.055236	0	0
0	0	0	-0.281953	6.029808	-6.015285	6.029808	8305	-4.354324E-12	-2.296568E+11	3.591049E+16	0	0	0.060409	0.054846	0	0
0	0	0	-0.282729	6.029741	-6.016021	6.029741	8293	-6.130408E-12	-1.631213E+11	3.591049E+16	0	0	0.050178	0.054432	0	0
0	0	0	-0.282566	6.029868	-6.015973	6.029868	8291	-6.413136E-12	-1.559299E+11	3.591049E+16	0	0	0.018246	0.05413	0	0
0	0	0	-0.281259	6.029741	-6.014505	6.029741	8287.5	-7.251031E-12	-1.379114E+11	3.591049E+16	0	0	0.031893	0.053716	0	0
0	0	0	-0.282648	6.029848	-6.016038	6.029848	8288	-5.805133E-12	-1.722613E+11	3.591049E+16	0	0	0.010327	0.053397	0	0
0	0	0	-0.281463	6.029768	-6.014741	6.029768	8294	-7.256718E-12	-1.378033E+11	3.591049E+16	0	0	-0.006009	0.053118	0	0
0	0	0	-0.280442	6.029848	-6.013765	6.029848	8288	-5.993897E-12	-1.668364E+11	3.591049E+16	0	0	-0.000549	0.05284	0	0
0	0	0	-0.280156	6.029641	-6.013273	6.029641	8293	-6.894226E-12	-1.450489E+11	3.591049E+16	0	0	0.027174	0.052298	0	0
0	0	0	-0.28081	6.029875	-6.014169	6.029875	8297.5	-6.000768E-12	-1.666453E+11	3.591049E+16	0	0	-0.003342	0.052044	0	0
0	0	0	-0.279585	6.029721	-6.01276	6.029721	8299	-9.039029E-12	-1.106314E+11	3.591049E+16	0	0	-0.00056	0.051717	0	0
0	0	0	-0.279013	6.029901	-6.012342	6.029901	8296	-5.750371E-12	-1.739018E+11	3.591049E+16	0	0	0.002251	0.05147	0	0
0	0	0	-0.277216	6.029775	-6.010369	6.029775	8301.5	-7.560712E-12	-1.322627E+11	3.591049E+16	0	0	0.056272	0.050953	0	0
0	0	0	-0.276522	6.029981	-6.009849	6.029981	8304	-5.526277E-12	-1.809536E+11	3.591049E+16	0	0	0.033773	0.050579	0	0
0	0	0	-0.273704	6.029641	-6.006621	6.029641	8312	-6.824985E-12	-1.465205E+11	3.591049E+16	0	0	0.028174	0.050332	0	0
0	0	0	-0.274235	6.029795	-6.007314	6.029795	8315	-4.942085E-12	-2.023437E+11	3.591049E+16	0	0	0.039949	0.049966	0	0
0	0	0	-0.271744	6.029761	-6.004714	6.029761	8328	-9.070615E-12	-1.102461E+11	3.591049E+16	0	0	0.01398	0.049655	0	0
0	0	0	-0.271785	6.029795	-6.004788	6.029795	8325.5	-6.592678E-12	-1.516834E+11	3.591049E+16	0	0	0.008185	0.049456	0	0
0	0	0	-0.27056	6.029755	-6.003486	6.029755	8336.5	-7.017828E-12	-1.424942E+11	3.591049E+16	0	0	0.028832	0.049122	0	0
0	0	0	-0.269049	6.029615	-6.001795	6.029615	8336.5	-6.601389E-12	-1.514833E+11	3.591049E+16	0	0	0.005336	0.048724	0	0
0	0	0	-0.26811	6.029721	-6.000928	6.029721	8342	-7.11219E-12	-1.406037E+11	3.591049E+16	0	0	0.00836	0.048365	0	0
0	0	0	-0.269008	6.029648	-6.001785	6.029648	8349	-9.72873E-12	-1.027883E+11	3.591049E+16	0	0	-0.02157	0.04819	0	0
0	0	0	-0.267824	6.029575	-6.000494	6.029575	8353	-7.607616E-12	-1.314472E+11	3.591049E+16	0	0	0.038622	0.047832	0	0
0	0	0	-0.266517	6.029688	-5.999255	6.029688	8349	-8.947431E-12	-1.117639E+11	3.591049E+16	0	0	-0.003646	0.047482	0	0
0	0	0	-0.26713	6.029841	-6.000032	6.029841	8354.5	-1.087464E-11	-9.195707E+10	3.591049E+16	0	0	0.005503	0.047163	0	0
0	0	0	-0.266558	6.029688	-5.999297	6.029688	8360.5	-8.1722E-12	-1.223661E+11	3.591049E+16	0	0	0.030133	0.046884	0	0
0	0	0	-0.266068	6.029701	-5.998804	6.029701	8357.5	-6.11039E-12	-1.636557E+11	3.591049E+16	0	0	0.042659	0.04663	0	0
0	0	0	-0.266435	6.029988	-5.999456	6.029988	8360	-8.171711E-12	-1.223734E+11	3.591049E+16	0	0	0.008729	0.046216	0	0
0	0	0	-0.26713	6.029881	-6.00007	6.029881	8362.5	-7.941472E-12	-1.259212E+11	3.591049E+16	0	0	0.011892	0.046017	0	0
0	0	0	-0.267456	6.029835	-6.000362	6.029835	8361	-4.925549E-12	-2.03023E+11	3.591049E+16	0	0	0.024581	0.045682	0	0
0	0	0	-0.266885	6.029615	-5.999564	6.029615	8357.5	-5.733438E-12	-1.744154E+11	3.591049E+16	0	0	0.024769	0.045324	0	0
0	0	0	-0.268967	6.029801	-6.001889	6.029801	8356	-6.176979E-12	-1.618914E+11	3.591049E+16	0	0	0.021695	0.045101	0	0
0	0	0	-0.268763	6.029581	-6.001469	6.029581	8358.5	-9.7398E-12	-1.026715E+11	3.591049E+16	0	0	0.00257	0.044775	0	0
0	0	0	-0.270192	6.029748	-6.003101	6.029748	8349.5	-6.534136E-12	-1.530424E+11	3.591049E+16	0	0	0.041287	0.044576	0	0
0	0	0	-0.269621	6.029555	-6.002328	6.029555	8350	-1.066081E-11	-9.380153E+10	3.591049E+16	0	0	0.005846	0.044249	0	0
0	0	0	-0.271091	6.029615	-6.003901	6.029615	8343.5	-7.205541E-12	-1.387821E+11	3.591049E+16	0	0	0.018992	0.043883	0	0
0	0	0	-0.274439	6.029795	-6.007524	6.029795	8346.5	-1.153958E-11	-8.665825E+10	3.591049E+16	0	0	0.045518	0.043556	0	0
0	0	0	-0.274153	6.029875	-6.007306	6.029875	8339.5	-9.71766E-12	-1.029054E+11	3.591049E+16	0	0	0.029164	0.043326	0	0
0	0	0	-0.277094	6.029568	-6.010046	6.029568	8324.5	-6.591886E-12	-1.517016E+11	3.591049E+16	0	0	-0.013989	0.043095	0	0
0	0	0	-0.2764	6.029641	-6.0094	6.029641	8326	-5.771166E-12	-1.732752E+11	3.591049E+16	0	0	0.029421	0.04292	0	0
0	0	0	-0.280687	6.029861	-6.01403	6.029861	8313	-1.103591E-11	-9.061325E+10	3.591049E+16	0	0	0.019516	0.042633	0	0
0	0	0	-0.279299	6.029688	-6.012434	6.029688	8316	-9.057545E-12	-1.104052E+11	3.591049E+16	0	0	0.053537	0.042322	0	0
0	0	0	-0.280769	6.029895	-6.014146	6.029895	8296.5	-5.872736E-12	-1.702784E+11	3.591049E+16	0	0	0.036876	0.04198	0	0
0	0	0	-0.282239	6.029781	-6.015554	6.029781	8303	-8.115995E-12	-1.232135E+11	3.591049E+16	0	0	-0.004118	0.041757	0	0
0	0	0	-0.28179	6.029735	-6.015046	6.029735	8296	-5.576574E-12	-1.793216E+11	3.591049E+16	0	0	-0.014486	0.041534	0	0
0	0	0	-0.283138	6.029908	-6.016601	6.029908	8289.5	-6.723767E-12	-1.487262E+11	3.591049E+16	0	0	0.020105	0.041319	0	0
0	0	0	-0.283097	6.029541	-6.01621	6.029541	8291.5	-7.350924E-12	-1.360373E+11	3.591049E+16	0	0	0.00629	0.040969	0	0
0	0	0	-0.285261	6.029815	-6.018701	6.029815	8285.5	-5.459512E-12	-1.831666E+11	3.591049E+16	0	0	0.06249	0.040762	0	0
0	0	0	-0.285669	6.029615	-6.018932	6.029615	8286	-1.195122E-11	-8.367345E+10	3.591049E+16	0	0	0.020532	0.040412	0	0
0	0	0	-0.285424	6.029828	-6.018883	6.029828	8276	-6.328172E-12	-1.580235E+11	3.591049E+16	0	0	0.024212	0.040165	0	0
0	0	0	-0.284894	6.029521	-6.018044	6.029521	8274.5	-9.641918E-12	-1.037138E+11	3.591049E+16	0	0	0.031488	0.039958	0	0
0	0	0	-0.285261	6.029748	-6.018638	6.029748	8275.5	-6.186007E-12	-1.616552E+11	3.591049E+16	0	0	0.038908	0.039671	0	0
0	0	0	-0.28473	6.029761	-6.018103	6.029761	8278	-1.276768E-11	-7.832278E+10	3.591049E+16	0	0	0.053664	0.0394	0	0
0	0	0	-0.284158	6.029961	-6.017704	6.029961	8276	-7.147247E-12	-1.39914E+11	3.591049E+16	0	0	0.065042	0.039082	0	0
0	0	0	-0.28571	6.029668	-6.019025	6.029668	8278.5	-6.969002E-12	-1.434926E+11	3.591049E+16	0	0	0.043256	0.038947	0	0
0	0	0	-0.282852	6.029721	-6.016128	6.029721	8281	-5.057019E-12	-1.977449E+11	3.591049E+16	0	0	0.054593	0.038692	0	0
0	0	0	-0.283097	6.029808	-6.016463	6.029808	8274	-8.459437E-12	-1.182112E+11	3.591049E+16	0	0	0.032646	0.038453	0	0
0	0	0	-0.282198	6.029901	-6.015626	6.029901	8287	-7.547506E-12	-1.324941E+11	3.591049E+16	0	0	0.006711	0.038246	0	0
0	0	0	-0.280442	6.029828	-6.013746	6.029828	8286	-6.409269E-12	-1.56024E+11	3.591049E+16	0	0	0.033023	0.037991	0	0
0	0	0	-0.279911	6.029681	-6.013059	6.029681	8290	-5.51696E-12	-1.812592E+11	3.591049E+16	0	0	0.018137	0.037721	0	0
0	0	0	-0.279013	6.029608	-6.012063	6.029608	8297.5	-6.202452E-12	-1.612266E+11	3.591049E+16	0	0	0.044743	0.037569	0	0
0	0	0	-0.276767	6.029975	-6.010096	6.029975	8300	-8.233685E-12	-1.214523E+11	3.591049E+16	0	0	0.03362	0.037275	0	0
0	0	0	-0.275174	6.029688	-6.008181	6.029688	8304	-9.848285E-12	-1.015405E+11	3.591049E+16	0	0	0.029917	0.037115	0	0
0	0	0	-0.273908	6.029608	-6.0068	6.029608	8314.5	-4.986205E-12	-2.005533E+11	3.591049E+16	0	0	0.03013	0.036845	0	0
0	0	0	-0.272479	6.029728	-6.00544	6.029728	8321.5	-8.134078E-12	-1.229396E+11	3.591049E+16	0	0	0.038134	0.036566	0	0
0	0	0	-0.273459	6.029595	-6.006324	6.029595	8327	-9.875563E-12	-1.012601E+11	3.591049E+16	0	0	0.057892	0.036359	0	0
0	0	0	-0.271662	6.029941	-6.004801	6.029941	8333.5	-7.48765E-12	-1.335533E+11	3.591049E+16	0	0	0.026787	0.036088	0	0
0	0	0	-0.27105	6.029908	-6.004137	6.029908	8329	-1.024203E-11	-9.763688E+10	3.591049E+16	0	0	-0.004753	0.035881	0	0
0	0	0	-0.269416	6.029555	-6.002117	6.029555	8337	-5.234956E-12	-1.910236E+11	3.591049E+16	0	0	0.047053	0.035635	0	0
0	0	0	-0.269049	6.029708	-6.001884	6.029708	8340	-5.495423E-12	-1.819696E+11	3.591049E+16	0	0	0.027182	0.035531	0	0
0	0	0	-0.268477	6.029821	-6.001402	6.029821	8347	-1.154027E-11	-8.665306E+10	3.591049E+16	0	0	0.031483	0.035173	0	0
0	0	0	-0.26717	6.029575	-5.99982	6.029575	8349	-7.817388E-12	-1.2792E+11	3.591049E+16	0	0	0.051908	0.034998	0	0
0	0	0	-0.26958	6.029655	-6.002381	6.029655	8351.5	-6.313549E-12	-1.583895E+11	3.591049E+16	0	0	0.015501	0.034783	0	0
0	0	0	-0.269784	6.029681	-6.002617	6.029681	8357.5	-1.087854E-11	-9.192406E+10	3.591049E+16	0	0	0.05653	0.034631	0	0
0	0	0	-0.268804	6.029855	-6.001771	6.029855	8346.5	-8.803355E-12	-1.135931E+11	3.591049E+16	0	0	0.023908	0.0344	0	0
0	0	0	-0.268232	6.029675	-6.00101	6.029675	8345.5	-8.278821E-12	-1.207901E+11	3.591049E+16	0	0	0.082323	0.03409	0	0
0	0	0	-0.268804	6.029721	-6.001644	6.029721	8350	-5.973984E-12	-1.673925E+11	3.591049E+16	0	0	-0.038344	0.033994	0	0
0	0	0	-0.270601	6.029761	-6.003535	6.029761	8352.5	-8.410815E-12	-1.188945E+11	3.591049E+16	0	0	0.057978	0.033716	0	0
0	0	0	-0.271662	6.029768	-6.004636	6.029768	8350	-7.604884E-12	-1.314945E+11	3.591049E+16	0	0	0.01604	0.033549	0	0
0	0	0	-0.270968	6.029495	-6.00366	6.029495	8342	-7.022458E-12	-1.424003E+11	3.591049E+16	0	0	0.101112	0.033318	0	0
0	0	0	-0.273704	6.029761	-6.006735	6.029761	8337	-6.930805E-12	-1.442834E+11	3.591049E+16	0	0	-0.005118	0.033166	0	0
0	0	0	-0.2735	6.029515	-6.00629	6.029515	8340	-1.417388E-11	-7.055231E+10	3.591049E+16	0	0	0.01631	0.032951	0	0
0	0	0	-0.274358	6.029675	-6.007326	6.029675	8328	-7.010672E-12	-1.426397E+11	3.591049E+16	0	0	0.025023	0.032776	0	0
0	0	0	-0.277175	6.029915	-6.01046	6.029915	8329	-1.315032E-11	-7.604377E+10	3.591049E+16	0	0	0.003487	0.032434	0	0
0	0	0	-0.27791	6.029688	-6.011002	6.029688	8325	-8.383123E-12	-1.192873E+11	3.591049E+16	0	0	0.03863	0.032187	0	0
0	0	0	-0.2784	6.029648	-6.011469	6.029648	8312	-5.423414E-12	-1.843857E+11	3.591049E+16	0	0	0.021121	0.0321	0	0
0	0	0	-0.280647	6.029761	-6.013893	6.029761	8309	-8.12186E-12	-1.231245E+11	3.591049E+16	0	0	0.061024	0.031932	0	0
0	0	0	-0.281831	6.029815	-6.015165	6.029815	8307	-8.902421E-12	-1.12329E+11	3.591049E+16	0	0	0.043675	0.031678	0	0
0	0	0	-0.284894	6.029921	-6.018424	6.029921	8296.5	-6.984155E-12	-1.431812E+11	3.591049E+16	0	0	0.008047	0.031566	0	0
0	0	0	-0.284771	6.029768	-6.018152	6.029768	8291.5	-6.340024E-12	-1.577281E+11	3.591049E+16	0	0	0.03506	0.031383	0	0
0	0	0	-0.286731	6.030062	-6.020452	6.030062	8278	-5.348923E-12	-1.869535E+11	3.591049E+16	0	0	0.048819	0.031192	0	0
0	0	0	-0.285343	6.029908	-6.018874	6.029908	8278	-6.881756E-12	-1.453117E+11	3.591049E+16	0	0	-0.000911	0.030953	0	0
0	0	0	-0.286813	6.030048	-6.020523	6.030048	8269.5	-4.440388E-12	-2.252055E+11	3.591049E+16	0	0	0.054129	0.030722	0	0
0	0	0	-0.287303	6.029861	-6.020851	6.029861	8276	-5.453252E-12	-1.833768E+11	3.591049E+16	0	0	0.003684	0.030595	0	0
0	0	0	-0.287221	6.029588	-6.020507	6.029588	8269	-4.512754E-12	-2.215942E+11	3.591049E+16	0	0	0.031468	0.030428	0	0
0	0	0	-0.288242	6.029721	-6.021686	6.029721	8267	-5.851854E-12	-1.70886E+11	3.591049E+16	0	0	0.073598	0.030221	0	0
0	0	0	-0.286976	6.029641	-6.020305	6.029641	8267.5	-1.035729E-11	-9.655037E+10	3.591049E+16	0	0	0.008452	0.029974	0	0
0	0	0	-0.286854	6.030021	-6.02054	6.030021	8263	-7.525647E-12	-1.328789E+11	3.591049E+16	0	0	0.050812	0.029902	0	0
0	0	0	-0.286649	6.029855	-6.020171	6.029855	8268.5	-9.005809E-12	-1.110394E+11	3.591049E+16	0	0	0.036966	0.029671	0	0
0	0	0	-0.286445	6.029461	-6.019586	6.029461	8269	-4.665392E-12	-2.143443E+11	3.591049E+16	0	0	0.080056	0.029496	0	0
0	0	0	-0.286078	6.029721	-6.019455	6.029721	8270	-5.916749E-12	-1.690117E+11	3.591049E+16	0	0	0.023006	0.029321	0	0
0	0	0	-0.285588	6.029621	-6.018854	6.029621	8271	-1.610808E-11	-6.208066E+10	3.591049E+16	0	0	0.052047	0.029154	0	0
0	0	0	-0.284444	6.029795	-6.01784	6.029795	8272.5	-7.534299E-12	-1.327263E+11	3.591049E+16	0	0	0.018422	0.028971	0	0
0	0	0	-0.283791	6.029748	-6.017122	6.029748	8274.5	-9.47642E-12	-1.055251E+11	3.591049E+16	0	0	0.023411	0.02878	0	0
0	0	0	-0.284077	6.029708	-6.017379	6.029708	8279.5	-6.556252E-12	-1.525262E+11	3.591049E+16	0	0	-0.020592	0.02862	0	0
0	0	0	-0.283342	6.029675	-6.016589	6.029675	8282.5	-7.15286E-12	-1.398042E+11	3.591049E+16	0	0	-0.005925	0.028413	0	0
0	0	0	-0.280238	6.029601	-6.01332	6.029601	8281.5	-7.754186E-12	-1.289626E+11	3.591049E+16	0	0	0.013915	0.028222	0	0
0	0	0	-0.280238	6.029688	-6.013402	6.029688	8284.5	-8.34234E-12	-1.198704E+11	3.591049E+16	0	0	0	0	0	0
0	0	0	-0.27791	6.029955	-6.011256	6.029955	8298.5	-1.001986E-11	-9.980178E+10	3.591049E+16	0	0	0	0	0	0
0	0	0	-0.277094	6.029688	-6.01016	6.029688	8298.5	-8.111596E-12	-1.232803E+11	3.591049E+16	0	0	0	0	0	0
0	0	0	-0.273745	6.029795	-6.006809	6.029795	8309	-5.120988E-12	-1.952748E+11	3.591049E+16	0	0	0	0	0	0
0	0	0	-0.273459	6.029728	-6.006451	6.029728	8313	-8.12577E-12	-1.230653E+11	3.591049E+16	0	0	0	0	0	0
0	0	0	-0.273092	6.029595	-6.005945	6.029595	8328	-6.594658E-12	-1.516379E+11	3.591049E+16	0	0	0	0	0	0
0	0	0	-0.272561	6.029588	-6.005391	6.029588	8329	-7.483606E-12	-1.336254E+11	3.591049E+16	0	0	0	0	0	0
0	0	0	-0.27203	6.029868	-6.00511	6.029868	8331	-1.024449E-11	-9.761345E+10	3.591049E+16	0	0	0	0	0	0
0	0	0	0	0	0	0	8333	-1.043934E-11	-9.579145E+10	3.591049E+16	0	0	0	0	0	0
0	0	0	0	0	0	0	8335.5	-5.838403E-12	-1.712797E+11	3.591049E+16	0	0	0	0	0	0
