Vload_(V)	ILoad_(A)	RsLoad (ohm)	SunsVoc_Voltage_(V)	SunsVoc_Current_(A)	Model_Voltage_(V)	Model_Current_(A)	Carrier_Density_(cm-3)	Lifetime_(s)	Inverse_Lifetime_(s-1)	Efficiency_(%)	Intensity_(suns)	Dark_IV_Voltage_(V)	Dark_IV_Current_(A)
3.548443	6.322163	0	64.902943	-1.007747	65.225267	-1.007747	3.243982E+15	0.000186	5365.169828	19.092618	1.143134	0	0
3.571473	6.320404	3.918138	64.853163	-0.754727	65.096976	-0.754727	3.201462E+15	0.00019	5248.84494	19.379978	1.141944	0	0
5.197469	6.315304	6.135519	64.708438	-0.33646	64.820264	-0.33646	3.08048E+15	0.000194	5133.463598	19.134789	1.14238	0	0
11.505556	6.257894	6.586816	64.535945	0.117879	64.495459	0.117879	2.941298E+15	0.000199	5010.542699	19.2147	1.140991	0	0
16.213922	6.255508	5.852827	64.362757	0.539473	64.171462	0.539473	2.806872E+15	0.000204	4894.670009	19.154365	1.140753	0	0
21.512319	6.248439	5.056216	64.188466	0.926789	63.84944	0.926789	2.676796E+15	0.000208	4789.654354	19.096207	1.139482	0	0
27.562931	6.241157	4.133359	64.017034	1.28742	63.531889	1.28742	2.553784E+15	0.000213	4685.608591	19.265682	1.138808	0	0
33.553164	6.226862	3.250867	63.847399	1.618867	63.219686	1.618867	2.436719E+15	0.000217	4588.17384	19.050218	1.138172	0	0
39.3437	6.212085	2.388504	63.67613	1.925933	62.908134	1.925933	2.323081E+15	0.000222	4499.116587	19.284922	1.136624	0	0
45.2404	6.190315	1.521595	63.507924	2.21183	62.601989	2.21183	2.215787E+15	0.000226	4410.849732	19.00154	1.136942	0	0
46.514016	6.187376	1.325661	63.341025	2.480523	62.298405	2.480523	2.11342E+15	0.000231	4322.765566	19.177184	1.134917	0	0
47.968064	6.169197	1.148001	63.173636	2.729347	61.99704	2.729347	2.014718E+15	0.000235	4241.371481	19.119095	1.13595	0	0
49.416304	6.129074	1.019541	63.006124	2.95682	61.699604	2.95682	1.919798E+15	0.000239	4169.769125	19.008633	1.134798	0	0
50.864726	6.064983	0.914805	62.843227	3.167922	61.410232	3.167922	1.831077E+15	0.000244	4098.017757	19.267903	1.135116	0	0
52.281994	5.971997	0.826241	62.679595	3.366186	61.121482	3.366186	1.745404E+15	0.000248	4029.352697	18.900464	1.135195	0	0
53.722508	5.824484	0.755861	62.514289	3.550662	60.833029	3.550662	1.662258E+15	0.000252	3967.253713	19.271695	1.134123	0	0
55.123525	5.616249	0.693045	62.349472	3.722446	60.547404	3.722446	1.582657E+15	0.000256	3908.880832	18.905783	1.135314	0	0
56.483736	5.32128	0.641763	62.190985	3.882522	60.27184	3.882522	1.509127E+15	0.00026	3847.234003	19.073951	1.133766	0	0
57.804246	4.912639	0.604749	62.032539	4.031818	59.998501	4.031818	1.438479E+15	0.000264	3789.4736	19.145388	1.13452	0	0
59.162255	4.342653	0.569458	61.874257	4.170425	59.727827	4.170425	1.370677E+15	0.000267	3736.515093	19.043022	1.133647	0	0
60.453497	3.612788	0.546584	61.719772	4.298179	59.464875	4.298179	1.307095E+15	0.000271	3685.8758	19.390896	1.132972	0	0
61.671248	2.742245	0.53296	61.565777	4.41689	59.204847	4.41689	1.246189E+15	0.000275	3639.492635	19.06853	1.132456	0	0
62.849962	1.718821	0.556222	61.412068	4.529568	58.946121	4.529568	1.187784E+15	0.000278	3592.829364	19.336926	1.130908	0	0
63.847623	0.774594	0.579919	61.257869	4.634231	58.688973	4.634231	1.131521E+15	0.000281	3551.465187	19.109098	1.130829	0	0
53.19664	5.880568	0.785311	61.10853	4.731065	58.440505	4.731065	1.079186E+15	0.000285	3510.238653	19.104316	1.128606	0	0
64.626064	0	0	60.958006	4.820276	58.192997	4.820276	1.028518E+15	0.000287	3476.811397	19.230519	1.128248	0	0
0	0	0	60.811893	4.904001	57.952763	4.904001	9.812747E+14	0.00029	3441.189102	18.96402	1.125589	0	0
0	0	0	60.662268	4.983267	57.708958	4.983267	9.348172E+14	0.000293	3410.440072	19.374466	1.125192	0	0
0	0	0	60.519993	5.05727	57.47654	5.05727	8.923915E+14	0.000296	3375.228287	18.83248	1.123485	0	0
0	0	0	60.370817	5.126925	57.236246	5.126925	8.49684E+14	0.000298	3349.781054	19.328933	1.121857	0	0
0	0	0	60.223642	5.192027	57.000112	5.192027	8.092768E+14	0.000301	3325.574254	18.809071	1.120944	0	0
0	0	0	60.080714	5.252943	56.771065	5.252943	7.71627E+14	0.000303	3299.927846	19.292153	1.118324	0	0
0	0	0	59.939746	5.310651	56.545579	5.310651	7.359824E+14	0.000305	3273.098499	19.023164	1.118523	0	0
0	0	0	59.797226	5.364895	56.319204	5.364895	7.014022E+14	0.000308	3250.364684	19.203189	1.115744	0	0
0	0	0	59.658178	5.415741	56.098749	5.415741	6.690321E+14	0.00031	3226.698054	19.233575	1.115387	0	0
0	0	0	59.519006	5.464902	55.878342	5.464902	6.379441E+14	0.000312	3200.469298	18.93763	1.114077	0	0
0	0	0	59.381959	5.511574	55.661611	5.511574	6.085716E+14	0.000315	3172.341107	19.247529	1.112529	0	0
0	0	0	59.247402	5.553104	55.450954	5.553104	5.808937E+14	0.000317	3153.268024	18.783888	1.112291	0	0
0	0	0	59.114643	5.593045	55.243121	5.593045	5.546772E+14	0.000319	3130.842457	19.225565	1.110068	0	0
0	0	0	58.981148	5.630104	55.035625	5.630104	5.293745E+14	0.000321	3113.794964	18.971062	1.10971	0	0
0	0	0	58.846305	5.665188	54.827055	5.665188	5.048601E+14	0.000323	3099.51151	19.122681	1.107845	0	0
0	0	0	58.717262	5.697279	54.627949	5.697279	4.823504E+14	0.000324	3085.724707	19.211329	1.10721	0	0
0	0	0	58.585809	5.728407	54.425712	5.728407	4.603453E+14	0.000325	3072.197767	18.868675	1.105066	0	0
0	0	0	58.459134	5.757147	54.231252	5.757147	4.399947E+14	0.000327	3058.741209	19.373899	1.103915	0	0
0	0	0	58.327599	5.785568	54.02989	5.785568	4.19722E+14	0.000328	3045.21337	18.833781	1.102128	0	0
0	0	0	58.201006	5.81189	53.836414	5.81189	4.010097E+14	0.00033	3030.989	19.4483	1.099945	0	0
0	0	0	58.07433	5.836349	53.643811	5.836349	3.830434E+14	0.000331	3021.076199	18.933612	1.099151	0	0
0	0	0	57.943327	5.859932	53.445521	5.859932	3.65234E+14	0.000332	3014.608406	19.269463	1.095698	0	0
0	0	0	57.816856	5.882003	53.254254	5.882003	3.487589E+14	0.000333	3006.287605	19.020221	1.09542	0	0
0	0	0	57.689241	5.902517	53.062272	5.902517	3.328249E+14	0.000333	3003.415951	19.003492	1.092085	0	0
0	0	0	57.567426	5.922573	52.878324	5.922573	3.182395E+14	0.000334	2990.963672	19.139669	1.090617	0	0
0	0	0	57.440873	5.941449	52.688457	5.941449	3.037104E+14	0.000335	2986.013787	18.921128	1.08883	0	0
0	0	0	57.319058	5.959113	52.505815	5.959113	2.903044E+14	0.000336	2978.973408	19.272991	1.08621	0	0
0	0	0	57.197201	5.975972	52.323496	5.975972	2.774426E+14	0.000336	2972.340188	18.96721	1.085297	0	0
0	0	0	57.074447	5.991653	52.140638	5.991653	2.650211E+14	0.000337	2970.717908	19.199315	1.08236	0	0
0	0	0	56.95455	6.006513	51.962179	6.006513	2.533891E+14	0.000337	2967.407593	18.998292	1.081248	0	0
0	0	0	56.834981	6.021053	51.784211	6.021053	2.422635E+14	0.000338	2960.715832	19.092757	1.078867	0	0
0	0	0	56.714064	6.034641	51.604955	6.034641	2.314775E+14	0.000338	2958.856073	19.138134	1.077398	0	0
0	0	0	56.594453	6.047273	51.42812	6.047273	2.212515E+14	0.000338	2959.619514	18.976514	1.075651	0	0
0	0	0	56.476231	6.059465	51.253399	6.059465	2.115616E+14	0.000338	2957.901923	19.189139	1.073468	0	0
0	0	0	56.35854	6.071421	51.079436	6.071421	2.023126E+14	0.000339	2952.35242	18.860388	1.072555	0	0
0	0	0	56.240931	6.082519	50.906158	6.082519	1.934516E+14	0.000339	2950.937116	19.143923	1.069498	0	0
0	0	0	56.122954	6.093043	50.732708	6.093043	1.849319E+14	0.000339	2951.321199	18.893909	1.068863	0	0
0	0	0	56.006733	6.102915	50.562126	6.102915	1.768871E+14	0.000339	2952.605079	19.064268	1.065608	0	0
0	0	0	55.890349	6.112077	50.391808	6.112077	1.691642E+14	0.000338	2958.391695	19.171929	1.065052	0	0
0	0	0	55.77421	6.12119	50.221738	6.12119	1.617777E+14	0.000338	2959.291841	19.017843	1.062393	0	0
0	0	0	55.660316	6.13019	50.054767	6.13019	1.548328E+14	0.000339	2953.561922	19.345955	1.060487	0	0
0	0	0	55.544014	6.138537	49.884905	6.138537	1.48035E+14	0.000338	2954.863444	18.937265	1.059098	0	0
0	0	0	55.426731	6.146409	49.713992	6.146409	1.414692E+14	0.000338	2959.454788	19.207869	1.055605	0	0
0	0	0	55.308387	6.153747	49.54198	6.153747	1.35127E+14	0.000337	2969.01031	19.016458	1.05493	0	0
0	0	0	55.19919	6.160617	49.383069	6.160617	1.295175E+14	0.000337	2971.235101	19.049934	1.051556	0	0
0	0	0	55.084561	6.167472	49.216491	6.167472	1.238699E+14	0.000336	2974.883213	19.150902	1.050405	0	0
0	0	0	54.970668	6.174079	49.051075	6.174079	1.184935E+14	0.000336	2977.027645	18.927771	1.047864	0	0
0	0	0	54.859674	6.180309	48.889981	6.180309	1.134706E+14	0.000336	2978.032885	19.133066	1.045522	0	0
0	0	0	54.744025	6.186478	48.722347	6.186478	1.084558E+14	0.000336	2980.232403	18.945401	1.043656	0	0
0	0	0	54.635971	6.191993	48.565885	6.191993	1.039642E+14	0.000335	2982.629581	19.078284	1.041036	0	0
0	0	0	54.520567	6.19725	48.39932	6.19725	9.936597E+13	0.000334	2994.610291	19.101894	1.039885	0	0
0	0	0	54.410839	6.202442	48.240682	6.202442	9.517696E+13	0.000334	2996.472595	19.081475	1.036789	0	0
0	0	0	54.30058	6.207149	48.081714	6.207149	9.114039E+13	0.000333	3006.151562	19.263613	1.036074	0	0
0	0	0	54.187341	6.211992	47.918371	6.211992	8.716788E+13	0.000332	3010.811524	18.915808	1.033057	0	0
0	0	0	54.074142	6.216704	47.755146	6.216704	8.336523E+13	0.000332	3013.501108	19.284027	1.031549	0	0
0	0	0	53.968252	6.220679	47.602843	6.220679	7.995459E+13	0.000331	3023.611469	18.758767	1.029644	0	0
0	0	0	53.853992	6.224894	47.438514	6.224894	7.64268E+13	0.00033	3031.794572	19.259519	1.027103	0	0
0	0	0	53.748592	6.229224	47.286417	6.229224	7.330751E+13	0.000331	3020.110743	18.809721	1.026349	0	0
0	0	0	53.63621	6.232606	47.125467	6.232606	7.011849E+13	0.000329	3042.565718	19.193642	1.022776	0	0
0	0	0	53.528646	6.235892	46.971322	6.235892	6.719338E+13	0.000327	3058.527918	19.023777	1.0223	0	0
0	0	0	53.419164	6.239872	46.813707	6.239872	6.433872E+13	0.000328	3046.864146	19.012459	1.019323	0	0
0	0	0	53.310375	6.24312	46.657788	6.24312	6.161987E+13	0.000327	3055.712365	19.241365	1.017814	0	0
0	0	0	53.202485	6.245977	46.503504	6.245977	5.903477E+13	0.000325	3074.249249	18.86379	1.015829	0	0
0	0	0	53.089367	6.248891	46.341789	6.248891	5.643865E+13	0.000323	3092.666429	19.350681	1.013328	0	0
0	0	0	52.978128	6.251767	46.182708	6.251767	5.399502E+13	0.000322	3105.739323	18.953011	1.012018	0	0
0	0	0	52.871627	6.254808	46.030047	6.254808	5.175295E+13	0.000323	3100.305652	19.224775	1.009081	0	0
0	0	0	52.760714	6.257125	45.871957	6.257125	4.951532E+13	0.00032	3128.930742	19.071786	1.007692	0	0
0	0	0	52.653232	6.259702	45.718357	6.259702	4.743778E+13	0.000319	3136.582654	18.899471	1.004635	0	0
0	0	0	52.545506	6.261902	45.564798	6.261902	4.544165E+13	0.000317	3159.010182	19.24375	1.003603	0	0
0	0	0	52.435002	6.264114	45.407299	6.264114	4.348004E+13	0.000314	3180.353221	18.768283	1.000983	0	0
0	0	0	52.326254	6.266668	45.251847	6.266668	4.163114E+13	0.000315	3175.488841	19.404034	0.998919	0	0
0	0	0	52.218895	6.26881	45.098774	6.26881	3.988195E+13	0.000314	3186.773338	18.790542	0.99745	0	0
0	0	0	52.106921	6.270706	44.939478	6.270706	3.813483E+13	0.000311	3214.36973	19.35117	0.994552	0	0
0	0	0	51.998295	6.272519	44.784949	6.272519	3.651223E+13	0.000309	3238.897306	18.872197	0.993877	0	0
0	0	0	51.888322	6.274572	44.628226	6.274572	3.493899E+13	0.000308	3244.752146	19.14525	0.990186	0	0
0	0	0	51.775695	6.276465	44.467934	6.276465	3.339722E+13	0.000307	3259.568615	19.020851	0.989828	0	0
0	0	0	51.666008	6.278206	44.31192	6.278206	3.196042E+13	0.000305	3276.313356	19.014724	0.986732	0	0
0	0	0	51.553748	6.280018	44.152186	6.280018	3.055324E+13	0.000304	3285.947124	19.222687	0.985144	0	0
0	0	0	51.445613	6.281578	43.998516	6.281578	2.925579E+13	0.000303	3304.666409	18.88367	0.983477	0	0
0	0	0	51.334742	6.283057	43.841079	6.283057	2.798216E+13	0.0003	3329.138253	19.196229	0.980817	0	0
0	0	0	51.218031	6.284564	43.675387	6.284564	2.670076E+13	0.000298	3354.491816	18.855521	0.979507	0	0
0	0	0	51.108793	6.28592	43.520348	6.28592	2.555416E+13	0.000296	3378.536035	19.16707	0.976887	0	0
0	0	0	50.99249	6.287254	43.355396	6.287254	2.438703E+13	0.000293	3409.917757	19.029829	0.975379	0	0
0	0	0	50.872431	6.288637	43.185088	6.288637	2.323764E+13	0.000291	3436.833101	19.086051	0.973196	0	0
0	0	0	50.756414	6.290275	43.020122	6.290275	2.217806E+13	0.000292	3425.068928	19.22478	0.971608	0	0
0	0	0	50.637579	6.29157	42.851599	6.29157	2.114245E+13	0.00029	3446.906575	18.994307	0.969425	0	0
0	0	0	50.524299	6.292629	42.691153	6.292629	2.019999E+13	0.000287	3482.937811	19.298407	0.966844	0	0
0	0	0	50.404035	6.293836	42.520693	6.293836	1.924506E+13	0.000285	3506.246749	18.875983	0.965653	0	0
0	0	0	50.287814	6.294882	42.3561	6.294882	1.836488E+13	0.000283	3538.727233	19.208974	0.962478	0	0
0	0	0	50.165835	6.296035	42.183264	6.296035	1.748409E+13	0.000281	3559.814081	18.95956	0.961843	0	0
0	0	0	50.043693	6.297059	42.010345	6.297059	1.664421E+13	0.000278	3592.85961	19.041947	0.958508	0	0
0	0	0	49.924858	6.297947	41.842233	6.297947	1.58656E+13	0.000275	3635.894782	19.131738	0.957476	0	0
0	0	0	49.798306	6.298711	41.663423	6.298711	1.507623E+13	0.00027	3705.629806	18.886574	0.954975	0	0
0	0	0	49.67551	6.299693	41.489595	6.299693	1.434766E+13	0.000268	3730.718247	19.224803	0.952593	0	0
0	0	0	49.550959	6.300564	41.31343	6.300564	1.364446E+13	0.000265	3770.957326	18.962996	0.95172	0	0
0	0	0	49.421262	6.301476	41.129965	6.301476	1.294866E+13	0.000263	3805.767971	19.2117	0.948465	0	0
0	0	0	49.292626	6.302048	40.948428	6.302048	1.229345E+13	0.000257	3897.74538	19.118529	0.94779	0	0
0	0	0	49.16003	6.302945	40.76088	6.302945	1.165262E+13	0.000255	3928.608321	19.113827	0.944734	0	0
0	0	0	49.030537	6.303794	40.577744	6.303794	1.105891E+13	0.000253	3956.69214	19.21343	0.943463	0	0
0	0	0	48.894225	6.304426	40.385302	6.304426	1.046647E+13	0.000248	4036.941231	18.98822	0.941558	0	0
0	0	0	48.757014	6.305229	40.191353	6.305229	9.902066E+12	0.000245	4073.727344	19.068988	0.939533	0	0
0	0	0	48.615515	6.306069	39.991313	6.306069	9.351779E+12	0.000244	4099.599779	19.007985	0.938025	0	0
0	0	0	48.470586	6.306621	39.786831	6.306621	8.819742E+12	0.000238	4197.785711	19.139552	0.935365	0	0
0	0	0	48.323982	6.307203	39.579943	6.307203	8.312259E+12	0.000233	4287.174038	19.062413	0.934611	0	0
0	0	0	48.173214	6.30789	39.367042	6.30789	7.820714E+12	0.00023	4347.266009	19.014312	0.931475	0	0
0	0	0	48.018892	6.308645	39.149039	6.308645	7.347598E+12	0.000228	4382.557005	19.097216	0.931039	0	0
0	0	0	47.859793	6.308837	38.9251	6.308837	6.889708E+12	0.000217	4607.29254	18.960142	0.927982	0	0
0	0	0	47.693465	6.309387	38.690485	6.309387	6.441427E+12	0.000212	4724.63363	19.330002	0.926513	0	0
0	0	0	47.523912	6.31009	38.451103	6.31009	6.014398E+12	0.000209	4781.802646	18.919726	0.925005	0	0
0	0	0	47.34517	6.310348	38.199432	6.310348	5.594783E+12	0.000199	5030.552402	19.265073	0.922147	0	0
0	0	0	47.164387	6.310971	37.944351	6.310971	5.200092E+12	0.000195	5126.769778	18.861093	0.921353	0	0
0	0	0	46.976048	6.311105	37.679354	6.311105	4.818442E+12	0.000183	5466.829877	18.973816	0.918217	0	0
0	0	0	46.781952	6.311818	37.405397	6.311818	4.454364E+12	0.000181	5532.048849	19.017103	0.917423	0	0
0	0	0	46.580423	6.312141	37.121557	6.312141	4.105384E+12	0.000172	5815.079841	18.871936	0.91512	0	0
0	0	0	46.368359	6.312387	36.82301	6.312387	3.767603E+12	0.000162	6180.703538	19.268998	0.913374	0	0
0	0	0	46.143431	6.31276	36.506176	6.31276	3.439616E+12	0.000154	6511.778323	18.941499	0.911627	0	0
0	0	0	45.898738	6.313248	36.161363	6.313248	3.115116E+12	0.000147	6817.122871	19.218571	0.909126	0	0
0	0	0	45.643101	6.313708	35.801188	6.313708	2.808721E+12	0.000139	7171.022416	19.032409	0.908174	0	0
0	0	0	45.367495	6.314003	35.413178	6.314003	2.512034E+12	0.000129	7738.161712	19.026147	0.905593	0	0
0	0	0	45.071021	6.3143	34.995809	6.3143	2.227748E+12	0.000119	8407.128711	19.215158	0.904799	0	0
0	0	0	44.754089	6.314302	34.550138	6.314302	1.959304E+12	0.000105	9557.214878	18.941474	0.901743	0	0
0	0	0	44.413675	6.314886	34.070492	6.314886	1.706872E+12	9.847429E-5	10154.935168	19.359872	0.900949	0	0
0	0	0	44.047085	6.315433	33.554074	6.315433	1.471256E+12	9.176915E-5	10896.907917	18.763789	0.898488	0	0
0	0	0	43.655503	6.3155	33.003291	6.3155	1.255371E+12	7.910208E-5	12641.893234	19.301106	0.896543	0	0
0	0	0	43.242808	6.315895	32.422255	6.315895	1.062025E+12	7.112789E-5	14059.183351	18.725591	0.895233	0	0
0	0	0	42.812064	6.316127	31.816096	6.316127	8.918999E+11	6.203224E-5	16120.650255	19.251726	0.892295	0	0
0	0	0	42.362126	6.316413	31.182838	6.316413	7.432153E+11	5.426193E-5	18429.128577	18.937308	0.891819	0	0
0	0	0	41.906022	6.316807	30.540696	6.316807	6.177658E+11	4.842049E-5	20652.415707	19.198586	0.888286	0	0
0	0	0	41.423252	6.317129	29.86116	6.317129	5.079668E+11	4.236379E-5	23605.062719	19.183843	0.887651	0	0
0	0	0	40.932151	6.317357	29.170064	6.317357	4.16272E+11	3.636135E-5	27501.728787	18.922101	0.885348	0	0
0	0	0	40.428677	6.317422	28.461859	6.317422	3.394206E+11	3.005382E-5	33273.637149	19.196252	0.883403	0	0
0	0	0	39.910583	6.317847	27.732395	6.317847	2.751206E+11	2.676073E-5	37368.187956	18.706487	0.882093	0	0
0	0	0	39.371826	6.318033	26.974309	6.318033	2.211404E+11	2.248162E-5	44480.775039	19.199276	0.879275	0	0
0	0	0	38.805382	6.318107	26.177496	6.318107	1.757667E+11	1.819212E-5	54968.84769	18.841914	0.878282	0	0
0	0	0	38.224645	6.318513	25.359897	6.318513	1.388952E+11	1.597621E-5	62593.066797	19.096523	0.875702	0	0
0	0	0	37.619161	6.318535	24.50826	6.318535	1.086624E+11	1.25735E-5	79532.326899	19.037539	0.87467	0	0
0	0	0	36.984764	6.318723	23.615605	6.318723	8.401947E+10	1.025327E-5	97529.856094	18.876745	0.872527	0	0
0	0	0	36.316024	6.318986	22.674467	6.318986	6.406674E+10	8.46769E-6	118095.968768	19.1734	0.871018	0	0
0	0	0	35.62021	6.319187	21.695366	6.319187	4.831894E+10	6.815796E-6	146718.008529	18.739664	0.868954	0	0
0	0	0	34.894911	6.319232	20.675124	6.319232	3.600893E+10	5.158898E-6	193839.865318	19.34695	0.866652	0	0
0	0	0	34.134779	6.319466	19.605453	6.319466	2.645874E+10	4.118684E-6	242795.991013	18.883849	0.866175	0	0
0	0	0	33.354841	6.319601	18.508132	6.319601	1.928592E+10	3.160354E-6	316420.273953	19.289479	0.86296	0	0
0	0	0	32.561141	6.319679	17.391576	6.319679	1.397939E+10	2.363325E-6	423132.665266	19.021324	0.862563	0	0
0	0	0	31.73371	6.320002	16.226971	6.320002	9.995314E+9	1.941749E-6	514999.693415	19.013786	0.859506	0	0
0	0	0	30.892272	6.320052	15.043312	6.320052	7.106213E+9	1.41315E-6	707638.850251	19.096802	0.858712	0	0
0	0	0	30.030906	6.320178	13.831422	6.320178	5.011538E+9	1.060038E-6	943362.148632	18.846562	0.857085	0	0
0	0	0	29.151245	6.320248	12.593931	6.320248	3.508184E+9	7.693144E-7	1299858.714497	19.143203	0.854425	0	0
0	0	0	28.261252	6.320221	11.342161	6.320221	2.445538E+9	5.287078E-7	1891404.069333	18.944225	0.854068	0	0
0	0	0	27.357498	6.320765	10.069474	6.320765	1.695288E+9	5.091869E-7	1963915.386318	19.173584	0.851011	0	0
0	0	0	26.446556	6.320744	8.788192	6.320744	1.171782E+9	3.468166E-7	2883368.600702	19.071867	0.850376	0	0
0	0	0	25.534634	6.320849	7.505177	6.320849	8.09613E+8	2.587284E-7	3865057.59111	19.046502	0.848034	0	0
0	0	0	24.624509	6.321065	6.224351	6.321065	5.597893E+8	2.141397E-7	4669849.283712	19.070057	0.846684	0	0
0	0	0	23.726431	6.3208	4.961874	6.3208	3.889492E+8	1.198606E-7	8343027.055043	19.01969	0.844858	0	0
0	0	0	22.836765	6.32103	3.709763	6.32103	2.711704E+8	1.005501E-7	9945292.804843	19.115209	0.842834	0	0
0	0	0	21.957471	6.321219	2.472345	6.321219	1.898533E+8	8.443914E-8	1.184285E+7	18.99244	0.841961	0	0
0	0	0	21.09684	6.32124	1.261682	6.32124	1.339307E+8	6.091833E-8	1.641542E+7	19.056447	0.839063	0	0
0	0	0	20.252707	6.321128	0.074646	6.321128	9.511453E+7	3.859856E-8	2.59077E+7	18.956972	0.838467	0	0
0	0	0	19.427686	6.321163	-1.08597	6.321163	6.807361E+7	2.858867E-8	3.497889E+7	18.879741	0.83553	0	0
0	0	0	18.626635	6.321275	-2.213124	6.321275	4.919619E+7	2.325607E-8	4.299953E+7	19.025136	0.834815	0	0
0	0	0	17.846248	6.321463	-3.31148	6.321463	3.585276E+7	2.150712E-8	4.649622E+7	18.855034	0.832553	0	0
0	0	0	17.087096	6.321651	-4.379985	6.321651	2.635437E+7	2.162629E-8	4.624001E+7	19.304717	0.831203	0	0
0	0	0	16.355304	6.3214	-5.408508	6.3214	1.958846E+7	1.078384E-8	9.273136E+7	18.919876	0.829734	0	0
0	0	0	15.648464	6.321553	-6.403321	6.321553	1.470758E+7	1.013539E-8	9.866416E+7	19.264785	0.826836	0	0
0	0	0	14.967228	6.321881	-7.362746	6.321881	1.115811E+7	1.663925E-8	6.009885E+7	18.936931	0.826876	0	0
0	0	0	14.315516	6.321651	-8.278674	6.321651	8567196	7.030294E-9	1.422416E+8	18.961636	0.823542	0	0
0	0	0	13.689165	6.321867	-9.160523	6.321867	6645872.75	9.442848E-9	1.059003E+8	19.122987	0.823065	0	0
0	0	0	13.08168	6.321623	-10.014169	6.321623	5195021	4.042705E-9	2.473591E+8	18.853013	0.820922	0	0
0	0	0	12.502331	6.321672	-10.829299	6.321672	4107492.75	3.514319E-9	2.845502E+8	19.160327	0.819135	0	0
0	0	0	11.948587	6.321679	-11.608259	6.321679	3281517.25	2.848093E-9	3.511121E+8	18.797143	0.818064	0	0
0	0	0	11.418487	6.321965	-12.355009	6.321965	2646889.5	5.616123E-9	1.780588E+8	18.940664	0.815563	0	0
0	0	0	10.907621	6.321783	-13.07295	6.321783	2151709.5	2.38264E-9	4.197025E+8	18.96187	0.81461	0	0
0	0	0	10.422034	6.321839	-13.756228	6.321839	1767186.25	2.294381E-9	4.358473E+8	18.904729	0.812109	0	0
0	0	0	9.958865	6.321986	-14.408321	6.321986	1464632.25	3.474968E-9	2.877724E+8	19.241598	0.811553	0	0
0	0	0	9.515543	6.321937	-15.031748	6.321937	1223684.25	2.275656E-9	4.394337E+8	18.838268	0.809291	0	0
0	0	0	9.094354	6.321958	-15.624309	6.321958	1031590.5	2.114315E-9	4.729664E+8	19.364059	0.807901	0	0
0	0	0	8.690807	6.321832	-16.19148	6.321832	875894.25	1.113194E-9	8.983158E+8	18.704511	0.806234	0	0
0	0	0	8.298572	6.321979	-16.743809	6.321979	747115.25	1.705403E-9	5.863716E+8	19.21887	0.804408	0	0
0	0	0	7.926428	6.32193	-17.267105	6.32193	642482.5	1.159016E-9	8.628011E+8	18.615714	0.803455	0	0
0	0	0	7.56972	6.322007	-17.769187	6.322007	555972	1.495916E-9	6.684868E+8	19.099708	0.800716	0	0
0	0	0	7.22947	6.321797	-18.246972	6.321797	484331.25	5.5679E-10	1.796009E+9	18.835202	0.800478	0	0
0	0	0	6.901103	6.322007	-18.709725	6.322007	423959.5	1.140719E-9	8.766401E+8	18.984357	0.79762	0	0
0	0	0	6.588662	6.32193	-19.14892	6.32193	373517	6.738116E-10	1.484094E+9	19.094576	0.796747	0	0
0	0	0	6.287737	6.321888	-19.572055	6.321888	330616.25	5.055486E-10	1.978049E+9	18.744937	0.79504	0	0
0	0	0	5.992979	6.322209	-19.988005	6.322209	293375.5	-2.668583E-9	-3.747307E+8	19.214117	0.793055	0	0
0	0	0	5.712758	6.322174	-20.382048	6.322174	261868.5	-9.733835E-9	-1.027344E+8	18.713835	0.792341	0	0
0	0	0	5.442216	6.321776	-20.760973	6.321776	234664	2.551573E-10	3.919151E+9	19.248208	0.7898	0	0
0	0	0	5.182291	6.321979	-21.127444	6.321979	211193	4.820801E-10	2.074344E+9	18.952747	0.789125	0	0
0	0	0	4.933351	6.321923	-21.477392	6.321923	190917.75	3.343913E-10	2.990509E+9	19.026153	0.786624	0	0
0	0	0	4.687556	6.321923	-21.823149	6.321923	172809.5	3.026748E-10	3.303876E+9	19.055498	0.78591	0	0
0	0	0	4.457523	6.321972	-22.146937	6.321972	157421.5	3.462144E-10	2.888384E+9	18.63506	0.784004	0	0
0	0	0	4.233044	6.32202	-22.462915	6.32202	143727	4.246671E-10	2.354785E+9	19.136266	0.782734	0	0
0	0	0	4.00975	6.322292	-22.778173	6.322292	131286.75	-4.245763E-10	-2.355289E+9	18.535733	0.781424	0	0
0	0	0	3.786292	6.321979	-23.091179	6.321979	119915.5	2.737254E-10	3.653297E+9	19.28446	0.779201	0	0
0	0	0	3.573248	6.322285	-23.392175	6.322285	109992.25	-3.758986E-10	-2.660292E+9	18.839026	0.778606	0	0
0	0	0	3.366819	6.322271	-23.6825	6.322271	101161.5	-3.899858E-10	-2.564196E+9	19.175448	0.775708	0	0
0	0	0	3.162799	6.32209	-23.968718	6.32209	93130.5	5.402678E-10	1.850934E+9	18.917587	0.775668	0	0
0	0	0	2.962904	6.322139	-24.25012	6.322139	85880.5	1.530003E-9	6.535935E+8	18.86565	0.773247	0	0
0	0	0	2.765418	6.322313	-24.528675	6.322313	79272.25	-2.207903E-10	-4.529184E+9	18.984521	0.772215	0	0
0	0	0	2.568259	6.322244	-24.805719	6.322244	73182.25	-3.792401E-10	-2.636852E+9	18.825692	0.770944	0	0
0	0	0	2.368364	6.322174	-25.086609	6.322174	67485.25	-2.508468E-9	-3.986496E+8	19.126604	0.768364	0	0
0	0	0	2.171001	6.322167	-25.36421	6.322167	62295.75	-6.050368E-9	-1.652792E+8	18.838004	0.767927	0	0
0	0	0	1.97376	6.322195	-25.64179	6.322195	57508	-7.495505E-10	-1.334133E+9	18.99773	0.765427	0	0
0	0	0	1.78093	6.322348	-25.913717	6.322348	53183.25	-1.203044E-10	-8.312251E+9	18.818671	0.764871	0	0
0	0	0	1.597369	6.322153	-26.171076	6.322153	49369	2.154218E-9	4.642056E+8	18.890858	0.762926	0	0
0	0	0	1.42218	6.322118	-26.417361	6.322118	45984	4.340108E-10	2.30409E+9	18.907378	0.761735	0	0
0	0	0	1.258344	6.322181	-26.648106	6.322181	43028.75	-9.889448E-10	-1.011179E+9	18.975101	0.760346	0	0
0	0	0	1.110352	6.322271	-26.856687	6.322271	40523	-1.562194E-10	-6.401252E+9	19.098364	0.758599	0	0
0	0	0	0.967587	6.322285	-27.057577	6.322285	38244	-1.306989E-10	-7.651174E+9	18.973699	0.757646	0	0
0	0	0	0.835399	6.322118	-27.242784	6.322118	36248.25	3.421219E-10	2.922935E+9	18.985832	0.755106	0	0
0	0	0	0.706111	6.322097	-27.424561	6.322097	34397.25	2.208185E-10	4.528607E+9	18.870863	0.754947	0	0
0	0	0	0.585071	6.322285	-27.595666	6.322285	32750	-1.119232E-10	-8.934702E+9	18.799491	0.752287	0	0
0	0	0	0.469749	6.322418	-27.758482	6.322418	31254	-5.139274E-11	-1.9458E+10	18.933161	0.75193	0	0
0	0	0	0.358836	6.322285	-27.913912	6.322285	29879.75	-1.021141E-10	-9.79297E+9	18.713737	0.749905	0	0
0	0	0	0.255479	6.322446	-28.060024	6.322446	28653.5	-4.247685E-11	-2.354224E+10	19.109613	0.748397	0	0
0	0	0	0.159227	6.322362	-28.195048	6.322362	27556.75	-5.797929E-11	-1.724754E+10	18.677204	0.747722	0	0
0	0	0	0.065344	6.322264	-28.326676	6.322264	26527.75	-1.092616E-10	-9.152346E+9	18.942218	0.745102	0	0
0	0	0	-0.020168	6.322271	-28.446998	6.322271	25623.75	-9.878163E-11	-1.012334E+10	18.77542	0.745261	0	0
0	0	0	-0.100779	6.322237	-28.560237	6.322237	24799.75	-1.406168E-10	-7.111524E+9	18.794215	0.742284	0	0
0	0	0	-0.174326	6.322125	-28.663193	6.322125	24071.25	2.694207E-10	3.711668E+9	19.073913	0.742006	0	0
0	0	0	-0.235458	6.322508	-28.750917	6.322508	23482	-2.849659E-11	-3.509192E+10	18.804797	0.74018	0	0
0	0	0	-0.287566	6.322334	-28.823431	6.322334	22991	-5.623211E-11	-1.778344E+10	19.085032	0.738791	0	0
0	0	0	-0.313497	6.322202	-28.859311	6.322202	22750.75	-2.437665E-10	-4.102287E+9	18.71286	0.737719	0	0
0	0	0	-0.340694	6.322216	-28.897632	6.322216	22501.25	-1.778141E-10	-5.623851E+9	18.769554	0.735615	0	0
0	0	0	-0.361644	6.322418	-28.928015	6.322418	22310.75	-3.668684E-11	-2.725773E+10	18.846565	0.735099	0	0
0	0	0	-0.371036	6.32262	-28.942141	6.32262	22226	-2.039575E-11	-4.902983E+10	18.726698	0.732558	0	0
0	0	0	-0.374548	6.322299	-28.945632	6.322299	22194.25	-6.811708E-11	-1.468061E+10	19.086419	0.73228	0	0
0	0	0	-0.378509	6.322348	-28.951425	6.322348	22158.75	-5.012469E-11	-1.995025E+10	18.65397	0.730177	0	0
0	0	0	-0.381204	6.32255	-28.95613	6.32255	22134.5	-2.396367E-11	-4.172984E+10	19.100764	0.729541	0	0
0	0	0	-0.38247	6.322278	-28.956682	6.322278	22123.25	-8.015534E-11	-1.247578E+10	18.48884	0.727834	0	0
0	0	0	-0.38639	6.322271	-28.962165	6.322271	22088	-8.515103E-11	-1.174384E+10	19.066916	0.726167	0	0
0	0	0	-0.387616	6.322341	-28.964204	6.322341	22077.25	-5.188961E-11	-1.927168E+10	18.557305	0.725572	0	0
0	0	0	-0.389004	6.322488	-28.966819	6.322488	22064.75	-2.849976E-11	-3.508801E+10	19.044963	0.72319	0	0
0	0	0	-0.389208	6.322508	-28.9672	6.322508	22063	-2.677456E-11	-3.734889E+10	18.770676	0.723071	0	0
0	0	0	-0.389862	6.322474	-28.967962	6.322474	22057	-2.976675E-11	-3.359453E+10	18.761801	0.72065	0	0
0	0	0	-0.390107	6.32239	-28.967929	6.32239	22054.75	-4.071296E-11	-2.45622E+10	18.894578	0.719816	0	0
0	0	0	-0.391536	6.32216	-28.968899	6.32216	22042	3.492866E-9	2.862978E+8	18.466634	0.718585	0	0
0	0	0	-0.391495	6.322655	-28.971079	6.322655	22042.5	-1.879523E-11	-5.320499E+10	19.015549	0.71668	0	0
0	0	0	-0.393129	6.322334	-28.971927	6.322334	22027.75	-5.387616E-11	-1.856109E+10	18.537132	0.716084	0	0
0	0	0	-0.39419	6.322251	-28.973043	6.322251	22018.25	-1.050601E-10	-9.518358E+9	19.116284	0.71402	0	0
0	0	0	-0.395211	6.322299	-28.9747	6.322299	22009.25	-6.754929E-11	-1.480401E+10	18.847543	0.713504	0	0
0	0	0	-0.395007	6.322376	-28.974759	6.322376	22011	-4.328617E-11	-2.310207E+10	18.906471	0.71144	0	0
0	0	0	-0.397376	6.322655	-28.979351	6.322655	21990	-1.875047E-11	-5.333201E+10	18.937824	0.710765	0	0
0	0	0	-0.39807	6.322216	-28.978343	6.322216	21983.75	-1.737246E-10	-5.756237E+9	18.543674	0.709058	0	0
0	0	0	-0.39905	6.322383	-28.980478	6.322383	21975	-4.184866E-11	-2.389563E+10	19.006192	0.707748	0	0
0	0	0	-0.4015	6.322474	-28.984334	6.322474	21953.25	-2.962673E-11	-3.37533E+10	18.423883	0.706915	0	0
0	0	0	-0.401051	6.322418	-28.98345	6.322418	21957.25	-3.610556E-11	-2.769656E+10	19.060367	0.70493	0	0
0	0	0	-0.402766	6.322578	-28.986588	6.322578	21942	-2.216148E-11	-4.512334E+10	18.635924	0.70485	0	0
0	0	0	-0.400602	6.32232	-28.982377	6.32232	21961.25	-5.846272E-11	-1.710492E+10	18.940291	0.701794	0	0
0	0	0	-0.402317	6.322495	-28.985578	6.322495	21946	-2.775112E-11	-3.603458E+10	18.738006	0.701953	0	0
0	0	0	-0.403174	6.322292	-28.98587	6.322292	21938.25	-7.094746E-11	-1.409494E+10	18.649945	0.699888	0	0
0	0	0	-0.401255	6.322418	-28.983737	6.322418	21955.5	-3.610269E-11	-2.769877E+10	18.82672	0.698936	0	0
0	0	0	-0.403338	6.322299	-28.986131	6.322299	21937	-6.732754E-11	-1.485276E+10	18.674256	0.698062	0	0
0	0	0	-0.403093	6.322495	-28.986669	6.322495	21939	-2.774227E-11	-3.604608E+10	18.98337	0.695443	0	0
0	0	0	-0.404359	6.322251	-28.987347	6.322251	21927.75	-1.046283E-10	-9.557642E+9	18.68295	0.695601	0	0
0	0	0	-0.404522	6.322529	-28.988837	6.322529	21926.25	-2.509158E-11	-3.9854E+10	18.762719	0.693061	0	0
0	0	0	-0.405134	6.322592	-28.989983	6.322592	21920.75	-2.142142E-11	-4.668225E+10	18.58756	0.692703	0	0
0	0	0	-0.404399	6.322181	-28.987089	6.322181	21927.5	-5.039673E-10	-1.984256E+9	18.606023	0.690957	0	0
0	0	0	-0.403419	6.322481	-28.987066	6.322481	21936	-2.895454E-11	-3.45369E+10	18.576778	0.690163	0	0
0	0	0	-0.403705	6.322474	-28.987436	6.322474	21933.5	-2.960008E-11	-3.378369E+10	18.650453	0.688853	0	0
0	0	0	-0.402807	6.322167	-28.984786	6.322167	21941.5	-2.131028E-9	-4.692571E+8	18.844668	0.687067	0	0
0	0	0	-0.401663	6.322648	-28.985352	6.322648	21951.75	-1.898671E-11	-5.266843E+10	18.704689	0.68667	0	0
0	0	0	-0.402194	6.322271	-28.984397	6.322271	21947	-8.460746E-11	-1.181929E+10	18.774169	0.684328	0	0
0	0	0	-0.401908	6.322278	-28.984026	6.322278	21949.5	-7.952582E-11	-1.257453E+10	18.69224	0.684328	0	0
0	0	0	-0.400887	6.322655	-28.984292	6.322655	21958.75	-1.872382E-11	-5.340791E+10	18.709216	0.681668	0	0
0	0	0	-0.400887	6.322481	-28.983504	6.322481	21958.75	-2.898457E-11	-3.450112E+10	18.912624	0.681668	0	0
0	0	0	-0.399622	6.322306	-28.980935	6.322306	21970	-6.415875E-11	-1.558634E+10	18.598717	0.680001	0	0
0	0	0	-0.396967	6.322488	-28.978021	6.322488	21993.5	-2.840773E-11	-3.520168E+10	18.932435	0.678334	0	0
0	0	0	-0.39562	6.322195	-28.974801	6.322195	22005.75	-2.868195E-10	-3.486513E+9	18.466351	0.677778	0	0
0	0	0	-0.396355	6.322508	-28.977253	6.322508	21999	-2.669689E-11	-3.745754E+10	18.687294	0.675436	0	0
0	0	0	-0.396885	6.32239	-28.977465	6.32239	21994.25	-4.060128E-11	-2.462977E+10	18.630612	0.675833	0	0
0	0	0	-0.396355	6.322467	-28.977064	6.322467	21999	-3.036909E-11	-3.292822E+10	18.638472	0.673173	0	0
0	0	0	-0.395415	6.322264	-28.974829	6.322264	22007.5	-9.064375E-11	-1.10322E+10	18.995389	0.672578	0	0
0	0	0	-0.395415	6.32223	-28.974672	6.32223	22007.5	-1.377559E-10	-7.259218E+9	18.679744	0.671387	0	0
0	0	0	-0.394966	6.322223	-28.974008	6.322223	22011.5	-1.537648E-10	-6.503439E+9	18.966928	0.669918	0	0
0	0	0	-0.392598	6.322146	-28.97033	6.322146	22032.5	5.574441E-10	1.793902E+9	18.587576	0.669243	0	0
0	0	0	-0.395048	6.322418	-28.975006	6.322418	22010.75	-3.619354E-11	-2.762924E+10	18.625146	0.667139	0	0
0	0	0	-0.397253	6.322299	-28.977572	6.322299	21991	-6.749328E-11	-1.481629E+10	18.682476	0.66706	0	0
0	0	0	-0.396273	6.322278	-28.976099	6.322278	21999.75	-7.970788E-11	-1.254581E+10	18.497135	0.66448	0	0
0	0	0	-0.39562	6.322397	-28.975715	6.322397	22005.75	-3.941423E-11	-2.537155E+10	18.877938	0.664361	0	0
0	0	0	-0.395865	6.322264	-28.975461	6.322264	22003.25	-9.062625E-11	-1.103433E+10	18.359771	0.662455	0	0
0	0	0	-0.396069	6.322334	-28.976064	6.322334	22001.5	-5.381196E-11	-1.858323E+10	18.890889	0.661661	0	0
0	0	0	-0.39709	6.322292	-28.977311	6.322292	21992.5	-7.11229E-11	-1.406017E+10	18.213368	0.660431	0	0
0	0	0	-0.398029	6.322223	-28.978317	6.322223	21984	-1.535727E-10	-6.511575E+9	18.835166	0.658605	0	0
0	0	0	-0.398886	6.322334	-28.980027	6.322334	21976.5	-5.375081E-11	-1.860437E+10	18.350232	0.658525	0	0
0	0	0	-0.399295	6.322299	-28.980444	6.322299	21972.75	-6.743726E-11	-1.48286E+10	18.880646	0.656104	0	0
0	0	0	-0.401051	6.322425	-28.983482	6.322425	21957.25	-3.514582E-11	-2.845289E+10	18.652196	0.656223	0	0
0	0	0	-0.399989	6.322439	-28.982051	6.322439	21966.75	-3.338611E-11	-2.995257E+10	18.603204	0.653881	0	0
0	0	0	-0.401459	6.322599	-28.984844	6.322599	21953.5	-2.111083E-11	-4.736906E+10	18.741431	0.653047	0	0
0	0	0	-0.401541	6.322676	-28.985305	6.322676	21952.75	-1.795592E-11	-5.569194E+10	18.223724	0.652055	0	0
0	0	0	-0.403093	6.322585	-28.987079	6.322585	21939	-2.179292E-11	-4.588646E+10	18.775095	0.650149	0	0
0	0	0	-0.404073	6.322278	-28.987071	6.322278	21930.25	-7.945607E-11	-1.258557E+10	18.256449	0.649911	0	0
0	0	0	-0.405053	6.322453	-28.989237	6.322453	21921.75	-3.171668E-11	-3.152915E+10	18.793547	0.647648	0	0
0	0	0	-0.406074	6.322362	-28.990264	6.322362	21912.5	-4.610381E-11	-2.169018E+10	18.564493	0.64749	0	0
0	0	0	-0.405461	6.322341	-28.989307	6.322341	21918	-5.151531E-11	-1.94117E+10	18.536304	0.645703	0	0
0	0	0	-0.407421	6.322418	-28.992412	6.322418	21900.5	-3.601225E-11	-2.776833E+10	18.709334	0.644949	0	0
0	0	0	-0.406686	6.32232	-28.990936	6.32232	21907	-5.83183E-11	-1.714728E+10	18.243453	0.643203	0	0
0	0	0	-0.407217	6.322369	-28.991904	6.322369	21902.25	-4.452646E-11	-2.245855E+10	18.870677	0.642051	0	0
0	0	0	-0.407421	6.322341	-28.992065	6.322341	21900.5	-5.147418E-11	-1.942722E+10	18.270767	0.641535	0	0
0	0	0	-0.408565	6.322404	-28.993957	6.322404	21890.25	-3.807485E-11	-2.626406E+10	18.874948	0.639114	0	0
0	0	0	-0.407911	6.322529	-28.993605	6.322529	21896.25	-2.505725E-11	-3.990861E+10	18.350702	0.639352	0	0
0	0	0	-0.409055	6.322411	-28.994678	6.322411	21886	-3.699875E-11	-2.702794E+10	18.605645	0.636375	0	0
0	0	0	-0.407993	6.322313	-28.992743	6.322313	21895.5	-6.098369E-11	-1.639783E+10	18.431701	0.636573	0	0
0	0	0	-0.408524	6.322641	-28.994971	6.322641	21890.75	-1.920987E-11	-5.205657E+10	18.401399	0.63443	0	0
0	0	0	-0.406931	6.322244	-28.990934	6.322244	21905	-1.135146E-10	-8.809441E+9	18.630306	0.633437	0	0
0	0	0	-0.408442	6.322543	-28.994415	6.322543	21891.5	-2.41345E-11	-4.143446E+10	18.527122	0.632762	0	0
0	0	0	-0.40591	6.322223	-28.989404	6.322223	21914	-1.530837E-10	-6.532375E+9	18.847587	0.630539	0	0
0	0	0	-0.407095	6.322467	-28.992173	6.322467	21903.5	-3.023726E-11	-3.307178E+10	18.549024	0.630817	0	0
0	0	0	-0.405339	6.322599	-28.990301	6.322599	21919	-2.107765E-11	-4.744362E+10	18.677689	0.628237	0	0
0	0	0	-0.405665	6.322467	-28.990162	6.322467	21916.25	-3.025486E-11	-3.305254E+10	18.451978	0.6278	0	0
0	0	0	-0.405502	6.322313	-28.989239	6.322313	21917.5	-6.104497E-11	-1.638137E+10	18.534709	0.626332	0	0
0	0	0	-0.402562	6.322244	-28.984788	6.322244	21943.75	-1.137154E-10	-8.793884E+9	18.49174	0.625339	0	0
0	0	0	-0.402358	6.322536	-28.985824	6.322536	21945.5	-2.464525E-11	-4.057577E+10	18.470866	0.624387	0	0
0	0	0	-0.402153	6.322404	-28.984938	6.322404	21947.5	-3.817443E-11	-2.619555E+10	18.545404	0.622918	0	0
0	0	0	-0.401132	6.322313	-28.983092	6.322313	21956.5	-6.115359E-11	-1.635227E+10	18.361615	0.622164	0	0
0	0	0	-0.400193	6.322258	-28.981519	6.322258	21964.75	-9.710994E-11	-1.029761E+10	18.459127	0.620099	0	0
0	0	0	-0.399336	6.322313	-28.980565	6.322313	21972.5	-6.119815E-11	-1.634036E+10	18.393725	0.620258	0	0
0	0	0	-0.399377	6.322453	-28.981252	6.322453	21972	-3.178938E-11	-3.145705E+10	18.432234	0.617718	0	0
0	0	0	-0.398478	6.322264	-28.979138	6.322264	21980	-9.053048E-11	-1.1046E+10	18.6806	0.617479	0	0
0	0	0	-0.398111	6.322404	-28.979251	6.322404	21983.5	-3.823704E-11	-2.615265E+10	18.38352	0.616011	0	0
0	0	0	-0.398478	6.32246	-28.98002	6.32246	21980	-3.10548E-11	-3.220114E+10	18.751531	0.614661	0	0
0	0	0	-0.397825	6.322285	-28.978313	6.322285	21986	-7.513717E-11	-1.330899E+10	18.279496	0.614304	0	0
0	0	0	-0.39758	6.322453	-28.978725	6.322453	21988.25	-3.181289E-11	-3.14338E+10	18.490564	0.611763	0	0
0	0	0	-0.398315	6.322432	-28.979664	6.322432	21981.5	-3.427359E-11	-2.917699E+10	18.409447	0.612081	0	0
0	0	0	-0.397335	6.322237	-28.977403	6.322237	21990.25	-1.246867E-10	-8.020101E+9	18.364314	0.609858	0	0
0	0	0	-0.398846	6.322251	-28.979592	6.322251	21976.75	-1.048621E-10	-9.536332E+9	18.725914	0.60958	0	0
0	0	0	-0.398437	6.322278	-28.979143	6.322278	21980.5	-7.963813E-11	-1.25568E+10	18.441736	0.608032	0	0
0	0	0	-0.398764	6.322418	-28.980233	6.322418	21977.5	-3.613886E-11	-2.767104E+10	18.621443	0.606762	0	0
0	0	0	-0.399091	6.322467	-28.980913	6.322467	21974.75	-3.033562E-11	-3.296455E+10	18.434531	0.605928	0	0
0	0	0	-0.400602	6.322202	-28.981841	6.322202	21961.25	-2.353072E-10	-4.249763E+9	18.382569	0.604142	0	0
0	0	0	-0.40052	6.322306	-28.982199	6.322306	21962	-6.413539E-11	-1.559202E+10	18.551175	0.604102	0	0
0	0	0	-0.401296	6.322153	-28.982597	6.322153	21955	9.580074E-10	1.043833E+9	18.299283	0.60176	0	0
0	0	0	-0.402235	6.322251	-28.98436	6.322251	21946.75	-1.04719E-10	-9.549368E+9	18.672748	0.601641	0	0
0	0	0	-0.40248	6.32255	-28.986059	6.32255	21944.5	-2.375796E-11	-4.209115E+10	18.124425	0.599616	0	0
0	0	0	-0.403787	6.322501	-28.987677	6.322501	21932.75	-2.716393E-11	-3.681352E+10	18.55969	0.599338	0	0
0	0	0	-0.40542	6.322467	-28.989817	6.322467	21918.25	-3.025762E-11	-3.304953E+10	17.896911	0.598108	0	0
0	0	0	-0.404726	6.322508	-28.98903	6.322508	21924.5	-2.660648E-11	-3.758483E+10	18.530289	0.596361	0	0
0	0	0	-0.406645	6.322425	-28.991352	6.322425	21907.5	-3.506619E-11	-2.85175E+10	18.083954	0.596242	0	0
0	0	0	-0.406482	6.322418	-28.99109	6.322418	21908.75	-3.602581E-11	-2.775787E+10	18.601483	0.593662	0	0
0	0	0	-0.407258	6.322495	-28.992528	6.322495	21902	-2.769548E-11	-3.610697E+10	18.412389	0.594099	0	0
0	0	0	-0.409055	6.32232	-28.994268	6.32232	21886	-5.826239E-11	-1.716373E+10	18.382819	0.591717	0	0
0	0	0	-0.409341	6.32246	-28.995301	6.32246	21883.5	-3.091846E-11	-3.234314E+10	18.616558	0.591082	0	0
0	0	0	-0.407585	6.322348	-28.992326	6.322348	21899	-4.953712E-11	-2.018688E+10	18.05261	0.590327	0	0
0	0	0	-0.410852	6.322264	-28.996544	6.322264	21870	-9.007742E-11	-1.110156E+10	18.662794	0.588541	0	0
0	0	0	-0.409708	6.322627	-28.996574	6.322627	21880.25	-1.977708E-11	-5.056358E+10	18.171362	0.588144	0	0
0	0	0	-0.409463	6.322453	-28.995441	6.322453	21882.5	-3.165989E-11	-3.158571E+10	18.534516	0.586318	0	0
0	0	0	-0.410811	6.322474	-28.997432	6.322474	21870.5	-2.951506E-11	-3.388101E+10	18.381986	0.585842	0	0
0	0	0	-0.411873	6.322508	-28.999083	6.322508	21861	-2.652942E-11	-3.7694E+10	18.116972	0.584016	0	0
0	0	0	-0.410239	6.32239	-28.996249	6.32239	21875.5	-4.038207E-11	-2.476347E+10	18.614292	0.583738	0	0
0	0	0	-0.409259	6.322495	-28.995343	6.322495	21884.25	-2.767304E-11	-3.613626E+10	18.080703	0.58211	0	0
0	0	0	-0.407952	6.322341	-28.992812	6.322341	21896	-5.14636E-11	-1.943121E+10	18.842533	0.581158	0	0
0	0	0	-0.408932	6.322411	-28.994506	6.322411	21887	-3.700044E-11	-2.702671E+10	18.117688	0.580522	0	0
0	0	0	-0.408238	6.322446	-28.993687	6.322446	21893.25	-3.245524E-11	-3.081166E+10	18.700057	0.578379	0	0
0	0	0	-0.408606	6.322404	-28.994014	6.322404	21890	-3.807441E-11	-2.626436E+10	18.045268	0.578657	0	0
0	0	0	-0.407666	6.322495	-28.993103	6.322495	21898.25	-2.769074E-11	-3.611316E+10	18.343907	0.576156	0	0
0	0	0	-0.406809	6.322599	-28.992369	6.322599	21906	-2.106515E-11	-4.747177E+10	18.125287	0.576751	0	0
0	0	0	-0.406645	6.322697	-28.992581	6.322697	21907.5	-1.721731E-11	-5.80811E+10	18.191945	0.57437	0	0
0	0	0	-0.405216	6.322369	-28.989089	6.322369	21920.25	-4.456306E-11	-2.244011E+10	18.425717	0.573854	0	0
0	0	0	-0.404032	6.322467	-28.987864	6.322467	21930.75	-3.027487E-11	-3.303069E+10	18.050933	0.572941	0	0
0	0	0	-0.402276	6.32239	-28.985047	6.32239	21946.25	-4.051267E-11	-2.468363E+10	18.468707	0.570995	0	0
0	0	0	-0.402807	6.32246	-28.986109	6.32246	21941.5	-3.100041E-11	-3.225764E+10	17.939791	0.570757	0	0
0	0	0	-0.401868	6.322376	-28.98441	6.322376	21950	-4.31662E-11	-2.316627E+10	18.462101	0.568931	0	0
0	0	0	-0.400969	6.322285	-28.982736	6.322285	21958	-7.504148E-11	-1.332596E+10	18.205922	0.568534	0	0
0	0	0	-0.40003	6.322411	-28.981982	6.322411	21966.25	-3.713441E-11	-2.69292E+10	18.283251	0.567066	0	0
0	0	0	-0.400397	6.322327	-28.982121	6.322327	21963	-5.599204E-11	-1.785968E+10	18.300688	0.566272	0	0
0	0	0	-0.399581	6.322425	-28.981414	6.322425	21970.25	-3.516663E-11	-2.843605E+10	17.887276	0.56516	0	0
0	0	0	-0.399703	6.322334	-28.981176	6.322334	21969.25	-5.373308E-11	-1.861051E+10	18.288269	0.563969	0	0
0	0	0	-0.398519	6.322508	-28.980298	6.322508	21979.75	-2.667353E-11	-3.749035E+10	17.771267	0.563612	0	0
0	0	0	-0.397743	6.322362	-28.978545	6.322362	21986.75	-4.626003E-11	-2.161693E+10	18.347504	0.561389	0	0
0	0	0	-0.399336	6.322216	-28.980123	6.322216	21972.5	-1.736357E-10	-5.759184E+9	18.061374	0.561429	0	0
0	0	0	-0.399458	6.322467	-28.98143	6.322467	21971.5	-3.033113E-11	-3.296943E+10	18.2465	0.559126	0	0
0	0	0	-0.399703	6.322369	-28.981334	6.322369	21969.25	-4.466267E-11	-2.239006E+10	18.174909	0.559642	0	0
0	0	0	-0.399172	6.322271	-28.980146	6.322271	21974	-8.471155E-11	-1.180477E+10	18.002173	0.557856	0	0
0	0	0	-0.399131	6.322362	-28.980498	6.322362	21974.25	-4.623373E-11	-2.162923E+10	18.200266	0.556745	0	0
0	0	0	-0.400847	6.322306	-28.982659	6.322306	21959	-6.412663E-11	-1.559415E+10	18.071984	0.556308	0	0
0	0	0	-0.399458	6.322383	-28.981052	6.322383	21971.5	-4.184199E-11	-2.389943E+10	18.344612	0.553886	0	0
0	0	0	-0.401541	6.322536	-28.984675	6.322536	21952.75	-2.465339E-11	-4.056237E+10	18.103523	0.554085	0	0
0	0	0	-0.403297	6.322369	-28.986389	6.322369	21937.25	-4.459762E-11	-2.242272E+10	18.136646	0.552378	0	0
0	0	0	-0.404522	6.322251	-28.987577	6.322251	21926.25	-1.046212E-10	-9.558296E+9	18.018647	0.551783	0	0
0	0	0	-0.404114	6.322285	-28.98716	6.322285	21930	-7.494579E-11	-1.334298E+10	18.081687	0.550552	0	0
0	0	0	-0.403909	6.322425	-28.987503	6.322425	21931.75	-3.5105E-11	-2.848597E+10	18.089168	0.54956	0	0
0	0	0	-0.403746	6.322425	-28.987273	6.322425	21933.25	-3.51074E-11	-2.848402E+10	18.250381	0.548647	0	0
0	0	0	-0.407707	6.322529	-28.993318	6.322529	21898	-2.505925E-11	-3.990542E+10	18.28532	0.547178	0	0
0	0	0	-0.408565	6.322474	-28.994272	6.322474	21890.25	-2.954171E-11	-3.385044E+10	18.222174	0.547059	0	0
0	0	0	-0.408401	6.322313	-28.993317	6.322313	21891.75	-6.097325E-11	-1.640064E+10	18.097187	0.544836	0	0
0	0	0	-0.407952	6.322481	-28.993442	6.322481	21896	-2.890174E-11	-3.459999E+10	18.085782	0.545312	0	0
0	0	0	-0.409096	6.322411	-28.994735	6.322411	21885.75	-3.699832E-11	-2.702825E+10	17.924963	0.54297	0	0
0	0	0	-0.409422	6.322543	-28.995794	6.322543	21882.75	-2.412486E-11	-4.145102E+10	18.218373	0.542811	0	0
0	0	0	-0.410362	6.322397	-28.996453	6.322397	21874.5	-3.917915E-11	-2.552378E+10	17.856466	0.541422	0	0
0	0	0	-0.410035	6.322397	-28.995993	6.322397	21877.5	-3.918452E-11	-2.552028E+10	18.231583	0.540152	0	0
0	0	0	-0.409953	6.322411	-28.995942	6.322411	21878	-3.698522E-11	-2.703783E+10	17.799449	0.540152	0	0
0	0	0	-0.410321	6.322432	-28.996553	6.322432	21874.75	-3.410714E-11	-2.931937E+10	18.035279	0.53777	0	0
0	0	0	-0.410117	6.322439	-28.996298	6.322439	21876.5	-3.324895E-11	-3.007614E+10	18.081365	0.538087	0	0
0	0	0	-0.410566	6.322334	-28.996457	6.322334	21872.75	-5.349705E-11	-1.869262E+10	18.026798	0.535785	0	0
0	0	0	-0.41077	6.322362	-28.99687	6.322362	21871	-4.60165E-11	-2.173134E+10	18.313946	0.535547	0	0
0	0	0	-0.411342	6.322522	-28.998399	6.322522	21865.75	-2.550709E-11	-3.920479E+10	17.956505	0.534793	0	0
0	0	0	-0.410688	6.322488	-28.997322	6.322488	21871.5	-2.825015E-11	-3.539804E+10	18.024125	0.533522	0	0
0	0	0	-0.411832	6.322508	-28.999025	6.322508	21861.5	-2.653003E-11	-3.769314E+10	17.902816	0.532808	0	0
0	0	0	-0.410035	6.322369	-28.995867	6.322369	21877.5	-4.447615E-11	-2.248396E+10	17.822066	0.53122	0	0
0	0	0	-0.410321	6.322481	-28.996774	6.322481	21874.75	-2.887369E-11	-3.46336E+10	18.080433	0.531101	0	0
0	0	0	-0.409136	6.322585	-28.995581	6.322585	21885.25	-2.173953E-11	-4.599916E+10	17.881288	0.528799	0	0
0	0	0	-0.407176	6.322704	-28.993359	6.322704	21902.75	-1.699181E-11	-5.88519E+10	18.171701	0.528997	0	0
0	0	0	-0.407217	6.322341	-28.991778	6.322341	21902.25	-5.147829E-11	-1.942566E+10	17.739628	0.527092	0	0
0	0	0	-0.406809	6.322536	-28.992086	6.322536	21906	-2.460089E-11	-4.064894E+10	0	0	0	0
0	0	0	-0.406482	6.322341	-28.990744	6.322341	21908.75	-5.149357E-11	-1.94199E+10	0	0	0	0
0	0	0	-0.404604	6.322306	-28.987944	6.322306	21925.5	-6.40288E-11	-1.561797E+10	0	0	0	0
0	0	0	-0.404195	6.322432	-28.987936	6.322432	21929.25	-3.419212E-11	-2.92465E+10	0	0	0	0
0	0	0	-0.403705	6.322348	-28.986869	6.322348	21933.5	-4.961516E-11	-2.015513E+10	0	0	0	0
0	0	0	-0.401827	6.322676	-28.985708	6.322676	21950.25	-1.795387E-11	-5.569828E+10	0	0	0	0
0	0	0	-0.400928	6.322592	-28.984066	6.322592	21958.25	-2.145807E-11	-4.660252E+10	0	0	0	0
0	0	0	-0.402113	6.322543	-28.985511	6.322543	21947.75	-2.419652E-11	-4.132826E+10	0	0	0	0
0	0	0	-0.401214	6.322341	-28.983333	6.322341	21955.75	-5.160404E-11	-1.937833E+10	0	0	0	0
0	0	0	-0.400806	6.322327	-28.982696	6.322327	21959.5	-5.598312E-11	-1.786253E+10	0	0	0	0
0	0	0	-0.400928	6.322251	-28.982521	6.322251	21958.25	-1.047738E-10	-9.544366E+9	0	0	0	0
0	0	0	-0.400316	6.322299	-28.98188	6.322299	21963.75	-6.740964E-11	-1.483467E+10	0	0	0	0
0	0	0	-0.39856	6.322362	-28.979694	6.322362	21979.5	-4.624478E-11	-2.162406E+10	0	0	0	0
0	0	0	-0.400642	6.322439	-28.98297	6.322439	21960.75	-3.337699E-11	-2.996076E+10	0	0	0	0
0	0	0	-0.400765	6.32239	-28.982922	6.32239	21959.75	-4.053759E-11	-2.466846E+10	0	0	0	0
0	0	0	-0.40003	6.322495	-28.982361	6.322495	21966.25	-2.777673E-11	-3.600136E+10	0	0	0	0
0	0	0	-0.399907	6.322251	-28.981085	6.322251	21967.5	-1.04818E-10	-9.540347E+9	0	0	0	0
0	0	0	-0.402153	6.322125	-28.983677	6.322125	21947.5	2.456503E-10	4.070827E+9	0	0	0	0
0	0	0	-0.401623	6.322278	-28.983624	6.322278	21952.25	-7.953578E-11	-1.257296E+10	0	0	0	0
0	0	0	-0.402398	6.322446	-28.985472	6.322446	21945.25	-3.253233E-11	-3.073865E+10	0	0	0	0
0	0	0	-0.402235	6.322418	-28.985116	6.322418	21946.75	-3.60883E-11	-2.770981E+10	0	0	0	0
0	0	0	-0.40297	6.322271	-28.985488	6.322271	21940.25	-8.458144E-11	-1.182292E+10	0	0	0	0
0	0	0	-0.404849	6.322432	-28.988856	6.322432	21923.5	-3.418316E-11	-2.925417E+10	0	0	0	0
0	0	0	-0.405298	6.322376	-28.989235	6.322376	21919.5	-4.310622E-11	-2.319851E+10	0	0	0	0
0	0	0	-0.406482	6.322411	-28.991059	6.322411	21908.75	-3.703721E-11	-2.699988E+10	0	0	0	0
0	0	0	-0.407871	6.322327	-28.992634	6.322327	21896.5	-5.582251E-11	-1.791392E+10	0	0	0	0
0	0	0	-0.407911	6.322327	-28.992691	6.322327	21896.25	-5.582187E-11	-1.791413E+10	0	0	0	0
0	0	0	-0.41028	6.322425	-28.996464	6.322425	21875.25	-3.501457E-11	-2.855954E+10	0	0	0	0
0	0	0	-0.410811	6.322292	-28.996612	6.322292	21870.5	-7.072836E-11	-1.41386E+10	0	0	0	0
0	0	0	-0.409096	6.322397	-28.994672	6.322397	21885.75	-3.919929E-11	-2.551066E+10	0	0	0	0
0	0	0	-0.409586	6.322425	-28.995488	6.322425	21881.25	-3.502417E-11	-2.855171E+10	0	0	0	0
0	0	0	-0.411137	6.322404	-28.997576	6.322404	21867.5	-3.803528E-11	-2.629138E+10	0	0	0	0
0	0	0	-0.411056	6.322495	-28.997871	6.322495	21868.25	-2.76528E-11	-3.61627E+10	0	0	0	0
0	0	0	-0.410811	6.322432	-28.997243	6.322432	21870.5	-3.410052E-11	-2.932507E+10	0	0	0	0
0	0	0	-0.412689	6.322404	-28.999759	6.322404	21854	-3.80118E-11	-2.630762E+10	0	0	0	0
0	0	0	-0.413669	6.32232	-29.000759	6.32232	21845.25	-5.815391E-11	-1.719575E+10	0	0	0	0
0	0	0	-0.412403	6.322474	-28.999672	6.322474	21856.25	-2.949583E-11	-3.39031E+10	0	0	0	0
0	0	0	-0.411913	6.322334	-28.998352	6.322334	21860.75	-5.34677E-11	-1.870288E+10	0	0	0	0
0	0	0	-0.411668	6.322334	-28.998008	6.322334	21863	-5.347321E-11	-1.870095E+10	0	0	0	0
0	0	0	-0.411219	6.32255	-28.998353	6.32255	21866.75	-2.367379E-11	-4.224081E+10	0	0	0	0
0	0	0	-0.412403	6.322453	-28.999578	6.322453	21856.25	-3.162191E-11	-3.162364E+10	0	0	0	0
0	0	0	-0.410525	6.322488	-28.997093	6.322488	21873	-2.825209E-11	-3.539561E+10	0	0	0	0
0	0	0	-0.410647	6.322285	-28.996351	6.322285	21872	-7.474758E-11	-1.337836E+10	0	0	0	0
0	0	0	-0.41077	6.322376	-28.996933	6.322376	21871	-4.301085E-11	-2.324995E+10	0	0	0	0
0	0	0	-0.408973	6.322376	-28.994405	6.322376	21886.75	-4.304182E-11	-2.323322E+10	0	0	0	0
0	0	0	-0.407217	6.322599	-28.992944	6.322599	21902.25	-2.106154E-11	-4.74799E+10	0	0	0	0
0	0	0	-0.407503	6.322292	-28.991959	6.322292	21899.75	-7.082295E-11	-1.411972E+10	0	0	0	0
0	0	0	-0.406645	6.322564	-28.991982	6.322564	21907.5	-2.289465E-11	-4.367832E+10	0	0	0	0
0	0	0	-0.406564	6.32232	-28.990764	6.32232	21908.25	-5.832163E-11	-1.71463E+10	0	0	0	0
0	0	0	-0.404685	6.322404	-28.9885	6.322404	21925	-3.813529E-11	-2.622243E+10	0	0	0	0
0	0	0	-0.404277	6.322571	-28.988682	6.322571	21928.5	-2.252567E-11	-4.43938E+10	0	0	0	0
0	0	0	-0.403909	6.322467	-28.987692	6.322467	21931.75	-3.027626E-11	-3.302918E+10	0	0	0	0
0	0	0	-0.402725	6.322327	-28.985396	6.322327	21942.25	-5.593914E-11	-1.787657E+10	0	0	0	0
0	0	0	-0.402521	6.322348	-28.985203	6.322348	21944	-4.963891E-11	-2.014548E+10	0	0	0	0
0	0	0	-0.402603	6.32239	-28.985507	6.32239	21943.5	-4.05076E-11	-2.468673E+10	0	0	0	0
0	0	0	-0.401132	6.322251	-28.982809	6.322251	21956.5	-1.047655E-10	-9.545127E+9	0	0	0	0
0	0	0	-0.401459	6.322404	-28.983961	6.322404	21953.5	-3.818486E-11	-2.618839E+10	0	0	0	0
0	0	0	-0.400969	6.322536	-28.983871	6.322536	21958	-2.465929E-11	-4.055267E+10	0	0	0	0
0	0	0	-0.400275	6.322397	-28.982264	6.322397	21964.25	-3.93399E-11	-2.541949E+10	0	0	0	0
0	0	0	-0.400438	6.322362	-28.982336	6.322362	21962.75	-4.620954E-11	-2.164055E+10	0	0	0	0
0	0	0	-0.400683	6.322341	-28.982586	6.322341	21960.5	-5.16152E-11	-1.937414E+10	0	0	0	0
0	0	0	-0.400357	6.322397	-28.982379	6.322397	21963.25	-3.93381E-11	-2.542065E+10	0	0	0	0
0	0	0	-0.400602	6.322446	-28.982944	6.322446	21961.25	-3.255605E-11	-3.071626E+10	0	0	0	0
0	0	0	-0.401786	6.322195	-28.983476	6.322195	21950.75	-2.861027E-10	-3.495249E+9	0	0	0	0
0	0	0	-0.403297	6.32232	-28.986168	6.32232	21937.25	-5.839883E-11	-1.712363E+10	0	0	0	0
0	0	0	-0.403909	6.322202	-28.986494	6.322202	21931.75	-2.349911E-10	-4.255479E+9	0	0	0	0
0	0	0	-0.404277	6.322446	-28.988114	6.322446	21928.5	-3.25075E-11	-3.076213E+10	0	0	0	0
0	0	0	-0.404604	6.322306	-28.987944	6.322306	21925.5	-6.40288E-11	-1.561797E+10	0	0	0	0
0	0	0	-0.404236	0	-0.404236	0	21928.75	0	0	0	0	0	0
0	0	0	-0.405992	0	-0.405992	0	21913.25	0	0	0	0	0	0
