Vload_(V)	ILoad_(A)	RsLoad (ohm)	SunsVoc_Voltage_(V)	SunsVoc_Current_(A)	Model_Voltage_(V)	Model_Current_(A)	Carrier_Density_(cm-3)	Lifetime_(s)	Inverse_Lifetime_(s-1)	Efficiency_(%)	Intensity_(suns)	Dark_IV_Voltage_(V)	Dark_IV_Current_(A)
4.942797	8.684457	0	37.840991	-1.191465	38.224646	-1.191465	2.668559E+14	1.896406E-5	52731.215014	14.301161	1.140482	0	0
4.957041	8.683775	0.921879	37.771193	-0.769394	38.020525	-0.769394	2.552758E+14	1.895104E-5	52767.456083	14.280419	1.138669	0	0
4.959626	8.68458	0.075834	37.662976	-0.172887	37.719554	-0.172887	2.382894E+14	1.888136E-5	52962.194861	14.273827	1.136195	0	0
5.009597	8.687714	-0.602069	37.545334	0.426334	37.404332	0.426334	2.210817E+14	1.8789E-5	53222.556368	14.281385	1.133972	0	0
5.572107	8.683808	0.833906	37.429423	0.983171	37.100895	0.983171	2.05324E+14	1.87115E-5	53443.003664	14.284032	1.132741	0	0
7.07251	8.681916	1.321757	37.313006	1.499738	36.806713	1.499738	1.906113E+14	1.861963E-5	53706.713759	14.27371	1.131537	0	0
8.963266	8.676747	1.618014	37.196589	1.977042	36.52237	1.977042	1.769385E+14	1.851395E-5	54013.261481	14.264593	1.130042	0	0
10.981065	8.670816	1.609069	37.078571	2.427703	36.242209	2.427703	1.640657E+14	1.840352E-5	54337.388628	14.27629	1.127594	0	0
12.874782	8.664181	1.526683	36.961207	2.850138	35.969439	2.850138	1.521822E+14	1.830651E-5	54625.326631	14.289041	1.124326	0	0
14.678695	8.64799	1.490345	36.845248	3.241808	35.706094	3.241808	1.412772E+14	1.821771E-5	54891.61209	14.28306	1.119774	0	0
16.489172	8.637601	1.34705	36.731264	3.600576	35.453928	3.600576	1.313121E+14	1.812765E-5	55164.318623	14.266059	1.114984	0	0
18.29659	8.631295	1.170448	36.618	3.927348	35.211608	3.927348	1.220996E+14	1.801372E-5	55513.228873	14.272567	1.110366	0	0
20.102089	8.62795	0.976953	36.505912	4.233704	34.975806	4.233704	1.136136E+14	1.79155E-5	55817.570153	14.292227	1.106436	0	0
21.898288	8.622718	0.791355	36.394379	4.515632	34.747515	4.515632	1.057502E+14	1.780327E-5	56169.437731	14.308421	1.102374	0	0
23.700468	8.609019	0.632371	36.284725	4.77582	34.527512	4.77582	9.854597E+13	1.76948E-5	56513.776493	14.312043	1.097597	0	0
25.502996	8.556349	0.550243	36.173567	5.016666	34.311278	5.016666	9.174013E+13	1.755444E-5	56965.645119	14.308382	1.092132	0	0
26.093642	8.526548	0.529646	36.066592	5.240308	34.104736	5.240308	8.563155E+13	1.744954E-5	57308.088949	14.30264	1.086416	0	0
26.691633	8.477792	0.522188	35.958669	5.452559	33.899981	5.452559	7.987835E+13	1.734617E-5	57649.612902	14.310538	1.080237	0	0
27.283138	8.42077	0.508756	35.851873	5.650197	33.700753	5.650197	7.456359E+13	1.72467E-5	57982.084059	14.316858	1.074494	0	0
27.879449	8.348474	0.494417	35.744881	5.835509	33.504782	5.835509	6.959169E+13	1.714372E-5	58330.401945	14.331241	1.068831	0	0
28.393026	8.269255	0.482909	35.637873	6.008243	33.312488	6.008243	6.494894E+13	1.703269E-5	58710.617365	14.350963	1.063075	0	0
28.939305	8.164068	0.471402	35.532613	6.167398	33.126468	6.167398	6.068286E+13	1.692017E-5	59101.069454	14.360426	1.057425	0	0
29.491113	8.033963	0.459501	35.42794	6.315796	32.944386	6.315796	5.671726E+13	1.680523E-5	59505.282074	14.35506	1.051126	0	0
30.042961	7.872619	0.447507	35.323464	6.453206	32.765976	6.453206	5.301644E+13	1.667609E-5	59966.089276	14.345145	1.044695	0	0
30.587782	7.676913	0.43643	35.222058	6.579201	32.594945	6.579201	4.965457E+13	1.655337E-5	60410.658955	14.351697	1.038066	0	0
31.138465	7.435502	0.426283	35.123283	6.696359	32.429864	6.696359	4.658421E+13	1.644496E-5	60808.88503	14.372346	1.031688	0	0
31.676955	7.155401	0.416826	35.024916	6.807058	32.267207	6.807058	4.371457E+13	1.634187E-5	61192.519511	14.395669	1.025721	0	0
32.221159	6.809939	0.409451	34.927218	6.910754	32.107571	6.910754	4.10389E+13	1.623854E-5	61581.905417	14.407576	1.019621	0	0
32.748567	6.415743	0.403755	34.830387	7.007433	31.951265	7.007433	3.854807E+13	1.613227E-5	61987.558907	14.404969	1.013772	0	0
33.27659	5.959306	0.398708	34.734127	7.098202	31.797543	7.098202	3.622137E+13	1.602596E-5	62398.747146	14.401263	1.007844	0	0
33.793046	5.449586	0.394609	34.637948	7.183408	31.645721	7.183408	3.403653E+13	1.591412E-5	62837.279026	14.400157	1.001877	0	0
34.304171	4.882057	0.391407	34.541541	7.263889	31.49512	7.263889	3.197841E+13	1.57989E-5	63295.536313	14.407107	0.995909	0	0
34.808154	4.277256	0.387688	34.446163	7.339198	31.347497	7.339198	3.006445E+13	1.568482E-5	63755.925838	14.42565	0.989836	0	0
35.296902	3.630308	0.38671	34.350981	7.410541	31.201373	7.410541	2.826838E+13	1.557372E-5	64210.745849	14.443074	0.984	0	0
35.767105	2.963843	0.390899	34.256763	7.477243	31.058011	7.477243	2.659596E+13	1.546192E-5	64675.010538	14.45011	0.978258	0	0
36.223184	2.278534	0.399218	34.164031	7.541427	30.91718	7.541427	2.504638E+13	1.537868E-5	65025.064555	14.443455	0.972634	0	0
36.66235	1.579366	0.415748	34.070614	7.604848	30.775488	7.604848	2.357643E+13	1.532652E-5	65246.371837	14.433772	0.967063	0	0
37.041417	0.96327	0.436539	33.979107	7.660517	30.639169	7.660517	2.222009E+13	1.523012E-5	65659.369858	14.43515	0.961479	0	0
37.324088	0.498299	0.466874	33.887143	7.713875	30.503002	7.713875	2.093544E+13	1.513847E-5	66056.883049	14.450575	0.955829	0	0
29.200101	8.103357	0.466896	33.796192	7.764073	30.369185	7.764073	1.973789E+13	1.505094E-5	66441.051132	14.469355	0.950206	0	0
37.65139	0	0	33.705894	7.810725	30.237478	7.810725	1.861661E+13	1.49539E-5	66872.181238	14.478544	0.944489	0	0
0	0	0	33.615367	7.854254	30.106635	7.854254	1.755635E+13	1.484164E-5	67377.979724	14.472076	0.939051	0	0
0	0	0	33.526197	7.896234	29.977927	7.896234	1.657093E+13	1.475469E-5	67775.040437	14.45653	0.933758	0	0
0	0	0	33.436127	7.934957	29.849362	7.934957	1.563166E+13	1.463746E-5	68317.873262	14.459702	0.928267	0	0
0	0	0	33.346581	7.973325	29.721398	7.973325	1.475056E+13	1.455762E-5	68692.558694	14.466968	0.923146	0	0
0	0	0	33.258586	8.008299	29.596701	8.008299	1.393307E+13	1.446208E-5	69146.35685	14.481393	0.917827	0	0
0	0	0	33.171327	8.041064	29.473749	8.041064	1.31671E+13	1.436303E-5	69623.172001	14.490186	0.912389	0	0
0	0	0	33.084296	8.071699	29.351896	8.071699	1.244505E+13	1.425411E-5	70155.225892	14.49236	0.906844	0	0
0	0	0	32.997951	8.10159	29.231081	8.10159	1.176779E+13	1.41696E-5	70573.601419	14.481345	0.901604	0	0
0	0	0	32.911818	8.129037	29.11152	8.129037	1.112888E+13	1.406248E-5	71111.224162	14.472565	0.896431	0	0
0	0	0	32.826437	8.155288	28.993314	8.155288	1.052976E+13	1.39655E-5	71605.018067	14.477511	0.890953	0	0
0	0	0	32.741693	8.180297	28.876353	8.180297	9.966982E+12	1.387481E-5	72073.061345	14.494603	0.885475	0	0
0	0	0	32.657178	8.203444	28.760436	8.203444	9.435658E+12	1.376726E-5	72636.077764	14.509469	0.880155	0	0
0	0	0	32.573904	8.22544	28.646496	8.22544	8.939828E+12	1.366885E-5	73159.027124	14.513563	0.874757	0	0
0	0	0	32.490368	8.246276	28.532679	8.246276	8.468601E+12	1.356408E-5	73724.1512	14.503983	0.869451	0	0
0	0	0	32.406261	8.265788	28.418687	8.265788	8.019224E+12	1.344293E-5	74388.527494	14.490919	0.864343	0	0
0	0	0	32.323624	8.284681	28.306728	8.284681	7.600919E+12	1.334385E-5	74940.913517	14.485421	0.859183	0	0
0	0	0	32.241821	8.302917	28.196034	8.302917	7.208313E+12	1.325945E-5	75417.894006	14.49398	0.854102	0	0
0	0	0	32.16036	8.319832	28.086326	8.319832	6.837496E+12	1.316082E-5	75983.116788	14.506093	0.849179	0	0
0	0	0	32.079128	8.33528	27.977544	8.33528	6.486707E+12	1.303798E-5	76699.024889	14.509958	0.844019	0	0
0	0	0	31.997912	8.35068	27.868732	8.35068	6.15397E+12	1.29399E-5	77280.346537	14.504425	0.839017	0	0
0	0	0	31.916778	8.365687	27.760143	8.365687	5.838603E+12	1.285473E-5	77792.365847	14.492792	0.834068	0	0
0	0	0	31.837636	8.37924	27.654694	8.37924	5.546552E+12	1.275398E-5	78406.885011	14.480641	0.829344	0	0
0	0	0	31.763477	8.392645	27.555472	8.392645	5.286153E+12	1.271362E-5	78655.817187	14.484169	0.824502	0	0
0	0	0	31.683307	8.40477	27.449333	8.40477	5.018375E+12	1.25928E-5	79410.484559	14.49294	0.819764	0	0
0	0	0	31.601699	8.416961	27.341309	8.416961	4.759718E+12	1.248811E-5	80076.178621	14.504543	0.814895	0	0
0	0	0	31.5213	8.428154	27.235244	8.428154	4.517927E+12	1.237135E-5	80831.91551	14.497631	0.810052	0	0
0	0	0	31.441505	8.439075	27.130019	8.439075	4.290096E+12	1.227035E-5	81497.269438	14.485156	0.80513	0	0
0	0	0	31.362266	8.449324	27.025781	8.449324	4.075219E+12	1.216382E-5	82211.033828	14.464208	0.800406	0	0
0	0	0	31.283451	8.45939	26.922121	8.45939	3.872166E+12	1.207465E-5	82818.142743	14.458893	0.795775	0	0
0	0	0	31.204555	8.468449	26.818833	8.468449	3.679033E+12	1.195355E-5	83657.178657	14.466162	0.791051	0	0
0	0	0	31.125708	8.477575	26.71553	8.477575	3.495641E+12	1.185867E-5	84326.493083	14.477379	0.786354	0	0
0	0	0	31.046779	8.485741	26.612583	8.485741	3.321213E+12	1.172997E-5	85251.684491	14.471766	0.781749	0	0
0	0	0	30.968323	8.494346	26.50996	8.494346	3.156456E+12	1.165266E-5	85817.329507	14.46109	0.777091	0	0
0	0	0	30.889476	8.501859	26.407384	8.501859	2.999107E+12	1.152731E-5	86750.532281	14.441615	0.772579	0	0
0	0	0	30.810972	8.509659	26.305049	8.509659	2.850235E+12	1.144393E-5	87382.559097	14.427132	0.768305	0	0
0	0	0	30.732108	8.516721	26.202621	8.516721	2.708119E+12	1.133112E-5	88252.499807	14.434756	0.763714	0	0
0	0	0	30.651905	8.523573	26.098595	8.523573	2.570854E+12	1.121494E-5	89166.796385	14.438957	0.759453	0	0
0	0	0	30.572502	8.529878	25.995833	8.529878	2.441812E+12	1.108651E-5	90199.737187	14.443148	0.755113	0	0
0	0	0	30.493459	8.536163	25.893502	8.536163	2.319787E+12	1.097883E-5	91084.363604	14.431898	0.75068	0	0
0	0	0	30.413893	8.542303	25.790565	8.542303	2.203111E+12	1.0877E-5	91937.073767	14.409681	0.746578	0	0
0	0	0	30.335618	8.54803	25.68944	8.54803	2.094055E+12	1.077258E-5	92828.237007	14.390753	0.742437	0	0
0	0	0	30.257228	8.553326	25.588381	8.553326	1.990249E+12	1.065205E-5	93878.6535	14.388193	0.738321	0	0
0	0	0	30.177694	8.558679	25.485833	8.558679	1.890185E+12	1.054709E-5	94812.885399	14.398093	0.734074	0	0
0	0	0	30.098373	8.563889	25.383606	8.563889	1.795399E+12	1.045103E-5	95684.310134	14.402964	0.729853	0	0
0	0	0	30.019167	8.56834	25.281916	8.56834	1.705492E+12	1.03083E-5	97009.197352	14.392471	0.725857	0	0
0	0	0	29.939274	8.573375	25.179022	8.573375	1.619365E+12	1.023139E-5	97738.429329	14.370656	0.721676	0	0
0	0	0	29.8601	8.578219	25.077112	8.578219	1.538305E+12	1.016232E-5	98402.751398	14.351698	0.7176	0	0
0	0	0	29.780616	8.582095	24.975332	8.582095	1.461008E+12	1.001718E-5	99828.493125	14.34364	0.713657	0	0
0	0	0	29.699955	8.585761	24.872178	8.585761	1.386536E+12	9.859673E-6	101423.245612	14.343008	0.709727	0	0
0	0	0	29.618151	8.589589	24.767481	8.589589	1.314884E+12	9.727502E-6	102801.311962	14.351354	0.705784	0	0
0	0	0	29.537687	8.59335	24.664483	8.59335	1.248018E+12	9.613924E-6	104015.804972	14.34242	0.701801	0	0
0	0	0	29.457484	8.597004	24.561855	8.597004	1.184753E+12	9.507942E-6	105175.228329	14.325279	0.697831	0	0
0	0	0	29.376464	8.600017	24.458554	8.600017	1.1241E+12	9.343045E-6	107031.486478	14.30314	0.693954	0	0
0	0	0	29.296228	8.603125	24.356166	8.603125	1.067093E+12	9.20816E-6	108599.326069	14.282741	0.690249	0	0
0	0	0	29.215454	8.606549	24.252905	8.606549	1.012624E+12	9.12214E-6	109623.397428	14.2814	0.686465	0	0
0	0	0	29.133258	8.609704	24.148001	8.609704	9.600487E+11	9.013614E-6	110943.291161	14.287481	0.682588	0	0
0	0	0	29.051879	8.612658	24.044224	8.612658	9.106856E+11	8.901934E-6	112335.138819	14.279173	0.678896	0	0
0	0	0	28.970124	8.615344	23.940118	8.615344	8.6365E+11	8.770164E-6	114022.949652	14.261459	0.675112	0	0
0	0	0	28.887225	8.617943	23.834615	8.617943	8.184363E+11	8.635822E-6	115796.736828	14.234796	0.671513	0	0
0	0	0	28.804327	8.620284	23.729251	8.620284	7.755894E+11	8.482232E-6	117893.491452	14.215037	0.667795	0	0
0	0	0	28.720988	8.622826	23.623204	8.622826	7.347753E+11	8.367284E-6	119513.087841	14.208522	0.664143	0	0
0	0	0	28.635035	8.625195	23.513968	8.625195	6.949298E+11	8.229955E-6	121507.348107	14.211832	0.66057	0	0
0	0	0	28.55101	8.627612	23.40711	8.627612	6.580671E+11	8.12471E-6	123081.31012	14.209386	0.656971	0	0
0	0	0	28.466903	8.629444	23.300487	8.629444	6.231267E+11	7.949569E-6	125792.988541	14.193849	0.653292	0	0
0	0	0	28.381473	8.631956	23.191786	8.631956	5.895352E+11	7.880942E-6	126888.387115	14.172789	0.64964	0	0
0	0	0	28.295977	8.633827	23.083378	8.633827	5.577309E+11	7.731292E-6	129344.486621	14.140292	0.64616	0	0
0	0	0	28.209632	8.635736	22.973871	8.635736	5.273516E+11	7.596545E-6	131638.794774	14.126427	0.642588	0	0
0	0	0	28.122993	8.637855	22.863858	8.637855	4.985319E+11	7.507874E-6	133193.504427	14.134702	0.638843	0	0
0	0	0	28.036975	8.639226	22.75507	8.639226	4.71477E+11	7.315734E-6	136691.681148	14.139062	0.634874	0	0
0	0	0	27.9521	8.641278	22.647293	8.641278	4.46221E+11	7.252804E-6	137877.702259	14.130113	0.631129	0	0
0	0	0	27.862423	8.643042	22.533655	8.643042	4.210044E+11	7.134519E-6	140163.610056	14.105717	0.627622	0	0
0	0	0	27.770966	8.644807	22.417772	8.644807	3.967543E+11	7.022802E-6	142393.299993	14.078136	0.624089	0	0
0	0	0	27.681174	8.646332	22.30412	8.646332	3.743053E+11	6.890427E-6	145128.884359	14.063547	0.62057	0	0
0	0	0	27.590615	8.647828	22.189515	8.647828	3.529506E+11	6.762674E-6	147870.491835	14.061046	0.617209	0	0
0	0	0	27.49883	8.649209	22.073436	8.649209	3.325498E+11	6.621429E-6	151024.80501	14.056472	0.613755	0	0
0	0	0	27.407013	8.650561	21.957327	8.650561	3.133216E+11	6.487429E-6	154144.260161	14.05	0.610381	0	0
0	0	0	27.314151	8.652037	21.839819	8.652037	2.950049E+11	6.386378E-6	156583.287129	14.024471	0.606967	0	0
0	0	0	27.219933	8.653054	21.720893	8.653054	2.775149E+11	6.202254E-6	161231.699779	14.000413	0.603553	0	0
0	0	0	27.125208	8.654157	21.601271	8.654157	2.609761E+11	6.044923E-6	165428.092345	13.973512	0.600298	0	0
0	0	0	27.029455	8.655135	21.480431	8.655135	2.452591E+11	5.870428E-6	170345.327566	13.961261	0.596977	0	0
0	0	0	26.932835	8.656391	21.358319	8.656391	2.303592E+11	5.760555E-6	173594.38177	13.955312	0.593643	0	0
0	0	0	26.832867	8.657083	21.232361	8.657083	2.15895E+11	5.535145E-6	180663.727011	13.953307	0.590096	0	0
0	0	0	26.734304	8.658597	21.107628	8.658597	2.025235E+11	5.496404E-6	181937.125161	13.931403	0.586881	0	0
0	0	0	26.634255	8.65991	20.981151	8.65991	1.89797E+11	5.426608E-6	184277.18329	13.901083	0.583586	0	0
0	0	0	26.532865	8.660591	20.853399	8.660591	1.777158E+11	5.226218E-6	191342.964393	13.873501	0.580384	0	0
0	0	0	26.429974	8.661617	20.723529	8.661617	1.662414E+11	5.108369E-6	195757.205004	13.851367	0.57742	0	0
0	0	0	26.32749	8.662241	20.594431	8.662241	1.555491E+11	4.913963E-6	203501.755704	13.844879	0.574152	0	0
0	0	0	26.223014	8.663458	20.462433	8.663458	1.453564E+11	4.858149E-6	205839.699689	13.841555	0.570976	0	0
0	0	0	26.116218	8.66389	20.328039	8.66389	1.356274E+11	4.628201E-6	216066.673269	13.826485	0.567787	0	0
0	0	0	26.008899	8.664858	20.192626	8.664858	1.265067E+11	4.530237E-6	220739.001324	13.79855	0.564559	0	0
0	0	0	25.899359	8.665884	20.054378	8.665884	1.178294E+11	4.45253E-6	224591.419683	13.772671	0.561462	0	0
0	0	0	25.788218	8.666441	19.914432	8.666441	1.096334E+11	4.270759E-6	234150.427324	13.743295	0.558485	0	0
0	0	0	25.676179	8.66714	19.773255	8.66714	1.019481E+11	4.131908E-6	242018.917862	13.726891	0.555653	0	0
0	0	0	25.563666	8.668195	19.631237	8.668195	9.477232E+10	4.090082E-6	244493.897143	13.727422	0.552504	0	0
0	0	0	25.449961	8.668243	19.488406	8.668243	8.803354E+10	3.810663E-6	262421.537228	13.707361	0.54954	0	0
0	0	0	25.332874	8.668838	19.340951	8.668838	8.159474E+10	3.666383E-6	272748.344476	13.677881	0.546484	0	0
0	0	0	25.215853	8.669442	19.193567	8.669442	7.563008E+10	3.535075E-6	282879.45666	13.645408	0.543639	0	0
0	0	0	25.097035	8.670075	19.043902	8.670075	7.001979E+10	3.416826E-6	292669.312332	13.617117	0.540662	0	0
0	0	0	24.975342	8.670659	18.890656	8.670659	6.470488E+10	3.291308E-6	303830.610471	13.595164	0.537856	0	0
0	0	0	24.851607	8.671149	18.734909	8.671149	5.971426E+10	3.149069E-6	317554.221894	13.594506	0.534879	0	0
0	0	0	24.727562	8.671695	18.578727	8.671695	5.509746E+10	3.030006E-6	330032.295375	13.574399	0.5321	0	0
0	0	0	24.601475	8.672414	18.419855	8.672414	5.077032E+10	2.958674E-6	337989.304372	13.558922	0.528925	0	0
0	0	0	24.473362	8.672596	18.258817	8.672596	4.672159E+10	2.764615E-6	361713.991539	13.528192	0.526093	0	0
0	0	0	24.343044	8.673133	18.094753	8.673133	4.293426E+10	2.660932E-6	375808.205523	13.493631	0.523367	0	0
0	0	0	24.210162	8.67321	17.927796	8.67321	3.938836E+10	2.457901E-6	406851.255491	13.464334	0.520615	0	0
0	0	0	24.074209	8.673938	17.756508	8.673938	3.60634E+10	2.406224E-6	415588.928485	13.458499	0.517638	0	0
0	0	0	23.935152	8.674398	17.581512	8.674398	3.295271E+10	2.299244E-6	434925.505884	13.433797	0.514978	0	0
0	0	0	23.794854	8.674495	17.405221	8.674495	3.008609E+10	2.119493E-6	471810.886409	13.416325	0.512041	0	0
0	0	0	23.650897	8.675251	17.223844	8.675251	2.740372E+10	2.089258E-6	478638.797331	13.386233	0.509196	0	0
0	0	0	23.505126	8.675415	17.040626	8.675415	2.493116E+10	1.935047E-6	516783.422989	13.35157	0.506523	0	0
0	0	0	23.35604	8.676267	16.852724	8.676267	2.263296E+10	1.939554E-6	515582.453007	13.316024	0.503757	0	0
0	0	0	23.203197	8.676315	16.660702	8.676315	2.04966E+10	1.766881E-6	565969.217012	13.300802	0.500992	0	0
0	0	0	23.046123	8.67667	16.463133	8.67667	1.851101E+10	1.66839E-6	599380.061892	13.280779	0.498425	0	0
0	0	0	22.886942	8.67714	16.262826	8.67714	1.669495E+10	1.601261E-6	624507.832083	13.269868	0.495686	0	0
0	0	0	22.723906	8.677351	16.057871	8.677351	1.501944E+10	1.483321E-6	674162.801291	13.251511	0.492907	0	0
0	0	0	22.558371	8.677782	15.849604	8.677782	1.349021E+10	1.418353E-6	705043.006005	13.215681	0.490261	0	0
0	0	0	22.387772	8.678069	15.635084	8.678069	1.207693E+10	1.32692E-6	753624.834913	13.175998	0.487681	0	0
0	0	0	22.214429	8.67805	15.417354	8.67805	1.079249E+10	1.182295E-6	845812.73632	13.15166	0.4851	0	0
0	0	0	22.034993	8.678721	15.191427	8.678721	9.606611E+9	1.17541E-6	850766.954508	13.128257	0.48256	0	0
0	0	0	21.853678	8.678472	14.963864	8.678472	8.540622E+9	1.001545E-6	998457.759275	13.113392	0.47994	0	0
0	0	0	21.667807	8.679152	14.729835	8.679152	7.570505E+9	1.001599E-6	998403.158927	13.089496	0.477373	0	0
0	0	0	21.477917	8.679555	14.490975	8.679555	6.693113E+9	9.581998E-7	1043623.718562	13.057048	0.474806	0	0
0	0	0	21.284318	8.679785	14.247592	8.679785	5.903191E+9	8.867137E-7	1127759.770695	13.018654	0.472305	0	0
0	0	0	21.084677	8.679785	13.996802	8.679785	5.186123E+9	7.7903E-7	1283647.644033	12.987561	0.469672	0	0
0	0	0	20.883058	8.679929	13.743411	8.679929	4.55032E+9	7.052261E-7	1417984.867012	12.960881	0.46733	0	0
0	0	0	20.675837	8.680149	13.482916	8.680149	3.97798E+9	6.480618E-7	1543062.780726	12.941969	0.465027	0	0
0	0	0	20.466558	8.680551	13.219681	8.680551	3.47299E+9	6.240731E-7	1602376.46529	12.923531	0.46246	0	0
0	0	0	20.250777	8.680618	12.948557	8.680618	3.019345E+9	5.520466E-7	1811441.410729	12.90154	0.459867	0	0
0	0	0	20.031599	8.680867	12.673009	8.680867	2.619177E+9	5.121112E-7	1952700.912109	12.865312	0.457459	0	0
0	0	0	19.808451	8.680753	12.392782	8.680753	2.266203E+9	4.293618E-7	2329038.355617	12.830186	0.454945	0	0
0	0	0	19.581302	8.681423	12.106854	8.681423	1.955713E+9	4.524134E-7	2210367.567294	12.790078	0.452616	0	0
0	0	0	19.348925	8.681663	11.814723	8.681663	1.68205E+9	4.224529E-7	2367127.802089	12.77154	0.450155	0	0
0	0	0	19.11258	8.68149	11.517964	8.68149	1.442961E+9	3.413568E-7	2929486.102232	12.747644	0.447813	0	0
0	0	0	18.874078	8.68194	11.217949	8.68194	1.236126E+9	3.447316E-7	2900807.51882	12.725506	0.445338	0	0
0	0	0	18.63208	8.681835	10.91403	8.681835	1.05654E+9	2.828167E-7	3535859.700866	12.692291	0.443036	0	0
0	0	0	18.384888	8.68196	10.603381	8.68196	9.00007E+8	2.529294E-7	3953673.090066	12.643987	0.440588	0	0
0	0	0	18.134298	8.681854	10.288669	8.681854	7.649774E+8	2.062843E-7	4847677.57438	12.603605	0.438285	0	0
0	0	0	17.881308	8.682247	9.970489	8.682247	6.491945E+8	2.061661E-7	4850458.66314	12.575319	0.43597	0	0
0	0	0	17.626112	8.682716	9.649462	8.682716	5.501484E+8	2.218099E-7	4508364.996665	12.552239	0.433681	0	0
0	0	0	17.36742	8.682544	9.324631	8.682544	4.651575E+8	1.706479E-7	5860017.660355	12.54062	0.431445	0	0
0	0	0	17.106882	8.682812	8.997073	8.682812	3.92826E+8	1.676054E-7	5966393.587179	12.511025	0.429182	0	0
0	0	0	16.845594	8.682716	8.668909	8.682716	3.315803E+8	1.336925E-7	7479849.504133	12.470593	0.426959	0	0
0	0	0	16.583112	8.682755	8.339121	8.682755	2.79667E+8	1.152996E-7	8673060.248659	12.422329	0.424683	0	0
0	0	0	16.315143	8.682793	8.002438	8.682793	2.350431E+8	9.913375E-8	1.008738E+7	12.393972	0.422473	0	0
0	0	0	16.047353	8.682956	7.665859	8.682956	1.975625E+8	9.236223E-8	1.082694E+7	12.364615	0.420316	0	0
0	0	0	15.778975	8.682908	7.328744	8.682908	1.659953E+8	7.520616E-8	1.329678E+7	12.345139	0.418133	0	0
0	0	0	15.507068	8.683253	6.986812	8.683253	1.391532E+8	8.1092E-8	1.233167E+7	12.31815	0.415937	0	0
0	0	0	15.236893	8.683521	6.647126	8.683521	1.167826E+8	8.754737E-8	1.142239E+7	12.276124	0.413753	0	0
0	0	0	14.966179	8.683406	6.30714	8.683406	9.797412E+7	6.541813E-8	1.528628E+7	12.225513	0.411649	0	0
0	0	0	14.694502	8.683415	5.96582	8.683415	8.214348E+7	5.535245E-8	1.806605E+7	12.182713	0.409466	0	0
0	0	0	14.422791	8.683655	5.624226	8.683655	6.886929E+7	6.025886E-8	1.659507E+7	12.148143	0.407296	0	0
0	0	0	14.153548	8.683703	5.285923	8.683703	5.783263E+7	5.381466E-8	1.85823E+7	12.132512	0.405153	0	0
0	0	0	13.883356	8.683645	4.946537	8.683645	4.853482E+7	4.196608E-8	2.382877E+7	12.110053	0.402956	0	0
0	0	0	13.613427	8.683655	4.60741	8.683655	4.073874E+7	3.564578E-8	2.805381E+7	12.08111	0.400839	0	0
0	0	0	13.345228	8.683885	4.270229	8.683885	3.423335E+7	4.198314E-8	2.381909E+7	12.041452	0.398828	0	0
0	0	0	13.081261	8.683952	3.93853	8.683952	2.884584E+7	4.006959E-8	2.495658E+7	11.992264	0.396684	0	0
0	0	0	12.817881	8.683741	3.607864	8.683741	2.431547E+7	2.383709E-8	4.195143E+7	11.9515	0.394765	0	0
0	0	0	12.552835	8.683693	3.274934	8.683693	2.047447E+7	1.881345E-8	5.315346E+7	11.93245	0.392609	0	0
0	0	0	12.290664	8.683722	2.945534	8.683722	1.72724E+7	1.649146E-8	6.063744E+7	11.899196	0.39073	0	0
0	0	0	12.031564	8.683923	2.619805	8.683923	1.460017E+7	1.919004E-8	5.211036E+7	11.867545	0.388824	0	0
0	0	0	11.770847	8.683866	2.292323	8.683866	1.232842E+7	1.462992E-8	6.835308E+7	11.842035	0.386522	0	0
0	0	0	11.514328	8.68422	1.969664	8.68422	1.043854E+7	3.08978E-8	3.236476E+7	11.792245	0.38459	0	0
0	0	0	11.259442	8.683789	1.64992	8.683789	8847735	9.295409E-9	1.0758E+8	11.747154	0.382658	0	0
0	0	0	11.006664	8.683818	1.332318	8.683818	7509623	8.244131E-9	1.212984E+8	11.705238	0.380514	0	0
0	0	0	10.75364	8.684067	1.014161	8.684067	6372872	1.145891E-8	8.72683E+7	11.670272	0.378609	0	0
0	0	0	10.504586	8.683799	0.70157	8.683799	5422137	5.779339E-9	1.730302E+8	11.64036	0.376743	0	0
0	0	0	10.257051	8.684354	0.389957	8.684354	4617785	3.145286E-8	3.179361E+7	11.603276	0.374798	0	0
0	0	0	10.01213	8.684268	0.082352	8.684268	3939429	1.461128E-8	6.844027E+7	11.572681	0.372747	0	0
0	0	0	9.767763	8.684019	-0.224367	8.684019	3361935	5.38452E-9	1.857176E+8	11.536493	0.370749	0	0
0	0	0	9.527563	8.684287	-0.526447	8.684287	2876861	1.187185E-8	8.423287E+7	11.493526	0.368831	0	0
0	0	0	9.288816	8.68444	-0.826571	8.68444	2464098	1.026056E-7	9746052.692103	11.450947	0.366833	0	0
0	0	0	9.051767	8.684162	-1.124058	8.684162	2112884	5.03423E-9	1.986401E+8	11.416812	0.364967	0	0
0	0	0	8.81552	8.684335	-1.421066	8.684335	1812670	1.041144E-8	9.604818E+7	11.388512	0.363009	0	0
0	0	0	8.585005	8.684048	-1.710328	8.684048	1560907	2.675368E-9	3.737804E+8	11.365869	0.361063	0	0
0	0	0	8.355732	8.684239	-1.998598	8.684239	1345195	4.331685E-9	2.30857E+8	11.334279	0.359264	0	0
0	0	0	8.127537	8.68422	-2.285263	8.68422	1160105	3.433924E-9	2.91212E+8	11.295653	0.357464	0	0
0	0	0	7.901499	8.684268	-2.5693	8.684268	1001882	3.715983E-9	2.691078E+8	11.228854	0.355572	0	0
0	0	0	7.679364	8.684153	-2.848236	8.684153	867432	2.001701E-9	4.99575E+8	11.190171	0.353693	0	0
0	0	0	7.45803	8.684153	-3.126304	8.684153	751416	1.733981E-9	5.767076E+8	11.139057	0.352013	0	0
0	0	0	7.239505	8.684364	-3.401101	8.684364	652104	4.896783E-9	2.042157E+8	11.108598	0.350173	0	0
0	0	0	7.020931	8.684526	-3.675903	8.684526	565899	-5.728567E-9	-1.745637E+8	11.072977	0.348374	0	0
0	0	0	6.805559	8.684153	-3.946022	8.684153	492111	1.135604E-9	8.805884E+8	11.035068	0.346548	0	0
0	0	0	6.59231	8.684258	-4.214063	8.684258	428534	1.512873E-9	6.609942E+8	10.980282	0.345013	0	0
0	0	0	6.379829	8.684584	-4.481416	8.684584	373357	-2.066718E-9	-4.838588E+8	10.936102	0.343081	0	0
0	0	0	6.169537	8.68445	-4.745447	8.68445	325747	3.141278E-8	3.183417E+7	10.888878	0.341401	0	0
0	0	0	5.959768	8.684708	-5.009314	8.684708	284304	-7.940794E-10	-1.25932E+9	10.853251	0.339694	0	0
0	0	0	5.751893	8.684229	-5.269868	8.684229	248439	7.663336E-10	1.304915E+9	10.813709	0.337894	0	0
0	0	0	5.545227	8.684507	-5.529863	8.684507	217269	-3.038867E-9	-3.290701E+8	10.781647	0.336068	0	0
0	0	0	5.340293	8.68445	-5.787256	8.68445	190222	1.834378E-8	5.451439E+7	10.745981	0.334322	0	0
0	0	0	5.132288	8.684411	-6.048532	8.684411	166212	2.559173E-9	3.907512E+8	10.704335	0.332575	0	0
0	0	0	4.926896	8.684354	-6.306498	8.684354	145478	9.908994E-10	1.009184E+9	10.664034	0.330815	0	0
0	0	0	4.720508	8.684517	-6.566002	8.684517	127249	-1.494565E-9	-6.690912E+8	10.621838	0.329188	0	0
0	0	0	4.514545	8.684574	-6.824837	8.684574	111334	-6.666397E-10	-1.500061E+9	10.572849	0.327441	0	0
0	0	0	4.30752	8.68468	-7.08507	8.68468	97343	-3.069823E-10	-3.257517E+9	10.51712	0.325959	0	0
0	0	0	4.100723	8.684775	-7.345003	8.684775	85122	-1.876832E-10	-5.328126E+9	10.480489	0.324252	0	0
0	0	0	3.897193	8.684737	-7.600656	8.684737	74594	-1.869697E-10	-5.34846E+9	10.449665	0.322505	0	0
0	0	0	3.695983	8.68445	-7.853063	8.68445	65467	6.313244E-9	1.583972E+8	10.404887	0.32097	0	0
0	0	0	3.498057	8.684699	-8.102059	8.684699	57578	-1.671906E-10	-5.981197E+9	10.361805	0.319091	0	0
0	0	0	3.304018	8.684584	-8.345684	8.684584	50768	-2.810262E-10	-3.558387E+9	10.296832	0.317662	0	0
0	0	0	3.114438	8.684584	-8.583861	8.684584	44893	-2.485051E-10	-4.024062E+9	10.249114	0.315995	0	0
0	0	0	2.930069	8.684536	-8.815427	8.684536	39833	-3.542913E-10	-2.822536E+9	10.195449	0.3145	0	0
0	0	0	2.750551	8.684507	-9.040923	8.684507	35454	-4.958824E-10	-2.016607E+9	10.167727	0.312846	0	0
0	0	0	2.576457	8.684622	-9.259801	8.684622	31668	-1.346257E-10	-7.428001E+9	10.114307	0.311377	0	0
0	0	0	2.406576	8.684287	-9.47277	8.684287	28364	1.170494E-10	8.543402E+9	10.079692	0.309578	0	0
0	0	0	2.241433	8.684689	-9.680797	8.684689	25482	-7.70452E-11	-1.297939E+10	10.025851	0.308135	0	0
0	0	0	2.082497	8.684727	-9.880528	8.684727	22986	-5.965452E-11	-1.676319E+10	9.994631	0.306415	0	0
0	0	0	1.928788	8.684708	-10.073613	8.684708	20805	-5.810969E-11	-1.720883E+10	9.938712	0.305039	0	0
0	0	0	1.781744	8.684622	-10.258232	8.684622	18912	-8.039793E-11	-1.243813E+10	9.900049	0.303385	0	0
0	0	0	1.643242	8.684536	-10.432117	8.684536	17287	-1.537578E-10	-6.503736E+9	9.833694	0.301916	0	0
0	0	0	1.506963	8.68466	-10.603505	8.68466	15824	-5.460173E-11	-1.831444E+10	9.804813	0.300249	0	0
0	0	0	1.378474	8.684814	-10.765144	8.684814	14558	-2.86508E-11	-3.490304E+10	9.744078	0.299019	0	0
0	0	0	1.25915	8.684871	-10.915138	8.684871	13474	-2.283787E-11	-4.378693E+10	9.716545	0.297497	0	0
0	0	0	1.148793	8.684478	-11.053233	8.684478	12543	-4.103913E-10	-2.436699E+9	9.668472	0.295988	0	0
0	0	0	1.047208	8.684517	-11.180912	8.684517	11743	-1.379238E-10	-7.250381E+9	9.619845	0.294467	0	0
0	0	0	0.953169	8.684565	-11.299124	8.684565	11049	-7.204458E-11	-1.388029E+10	9.574647	0.292945	0	0
0	0	0	0.866122	8.684383	-11.408228	8.684383	10442	9.862037E-11	1.013989E+10	9.529185	0.291357	0	0
0	0	0	0.785625	8.684852	-11.510023	8.684852	9911	-1.761341E-11	-5.677492E+10	9.467592	0.290087	0	0
0	0	0	0.71158	8.684641	-11.602751	8.684641	9446	-3.598219E-11	-2.779153E+10	9.417034	0.288526	0	0
0	0	0	0.642632	8.68445	-11.689102	8.68445	9033	8.7109E-10	1.147987E+9	9.364621	0.287004	0	0
0	0	0	0.578143	8.684699	-11.770476	8.684699	8663	-2.515496E-11	-3.975359E+10	9.310664	0.28572	0	0
0	0	0	0.518374	8.684536	-11.845334	8.684536	8333	-7.411717E-11	-1.349215E+10	9.268186	0.284172	0	0
0	0	0	0.463702	8.684431	-11.91387	8.684431	8043	2.135766E-10	4.682161E+9	9.222778	0.282809	0	0
0	0	0	0.413538	8.684536	-11.977043	8.684536	7785	-6.924303E-11	-1.444189E+10	9.170137	0.28138	0	0
0	0	0	0.367181	8.684507	-12.035243	8.684507	7554	-1.056551E-10	-9.464761E+9	9.110546	0.279911	0	0
0	0	0	0.323976	8.684766	-12.089893	8.684766	7346	-1.669939E-11	-5.988243E+10	9.050334	0.278615	0	0
0	0	0	0.284478	8.684737	-12.139474	8.684737	7160	-1.794652E-11	-5.57211E+10	9.008292	0.277027	0	0
0	0	0	0.247595	8.684402	-12.185332	8.684402	6991	8.895318E-11	1.124187E+10	8.956379	0.275823	0	0
0	0	0	0.211904	8.684612	-12.230474	8.684612	6831	-3.082783E-11	-3.243822E+10	8.898571	0.274513	0	0
0	0	0	0.180411	8.684316	-12.269615	8.684316	6693	3.323373E-11	3.008991E+10	8.831814	0.273282	0	0
0	0	0	0.150616	8.684517	-12.307335	8.684517	6564	-7.709543E-11	-1.297094E+10	8.796981	0.2718	0	0
0	0	0	0.122619	8.684574	-12.342592	8.684574	6446	-3.8597E-11	-2.590875E+10	8.742164	0.270583	0	0
0	0	0	0.097137	8.684775	-12.374895	8.684775	6341	-1.39811E-11	-7.152512E+10	8.704427	0.268969	0	0
0	0	0	0.073141	8.684718	-12.404959	8.684718	6243	-1.679697E-11	-5.953455E+10	8.646115	0.267764	0	0
0	0	0	0.050681	8.684689	-12.433135	8.684689	6153	-1.860368E-11	-5.375279E+10	8.591877	0.266388	0	0
0	0	0	0.030589	8.684756	-12.458474	8.684756	6073	-1.424744E-11	-7.018803E+10	8.52015	0.26525	0	0
0	0	0	0.010955	8.684651	-12.48299	8.684651	5996	-2.17118E-11	-4.605791E+10	8.48869	0.263729	0	0
0	0	0	-0.007993	8.68467	-12.506823	8.68467	5923	-1.951873E-11	-5.123283E+10	8.415045	0.262657	0	0
0	0	0	-0.025063	8.684622	-12.528199	8.684622	5857	-2.489904E-11	-4.016219E+10	8.368063	0.261241	0	0
0	0	0	-0.03996	8.684794	-12.547163	8.684794	5801	-1.206456E-11	-8.288737E+10	8.300637	0.259997	0	0
0	0	0	-0.054449	8.684565	-12.565035	8.684565	5747	-3.747309E-11	-2.668581E+10	8.259237	0.258701	0	0
0	0	0	-0.067435	8.684967	-12.58193	8.684967	5699	-7.845223E-12	-1.274661E+11	8.192645	0.257457	0	0
0	0	0	-0.079866	8.684775	-12.597271	8.684775	5653	-1.246415E-11	-8.02301E+10	8.138716	0.256134	0	0
0	0	0	-0.090597	8.684708	-12.610657	8.684708	5614	-1.568026E-11	-6.377445E+10	8.0751	0.254969	0	0
0	0	0	-0.10048	8.684929	-12.62339	8.684929	5578	-8.302428E-12	-1.204467E+11	8.041562	0.25354	0	0
0	0	0	-0.111032	8.684833	-12.63651	8.684833	5540	-1.034726E-11	-9.664393E+10	7.970481	0.252508	0	0
0	0	0	-0.120114	8.684555	-12.647519	8.684555	5507	-3.941484E-11	-2.537115E+10	7.914212	0.251105	0	0
0	0	0	-0.129049	8.684718	-12.65898	8.684718	5475	-1.473064E-11	-6.78857E+10	7.851611	0.249928	0	0
0	0	0	-0.13573	8.684632	-12.667249	8.684632	5452	-2.190664E-11	-4.564827E+10	7.799623	0.24871	0	0
0	0	0	-0.142901	8.68467	-12.676313	8.68467	5427	-1.788421E-11	-5.591525E+10	7.734513	0.247533	0	0
0	0	0	-0.149075	8.684354	-12.683614	8.684354	5405	3.681528E-11	2.716264E+10	7.682597	0.246143	0	0
0	0	0	-0.154352	8.684555	-12.690533	8.684555	5386	-3.854882E-11	-2.594113E+10	7.609945	0.244953	0	0
0	0	0	-0.159334	8.684833	-12.697193	8.684833	5369	-1.002788E-11	-9.972199E+10	7.552489	0.243709	0	0
0	0	0	-0.163728	8.684785	-12.702644	8.684785	5354	-1.146012E-11	-8.72591E+10	7.493415	0.242518	0	0
0	0	0	-0.168269	8.684756	-12.708308	8.684756	5338	-1.252311E-11	-7.985237E+10	7.436939	0.241274	0	0
0	0	0	-0.17214	8.684842	-12.713296	8.684842	5325	-9.698539E-12	-1.031083E+11	7.37863	0.240149	0	0
0	0	0	-0.175897	8.684612	-12.717684	8.684612	5312	-2.397269E-11	-4.171414E+10	7.32682	0.238998	0	0
0	0	0	-0.178249	8.684565	-12.72057	8.684565	5303	-3.457801E-11	-2.892011E+10	7.272134	0.237741	0	0
0	0	0	-0.181157	8.684737	-12.724472	8.684737	5293	-1.326689E-11	-7.53756E+10	7.209148	0.236682	0	0
0	0	0	-0.183689	8.684775	-12.727708	8.684775	5285	-1.165276E-11	-8.581661E+10	7.140052	0.23573	0	0
0	0	0	-0.185796	8.684881	-12.730508	8.684881	5277	-8.742118E-12	-1.143888E+11	7.090933	0.234407	0	0
0	0	0	-0.187674	8.684823	-12.732785	8.684823	5271	-1.010229E-11	-9.898746E+10	7.033161	0.233229	0	0
0	0	0	-0.188818	8.684622	-12.733931	8.684622	5267	-2.239086E-11	-4.466109E+10	6.965266	0.232131	0	0
0	0	0	-0.191627	8.68467	-12.73753	8.68467	5258	-1.732728E-11	-5.771245E+10	6.901037	0.231152	0	0
0	0	0	-0.192869	8.684459	-12.738785	8.684459	5253	-1.604135E-9	-6.233891E+8	6.845037	0.229881	0	0
0	0	0	-0.194126	8.684622	-12.740601	8.684622	5249	-2.231434E-11	-4.481424E+10	6.776262	0.228809	0	0
0	0	0	-0.195335	8.684574	-12.74205	8.684574	5245	-3.140572E-11	-3.184133E+10	6.721558	0.227711	0	0
0	0	0	-0.196903	8.684622	-12.744089	8.684622	5240	-2.227608E-11	-4.489121E+10	6.658137	0.226547	0	0
0	0	0	-0.19821	8.684775	-12.745952	8.684775	5235	-1.154251E-11	-8.663625E+10	6.605406	0.225343	0	0
0	0	0	-0.19901	8.684718	-12.746875	8.684718	5233	-1.407953E-11	-7.102507E+10	6.514553	0.224456	0	0
0	0	0	-0.200284	8.684775	-12.748559	8.684775	5228	-1.152708E-11	-8.675225E+10	6.461085	0.223186	0	0
0	0	0	-0.201542	8.68466	-12.749973	8.68466	5224	-1.802575E-11	-5.54762E+10	6.378709	0.222313	0	0
0	0	0	-0.201902	8.68468	-12.750452	8.68468	5223	-1.647133E-11	-6.071157E+10	6.321761	0.221135	0	0
0	0	0	-0.202947	8.684871	-12.752042	8.684871	5219	-8.845987E-12	-1.130456E+11	6.241508	0.220156	0	0
0	0	0	-0.203813	8.684737	-12.752936	8.684737	5216	-1.307389E-11	-7.648832E+10	6.181565	0.218925	0	0
0	0	0	-0.204777	8.684814	-12.754258	8.684814	5213	-1.025942E-11	-9.747142E+10	6.097722	0.218012	0	0
0	0	0	-0.205642	8.6849	-12.75547	8.6849	5210	-8.257804E-12	-1.210976E+11	6.042653	0.216848	0	0
0	0	0	-0.206704	8.684775	-12.756624	8.684775	5206	-1.147857E-11	-8.711886E+10	5.972401	0.215869	0	0
0	0	0	-0.207406	8.684833	-12.757589	8.684833	5204	-9.719702E-12	-1.028838E+11	5.912142	0.21485	0	0
0	0	0	-0.20806	8.685005	-12.758659	8.685005	5202	-6.660631E-12	-1.501359E+11	5.845391	0.213751	0	0
0	0	0	-0.209203	8.684411	-12.759238	8.684411	5198	8.00339E-11	1.249471E+10	5.795605	0.21268	0	0
0	0	0	-0.209857	8.684881	-12.760737	8.684881	5196	-8.607929E-12	-1.16172E+11	5.731064	0.2117	0	0
0	0	0	-0.210543	8.684622	-12.761225	8.684622	5193	-2.207627E-11	-4.52975E+10	5.669659	0.210748	0	0
0	0	0	-0.211327	8.68489	-12.762598	8.68489	5191	-8.409557E-12	-1.189123E+11	5.606857	0.209822	0	0
0	0	0	-0.212323	8.684593	-12.76342	8.684593	5188	-2.670144E-11	-3.745117E+10	5.549619	0.208591	0	0
0	0	0	-0.212748	8.684967	-12.764494	8.684967	5186	-7.139029E-12	-1.400751E+11	5.464677	0.207718	0	0
0	0	0	-0.213205	8.685034	-12.765165	8.685034	5185	-6.308244E-12	-1.585227E+11	5.410066	0.206699	0	0
0	0	0	-0.213499	8.685034	-12.765535	8.685034	5184	-6.307027E-12	-1.585533E+11	5.348388	0.205812	0	0
0	0	0	-0.214234	8.684718	-12.766001	8.684718	5181	-1.393963E-11	-7.173793E+10	5.295095	0.204674	0	0
0	0	0	-0.215165	8.684699	-12.767144	8.684699	5178	-1.503548E-11	-6.650934E+10	5.241177	0.203774	0	0
0	0	0	-0.215525	8.68445	-12.767235	8.68445	5177	4.992398E-10	2.003045E+9	5.189599	0.202689	0	0
0	0	0	-0.215476	8.684555	-12.767326	8.684555	5177	-3.705296E-11	-2.69884E+10	5.130245	0.201776	0	0
0	0	0	-0.216178	8.684842	-12.768624	8.684842	5175	-9.425341E-12	-1.06097E+11	5.082023	0.200863	0	0
0	0	0	-0.216292	8.684727	-12.768601	8.684727	5174	-1.342785E-11	-7.44721E+10	5.018059	0.200136	0	0
0	0	0	-0.21724	8.684584	-12.769584	8.684584	5171	-2.862406E-11	-3.493565E+10	4.984999	0.199051	0	0
0	0	0	-0.21742	8.684574	-12.769796	8.684574	5171	-3.096263E-11	-3.2297E+10	4.913763	0.198191	0	0
0	0	0	-0.217861	8.685091	-12.771097	8.685091	5169	-5.719142E-12	-1.748514E+11	4.874175	0.197145	0	0
0	0	0	-0.217534	8.684919	-12.770438	8.684919	5170	-7.854669E-12	-1.273128E+11	4.81769	0.196232	0	0
0	0	0	-0.21755	8.684622	-12.770029	8.684622	5170	-2.19785E-11	-4.549902E+10	4.768005	0.195187	0	0
0	0	0	-0.218416	8.685063	-12.771753	8.685063	5167	-5.988131E-12	-1.66997E+11	4.708095	0.194353	0	0
0	0	0	-0.218008	8.684785	-12.770839	8.684785	5168	-1.106199E-11	-9.039962E+10	4.660125	0.193401	0	0
0	0	0	-0.217795	8.684593	-12.770295	8.684593	5169	-2.660365E-11	-3.758883E+10	4.606919	0.192501	0	0
0	0	0	-0.217534	8.684727	-12.770161	8.684727	5170	-1.341747E-11	-7.452972E+10	4.564785	0.191667	0	0
0	0	0	-0.218057	8.684632	-12.770679	8.684632	5168	-2.07655E-11	-4.81568E+10	4.505417	0.190807	0	0
0	0	0	-0.217942	8.684555	-12.770425	8.684555	5169	-3.69957E-11	-2.703017E+10	4.459554	0.189749	0	0
0	0	0	-0.217681	8.684737	-12.770359	8.684737	5169	-1.295609E-11	-7.71838E+10	4.398496	0.188968	0	0
0	0	0	-0.21804	8.684574	-12.770575	8.684574	5168	-3.094466E-11	-3.231575E+10	4.358091	0.188028	0	0
0	0	0	-0.218269	8.684651	-12.770973	8.684651	5168	-1.871357E-11	-5.343716E+10	4.295468	0.187115	0	0
0	0	0	-0.217387	8.684469	-12.769602	8.684469	5171	-3.056311E-10	-3.271919E+9	4.249076	0.186335	0	0
0	0	0	-0.217158	8.684766	-12.769744	8.684766	5171	-1.175504E-11	-8.506988E+10	4.185209	0.185488	0	0
0	0	0	-0.217142	8.684699	-12.769627	8.684699	5171	-1.501516E-11	-6.659937E+10	4.145052	0.184562	0	0
0	0	0	-0.217518	8.684699	-12.770099	8.684699	5170	-1.501225E-11	-6.661226E+10	4.091848	0.183781	0	0
0	0	0	-0.217665	8.68445	-12.769924	8.68445	5169	4.984684E-10	2.006145E+9	4.048733	0.182722	0	0
0	0	0	-0.217469	8.684498	-12.769746	8.684498	5170	-8.936539E-11	-1.119001E+10	3.991307	0.181968	0	0
0	0	0	-0.217175	8.684718	-12.769695	8.684718	5171	-1.391272E-11	-7.187666E+10	3.942852	0.181015	0	0
0	0	0	-0.21755	8.684641	-12.770057	8.684641	5170	-1.969383E-11	-5.077733E+10	3.884505	0.180327	0	0
0	0	0	-0.217371	8.684823	-12.770094	8.684823	5171	-9.910631E-12	-1.009017E+11	3.841147	0.179401	0	0
0	0	0	-0.217844	8.68466	-12.770454	8.68466	5169	-1.783597E-11	-5.606648E+10	3.796411	0.178594	0	0
0	0	0	-0.218269	8.684909	-12.771347	8.684909	5168	-8.017838E-12	-1.247219E+11	3.748255	0.177747	0	0
0	0	0	-0.21853	8.684632	-12.771274	8.684632	5167	-2.076148E-11	-4.816612E+10	3.703232	0.176874	0	0
0	0	0	-0.21791	8.684622	-12.77048	8.684622	5169	-2.197424E-11	-4.550782E+10	3.64372	0.17612	0	0
0	0	0	-0.218302	8.684545	-12.770862	8.684545	5167	-4.09837E-11	-2.439994E+10	3.590936	0.175312	0	0
0	0	0	-0.217877	8.684737	-12.770606	8.684737	5169	-1.295609E-11	-7.71838E+10	3.539384	0.174664	0	0
0	0	0	-0.218171	8.68444	-12.770546	8.68444	5168	2.152061E-10	4.646709E+9	3.500959	0.173791	0	0
0	0	0	-0.218922	8.684766	-12.77196	8.684766	5165	-1.17414E-11	-8.51687E+10	3.455813	0.172891	0	0
0	0	0	-0.219853	8.684747	-12.773103	8.684747	5162	-1.251068E-11	-7.993171E+10	3.395384	0.172176	0	0
0	0	0	-0.219935	8.68467	-12.773094	8.68467	5162	-1.701092E-11	-5.878576E+10	3.36613	0.171263	0	0
0	0	0	-0.220164	8.684603	-12.773285	8.684603	5161	-2.481953E-11	-4.029085E+10	3.314602	0.170456	0	0
0	0	0	-0.220343	8.685034	-12.774133	8.685034	5161	-6.279045E-12	-1.592599E+11	3.262761	0.169768	0	0
0	0	0	-0.220637	8.684871	-12.774268	8.684871	5160	-8.745984E-12	-1.143382E+11	3.208326	0.169014	0	0
0	0	0	-0.221062	8.68489	-12.774829	8.68489	5158	-8.356096E-12	-1.196731E+11	3.171619	0.168194	0	0
0	0	0	-0.221585	8.684804	-12.775361	8.684804	5156	-1.042724E-11	-9.590265E+10	3.115024	0.167373	0	0
0	0	0	-0.221977	8.684641	-12.775618	8.684641	5155	-1.963669E-11	-5.092508E+10	3.073008	0.166672	0	0
0	0	0	-0.222581	8.68467	-12.776419	8.68467	5153	-1.698126E-11	-5.888843E+10	3.010565	0.165984	0	0
0	0	0	-0.222189	8.684871	-12.776217	8.684871	5154	-8.735814E-12	-1.144713E+11	2.989816	0.165058	0	0
0	0	0	-0.222353	8.684756	-12.776256	8.684756	5154	-1.209144E-11	-8.270313E+10	2.923244	0.164462	0	0
0	0	0	-0.223137	8.684938	-12.777504	8.684938	5151	-7.514266E-12	-1.330802E+11	2.887378	0.163496	0	0
0	0	0	-0.222794	8.684727	-12.776769	8.684727	5152	-1.337075E-11	-7.479011E+10	2.839634	0.162848	0	0
0	0	0	-0.223267	8.684708	-12.777336	8.684708	5151	-1.438707E-11	-6.950685E+10	2.808261	0.162027	0	0
0	0	0	-0.222859	8.684699	-12.776809	8.684699	5152	-1.495999E-11	-6.684498E+10	2.749971	0.161472	0	0
0	0	0	-0.22312	8.684861	-12.777373	8.684861	5151	-8.937423E-12	-1.118891E+11	2.706856	0.160638	0	0
0	0	0	-0.223398	8.684574	-12.777307	8.684574	5150	-3.083688E-11	-3.24287E+10	2.66087	0.160043	0	0
0	0	0	-0.223349	8.684622	-12.777314	8.684622	5151	-2.189772E-11	-4.566685E+10	2.626073	0.159222	0	0
0	0	0	-0.22361	8.684852	-12.777975	8.684852	5149	-9.150586E-12	-1.092826E+11	2.575258	0.158521	0	0
0	0	0	-0.223512	8.684651	-12.777561	8.684651	5150	-1.864839E-11	-5.362393E+10	2.539077	0.15774	0	0
0	0	0	-0.223496	8.684689	-12.777596	8.684689	5150	-1.55711E-11	-6.422154E+10	2.495367	0.157026	0	0
0	0	0	-0.223496	8.684766	-12.777707	8.684766	5150	-1.17073E-11	-8.541677E+10	2.460944	0.156245	0	0
0	0	0	-0.222859	8.684852	-12.777031	8.684852	5152	-9.155917E-12	-1.09219E+11	2.409232	0.15561	0	0
0	0	0	-0.222826	8.684861	-12.777004	8.684861	5152	-8.939158E-12	-1.118674E+11	2.378254	0.154776	0	0
0	0	0	-0.223039	8.684794	-12.777174	8.684794	5152	-1.071481E-11	-9.332873E+10	2.326263	0.154168	0	0
0	0	0	-0.222924	8.684871	-12.777141	8.684871	5152	-8.732424E-12	-1.145157E+11	2.298897	0.1534	0	0
0	0	0	-0.221928	8.684804	-12.775792	8.684804	5155	-1.042522E-11	-9.592125E+10	2.248052	0.152778	0	0
0	0	0	-0.221993	8.68468	-12.775694	8.68468	5155	-1.625688E-11	-6.151242E+10	2.210693	0.15217	0	0
0	0	0	-0.221683	8.684699	-12.775332	8.684699	5156	-1.49716E-11	-6.679313E+10	2.157508	0.151521	0	0
0	0	0	-0.221634	8.68468	-12.775243	8.68468	5156	-1.626003E-11	-6.150049E+10	2.122629	0.15082	0	0
0	0	0	-0.221912	8.684651	-12.77555	8.684651	5155	-1.86665E-11	-5.357191E+10	2.075591	0.150052	0	0
0	0	0	-0.221242	8.684861	-12.775013	8.684861	5157	-8.947833E-12	-1.117589E+11	2.052652	0.149417	0	0
0	0	0	-0.22152	8.684536	-12.774891	8.684536	5157	-4.586851E-11	-2.180145E+10	2.00132	0.148782	0	0
0	0	0	-0.221095	8.684909	-12.774898	8.684909	5158	-8.002324E-12	-1.249637E+11	1.967933	0.148068	0	0
0	0	0	-0.220115	8.684929	-12.773694	8.684929	5161	-7.681756E-12	-1.301786E+11	1.934142	0.147499	0	0
0	0	0	-0.221095	8.684737	-12.774648	8.684737	5158	-1.292851E-11	-7.73484E+10	1.899655	0.146744	0	0
0	0	0	-0.220458	8.684641	-12.77371	8.684641	5160	-1.965574E-11	-5.087574E+10	1.847869	0.146176	0	0
0	0	0	-0.220768	8.684737	-12.774238	8.684737	5159	-1.293102E-11	-7.733341E+10	1.83078	0.145315	0	0
0	0	0	-0.221307	8.68468	-12.774832	8.68468	5157	-1.626319E-11	-6.148856E+10	1.783209	0.144932	0	0
0	0	0	-0.220213	8.684919	-12.773803	8.684919	5161	-7.840996E-12	-1.275348E+11	1.750516	0.144151	0	0
0	0	0	-0.221242	8.684929	-12.77511	8.684929	5157	-7.675802E-12	-1.302795E+11	1.718161	0.143556	0	0
0	0	0	-0.22085	8.68445	-12.773925	8.68445	5159	4.97504E-10	2.010034E+9	1.680698	0.142881	0	0
0	0	0	-0.220882	8.684507	-12.774049	8.684507	5159	-7.215707E-11	-1.385866E+10	1.629241	0.142246	0	0
0	0	0	-0.221422	8.684708	-12.775017	8.684708	5157	-1.440383E-11	-6.942598E+10	1.609331	0.141558	0	0
0	0	0	-0.221193	8.684488	-12.774412	8.684488	5158	-1.166759E-10	-8.570753E+9	1.574788	0.140869	0	0
0	0	0	-0.221683	8.684593	-12.77518	8.684593	5156	-2.653674E-11	-3.76836E+10	1.548161	0.140314	0	0
0	0	0	-0.221176	8.684574	-12.774516	8.684574	5158	-3.088479E-11	-3.23784E+10	1.50042	0.139639	0	0
0	0	0	-0.222222	8.684785	-12.776134	8.684785	5154	-1.103203E-11	-9.064517E+10	1.465377	0.139096	0	0
0	0	0	-0.222124	8.6849	-12.776177	8.6849	5155	-8.170629E-12	-1.223896E+11	1.433673	0.138488	0	0
0	0	0	-0.22232	8.684823	-12.776312	8.684823	5154	-9.87805E-12	-1.012346E+11	1.411138	0.13772	0	0
0	0	0	-0.222843	8.684632	-12.776692	8.684632	5152	-2.070121E-11	-4.830636E+10	1.375226	0.137284	0	0
0	0	0	-0.223218	8.684861	-12.777496	8.684861	5151	-8.937423E-12	-1.118891E+11	1.349458	0.136582	0	0
0	0	0	-0.223447	8.684622	-12.777437	8.684622	5150	-2.189347E-11	-4.567572E+10	1.316231	0.136119	0	0
0	0	0	-0.223757	8.684929	-12.77827	8.684929	5149	-7.663894E-12	-1.30482E+11	1.286289	0.135391	0	0
0	0	0	-0.224035	8.684881	-12.77855	8.684881	5148	-8.52841E-12	-1.172551E+11	1.250311	0.134849	0	0
0	0	0	-0.224509	8.684651	-12.778813	8.684651	5147	-1.863753E-11	-5.365518E+10	1.234702	0.134134	0	0
0	0	0	-0.224558	8.684804	-12.779096	8.684804	5147	-1.040904E-11	-9.607035E+10	1.197057	0.133605	0	0
0	0	0	-0.224443	8.684708	-12.778814	8.684708	5147	-1.43759E-11	-6.956087E+10	1.157731	0.13301	0	0
0	0	0	-0.224329	8.684986	-12.779072	8.684986	5147	-6.828812E-12	-1.464384E+11	1.12575	0.132454	0	0
0	0	0	-0.224754	8.6849	-12.779481	8.6849	5146	-8.156365E-12	-1.226036E+11	1.111189	0.131753	0	0
0	0	0	-0.22477	8.684689	-12.779197	8.684689	5146	-1.555901E-11	-6.427146E+10	1.069042	0.13125	0	0
0	0	0	-0.224917	8.684718	-12.779423	8.684718	5145	-1.384277E-11	-7.223989E+10	1.054034	0.130549	0	0
0	0	0	-0.225129	8.684823	-12.779842	8.684823	5144	-9.858884E-12	-1.014314E+11	1.020042	0.12986	0	0
0	0	0	-0.224852	8.685015	-12.77977	8.685015	5145	-6.474536E-12	-1.544512E+11	1.010704	0.129172	0	0
0	0	0	-0.224868	8.684641	-12.77925	8.684641	5145	-1.95986E-11	-5.102406E+10	0.956704	0.128564	0	0
0	0	0	-0.225031	8.684574	-12.779359	8.684574	5145	-3.080694E-11	-3.246021E+10	0.957708	0.127849	0	0
0	0	0	-0.225587	8.684861	-12.780472	8.684861	5143	-8.923542E-12	-1.120631E+11	0.920965	0.127227	0	0
0	0	0	-0.22495	8.684565	-12.779242	8.684565	5145	-3.354778E-11	-2.980824E+10	0.901849	0.126619	0	0
0	0	0	-0.224868	8.6849	-12.779624	8.6849	5145	-8.15478E-12	-1.226275E+11	0.861875	0.126222	0	0
0	0	0	-0.224264	8.684718	-12.778602	8.684718	5147	-1.384815E-11	-7.221182E+10	0.856558	0.125573	0	0
0	0	0	-0.224182	8.684861	-12.778707	8.684861	5148	-8.932218E-12	-1.119543E+11	0.833897	0.124925	0	0
0	0	0	-0.2233	8.68467	-12.777322	8.68467	5151	-1.697467E-11	-5.891129E+10	0.816115	0.124329	0	0
0	0	0	-0.223937	8.684852	-12.778385	8.684852	5148	-9.148809E-12	-1.093038E+11	0.790743	0.12388	0	0
0	0	0	-0.223578	8.684909	-12.778017	8.684909	5150	-7.989912E-12	-1.251578E+11	0.773749	0.123271	0	0
0	0	0	-0.223398	8.684565	-12.777293	8.684565	5150	-3.358038E-11	-2.97793E+10	0.74379	0.122795	0	0
0	0	0	-0.223414	8.684517	-12.777244	8.684517	5150	-6.048773E-11	-1.653228E+10	0.727791	0.122146	0	0
0	0	0	-0.223186	8.684727	-12.777261	8.684727	5151	-1.336816E-11	-7.480463E+10	0.697211	0.121696	0	0
0	0	0	-0.222075	8.684775	-12.775935	8.684775	5155	-1.136612E-11	-8.798075E+10	0.69367	0.121141	0	0
0	0	0	-0.222434	8.68445	-12.775916	8.68445	5153	4.969254E-10	2.012374E+9	0.662239	0.120572	0	0
0	0	0	-0.222238	8.684296	-12.775448	8.684296	5154	2.253798E-11	4.436954E+10	0.642556	0.120069	0	0
0	0	0	-0.222647	8.684718	-12.77657	8.684718	5153	-1.386429E-11	-7.212773E+10	0.622636	0.119566	0	0
0	0	0	-0.22263	8.684536	-12.776287	8.684536	5153	-4.583293E-11	-2.181837E+10	0.618549	0.119037	0	0
0	0	0	-0.22201	8.684766	-12.775839	8.684766	5155	-1.171867E-11	-8.533392E+10	0.586519	0.11864	0	0
0	0	0	-0.221536	8.684718	-12.775175	8.684718	5156	-1.387236E-11	-7.208577E+10	0.580497	0.118005	0	0
0	0	0	-0.221601	8.684938	-12.775575	8.684938	5156	-7.52156E-12	-1.329511E+11	0.562301	0.117502	0	0
0	0	0	-0.222042	8.684574	-12.775603	8.684574	5155	-3.086682E-11	-3.239724E+10	0.544134	0.116959	0	0
0	0	0	-0.221944	8.684584	-12.775494	8.684584	5155	-2.853549E-11	-3.504408E+10	0.525383	0.116509	0	0
0	0	0	-0.22134	8.684536	-12.774666	8.684536	5157	-4.586851E-11	-2.180145E+10	0.517928	0.115835	0	0
0	0	0	-0.221405	8.684593	-12.774831	8.684593	5157	-2.654189E-11	-3.767629E+10	0.496646	0.115371	0	0
0	0	0	-0.221944	8.684919	-12.775979	8.684919	5155	-7.83188E-12	-1.276833E+11	0.487168	0.114842	0	0
0	0	0	-0.222075	8.68467	-12.775783	8.68467	5155	-1.698786E-11	-5.886558E+10	0.460611	0.114445	0	0
0	0	0	-0.22232	8.68466	-12.776077	8.68466	5154	-1.778421E-11	-5.622966E+10	0.452497	0.11381	0	0
0	0	0	-0.222794	8.684718	-12.776755	8.684718	5152	-1.38616E-11	-7.214173E+10	0.439813	0.113413	0	0
0	0	0	-0.223561	8.684756	-12.777775	8.684756	5150	-1.208206E-11	-8.276736E+10	0.436106	0.112818	0	0
0	0	0	-0.223365	8.684823	-12.777625	8.684823	5151	-9.8723E-12	-1.012935E+11	0.413633	0.112434	0	0
0	0	0	-0.223888	8.684957	-12.778476	8.684957	5149	-7.223778E-12	-1.384317E+11	0.414233	0.111931	0	0
0	0	0	-0.223872	8.684584	-12.777916	8.684584	5149	-2.850228E-11	-3.508491E+10	0.383737	0.111375	0	0
0	0	0	-0.22379	8.68489	-12.778256	8.68489	5149	-8.341516E-12	-1.198823E+11	0.379285	0.110899	0	0
0	0	0	-0.224705	8.684881	-12.779391	8.684881	5146	-8.525097E-12	-1.173007E+11	0.3649	0.110462	0	0
0	0	0	-0.224982	8.684727	-12.779519	8.684727	5145	-1.335259E-11	-7.489186E+10	0.356132	0.109787	0	0
0	0	0	-0.22477	8.684612	-12.779086	8.684612	5146	-2.322354E-11	-4.305976E+10	0.331931	0.109285	0	0
0	0	0	-0.224999	8.684574	-12.779318	8.684574	5145	-3.080694E-11	-3.246021E+10	0.348007	0.108835	0	0
0	0	0	-0.225244	8.685072	-12.780345	8.685072	5144	-5.868676E-12	-1.703962E+11	0.32822	0.108438	0	0
0	0	0	-0.224999	8.684929	-12.77983	8.684929	5145	-7.657941E-12	-1.305834E+11	0.311131	0.107922	0	0
0	0	0	-0.225227	8.684909	-12.78009	8.684909	5144	-7.980604E-12	-1.253038E+11	0.297517	0.107432	0	0
0	0	0	-0.226093	8.684948	-12.781233	8.684948	5142	-7.354745E-12	-1.359666E+11	0.294804	0.107048	0	0
0	0	0	-0.225505	8.68489	-12.780411	8.68489	5143	-8.331795E-12	-1.200222E+11	0.272358	0.106506	0	0
0	0	0	-0.225718	8.6849	-12.780691	8.6849	5143	-8.15161E-12	-1.226752E+11	0.270915	0.106069	0	0
0	0	0	-0.226093	8.684584	-12.780707	8.684584	5142	-2.846353E-11	-3.513268E+10	0.255712	0.105553	0	0
0	0	0	-0.226028	8.685015	-12.781247	8.685015	5142	-6.470761E-12	-1.545413E+11	0	0	0	0
0	0	0	-0.226126	8.685254	-12.781717	8.685254	5141	-4.526476E-12	-2.209224E+11	0	0	0	0
0	0	0	-0.225995	8.684852	-12.780971	8.684852	5142	-9.138146E-12	-1.094314E+11	0	0	0	0
0	0	0	-0.225832	8.684766	-12.780641	8.684766	5142	-1.168912E-11	-8.554966E+10	0	0	0	0
0	0	0	-0.225325	8.684622	-12.779797	8.684622	5144	-2.186796E-11	-4.572899E+10	0	0	0	0
0	0	0	-0.224917	8.684756	-12.779478	8.684756	5145	-1.207033E-11	-8.28478E+10	0	0	0	0
0	0	0	-0.225113	8.684565	-12.779448	8.684565	5145	-3.354778E-11	-2.980824E+10	0	0	0	0
0	0	0	-0.224525	8.684632	-12.778806	8.684632	5147	-2.068112E-11	-4.835329E+10	0	0	0	0
0	0	0	-0.224966	8.684536	-12.779221	8.684536	5145	-4.576177E-11	-2.18523E+10	0	0	0	0
0	0	0	-0.224394	8.68468	-12.778711	8.68468	5147	-1.623165E-11	-6.160802E+10	0	0	0	0
0	0	0	-0.223676	8.684612	-12.777711	8.684612	5149	-2.323708E-11	-4.303467E+10	0	0	0	0
0	0	0	-0.223953	8.684948	-12.778544	8.684948	5148	-7.363327E-12	-1.358082E+11	0	0	0	0
0	0	0	-0.223757	8.68489	-12.778215	8.68489	5149	-8.341516E-12	-1.198823E+11	0	0	0	0
0	0	0	-0.223643	8.684402	-12.777365	8.684402	5149	6.551565E-11	1.526353E+10	0	0	0	0
0	0	0	-0.223529	8.684641	-12.777568	8.684641	5150	-1.961764E-11	-5.097452E+10	0	0	0	0
0	0	0	-0.223039	8.684507	-12.776758	8.684507	5152	-7.205917E-11	-1.387748E+10	0	0	0	0
0	0	0	-0.223169	8.684996	-12.777628	8.684996	5151	-6.712602E-12	-1.489735E+11	0	0	0	0
0	0	0	-0.222434	8.684574	-12.776096	8.684574	5153	-3.085485E-11	-3.240982E+10	0	0	0	0
0	0	0	-0.222663	8.684584	-12.776397	8.684584	5153	-2.852442E-11	-3.505768E+10	0	0	0	0
0	0	0	-0.222696	8.684794	-12.776743	8.684794	5153	-1.071689E-11	-9.331062E+10	0	0	0	0
0	0	0	-0.222336	8.68468	-12.776125	8.68468	5154	-1.625373E-11	-6.152435E+10	0	0	0	0
0	0	0	-0.222238	8.684699	-12.77603	8.684699	5154	-1.496579E-11	-6.681905E+10	0	0	0	0
0	0	0	-0.222402	0	-0.222402	0	5154	0	0	0	0	0	0
0	0	0	-0.222875	0	-0.222875	0	5152	0	0	0	0	0	0
