Vload_(V)	ILoad_(A)	RsLoad (ohm)	SunsVoc_Voltage_(V)	SunsVoc_Current_(A)	Model_Voltage_(V)	Model_Current_(A)	Carrier_Density_(cm-3)	Lifetime_(s)	Inverse_Lifetime_(s-1)	Efficiency_(%)	Intensity_(suns)	Dark_IV_Voltage_(V)	Dark_IV_Current_(A)
5.403645	8.925596	0	37.965724	-1.245816	38.36393	-1.245816	2.888452E+14	1.99304E-5	50174.469337	14.744321	1.149471	0	0
5.404334	8.929627	-0.622407	37.909173	-0.896901	38.197229	-0.896901	2.786644E+14	1.991094E-5	50223.521801	14.735366	1.148597	0	0
5.401158	8.930381	-0.622046	37.80651	-0.302601	37.904538	-0.302601	2.610724E+14	1.985528E-5	50364.311405	14.609477	1.148717	0	0
5.406847	8.926968	-0.622706	37.684572	0.334414	37.575133	0.334414	2.415883E+14	1.973581E-5	50669.21942	14.774277	1.147843	0	0
5.630534	8.92503	0.746853	37.561687	0.940454	37.250785	0.940454	2.233986E+14	1.963495E-5	50929.511684	14.589577	1.146692	0	0
7.03382	8.891828	2.298717	37.437527	1.511035	36.932913	1.511035	2.063889E+14	1.953588E-5	51187.803008	14.692107	1.146136	0	0
8.877964	8.863071	2.253646	37.315687	2.025802	36.632474	2.025802	1.909382E+14	1.942176E-5	51488.57003	14.720255	1.144152	0	0
10.972319	8.857204	2.04017	37.197245	2.480356	36.352767	2.480356	1.770127E+14	1.927513E-5	51880.263004	14.594121	1.143874	0	0
12.946595	8.857269	1.817023	37.083899	2.894392	36.089563	2.894392	1.646263E+14	1.915699E-5	52200.210901	14.788847	1.142484	0	0
14.765467	8.852359	1.629072	36.972268	3.283575	35.834296	3.283575	1.532648E+14	1.906513E-5	52451.733289	14.626442	1.141571	0	0
16.567726	8.850261	1.432716	36.860572	3.647492	35.585435	3.647492	1.426727E+14	1.897121E-5	52711.411385	14.711695	1.141293	0	0
18.374439	8.84771	1.236769	36.747078	3.986286	35.341238	3.986286	1.32652E+14	1.884862E-5	53054.255278	14.766947	1.139944	0	0
20.171557	8.843989	1.045265	36.634255	4.304047	35.103187	4.304047	1.233813E+14	1.873674E-5	53371.05428	14.624981	1.139745	0	0
21.975294	8.838438	0.857272	36.520909	4.600183	34.870363	4.600183	1.147142E+14	1.861324E-5	53725.190004	14.819063	1.138872	0	0
23.765793	8.832792	0.669569	36.40802	4.880474	34.641972	4.880474	1.066823E+14	1.850941E-5	54026.541224	14.659312	1.137999	0	0
25.584574	8.793007	0.545786	36.293335	5.139761	34.417482	5.139761	9.909361E+13	1.837029E-5	54435.695094	14.710628	1.137919	0	0
26.176161	8.76859	0.516676	36.182439	5.378437	34.203309	5.378437	9.226575E+13	1.825543E-5	54778.219474	14.775877	1.136887	0	0
26.777197	8.726196	0.50205	36.072376	5.600788	33.994717	5.600788	8.595128E+13	1.814337E-5	55116.550121	14.599895	1.136768	0	0
27.365903	8.668669	0.491034	35.965009	5.804386	33.794929	5.804386	8.020545E+13	1.803487E-5	55448.130105	14.788351	1.136054	0	0
27.960399	8.597454	0.476908	35.860369	5.993089	33.60274	5.993089	7.497321E+13	1.794317E-5	55731.505237	14.640572	1.135021	0	0
28.560514	8.499951	0.46623	35.757477	6.1633	33.418538	6.1633	7.015947E+13	1.782577E-5	56098.551058	14.665966	1.134704	0	0
29.149576	8.37143	0.458791	35.655729	6.322114	33.239084	6.322114	6.570165E+13	1.771144E-5	56460.68774	14.762621	1.133076	0	0
29.732107	8.217073	0.448536	35.555173	6.471249	33.063881	6.471249	6.157307E+13	1.760707E-5	56795.363762	14.590296	1.13264	0	0
30.308917	8.03279	0.43612	35.453147	6.612038	32.889368	6.612038	5.764799E+13	1.748783E-5	57182.627795	14.782654	1.131171	0	0
30.884072	7.81546	0.422162	35.35001	6.744851	32.715876	6.744851	5.393333E+13	1.735739E-5	57612.330577	14.668385	1.129583	0	0
31.400384	7.589269	0.408581	35.249944	6.869054	32.548672	6.869054	5.055729E+13	1.725354E-5	57959.105831	14.670703	1.128551	0	0
31.933527	7.320914	0.393038	35.150727	6.984219	32.385382	6.984219	4.74178E+13	1.714208E-5	58335.960522	14.786365	1.126328	0	0
32.471848	6.981001	0.382453	35.052393	7.092813	32.225144	7.092813	4.449793E+13	1.703966E-5	58686.599689	14.605919	1.124978	0	0
32.999243	6.567926	0.376523	34.953633	7.195668	32.066123	7.195668	4.174581E+13	1.693624E-5	59044.977258	14.777611	1.123311	0	0
33.523303	6.087022	0.37223	34.85574	7.291777	31.910313	7.291777	3.918529E+13	1.683261E-5	59408.492534	14.68417	1.121009	0	0
34.040681	5.542313	0.369176	34.758761	7.380762	31.757987	7.380762	3.680314E+13	1.671996E-5	59808.761977	14.660524	1.119738	0	0
34.546057	4.950177	0.365643	34.663302	7.464152	31.609309	7.464152	3.459938E+13	1.661568E-5	60184.095663	14.799423	1.117277	0	0
35.038921	4.306667	0.365232	34.567499	7.543218	31.461567	7.543218	3.252003E+13	1.651036E-5	60568.042276	14.615851	1.115729	0	0
35.523261	3.62277	0.366413	34.470733	7.617931	31.314055	7.617931	3.054628E+13	1.639434E-5	60996.666958	14.778575	1.1143	0	0
35.988617	2.904293	0.376866	34.375551	7.687508	31.170207	7.687508	2.872148E+13	1.628124E-5	61420.372346	14.72015	1.112236	0	0
36.454933	2.170321	0.38692	34.281888	7.754594	31.028884	7.754594	2.703203E+13	1.620143E-5	61722.96448	14.668846	1.111442	0	0
36.87725	1.445877	0.415315	34.189663	7.819276	30.889977	7.819276	2.546544E+13	1.615484E-5	61900.936112	14.829044	1.109616	0	0
37.268905	0.75151	0.479485	34.099528	7.876152	30.756597	7.876152	2.402196E+13	1.606502E-5	62247.024468	14.646097	1.108028	0	0
29.391299	8.321598	0.450451	34.009083	7.930586	30.623605	7.930586	2.26556E+13	1.598013E-5	62577.710036	14.792997	1.106798	0	0
37.774843	0	0	33.919618	7.981628	30.492995	7.981628	2.138039E+13	1.58961E-5	62908.529247	14.75404	1.10513	0	0
0	0	0	33.831591	8.028574	30.365655	8.028574	2.019564E+13	1.580109E-5	63286.789629	14.662765	1.104059	0	0
0	0	0	33.744037	8.073231	30.239662	8.073231	1.908229E+13	1.571221E-5	63644.783671	14.837219	1.101875	0	0
0	0	0	33.656516	8.115062	30.114731	8.115062	1.803061E+13	1.561246E-5	64051.419152	14.643896	1.100208	0	0
0	0	0	33.569992	8.154287	29.991961	8.154287	1.704781E+13	1.551216E-5	64465.543183	14.767927	1.098461	0	0
0	0	0	33.482994	8.192218	29.869	8.192218	1.611356E+13	1.542041E-5	64849.106873	14.761674	1.09604	0	0
0	0	0	33.397139	8.228286	29.748084	8.228286	1.524174E+13	1.534055E-5	65186.727985	14.653701	1.094492	0	0
0	0	0	33.312607	8.26156	29.629865	8.26156	1.44294E+13	1.525067E-5	65570.876838	14.838245	1.092308	0	0
0	0	0	33.228631	8.292527	29.513208	8.292527	1.366523E+13	1.514949E-5	66008.836225	14.664663	1.090046	0	0
0	0	0	33.145046	8.322498	29.397338	8.322498	1.294477E+13	1.506396E-5	66383.627056	14.769533	1.088537	0	0
0	0	0	33.061903	8.350582	29.282728	8.350582	1.226576E+13	1.497092E-5	66796.180983	14.799562	1.085719	0	0
0	0	0	32.977322	8.377497	29.166759	8.377497	1.161151E+13	1.486833E-5	67257.059547	14.668256	1.08421	0	0
0	0	0	32.894408	8.402778	29.053459	8.402778	1.100401E+13	1.477178E-5	67696.657701	14.862725	1.081749	0	0
0	0	0	32.81244	8.426782	28.941796	8.426782	1.043467E+13	1.468158E-5	68112.568504	14.70532	1.079606	0	0
0	0	0	32.728611	8.449678	28.828249	8.449678	9.882825E+12	1.457408E-5	68614.967229	14.778036	1.07774	0	0
0	0	0	32.646954	8.471572	28.717734	8.471572	9.373336E+12	1.448932E-5	69016.367931	14.838157	1.07512	0	0
0	0	0	32.564791	8.491912	28.607223	8.491912	8.887175E+12	1.438213E-5	69530.720817	14.68509	1.073215	0	0
0	0	0	32.481844	8.511266	28.496119	8.511266	8.421932E+12	1.426587E-5	70097.364323	14.874366	1.07115	0	0
0	0	0	32.400448	8.529629	28.387305	8.529629	7.989061E+12	1.416019E-5	70620.53548	14.734617	1.068967	0	0
0	0	0	32.319347	8.547693	28.278913	8.547693	7.57987E+12	1.407712E-5	71037.259124	14.765942	1.067419	0	0
0	0	0	32.238817	8.563984	28.171988	8.563984	7.194291E+12	1.396296E-5	71618.076189	14.862782	1.064918	0	0
0	0	0	32.158287	8.579791	28.065222	8.579791	6.828315E+12	1.385844E-5	72158.171092	14.68974	1.063172	0	0
0	0	0	32.077692	8.595197	27.9585	8.595197	6.480673E+12	1.376618E-5	72641.790094	14.885348	1.061147	0	0
0	0	0	31.997555	8.609569	27.852771	8.609569	6.152545E+12	1.366352E-5	73187.557414	14.772615	1.059043	0	0
0	0	0	31.918217	8.623468	27.748197	8.623468	5.844055E+12	1.357551E-5	73662.083347	14.771013	1.057694	0	0
0	0	0	31.844548	8.635996	27.651224	8.635996	5.571465E+12	1.350216E-5	74062.239828	14.890937	1.055312	0	0
0	0	0	31.765635	8.648445	27.547766	8.648445	5.293556E+12	1.340489E-5	74599.622375	14.702454	1.053248	0	0
0	0	0	31.685334	8.66064	27.442666	8.66064	5.024977E+12	1.331045E-5	75128.96543	14.880217	1.051302	0	0
0	0	0	31.603841	8.672046	27.336427	8.672046	4.766333E+12	1.319331E-5	75795.975454	14.791905	1.048762	0	0
0	0	0	31.525402	8.682885	27.234193	8.682885	4.529961E+12	1.309901E-5	76341.620088	14.755814	1.047174	0	0
0	0	0	31.44582	8.693332	27.130693	8.693332	4.302116E+12	1.299971E-5	76924.818883	14.899866	1.044475	0	0
0	0	0	31.367038	8.702546	27.028753	8.702546	4.087849E+12	1.286252E-5	77745.2444	14.7108	1.042291	0	0
0	0	0	31.288354	8.712084	26.926732	8.712084	3.884496E+12	1.276865E-5	78316.809945	14.876836	1.040386	0	0
0	0	0	31.208918	8.720548	26.824282	8.720548	3.689458E+12	1.262816E-5	79188.070597	14.826721	1.037607	0	0
0	0	0	31.130937	8.729325	26.723435	8.729325	3.507516E+12	1.25423E-5	79730.171855	14.762809	1.036178	0	0
0	0	0	31.052187	8.737658	26.621826	8.737658	3.332884E+12	1.244628E-5	80345.283584	14.937577	1.033558	0	0
0	0	0	30.973226	8.745695	26.520069	8.745695	3.166508E+12	1.235324E-5	80950.413419	14.747163	1.031415	0	0
0	0	0	30.894754	8.752846	26.419338	8.752846	3.009391E+12	1.222628E-5	81791.024688	14.884697	1.029708	0	0
0	0	0	30.816446	8.760095	26.318728	8.760095	2.860372E+12	1.212987E-5	82441.128402	14.867074	1.027326	0	0
0	0	0	30.736504	8.766538	26.216481	8.766538	2.715851E+12	1.19835E-5	83448.095199	14.769002	1.025738	0	0
0	0	0	30.657216	8.772743	26.115139	8.772743	2.579724E+12	1.18449E-5	84424.507013	14.957549	1.023436	0	0
0	0	0	30.578924	8.779064	26.014942	8.779064	2.452003E+12	1.174415E-5	85148.796034	14.775776	1.021372	0	0
0	0	0	30.500338	8.785129	25.914489	8.785129	2.330159E+12	1.164244E-5	85892.645086	14.873394	1.020101	0	0
0	0	0	30.421981	8.790425	25.814696	8.790425	2.214698E+12	1.149911E-5	86963.259444	14.898988	1.017402	0	0
0	0	0	30.343542	8.795976	25.714645	8.795976	2.104845E+12	1.139679E-5	87744.041598	14.764606	1.016013	0	0
0	0	0	30.265038	8.801429	25.614541	8.801429	2.000356E+12	1.130664E-5	88443.566088	14.96358	1.01371	0	0
0	0	0	30.186517	8.806073	25.514823	8.806073	1.901032E+12	1.116281E-5	89583.165129	14.799724	1.011448	0	0
0	0	0	30.107425	8.811181	25.41413	8.811181	1.80597E+12	1.107796E-5	90269.339531	14.871127	1.009939	0	0
0	0	0	30.028039	8.815578	25.313431	8.815578	1.715334E+12	1.094257E-5	91386.194489	14.93051	1.007557	0	0
0	0	0	29.949012	8.819966	25.213163	8.819966	1.629626E+12	1.082766E-5	92356.094084	14.777491	1.005692	0	0
0	0	0	29.868972	8.823891	25.111871	8.823891	1.547183E+12	1.067665E-5	93662.351669	14.972424	1.003707	0	0
0	0	0	29.788834	8.827935	25.010376	8.827935	1.468816E+12	1.055551E-5	94737.233988	14.828641	1.001484	0	0
0	0	0	29.707602	8.831791	24.907609	8.831791	1.39343E+12	1.042539E-5	95919.651955	14.865614	0.999896	0	0
0	0	0	29.627905	8.835626	24.80674	8.835626	1.323229E+12	1.032218E-5	96878.734493	14.963916	0.996959	0	0
0	0	0	29.547457	8.838713	24.705333	8.838713	1.255952E+12	1.014546E-5	98566.236387	14.782305	0.99553	0	0
0	0	0	29.467401	8.841701	24.604452	8.841701	1.192399E+12	9.975132E-6	100249.297589	14.977039	0.993465	0	0
0	0	0	29.386953	8.84525	24.502763	8.84525	1.131773E+12	9.886161E-6	101151.503373	14.856619	0.991123	0	0
0	0	0	29.305884	8.848355	24.400535	8.848355	1.073798E+12	9.756892E-6	102491.653338	14.855483	0.989575	0	0
0	0	0	29.224211	8.851313	24.297626	8.851313	1.018392E+12	9.621945E-6	103929.089457	14.989136	0.986995	0	0
0	0	0	29.142489	8.854044	24.194769	8.854044	9.658145E+11	9.473484E-6	105557.784112	14.797879	0.985209	0	0
0	0	0	29.060685	8.856824	24.091772	8.856824	9.159026E+11	9.347032E-6	106985.83748	14.970012	0.98366	0	0
0	0	0	28.978212	8.859151	23.988187	8.859151	8.681927E+11	9.170447E-6	109045.936499	14.898833	0.980842	0	0
0	0	0	28.895738	8.861833	23.884392	8.861833	8.229678E+11	9.058295E-6	110396.05388	14.855012	0.979651	0	0
0	0	0	28.811762	8.86412	23.778943	8.86412	7.793386E+11	8.897291E-6	112393.756728	15.015958	0.97723	0	0
0	0	0	28.72656	8.866762	23.671764	8.866762	7.374359E+11	8.79695E-6	113675.76448	14.820631	0.975324	0	0
0	0	0	28.64242	8.869079	23.566075	8.869079	6.982669E+11	8.671126E-6	115325.273138	14.974836	0.973935	0	0
0	0	0	28.55766	8.871543	23.45952	8.871543	6.60912E+11	8.581394E-6	116531.185133	14.936636	0.971513	0	0
0	0	0	28.471903	8.87319	23.35219	8.87319	6.251512E+11	8.372189E-6	119443.076844	14.848248	0.969965	0	0
0	0	0	28.38582	8.874955	23.244378	8.874955	5.912E+11	8.19352E-6	122047.667302	15.025946	0.967663	0	0
0	0	0	28.299524	8.876986	23.13614	8.876986	5.590155E+11	8.071128E-6	123898.419187	14.829193	0.965678	0	0
0	0	0	28.212362	8.878662	23.027026	8.878662	5.282863E+11	7.89978E-6	126585.796052	14.964665	0.963971	0	0
0	0	0	28.124596	8.880928	22.916808	8.880928	4.990505E+11	7.841192E-6	127531.62467	14.959948	0.96147	0	0
0	0	0	28.038905	8.882495	22.809565	8.882495	4.720675E+11	7.686907E-6	130091.327898	14.840287	0.9602	0	0
0	0	0	27.949914	8.88418	22.69815	8.88418	4.455885E+11	7.551065E-6	132431.658291	15.041022	0.957858	0	0
0	0	0	27.857084	8.886368	22.581666	8.886368	4.195488E+11	7.50632E-6	133221.073337	14.856516	0.955675	0	0
0	0	0	27.766198	8.887768	22.468052	8.887768	3.955292E+11	7.33847E-6	136268.180228	14.957903	0.954246	0	0
0	0	0	27.674234	8.889207	22.353071	8.889207	3.72624E+11	7.186922E-6	139141.633018	14.988032	0.951626	0	0
0	0	0	27.581796	8.89045	22.237612	8.89045	3.509373E+11	7.007871E-6	142696.693371	14.842558	0.950157	0	0
0	0	0	27.488444	8.891839	22.120923	8.891839	3.303168E+11	6.867651E-6	145610.19201	15.043729	0.948172	0	0
0	0	0	27.394079	8.892747	22.003263	8.892747	3.107036E+11	6.638328E-6	150640.332041	14.885076	0.94587	0	0
0	0	0	27.297819	8.894136	21.882953	8.894136	2.91896E+11	6.511963E-6	153563.522829	14.946976	0.94452	0	0
0	0	0	27.201314	8.895388	21.762415	8.895388	2.741832E+11	6.370264E-6	156979.372102	15.026891	0.94198	0	0
0	0	0	27.103077	8.896167	21.640012	8.896167	2.572562E+11	6.135272E-6	162991.966301	14.848026	0.94063	0	0
0	0	0	27.004743	8.897645	21.517053	8.897645	2.413588E+11	6.060518E-6	165002.394294	15.052634	0.938724	0	0
0	0	0	26.903076	8.898562	21.390297	8.898562	2.259548E+11	5.866196E-6	170468.221979	14.916681	0.936382	0	0
0	0	0	26.801801	8.899656	21.263912	8.899656	2.115878E+11	5.724876E-6	174676.271842	14.94009	0.935192	0	0
0	0	0	26.699987	8.900544	21.136982	8.900544	1.980649E+11	5.548785E-6	180219.641081	15.047317	0.93281	0	0
0	0	0	26.596311	8.901815	21.007494	8.901815	1.851825E+11	5.465163E-6	182977.175326	14.858997	0.930984	0	0
0	0	0	26.491721	8.902633	20.877149	8.902633	1.730353E+11	5.288633E-6	189084.78324	15.057432	0.929277	0	0
0	0	0	26.385415	8.903402	20.744702	8.903402	1.61505E+11	5.107233E-6	195800.751983	14.943353	0.927173	0	0
0	0	0	26.278472	8.904495	20.611253	8.904495	1.506808E+11	5.011908E-6	199524.821413	14.928666	0.926022	0	0
0	0	0	26.169487	8.905343	20.47542	8.905343	1.40396E+11	4.865243E-6	205539.58247	15.06906	0.92364	0	0
0	0	0	26.059327	8.906417	20.337976	8.906417	1.307134E+11	4.78334E-6	209058.931343	14.869802	0.921893	0	0
0	0	0	25.945474	8.90694	20.196299	8.90694	1.214074E+11	4.567294E-6	218948.036046	15.054137	0.920425	0	0
0	0	0	25.831997	8.907629	20.054977	8.907629	1.127915E+11	4.406116E-6	226957.262566	14.972553	0.918202	0	0
0	0	0	25.715989	8.908123	19.910635	8.908123	1.046151E+11	4.202041E-6	237979.61112	14.917104	0.91717	0	0
0	0	0	25.598771	8.909009	19.764532	8.909009	9.695528E+10	4.102563E-6	243750.043331	15.082088	0.914867	0	0
0	0	0	25.480231	8.909286	19.617182	8.909286	8.977924E+10	3.86329E-6	258846.75851	14.882132	0.913121	0	0
0	0	0	25.358946	8.910015	19.466124	8.910015	8.298647E+10	3.738097E-6	267515.786143	15.042762	0.911652	0	0
0	0	0	25.236878	8.910449	19.314285	8.910449	7.666864E+10	3.552423E-6	281498.001625	15.003476	0.909191	0	0
0	0	0	25.111362	8.911296	19.157886	8.911296	7.06736E+10	3.468652E-6	288296.469052	14.915605	0.908119	0	0
0	0	0	24.981339	8.91172	18.996169	8.91172	6.495708E+10	3.285501E-6	304367.61072	15.107006	0.905896	0	0
0	0	0	24.851576	8.912291	18.834674	8.912291	5.971308E+10	3.150001E-6	317460.185679	14.912737	0.90411	0	0
0	0	0	24.719037	8.912666	18.669861	8.912666	5.479363E+10	2.974245E-6	336219.819674	15.043138	0.902601	0	0
0	0	0	24.583705	8.912883	18.501684	8.912883	5.018844E+10	2.770804E-6	360906.113757	15.069397	0.90014	0	0
0	0	0	24.446118	8.913878	18.330173	8.913878	4.590313E+10	2.749333E-6	363724.582699	14.951158	0.899227	0	0
0	0	0	24.304595	8.914262	18.154188	8.914262	4.187664E+10	2.593249E-6	385616.646021	15.153233	0.897004	0	0
0	0	0	24.161193	8.914922	17.975677	8.914922	3.815682E+10	2.509004E-6	398564.479156	14.962146	0.895138	0	0
0	0	0	24.013168	8.915198	17.791688	8.915198	3.466332E+10	2.339824E-6	427382.560511	15.041048	0.894027	0	0
0	0	0	23.864621	8.915651	17.606924	8.915651	3.147899E+10	2.221723E-6	450101.068814	15.093507	0.891526	0	0
0	0	0	23.712644	8.916036	17.417945	8.916036	2.852365E+10	2.094068E-6	477539.414813	14.934379	0.890335	0	0
0	0	0	23.558477	8.916568	17.226141	8.916568	2.58091E+10	2.006414E-6	498401.686306	15.142946	0.888588	0	0
0	0	0	23.401632	8.916873	17.031167	8.916873	2.331233E+10	1.875793E-6	533107.894475	14.986758	0.886405	0	0
0	0	0	23.239674	8.917641	16.82951	8.917641	2.098738E+10	1.851786E-6	540019.227338	15.037812	0.885333	0	0
0	0	0	23.074139	8.917494	16.624066	8.917494	1.885051E+10	1.633012E-6	612365.206435	15.123384	0.883071	0	0
0	0	0	22.906415	8.918065	16.415383	8.918065	1.690718E+10	1.575758E-6	634615.328317	14.935326	0.8818	0	0
0	0	0	22.734902	8.918745	16.201909	8.918745	1.512695E+10	1.549657E-6	645304.263621	15.140479	0.879974	0	0
0	0	0	22.560578	8.918971	15.985274	8.918971	1.350954E+10	1.431319E-6	698656.162664	15.00653	0.877791	0	0
0	0	0	22.382449	8.919129	15.763961	8.919129	1.20353E+10	1.306235E-6	765559.085314	15.016477	0.876719	0	0
0	0	0	22.199076	8.919759	15.535783	8.919759	1.068554E+10	1.28496E-6	778234.341982	15.14048	0.874218	0	0
0	0	0	22.012094	8.919632	15.303686	8.919632	9.464964E+9	1.113813E-6	897816.711345	14.944178	0.872829	0	0
0	0	0	21.82289	8.920153	15.06834	8.920153	8.371737E+9	1.079632E-6	926241.143707	15.132172	0.87136	0	0
0	0	0	21.62939	8.92037	14.827886	8.92037	7.384173E+9	9.917725E-7	1008295.713939	15.038625	0.868899	0	0
0	0	0	21.431871	8.920518	14.582492	8.920518	6.49615E+9	8.979039E-7	1113704.984015	15.004929	0.867907	0	0
0	0	0	21.229534	8.920813	14.330999	8.920813	5.697085E+9	8.361058E-7	1196020.944509	15.162708	0.865684	0	0
0	0	0	21.023701	8.921286	14.075024	8.921286	4.984993E+9	8.118249E-7	1231792.753824	14.951631	0.864215	0	0
0	0	0	20.81532	8.921355	13.816196	8.921355	4.354703E+9	7.207267E-7	1387488.410357	15.118454	0.862865	0	0
0	0	0	20.603526	8.921709	13.552902	8.921709	3.79569E+9	6.855057E-7	1458777.064384	15.061551	0.860563	0	0
0	0	0	20.386945	8.921552	13.284068	8.921552	3.298182E+9	5.724759E-7	1746798.4915	14.984428	0.85965	0	0
0	0	0	20.166639	8.922005	13.010121	8.922005	2.858967E+9	5.588256E-7	1789467.06511	15.167462	0.857625	0	0
0	0	0	19.944815	8.921976	12.734672	8.921976	2.475801E+9	4.799966E-7	2083348.115758	14.964489	0.856038	0	0
0	0	0	19.718776	8.92232	12.453685	8.92232	2.138135E+9	4.581379E-7	2182749.143159	15.110227	0.854529	0	0
0	0	0	19.489291	8.922547	12.16851	8.922547	1.842398E+9	4.240895E-7	2357992.868077	15.084963	0.852425	0	0
0	0	0	19.255657	8.922871	11.878099	8.922871	1.583299E+9	4.079101E-7	2451520.802681	14.968399	0.851274	0	0
0	0	0	19.019915	8.923117	11.585133	8.923117	1.358779E+9	3.848341E-7	2598522.516175	15.166427	0.849329	0	0
0	0	0	18.781152	8.923049	11.288675	8.923049	1.163813E+9	3.207069E-7	3118112.154217	14.974665	0.847503	0	0
0	0	0	18.539628	8.923295	10.988523	8.923295	9.950387E+8	3.035277E-7	3294591.681156	15.082503	0.846233	0	0
0	0	0	18.294396	8.923669	10.683654	8.923669	8.486959E+8	3.091451E-7	3234726.579672	15.112005	0.843652	0	0
0	0	0	18.04905	8.92361	10.37901	8.92361	7.238224E+8	2.558232E-7	3908949.903312	14.966596	0.842541	0	0
0	0	0	17.800894	8.923629	10.070809	8.923629	6.161982E+8	2.199694E-7	4546087.897697	15.171417	0.840596	0	0
0	0	0	17.551268	8.923925	9.760542	8.923925	5.240765E+8	2.201492E-7	4542374.819695	14.997631	0.83881	0	0
0	0	0	17.298179	8.924082	9.446092	8.924082	4.447268E+8	2.062603E-7	4848243.507744	15.067805	0.837619	0	0
0	0	0	17.045107	8.923895	9.131965	8.923895	3.773953E+8	1.557839E-7	6419147.621666	15.135851	0.835396	0	0
0	0	0	16.794664	8.923895	8.820939	8.923895	3.208047E+8	1.324254E-7	7551421.343881	14.961812	0.834165	0	0
0	0	0	16.538472	8.924132	8.502561	8.924132	2.716846E+8	1.30245E-7	7677837.417097	15.159323	0.832696	0	0
0	0	0	16.281985	8.923886	8.184251	8.923886	2.300416E+8	9.441428E-8	1.059162E+7	15.021444	0.830513	0	0
0	0	0	16.025189	8.924663	7.864624	8.924663	1.947423E+8	1.465709E-7	6822638.485149	15.043454	0.829521	0	0
0	0	0	15.768294	8.924525	7.545707	8.924525	1.648492E+8	1.081E-7	9250690.102956	15.159145	0.827218	0	0
0	0	0	15.509292	8.924466	7.224102	8.924466	1.39354E+8	8.66039E-8	1.154682E+7	14.956097	0.826027	0	0
0	0	0	15.252822	8.924456	6.905596	8.924456	1.179955E+8	7.26972E-8	1.375569E+7	15.153155	0.824479	0	0
0	0	0	14.99658	8.924594	6.587236	8.924594	9.992544E+7	7.003586E-8	1.42784E+7	15.05085	0.822098	0	0
0	0	0	14.740306	8.924545	6.26901	8.924545	8.462084E+7	5.653131E-8	1.768931E+7	15.015075	0.821423	0	0
0	0	0	14.483869	8.924958	5.95014	8.924958	7.16527E+7	7.892133E-8	1.267085E+7	15.170805	0.81912	0	0
0	0	0	14.230829	8.924742	5.63609	8.924742	6.08058E+7	4.998802E-8	2.000479E+7	14.961171	0.817652	0	0
0	0	0	13.977217	8.924732	5.321133	8.924732	5.158179E+7	4.192188E-8	2.385389E+7	15.138256	0.816222	0	0
0	0	0	13.724815	8.924791	5.00761	8.924791	4.379135E+7	3.820291E-8	2.617602E+7	15.067598	0.814039	0	0
0	0	0	13.474666	8.924909	4.696827	8.924909	3.723191E+7	3.806941E-8	2.626781E+7	14.997087	0.813206	0	0
0	0	0	13.227033	8.924594	4.389596	8.924594	3.170669E+7	2.222312E-8	4.499818E+7	15.175241	0.811102	0	0
0	0	0	12.984611	8.924909	4.088213	8.924909	2.709284E+7	2.770241E-8	3.609795E+7	14.964224	0.809514	0	0
0	0	0	12.737435	8.924909	3.781238	8.924909	2.307911E+7	2.359841E-8	4.237573E+7	15.114307	0.808164	0	0
0	0	0	12.494	8.924722	3.479097	8.924722	1.970777E+7	1.583672E-8	6.31444E+7	15.086244	0.805941	0	0
0	0	0	12.253162	8.925155	3.179555	8.925155	1.685728E+7	2.686808E-8	3.721889E+7	14.976038	0.805028	0	0
0	0	0	12.013402	8.924978	2.881969	8.924978	1.442917E+7	1.64E-8	6.097562E+7	15.179658	0.802726	0	0
0	0	0	11.773642	8.925244	2.58393	8.925244	1.23508E+7	2.464257E-8	4.058018E+7	14.975128	0.801138	0	0
0	0	0	11.537754	8.925322	2.29089	8.925322	1.059838E+7	2.724445E-8	3.670472E+7	15.087911	0.800066	0	0
0	0	0	11.303826	8.925116	2.00058	8.925116	9106174	1.332288E-8	7.505884E+7	15.108193	0.797923	0	0
0	0	0	11.07171	8.925293	1.712122	8.925293	7833275	1.817132E-8	5.503178E+7	14.959162	0.796891	0	0
0	0	0	10.839285	8.925657	1.423079	8.925657	6736951	-7.674547E-8	-1.303008E+7	15.167607	0.794985	0	0
0	0	0	10.610322	8.925254	1.139147	8.925254	5807096	1.192003E-8	8.389243E+7	14.993373	0.793278	0	0
0	0	0	10.383745	8.925736	0.857237	8.925736	5013332	-2.507041E-8	-3.988766E+7	15.061716	0.792087	0	0
0	0	0	10.159143	8.925254	0.57881	8.925254	4333619	8.895482E-9	1.124166E+8	15.129263	0.789944	0	0
0	0	0	9.934754	8.9255	0.299867	8.9255	3746579	2.742972E-8	3.645681E+7	14.956081	0.788594	0	0
0	0	0	9.712505	8.925598	0.023739	8.925598	3243559	-8.89919E-7	-1123697.739449	15.160008	0.787006	0	0
0	0	0	9.493327	8.925411	-0.248265	8.925411	2813675	1.070663E-8	9.34001E+7	15.011655	0.785101	0	0
0	0	0	9.274541	8.925687	-0.520287	8.925687	2441386	-1.880091E-8	-5.318893E+7	15.028231	0.784227	0	0
0	0	0	9.056196	8.92548	-0.791233	8.92548	2118963	1.287073E-8	7.769566E+7	15.148665	0.782044	0	0
0	0	0	8.840285	8.925756	-1.059689	8.925756	1842026	-8.078425E-9	-1.237865E+8	14.94536	0.780853	0	0
0	0	0	8.627249	8.925303	-1.323765	8.925303	1604273	3.846687E-9	2.59964E+8	15.143881	0.779464	0	0
0	0	0	8.414898	8.925342	-1.587536	8.925342	1397829	3.872532E-9	2.58229E+8	15.030021	0.7774	0	0
0	0	0	8.203512	8.925864	-1.850653	8.925864	1218712	-3.188056E-9	-3.136708E+8	15.002205	0.776765	0	0
0	0	0	7.992354	8.925588	-2.11259	8.925588	1062705	1.024034E-7	9765297.81578	15.156361	0.774383	0	0
0	0	0	7.784479	8.925529	-2.370692	8.925529	928644	9.825121E-9	1.017799E+8	14.947683	0.773271	0	0
0	0	0	7.576409	8.925795	-2.629409	8.925795	811392	-2.855893E-9	-3.501532E+8	15.120944	0.77212	0	0
0	0	0	7.369188	8.925372	-2.886282	8.925372	709335	2.224389E-9	4.495617E+8	15.046314	0.770254	0	0
0	0	0	7.162277	8.925628	-3.143549	8.925628	620240	-1.356733E-8	-7.370645E+7	14.978419	0.769461	0	0
0	0	0	6.955562	8.925677	-3.400335	8.925677	542404	-4.682672E-9	-2.135533E+8	15.158684	0.767515	0	0
0	0	0	6.750268	8.925756	-3.655392	8.925756	474774	-2.082173E-9	-4.802674E+8	14.95031	0.766047	0	0
0	0	0	6.544223	8.925893	-3.911451	8.925893	415373	-9.788579E-10	-1.021599E+9	15.092092	0.765173	0	0
0	0	0	6.33826	8.925824	-4.167168	8.925824	363424	-1.114177E-9	-8.975234E+8	15.075931	0.762871	0	0
0	0	0	6.13014	8.92551	-4.425271	8.92551	317527	2.590711E-9	3.859944E+8	14.956952	0.762196	0	0
0	0	0	5.923017	8.925854	-4.682916	8.925854	277606	-7.53849E-10	-1.326526E+9	15.158587	0.76045	0	0
0	0	0	5.715191	8.925893	-4.941073	8.925893	242594	-5.71691E-10	-1.749197E+9	14.960117	0.7591	0	0
0	0	0	5.506958	8.925608	-5.199348	8.925608	211941	-1.19949E-8	-8.336878E+7	15.072221	0.758147	0	0
0	0	0	5.295375	8.925588	-5.462099	8.925588	184760	1.780424E-8	5.61664E+7	15.10291	0.755885	0	0
0	0	0	5.083335	8.925677	-5.725549	8.925677	161017	-1.390087E-9	-7.193793E+8	14.947078	0.75513	0	0
0	0	0	4.871916	8.925706	-5.988157	8.925706	140381	-8.890378E-10	-1.124812E+9	15.157808	0.753582	0	0
0	0	0	4.662114	8.925805	-6.248842	8.925805	122519	-4.109513E-10	-2.433378E+9	14.976074	0.751994	0	0
0	0	0	4.452835	8.925726	-6.50866	8.925726	106965	-5.752391E-10	-1.738408E+9	15.043105	0.751081	0	0
0	0	0	4.246316	8.925657	-6.765062	8.925657	93554	-1.065708E-9	-9.383431E+8	15.110693	0.749176	0	0
0	0	0	4.043456	8.925854	-7.017248	8.925854	82018	-2.227228E-10	-4.489887E+9	14.9279	0.748342	0	0
0	0	0	3.844843	8.925696	-7.26372	8.925696	72104	-5.011436E-10	-1.995436E+9	15.13034	0.747112	0	0
0	0	0	3.649497	8.925746	-7.506392	8.925746	63522	-2.968382E-10	-3.368838E+9	14.976716	0.745325	0	0
0	0	0	3.457108	8.925539	-7.745071	8.925539	56069	6.965639E-10	1.435618E+9	15.003964	0.744611	0	0
0	0	0	3.26663	8.925529	-7.981622	8.925529	49552	5.242656E-10	1.90743E+9	15.120264	0.742507	0	0
0	0	0	3.082979	8.925716	-8.209943	8.925716	43987	-2.558492E-10	-3.908553E+9	14.91503	0.741475	0	0
0	0	0	2.902188	8.925775	-8.434552	8.925775	39119	-1.527697E-10	-6.545802E+9	15.113095	0.740165	0	0
0	0	0	2.726705	8.925677	-8.652369	8.925677	34910	-3.013838E-10	-3.318028E+9	14.998622	0.738379	0	0
0	0	0	2.55506	8.925775	-8.865669	8.925775	31231	-1.21965E-10	-8.199073E+9	14.97695	0.737585	0	0
0	0	0	2.386078	8.925923	-9.075726	8.925923	27989	-6.000885E-11	-1.666421E+10	15.131435	0.735759	0	0
0	0	0	2.2235	8.925893	-9.277603	8.925893	25187	-5.935505E-11	-1.684777E+10	14.916401	0.734568	0	0
0	0	0	2.06703	8.925952	-9.472008	8.925952	22756	-4.47526E-11	-2.234507E+10	15.089288	0.733456	0	0
0	0	0	1.917144	8.925923	-9.658123	8.925923	20648	-4.426963E-11	-2.258885E+10	15.010984	0.731868	0	0
0	0	0	1.777613	8.925933	-9.831426	8.925933	18861	-3.925794E-11	-2.547255E+10	14.941834	0.731154	0	0
0	0	0	1.644666	8.925687	-9.996221	8.925687	17303	-1.33248E-10	-7.504805E+9	15.128639	0.729209	0	0
0	0	0	1.517958	8.925628	-10.153508	8.925628	15937	-3.486094E-10	-2.86854E+9	14.912696	0.727978	0	0
0	0	0	1.400871	8.925785	-10.299131	8.925785	14772	-5.469318E-11	-1.828382E+10	15.058367	0.727105	0	0
0	0	0	1.293161	8.925952	-10.433122	8.925952	13775	-2.709031E-11	-3.691357E+10	15.033541	0.725041	0	0
0	0	0	1.192017	8.925874	-10.558635	8.925874	12900	-3.255125E-11	-3.072079E+10	14.917971	0.724247	0	0
0	0	0	1.098746	8.925657	-10.674188	8.925657	12143	-1.383254E-10	-7.229332E+9	15.118374	0.72258	0	0
0	0	0	1.01116	8.92547	-10.782718	8.92547	11472	6.421254E-11	1.557328E+10	14.914214	0.72115	0	0
0	0	0	0.930466	8.925972	-10.883599	8.925972	10887	-2.029146E-11	-4.928181E+10	15.025977	0.720237	0	0
0	0	0	0.855049	8.925824	-10.977068	8.925824	10367	-3.17829E-11	-3.146346E+10	15.050167	0.718372	0	0
0	0	0	0.785202	8.925667	-11.063606	8.925667	9908	-9.731942E-11	-1.027544E+10	14.891235	0.717618	0	0
0	0	0	0.719913	8.925923	-11.145033	8.925923	9497	-2.036171E-11	-4.911178E+10	15.099316	0.716268	0	0
0	0	0	0.659279	8.925815	-11.220194	8.925815	9131	-2.925118E-11	-3.418666E+10	14.924297	0.714561	0	0
0	0	0	0.601487	8.925982	-11.292191	8.925982	8795	-1.597481E-11	-6.259856E+10	14.993451	0.713688	0	0
0	0	0	0.549118	8.925815	-11.357008	8.925815	8501	-2.723297E-11	-3.67202E+10	15.058343	0.711782	0	0
0	0	0	0.500604	8.92611	-11.417655	8.92611	8238	-1.124094E-11	-8.896055E+10	14.873274	0.711147	0	0
0	0	0	0.455472	8.926002	-11.473563	8.926002	8000	-1.382646E-11	-7.232511E+10	15.084003	0.709599	0	0
0	0	0	0.413116	8.926002	-11.526167	8.926002	7783	-1.345141E-11	-7.434163E+10	14.927285	0.70813	0	0
0	0	0	0.373815	8.925943	-11.574898	8.925943	7587	-1.534398E-11	-6.517216E+10	14.959284	0.707058	0	0
0	0	0	0.337829	8.926002	-11.61967	8.926002	7412	-1.281021E-11	-7.806272E+10	15.076435	0.705431	0	0
0	0	0	0.303167	8.925923	-11.662613	8.925923	7247	-1.553768E-11	-6.435968E+10	14.871311	0.704518	0	0
0	0	0	0.271446	8.925785	-11.701825	8.925785	7100	-2.628768E-11	-3.804064E+10	15.062234	0.703446	0	0
0	0	0	0.243138	8.925775	-11.736969	8.925775	6971	-2.722353E-11	-3.673293E+10	14.96085	0.701263	0	0
0	0	0	0.215875	8.925923	-11.771026	8.925923	6848	-1.468222E-11	-6.81096E+10	14.919366	0.700786	0	0
0	0	0	0.19036	8.925883	-11.802662	8.925883	6736	-1.64164E-11	-6.09147E+10	15.079092	0.699	0	0
0	0	0	0.166855	8.92547	-11.831299	8.92547	6634	3.713267E-11	2.693046E+10	14.86138	0.698047	0	0
0	0	0	0.145146	8.925952	-11.858908	8.925952	6541	-1.286372E-11	-7.773803E+10	15.04086	0.696817	0	0
0	0	0	0.125398	8.925962	-11.883448	8.925962	6458	-1.235963E-11	-8.09086E+10	14.974665	0.694991	0	0
0	0	0	0.106466	8.925982	-11.906988	8.925982	6379	-1.15865E-11	-8.630731E+10	14.879525	0.694673	0	0
0	0	0	0.089004	8.925893	-11.928555	8.925893	6307	-1.486292E-11	-6.728155E+10	15.072522	0.692728	0	0
0	0	0	0.072375	8.925608	-11.948823	8.925608	6240	-3.53154E-10	-2.831626E+9	14.862855	0.691339	0	0
0	0	0	0.057021	8.925982	-11.968396	8.925982	6178	-1.122142E-11	-8.91153E+10	15.008155	0.690545	0	0
0	0	0	0.042777	8.925883	-11.985954	8.925883	6121	-1.491757E-11	-6.703503E+10	14.988966	0.68852	0	0
0	0	0	0.029791	8.925696	-12.00183	8.925696	6069	-4.21813E-11	-2.370719E+10	14.860245	0.688004	0	0
0	0	0	0.017328	8.925962	-12.017667	8.925962	6021	-1.152327E-11	-8.678089E+10	15.053686	0.686615	0	0
0	0	0	0.007069	8.925864	-12.030274	8.925864	5981	-1.564581E-11	-6.391487E+10	14.853947	0.685146	0	0
0	0	0	-0.004365	8.925696	-12.04425	8.925696	5937	-4.126386E-11	-2.423428E+10	14.958087	0.684313	0	0
0	0	0	-0.014133	8.925952	-12.056726	8.925952	5899	-1.160114E-11	-8.619841E+10	14.991665	0.682367	0	0
0	0	0	-0.023607	8.925844	-12.068347	8.925844	5863	-1.655147E-11	-6.041758E+10	14.830257	0.681574	0	0
0	0	0	-0.032428	8.925962	-12.079461	8.925962	5829	-1.115582E-11	-8.963934E+10	15.039234	0.680065	0	0
0	0	0	-0.040807	8.925746	-12.089576	8.925746	5798	-2.709404E-11	-3.690848E+10	14.863412	0.678795	0	0
0	0	0	-0.04855	8.92613	-12.09971	8.92613	5769	-7.581775E-12	-1.318952E+11	14.910626	0.67816	0	0
0	0	0	-0.05577	8.925874	-12.108331	8.925874	5742	-1.448909E-11	-6.901744E+10	15.00479	0.676095	0	0
0	0	0	-0.062941	8.925539	-12.116785	8.925539	5715	7.099937E-11	1.408463E+10	14.809923	0.675222	0	0
0	0	0	-0.069197	8.925943	-12.1251	8.925943	5692	-1.151152E-11	-8.686949E+10	15.014779	0.674071	0	0
0	0	0	-0.074669	8.925815	-12.131724	8.925815	5672	-1.817026E-11	-5.503498E+10	14.877761	0.672364	0	0
0	0	0	-0.079455	8.926002	-12.13792	8.926002	5654	-9.771848E-12	-1.023348E+11	14.875243	0.671769	0	0
0	0	0	-0.084339	8.925696	-12.143574	8.925696	5637	-3.917877E-11	-2.552403E+10	15.005882	0.669982	0	0
0	0	0	-0.089762	8.925756	-12.150389	8.925756	5617	-2.463395E-11	-4.059439E+10	14.793855	0.66899	0	0
0	0	0	-0.093928	8.925785	-12.155602	8.925785	5602	-2.074135E-11	-4.821288E+10	14.984014	0.667918	0	0
0	0	0	-0.097652	8.926031	-12.16056	8.926031	5588	-9.003163E-12	-1.110721E+11	14.893893	0.666013	0	0
0	0	0	-0.101311	8.925943	-12.164984	8.925943	5575	-1.12749E-11	-8.869258E+10	14.828046	0.665735	0	0
0	0	0	-0.104806	8.925992	-12.169392	8.925992	5562	-9.851613E-12	-1.015062E+11	14.995301	0.664068	0	0
0	0	0	-0.106538	8.925844	-12.171343	8.925844	5556	-1.56848E-11	-6.375599E+10	14.783979	0.662599	0	0
0	0	0	-0.109119	8.926277	-12.175134	8.926277	5547	-5.71118E-12	-1.750952E+11	14.943435	0.661924	0	0
0	0	0	-0.112369	8.925943	-12.178719	8.925943	5535	-1.1194E-11	-8.933354E+10	14.906238	0.659899	0	0
0	0	0	-0.114787	8.925834	-12.181575	8.925834	5526	-1.624315E-11	-6.156442E+10	14.801057	0.659344	0	0
0	0	0	-0.116143	8.925687	-12.183059	8.925687	5522	-4.252414E-11	-2.351605E+10	14.986338	0.658073	0	0
0	0	0	-0.118413	8.925893	-12.186158	8.925893	5513	-1.29918E-11	-7.697165E+10	14.783332	0.656803	0	0
0	0	0	-0.119736	8.925893	-12.187801	8.925893	5508	-1.298001E-11	-7.704152E+10	14.904871	0.656128	0	0
0	0	0	-0.121402	8.925824	-12.189778	8.925824	5503	-1.687097E-11	-5.927343E+10	14.921969	0.653985	0	0
0	0	0	-0.12284	8.925716	-12.191416	8.925716	5498	-3.197896E-11	-3.127056E+10	14.763758	0.65335	0	0
0	0	0	-0.123934	8.925982	-12.193135	8.925982	5494	-9.979034E-12	-1.002101E+11	14.97724	0.65196	0	0
0	0	0	-0.125208	8.925756	-12.194411	8.925756	5489	-2.407259E-11	-4.154102E+10	14.794759	0.650293	0	0
0	0	0	-0.126221	8.926179	-12.196241	8.926179	5485	-6.600322E-12	-1.515078E+11	14.850299	0.649975	0	0
0	0	0	-0.126581	8.925913	-12.196328	8.925913	5484	-1.212225E-11	-8.249294E+10	14.92747	0.64811	0	0
0	0	0	-0.128051	8.925824	-12.198034	8.925824	5479	-1.679739E-11	-5.953307E+10	14.745423	0.647197	0	0
0	0	0	-0.128067	8.925923	-12.198188	8.925923	5479	-1.174706E-11	-8.512768E+10	14.948226	0.646204	0	0
0	0	0	-0.129129	8.925883	-12.199453	8.925883	5475	-1.33432E-11	-7.494455E+10	14.802817	0.644339	0	0
0	0	0	-0.129047	8.925972	-12.199472	8.925972	5475	-1.020444E-11	-9.799653E+10	14.814242	0.643862	0	0
0	0	0	-0.129929	8.925982	-12.20058	8.925982	5472	-9.939074E-12	-1.00613E+11	14.925669	0.642155	0	0
0	0	0	-0.130534	8.925972	-12.201318	8.925972	5470	-1.019512E-11	-9.808611E+10	14.724962	0.640925	0	0
0	0	0	-0.131154	8.926198	-12.202395	8.926198	5468	-6.365048E-12	-1.57108E+11	14.918676	0.640012	0	0
0	0	0	-0.131448	8.925578	-12.201921	8.925578	5467	2.240526E-10	4.463238E+9	14.816424	0.637948	0	0
0	0	0	-0.131906	8.925628	-12.202556	8.925628	5465	-1.195426E-10	-8.365219E+9	14.777655	0.63763	0	0
0	0	0	-0.131628	8.925569	-12.202131	8.925569	5466	1.422555E-10	7.029603E+9	14.935187	0.635764	0	0
0	0	0	-0.132477	8.925805	-12.203506	8.925805	5463	-1.832391E-11	-5.457351E+10	14.714171	0.634812	0	0
0	0	0	-0.132869	8.925883	-12.204099	8.925883	5462	-1.331152E-11	-7.512293E+10	14.883044	0.633859	0	0
0	0	0	-0.133212	8.925716	-12.204299	8.925716	5461	-3.176376E-11	-3.148242E+10	14.83647	0.631874	0	0
0	0	0	-0.133261	8.925696	-12.204333	8.925696	5461	-3.795552E-11	-2.634663E+10	14.7489	0.63116	0	0
0	0	0	-0.133751	8.926051	-12.205421	8.926051	5459	-8.415067E-12	-1.188345E+11	14.930469	0.62981	0	0
0	0	0	-0.134241	8.925726	-12.20559	8.925726	5457	-2.934679E-11	-3.407528E+10	14.725358	0.6285	0	0
0	0	0	-0.134617	8.925785	-12.206136	8.925785	5456	-2.020078E-11	-4.950303E+10	14.839008	0.628103	0	0
0	0	0	-0.135107	8.925982	-12.207011	8.925982	5454	-9.90638E-12	-1.00945E+11	14.850243	0.62588	0	0
0	0	0	-0.135989	8.92608	-12.20824	8.92608	5451	-7.890998E-12	-1.267267E+11	14.70783	0.625324	0	0
0	0	0	-0.136218	8.926051	-12.208484	8.926051	5450	-8.401194E-12	-1.190307E+11	14.917594	0.624054	0	0
0	0	0	-0.136724	8.925805	-12.20878	8.925805	5448	-1.827359E-11	-5.472377E+10	14.728568	0.622744	0	0
0	0	0	-0.137427	8.92608	-12.210025	8.92608	5446	-7.883759E-12	-1.26843E+11	14.803084	0.622149	0	0
0	0	0	-0.138113	8.926002	-12.210771	8.926002	5443	-9.407176E-12	-1.063018E+11	14.861307	0.620243	0	0
0	0	0	-0.137933	8.925775	-12.210241	8.925775	5444	-2.126021E-11	-4.703623E+10	14.684917	0.61929	0	0
0	0	0	-0.139109	8.925844	-12.211795	8.925844	5440	-1.535733E-11	-6.511549E+10	14.888071	0.618298	0	0
0	0	0	-0.139648	8.925834	-12.212451	8.925834	5438	-1.598448E-11	-6.256068E+10	14.731563	0.616631	0	0
0	0	0	-0.139567	8.925736	-12.212217	8.925736	5438	-2.719379E-11	-3.67731E+10	14.746627	0.616512	0	0
0	0	0	-0.14053	8.925992	-12.21376	8.925992	5435	-9.626666E-12	-1.038781E+11	14.863096	0.614408	0	0
0	0	0	-0.141167	8.926218	-12.214857	8.926218	5432	-6.123232E-12	-1.633124E+11	14.649996	0.613773	0	0
0	0	0	-0.141363	8.925933	-12.214715	8.925933	5432	-1.130635E-11	-8.844585E+10	14.85049	0.61286	0	0
0	0	0	-0.141984	8.925923	-12.215472	8.925923	5430	-1.1642E-11	-8.589587E+10	14.734642	0.611073	0	0
0	0	0	-0.141788	8.925943	-12.215255	8.925943	5430	-1.098165E-11	-9.106098E+10	14.704303	0.610597	0	0
0	0	0	-0.141608	8.92613	-12.215285	8.92613	5431	-7.137566E-12	-1.401038E+11	14.859953	0.60893	0	0
0	0	0	-0.142507	8.925706	-12.215829	8.925706	5428	-3.43757E-11	-2.909031E+10	14.640306	0.607937	0	0
0	0	0	-0.143275	8.926238	-12.217501	8.926238	5425	-5.927926E-12	-1.686931E+11	14.808422	0.607143	0	0
0	0	0	-0.143552	8.925883	-12.217367	8.925883	5424	-1.321891E-11	-7.564923E+10	14.743598	0.605397	0	0
0	0	0	-0.143944	8.92613	-12.218186	8.92613	5423	-7.127052E-12	-1.403105E+11	14.658268	0.60496	0	0
0	0	0	-0.144075	8.925972	-12.218136	8.925972	5422	-1.010566E-11	-9.895445E+10	14.850731	0.603372	0	0
0	0	0	-0.144189	8.926021	-12.218344	8.926021	5422	-8.937646E-12	-1.118863E+11	14.632294	0.60234	0	0
0	0	0	-0.143732	8.925952	-12.217683	8.925952	5424	-1.066699E-11	-9.374713E+10	14.762664	0.601705	0	0
0	0	0	-0.143503	8.925795	-12.217186	8.925795	5424	-1.909107E-11	-5.23805E+10	14.753674	0.599919	0	0
0	0	0	-0.143912	8.926267	-12.218332	8.926267	5423	-5.665307E-12	-1.765129E+11	14.615553	0.599403	0	0
0	0	0	-0.144402	8.92608	-12.218688	8.92608	5421	-7.847569E-12	-1.27428E+11	14.825689	0.597855	0	0
0	0	0	-0.144108	8.92607	-12.218309	8.92607	5422	-8.011657E-12	-1.248181E+11	14.630218	0.596584	0	0
0	0	0	-0.144696	8.925972	-12.218906	8.925972	5420	-1.010193E-11	-9.899096E+10	14.717396	0.595949	0	0
0	0	0	-0.1445	8.926208	-12.218982	8.926208	5421	-6.208982E-12	-1.61057E+11	14.765259	0.594203	0	0
0	0	0	-0.144189	8.925893	-12.218171	8.925893	5422	-1.277735E-11	-7.82635E+10	14.588387	0.593567	0	0
0	0	0	-0.144287	8.925756	-12.218106	8.925756	5421	-2.377437E-11	-4.20621E+10	14.798838	0.592456	0	0
0	0	0	-0.143373	8.925874	-12.21713	8.925874	5425	-1.368919E-11	-7.305035E+10	14.637107	0.590868	0	0
0	0	0	-0.143373	8.925834	-12.217077	8.925834	5425	-1.594627E-11	-6.271059E+10	14.668592	0.590352	0	0
0	0	0	-0.143438	8.925834	-12.217158	8.925834	5424	-1.594333E-11	-6.272216E+10	14.766207	0.588605	0	0
0	0	0	-0.143405	8.926002	-12.217344	8.926002	5425	-9.376066E-12	-1.066545E+11	14.560621	0.587891	0	0
0	0	0	-0.143716	8.925549	-12.217117	8.925549	5424	8.160025E-11	1.225486E+10	14.744209	0.587216	0	0
0	0	0	-0.143242	8.926149	-12.217341	8.926149	5425	-6.876226E-12	-1.454286E+11	14.62785	0.585509	0	0
0	0	0	-0.143144	8.925647	-12.21654	8.925647	5425	-7.354686E-11	-1.359677E+10	14.614824	0.584874	0	0
0	0	0	-0.143487	8.925549	-12.216833	8.925549	5424	8.160025E-11	1.225486E+10	14.765475	0.583088	0	0
0	0	0	-0.143209	8.925716	-12.216714	8.925716	5425	-3.155436E-11	-3.169134E+10	14.550216	0.582294	0	0
0	0	0	-0.143209	8.925795	-12.216821	8.925795	5425	-1.909459E-11	-5.237084E+10	14.714485	0.581659	0	0
0	0	0	-0.143095	8.925529	-12.216319	8.925529	5426	5.740768E-11	1.741927E+10	14.650012	0.579872	0	0
0	0	0	-0.143324	8.925647	-12.216763	8.925647	5425	-7.354686E-11	-1.359677E+10	14.56692	0.579436	0	0
0	0	0	-0.143258	8.925913	-12.217041	8.925913	5425	-1.199183E-11	-8.33901E+10	14.75287	0.577967	0	0
0	0	0	-0.143748	8.925815	-12.217517	8.925815	5423	-1.737259E-11	-5.756194E+10	14.538174	0.576855	0	0
0	0	0	-0.143079	8.925824	-12.216698	8.925824	5426	-1.66349E-11	-6.011458E+10	14.667773	0.576339	0	0
0	0	0	-0.143716	8.925756	-12.217396	8.925756	5424	-2.378753E-11	-4.203884E+10	14.657583	0.574593	0	0
0	0	0	-0.143977	8.925844	-12.217841	8.925844	5423	-1.530934E-11	-6.531961E+10	14.522988	0.574077	0	0
0	0	0	-0.145055	8.925844	-12.21918	8.925844	5419	-1.529805E-11	-6.536783E+10	14.730164	0.572767	0	0
0	0	0	-0.144745	8.925864	-12.218821	8.925864	5420	-1.417828E-11	-7.053041E+10	14.536779	0.571377	0	0
0	0	0	-0.144875	8.925913	-12.21905	8.925913	5420	-1.198078E-11	-8.346703E+10	14.612576	0.571139	0	0
0	0	0	-0.144892	8.925775	-12.218884	8.925775	5419	-2.116258E-11	-4.725323E+10	14.66682	0.569075	0	0
0	0	0	-0.145251	8.92609	-12.219756	8.92609	5418	-7.687173E-12	-1.300868E+11	14.475594	0.568996	0	0
0	0	0	-0.145904	8.92608	-12.220554	8.92608	5416	-7.840331E-12	-1.275456E+11	14.690306	0.567527	0	0
0	0	0	-0.146133	8.925854	-12.220532	8.925854	5415	-1.470462E-11	-6.800583E+10	14.526489	0.566098	0	0
0	0	0	-0.145823	8.925972	-12.220306	8.925972	5416	-1.009448E-11	-9.906407E+10	14.55166	0.56574	0	0
0	0	0	-0.147293	8.925844	-12.221959	8.925844	5411	-1.527546E-11	-6.546447E+10	14.659574	0.564034	0	0
0	0	0	-0.146917	8.926179	-12.221945	8.926179	5412	-6.512478E-12	-1.535514E+11	14.450996	0.563359	0	0
0	0	0	-0.147424	8.925765	-12.222015	8.925765	5411	-2.235563E-11	-4.473146E+10	14.64543	0.562525	0	0
0	0	0	-0.147816	8.92608	-12.222928	8.92608	5409	-7.830197E-12	-1.277107E+11	14.519239	0.561334	0	0
0	0	0	-0.147995	8.925933	-12.222951	8.925933	5408	-1.12564E-11	-8.883836E+10	14.496729	0.560739	0	0
0	0	0	-0.148322	8.926031	-12.22349	8.926031	5407	-8.711543E-12	-1.147902E+11	14.650782	0.559111	0	0
0	0	0	-0.147963	8.925972	-12.222964	8.925972	5409	-1.008143E-11	-9.919227E+10	14.432366	0.558198	0	0
0	0	0	-0.148763	8.926189	-12.224251	8.926189	5406	-6.397305E-12	-1.563158E+11	14.600362	0.557404	0	0
0	0	0	-0.149008	8.925893	-12.224156	8.925893	5405	-1.273729E-11	-7.850966E+10	14.535338	0.555896	0	0
0	0	0	-0.149318	8.92611	-12.224834	8.92611	5404	-7.37388E-12	-1.356138E+11	14.438106	0.555737	0	0
0	0	0	-0.149106	8.925785	-12.224131	8.925785	5405	-2.001196E-11	-4.997013E+10	14.63644	0.55403	0	0
0	0	0	-0.14909	8.926021	-12.22443	8.926021	5405	-8.909623E-12	-1.122382E+11	14.418686	0.553197	0	0
0	0	0	-0.149106	8.925962	-12.224371	8.925962	5405	-1.034434E-11	-9.667118E+10	14.552514	0.552522	0	0
0	0	0	-0.149367	8.926051	-12.224815	8.926051	5404	-8.330285E-12	-1.200439E+11	14.549805	0.550735	0	0
0	0	0	-0.149155	8.925933	-12.224391	8.925933	5404	-1.124807E-11	-8.890412E+10	14.397699	0.550537	0	0
0	0	0	-0.148371	8.925628	-12.223005	8.925628	5407	-1.182739E-10	-8.454951E+9	14.603827	0.549187	0	0
0	0	0	-0.148714	8.925883	-12.223777	8.925883	5406	-1.317504E-11	-7.590111E+10	14.41071	0.547996	0	0
0	0	0	-0.148567	8.925815	-12.223501	8.925815	5407	-1.732133E-11	-5.773227E+10	14.483088	0.547599	0	0
0	0	0	-0.148616	8.925608	-12.223283	8.925608	5406	-3.059536E-10	-3.268469E+9	14.537575	0.545853	0	0
0	0	0	-0.148306	8.925874	-12.223257	8.925874	5407	-1.364377E-11	-7.329353E+10	14.357098	0.545376	0	0
0	0	0	-0.14775	8.926031	-12.22278	8.926031	5409	-8.714766E-12	-1.147478E+11	14.567094	0.544265	0	0
0	0	0	-0.147375	8.926159	-12.222486	8.926159	5411	-6.738703E-12	-1.483965E+11	14.412531	0.542995	0	0
0	0	0	-0.14708	8.925539	-12.221282	8.925539	5412	6.72351E-11	1.487318E+10	14.428055	0.542637	0	0
0	0	0	-0.147391	8.925815	-12.222041	8.925815	5411	-1.733415E-11	-5.76896E+10	14.537146	0.54093	0	0
0	0	0	-0.147293	8.92611	-12.222318	8.92611	5411	-7.383432E-12	-1.354384E+11	14.325907	0.540335	0	0
0	0	0	-0.146917	8.92607	-12.221799	8.92607	5412	-7.99688E-12	-1.250488E+11	14.513866	0.539541	0	0
0	0	0	-0.146737	8.925667	-12.22103	8.925667	5413	-5.316815E-11	-1.880825E+10	14.410425	0.537993	0	0
0	0	0	-0.146215	8.925824	-12.220593	8.925824	5415	-1.660118E-11	-6.023669E+10	14.364401	0.537755	0	0
0	0	0	-0.146525	8.925854	-12.221019	8.925854	5414	-1.470191E-11	-6.801839E+10	14.519824	0.536326	0	0
0	0	0	-0.146345	8.926031	-12.221035	8.926031	5414	-8.722821E-12	-1.146418E+11	14.30024	0.535571	0	0
0	0	0	-0.146264	8.925765	-12.220574	8.925765	5415	-2.237215E-11	-4.469842E+10	14.468178	0.534619	0	0
0	0	0	-0.145937	8.926002	-12.220488	8.926002	5416	-9.360511E-12	-1.068318E+11	0	0	0	0
0	0	0	-0.146492	8.926002	-12.221178	8.926002	5414	-9.357055E-12	-1.068712E+11	0	0	0	0
0	0	0	-0.146329	8.925913	-12.220855	8.925913	5414	-1.196752E-11	-8.355953E+10	0	0	0	0
0	0	0	-0.146215	8.925637	-12.22034	8.925637	5415	-9.064399E-11	-1.103217E+10	0	0	0	0
0	0	0	-0.146378	8.925765	-12.220716	8.925765	5414	-2.236802E-11	-4.470668E+10	0	0	0	0
0	0	0	-0.145986	8.925834	-12.220323	8.925834	5416	-1.591981E-11	-6.28148E+10	0	0	0	0
0	0	0	-0.146705	8.925578	-12.220869	8.925578	5413	2.218395E-10	4.507763E+9	0	0	0	0
0	0	0	-0.146705	8.925903	-12.221309	8.925903	5413	-1.234807E-11	-8.09843E+10	0	0	0	0
0	0	0	-0.147195	8.925657	-12.221584	8.925657	5411	-6.163868E-11	-1.622358E+10	0	0	0	0
0	0	0	-0.147031	8.925687	-12.221421	8.925687	5412	-4.167705E-11	-2.399402E+10	0	0	0	0
0	0	0	-0.147571	8.926139	-12.222703	8.926139	5410	-6.981304E-12	-1.432397E+11	0	0	0	0
0	0	0	-0.147571	8.925903	-12.222384	8.925903	5410	-1.234123E-11	-8.10292E+10	0	0	0	0
0	0	0	-0.147652	8.9261	-12.222751	8.9261	5410	-7.526079E-12	-1.328713E+11	0	0	0	0
0	0	0	-0.148518	8.926002	-12.223693	8.926002	5407	-9.344956E-12	-1.070096E+11	0	0	0	0
0	0	0	-0.148812	8.926159	-12.224272	8.926159	5406	-6.732476E-12	-1.485338E+11	0	0	0	0
0	0	0	-0.148567	8.925834	-12.223528	8.925834	5407	-1.589336E-11	-6.291936E+10	0	0	0	0
0	0	0	-0.149008	8.925883	-12.224142	8.925883	5405	-1.31726E-11	-7.591516E+10	0	0	0	0
0	0	0	-0.14958	8.925824	-12.224772	8.925824	5403	-1.656439E-11	-6.037048E+10	0	0	0	0
0	0	0	-0.149808	8.926051	-12.225363	8.926051	5402	-8.327202E-12	-1.200884E+11	0	0	0	0
0	0	0	-0.1502	8.926021	-12.22581	8.926021	5401	-8.903029E-12	-1.123213E+11	0	0	0	0
0	0	0	-0.150168	8.926031	-12.225782	8.926031	5401	-8.701876E-12	-1.149177E+11	0	0	0	0
0	0	0	-0.150364	8.926198	-12.226252	8.926198	5400	-6.285892E-12	-1.590864E+11	0	0	0	0
0	0	0	-0.150968	8.926031	-12.226776	8.926031	5398	-8.697043E-12	-1.149816E+11	0	0	0	0
0	0	0	-0.150952	8.925952	-12.22665	8.925952	5398	-1.061586E-11	-9.419867E+10	0	0	0	0
0	0	0	-0.150445	8.926002	-12.226087	8.926002	5400	-9.332858E-12	-1.071483E+11	0	0	0	0
0	0	0	-0.15087	8.925893	-12.226468	8.925893	5398	-1.272079E-11	-7.861147E+10	0	0	0	0
0	0	0	-0.150739	8.925795	-12.226173	8.925795	5399	-1.900308E-11	-5.262305E+10	0	0	0	0
0	0	0	-0.150772	8.925775	-12.226187	8.925775	5399	-2.108447E-11	-4.742827E+10	0	0	0	0
0	0	0	-0.151148	8.926257	-12.227306	8.926257	5398	-5.723032E-12	-1.747326E+11	0	0	0	0
0	0	0	-0.150511	8.926189	-12.226421	8.926189	5400	-6.390205E-12	-1.564895E+11	0	0	0	0
0	0	0	-0.150494	8.926218	-12.226441	8.926218	5400	-6.08716E-12	-1.642802E+11	0	0	0	0
0	0	0	-0.150347	8.926061	-12.226046	8.926061	5400	-8.147984E-12	-1.227297E+11	0	0	0	0
0	0	0	-0.150331	8.925854	-12.225746	8.925854	5400	-1.466389E-11	-6.819473E+10	0	0	0	0
0	0	0	-0.15007	8.926051	-12.225687	8.926051	5401	-8.32566E-12	-1.201106E+11	0	0	0	0
0	0	0	-0.149563	8.925943	-12.224912	8.925943	5403	-1.092705E-11	-9.151604E+10	0	0	0	0
0	0	0	-0.149776	8.926021	-12.225282	8.926021	5402	-8.904678E-12	-1.123005E+11	0	0	0	0
0	0	0	-0.148485	8.925824	-12.223413	8.925824	5407	-1.657665E-11	-6.032582E+10	0	0	0	0
0	0	0	-0.148943	8.925933	-12.224128	8.925933	5405	-1.125015E-11	-8.888767E+10	0	0	0	0
0	0	0	-0.148371	8.925844	-12.223298	8.925844	5407	-1.526417E-11	-6.55129E+10	0	0	0	0
0	0	0	-0.148436	8.926307	-12.224005	8.926307	5407	-5.335911E-12	-1.874094E+11	0	0	0	0
0	0	0	-0.148273	8.92613	-12.223562	8.92613	5408	-7.107339E-12	-1.406996E+11	0	0	0	0
0	0	0	-0.147685	8.925952	-12.222592	8.925952	5409	-1.063749E-11	-9.400711E+10	0	0	0	0
0	0	0	-0.14744	8.925844	-12.222142	8.925844	5411	-1.527546E-11	-6.546447E+10	0	0	0	0
0	0	0	-0.147783	8.925815	-12.222528	8.925815	5409	-1.732774E-11	-5.771093E+10	0	0	0	0
0	0	0	-0.147767	8.925696	-12.222348	8.925696	5409	-3.759411E-11	-2.659991E+10	0	0	0	0
0	0	0	-0.147113	8.925903	-12.221816	8.925903	5412	-1.234579E-11	-8.099926E+10	0	0	0	0
0	0	0	-0.147326	8.925834	-12.221986	8.925834	5411	-1.590512E-11	-6.287285E+10	0	0	0	0
0	0	0	-0.14726	8.925795	-12.221852	8.925795	5411	-1.904532E-11	-5.250634E+10	0	0	0	0
0	0	0	-0.146884	8.925746	-12.221319	8.925746	5412	-2.529027E-11	-3.954091E+10	0	0	0	0
0	0	0	-0.147538	8.925992	-12.222463	8.925992	5410	-9.582385E-12	-1.043581E+11	0	0	0	0
0	0	0	-0.147228	8.926051	-12.222157	8.926051	5411	-8.341075E-12	-1.198886E+11	0	0	0	0
0	0	0	-0.147799	8.925785	-12.222508	8.925785	5409	-2.002677E-11	-4.993317E+10	0	0	0	0
0	0	0	-0.147897	8.925667	-12.22247	8.925667	5409	-5.312886E-11	-1.882216E+10	0	0	0	0
0	0	0	-0.147554	8.925854	-12.222297	8.925854	5410	-1.469104E-11	-6.806868E+10	0	0	0	0
0	0	0	-0.1486	8.925943	-12.223715	8.925943	5406	-1.093311E-11	-9.146525E+10	0	0	0	0
0	0	0	-0.148583	8.925805	-12.223508	8.925805	5407	-1.813607E-11	-5.513873E+10	0	0	0	0
0	0	0	-0.148632	8.925864	-12.223649	8.925864	5406	-1.414166E-11	-7.071307E+10	0	0	0	0
0	0	0	-0.148959	8.925726	-12.223868	8.925726	5405	-2.906714E-11	-3.440311E+10	0	0	0	0
0	0	0	-0.149792	8.925657	-12.22481	8.925657	5402	-6.153616E-11	-1.625061E+10	0	0	0	0
0	0	0	-0.149237	8.926031	-12.224626	8.926031	5404	-8.70671E-12	-1.148539E+11	0	0	0	0
0	0	0	-0.149743	8.925824	-12.224975	8.925824	5402	-1.656132E-11	-6.038165E+10	0	0	0	0
0	0	0	-0.149727	8.925815	-12.224942	8.925815	5403	-1.730852E-11	-5.777501E+10	0	0	0	0
0	0	0	-0.150347	8.925962	-12.225912	8.925962	5400	-1.033478E-11	-9.676069E+10	0	0	0	0
0	0	0	-0.150658	8.925913	-12.226231	8.925913	5399	-1.193436E-11	-8.379168E+10	0	0	0	0
0	0	0	-0.150478	8.926139	-12.226314	8.926139	5400	-6.968399E-12	-1.43505E+11	0	0	0	0
0	0	0	-0.150674	8.926139	-12.226558	8.926139	5399	-6.967109E-12	-1.435316E+11	0	0	0	0
0	0	0	-0.151229	8.925982	-12.227035	8.925982	5397	-9.802848E-12	-1.020112E+11	0	0	0	0
0	0	0	-0.151589	8.9261	-12.227641	8.9261	5396	-7.506603E-12	-1.33216E+11	0	0	0	0
0	0	0	-0.151638	8.925756	-12.227235	8.925756	5396	-2.366473E-11	-4.225698E+10	0	0	0	0
0	0	0	-0.151377	8.925943	-12.227164	8.925943	5397	-1.091491E-11	-9.161778E+10	0	0	0	0
0	0	0	-0.151327	8.925785	-12.22689	8.925785	5397	-1.998234E-11	-5.00442E+10	0	0	0	0
0	0	0	-0.151622	8.925854	-12.227348	8.925854	5396	-1.465303E-11	-6.824528E+10	0	0	0	0
0	0	0	-0.151867	8.92609	-12.227972	8.92609	5395	-7.65454E-12	-1.306414E+11	0	0	0	0
0	0	0	-0.151197	8.926021	-12.227047	8.926021	5397	-8.896436E-12	-1.124046E+11	0	0	0	0
0	0	0	-0.151131	8.925716	-12.226553	8.925716	5398	-3.139732E-11	-3.184985E+10	0	0	0	0
0	0	0	-0.152014	0	-0.152014	0	5394	0	0	0	0	0	0
0	0	0	-0.150903	0	-0.150903	0	5398	0	0	0	0	0	0
