Vload_(V)	ILoad_(A)	RsLoad (ohm)	SunsVoc_Voltage_(V)	SunsVoc_Current_(A)	Model_Voltage_(V)	Model_Current_(A)	Carrier_Density_(cm-3)	Lifetime_(s)	Inverse_Lifetime_(s-1)	Efficiency_(%)	Intensity_(suns)	Dark_IV_Voltage_(V)	Dark_IV_Current_(A)
5.558687	9.451765	0	38.928359	-1.772439	39.558753	-1.772439	7.915574E+14	4.822665E-5	20734.385139	15.734708	1.145944	0	0
5.523953	9.448524	1.629862	38.868133	-1.255148	39.315126	-1.255148	7.636871E+14	4.877658E-5	20500.672413	15.744131	1.145309	0	0
5.537612	9.450165	1.311522	38.734205	-0.52248	38.920813	-0.52248	7.049382E+14	4.83316E-5	20689.57116	15.755925	1.144079	0	0
5.886538	9.450737	1.123073	38.596521	0.185379	38.530115	0.185379	6.489451E+14	4.789143E-5	20879.862976	15.711328	1.143721	0	0
7.961781	9.429066	2.01506	38.457448	0.843446	38.15441	0.843446	5.966284E+14	4.739644E-5	21098.038216	15.736118	1.142491	0	0
10.473315	9.421092	1.827472	38.325987	1.421502	37.813825	1.421502	5.508382E+14	4.690881E-5	21317.452265	15.729051	1.141617	0	0
13.199213	9.417501	1.566421	38.194705	1.956084	37.48796	1.956084	5.084312E+14	4.63854E-5	21558.080043	15.712202	1.140784	0	0
15.623623	9.415678	1.321415	38.063489	2.458927	37.172583	2.458927	4.691451E+14	4.5879E-5	21796.09861	15.744792	1.139871	0	0
18.022798	9.409211	1.106641	37.935589	2.91715	36.875793	2.91715	4.336389E+14	4.538041E-5	22035.625778	15.73068	1.139156	0	0
20.437217	9.402317	0.885423	37.808995	3.341823	36.591663	3.341823	4.010268E+14	4.488452E-5	22279.130541	15.724408	1.13872	0	0
22.844754	9.397302	0.651522	37.681569	3.749818	36.311942	3.749818	3.705755E+14	4.444406E-5	22499.96855	15.758125	1.138164	0	0
25.252128	9.387149	0.43442	37.55161	4.131566	36.038421	4.131566	3.418089E+14	4.393551E-5	22760.436599	15.735686	1.138204	0	0
27.655015	9.272892	0.398688	37.422534	4.48941	35.773828	4.48941	3.1537E+14	4.346031E-5	23009.33432	15.751523	1.137727	0	0
28.543508	9.166574	0.400644	37.291955	4.821618	35.516406	4.821618	2.90635E+14	4.29253E-5	23296.144243	15.770492	1.13733	0	0
29.425305	9.011194	0.397931	37.165672	5.118586	35.275795	5.118586	2.685039E+14	4.237447E-5	23598.995755	15.737026	1.137291	0	0
30.313471	8.774774	0.395439	37.045809	5.384716	35.052708	5.384716	2.49014E+14	4.187016E-5	23883.256043	15.745035	1.137132	0	0
31.191245	8.446158	0.389972	36.929735	5.628617	34.841333	5.628617	2.314534E+14	4.140023E-5	24154.368015	15.750071	1.136378	0	0
32.040166	8.011093	0.38492	36.813906	5.85889	34.634847	5.85889	2.151334E+14	4.094736E-5	24421.52129	15.718856	1.135862	0	0
32.892099	7.443377	0.381235	36.697979	6.076934	34.432407	6.076934	1.999246E+14	4.051115E-5	24684.498477	15.736227	1.135226	0	0
33.721886	6.756189	0.376857	36.583832	6.280165	34.236981	6.280165	1.859773E+14	4.009976E-5	24937.745287	15.722716	1.134036	0	0
34.536076	5.943481	0.372628	36.468918	6.470458	34.045238	6.470458	1.728987E+14	3.965931E-5	25214.710998	15.702682	1.133003	0	0
35.281035	5.089507	0.368741	36.353579	6.650646	33.856506	6.650646	1.606788E+14	3.922718E-5	25492.482908	15.715794	1.132368	0	0
36.036698	4.116377	0.363478	36.237718	6.819608	33.67113	6.819608	1.492574E+14	3.877789E-5	25787.852045	15.709682	1.13086	0	0
36.769756	3.061239	0.366386	36.124698	6.976574	33.492973	6.976574	1.388857E+14	3.837153E-5	26060.957198	15.708886	1.12951	0	0
37.448735	1.980863	0.383836	36.013688	7.12161	33.321173	7.12161	1.293894E+14	3.797293E-5	26334.520057	15.743201	1.127565	0	0
38.075526	0.928459	0.422679	35.90503	7.255552	33.155812	7.255552	1.207143E+14	3.758758E-5	26604.508192	15.72549	1.126136	0	0
30.149587	8.82407	0.396279	35.797973	7.380148	32.995469	7.380148	1.127281E+14	3.7212E-5	26873.027278	15.732023	1.124667	0	0
38.67677	0	0	35.691847	7.497425	32.83869	7.497425	1.053263E+14	3.685506E-5	27133.300072	15.750077	1.12296	0	0
0	0	0	35.58742	7.606012	32.686832	7.606012	9.851188E+13	3.649852E-5	27398.35386	15.725518	1.121492	0	0
0	0	0	35.484103	7.70768	32.53862	7.70768	9.219898E+13	3.615086E-5	27661.844324	15.739015	1.120063	0	0
0	0	0	35.379953	7.802466	32.392	7.802466	8.624022E+13	3.57578E-5	27965.915265	15.743444	1.118594	0	0
0	0	0	35.278466	7.890614	32.250599	7.890614	8.080078E+13	3.539409E-5	28253.29383	15.725878	1.117046	0	0
0	0	0	35.179478	7.974411	32.113385	7.974411	7.582288E+13	3.509749E-5	28492.054835	15.746712	1.115537	0	0
0	0	0	35.07938	8.053669	31.976614	8.053669	7.109817E+13	3.477616E-5	28755.319884	15.735013	1.114346	0	0
0	0	0	34.981535	8.128018	31.84401	8.128018	6.676218E+13	3.448942E-5	28994.390649	15.725696	1.113116	0	0
0	0	0	34.883674	8.198463	31.712787	8.198463	6.268791E+13	3.420489E-5	29235.578502	15.746599	1.111885	0	0
0	0	0	34.787709	8.268215	31.583742	8.268215	5.893232E+13	3.405078E-5	29367.898384	15.739827	1.110694	0	0
0	0	0	34.692674	8.329088	31.459032	8.329088	5.543341E+13	3.376579E-5	29615.766912	15.737045	1.109464	0	0
0	0	0	34.597916	8.387707	31.335406	8.387707	5.215023E+13	3.351591E-5	29836.572309	15.75677	1.108074	0	0
0	0	0	34.505348	8.442165	31.215646	8.442165	4.912958E+13	3.327775E-5	30050.105193	15.743211	1.106725	0	0
0	0	0	34.4134	8.4916	31.098431	8.4916	4.630142E+13	3.297681E-5	30324.336962	15.742111	1.105375	0	0
0	0	0	34.322776	8.539117	30.983306	8.539117	4.367244E+13	3.272386E-5	30558.734456	15.760743	1.103668	0	0
0	0	0	34.231988	8.584454	30.868795	8.584454	4.118762E+13	3.247521E-5	30792.711154	15.744342	1.101882	0	0
0	0	0	34.141429	8.626878	30.755607	8.626878	3.884923E+13	3.220686E-5	31049.28177	15.745726	1.100135	0	0
0	0	0	34.050559	8.668821	30.642219	8.668821	3.663564E+13	3.199877E-5	31251.201291	15.749028	1.09823	0	0
0	0	0	33.959395	8.708197	30.529469	8.708197	3.454108E+13	3.176693E-5	31479.275734	15.732352	1.096086	0	0
0	0	0	33.869539	8.745101	30.419035	8.745101	3.259328E+13	3.154098E-5	31704.785018	15.745001	1.094022	0	0
0	0	0	33.779339	8.779388	30.309217	8.779388	3.074808E+13	3.127271E-5	31976.75979	15.748992	1.091958	0	0
0	0	0	33.690168	8.812312	30.20099	8.812312	2.902626E+13	3.104152E-5	32214.917074	15.739871	1.090092	0	0
0	0	0	33.601095	8.842933	30.093737	8.842933	2.740226E+13	3.077861E-5	32490.097874	15.756381	1.088068	0	0
0	0	0	33.512578	8.872482	29.98746	8.872482	2.587812E+13	3.054938E-5	32733.88629	15.753196	1.086241	0	0
0	0	0	33.422819	8.900215	29.88054	8.900215	2.441888E+13	3.027621E-5	33029.232953	15.75269	1.084019	0	0
0	0	0	33.335543	8.926105	29.776969	8.926105	2.307872E+13	3.00239E-5	33306.798304	15.765396	1.08247	0	0
0	0	0	33.249068	8.951137	29.674562	8.951137	2.18232E+13	2.981009E-5	33545.682612	15.7644	1.080287	0	0
0	0	0	33.163	8.974305	29.573304	8.974305	2.064127E+13	2.956378E-5	33825.168926	15.761919	1.078501	0	0
0	0	0	33.077881	8.996046	29.473599	8.996046	1.953516E+13	2.931433E-5	34113.012313	15.779053	1.076476	0	0
0	0	0	32.992695	9.017053	29.374091	9.017053	1.84874E+13	2.908268E-5	34384.728612	15.767882	1.074571	0	0
0	0	0	32.907951	9.037133	29.2754	9.037133	1.750071E+13	2.886376E-5	34645.522316	15.76763	1.072983	0	0
0	0	0	32.824122	9.055602	29.17831	9.055602	1.657639E+13	2.861386E-5	34948.101495	15.772094	1.071435	0	0
0	0	0	32.740391	9.073193	29.081654	9.073193	1.570178E+13	2.836358E-5	35256.480595	15.762037	1.069887	0	0
0	0	0	32.657476	9.090093	28.986129	9.090093	1.48811E+13	2.813714E-5	35540.208803	15.773153	1.067703	0	0
0	0	0	32.574496	9.106354	28.890771	9.106354	1.410264E+13	2.792058E-5	35815.877982	15.775591	1.066235	0	0
0	0	0	32.490454	9.121822	28.794578	9.121822	1.335565E+13	2.768128E-5	36125.491088	15.771431	1.064051	0	0
0	0	0	32.408046	9.135854	28.700695	9.135854	1.266155E+13	2.740831E-5	36485.288054	15.776734	1.062503	0	0
0	0	0	32.326112	9.149849	28.607316	9.149849	1.200715E+13	2.719658E-5	36769.325234	15.776796	1.060677	0	0
0	0	0	32.24403	9.162913	28.514142	9.162913	1.138544E+13	2.69547E-5	37099.285402	15.771381	1.058494	0	0
0	0	0	32.162635	9.175757	28.421775	9.175757	1.080067E+13	2.676022E-5	37368.902554	15.787404	1.05639	0	0
0	0	0	32.082154	9.187462	28.330837	9.187462	1.025198E+13	2.652559E-5	37699.442848	15.786207	1.054286	0	0
0	0	0	32.001363	9.198862	28.239676	9.198862	9.729166E+12	2.630765E-5	38011.759326	15.777821	1.052301	0	0
0	0	0	31.920849	9.209612	28.149065	9.209612	9.234646E+12	2.607898E-5	38345.064626	15.793235	1.050039	0	0
0	0	0	31.846641	9.219205	28.065667	9.219205	8.801119E+12	2.587999E-5	38639.897536	15.787271	1.048014	0	0
0	0	0	31.766569	9.229234	27.975799	9.229234	8.356108E+12	2.567872E-5	38942.756235	15.786364	1.045752	0	0
0	0	0	31.68568	9.238849	27.885214	9.238849	7.929378E+12	2.546773E-5	39265.370013	15.799347	1.043687	0	0
0	0	0	31.603271	9.247617	27.793339	9.247617	7.517015E+12	2.518031E-5	39713.563153	15.795513	1.041425	0	0
0	0	0	31.52266	9.256472	27.703342	9.256472	7.134381E+12	2.498219E-5	40028.510424	15.793932	1.039797	0	0
0	0	0	31.442179	9.26494	27.613633	9.26494	6.771781E+12	2.478723E-5	40343.361498	15.810063	1.037376	0	0
0	0	0	31.362744	9.272236	27.525519	9.272236	6.431951E+12	2.450018E-5	40816.02974	15.799696	1.035629	0	0
0	0	0	31.282116	9.279761	27.436024	9.279761	6.104442E+12	2.426985E-5	41203.384128	15.806484	1.033803	0	0
0	0	0	31.201652	9.286783	27.346903	9.286783	5.794211E+12	2.401694E-5	41637.284271	15.814087	1.03162	0	0
0	0	0	31.121857	9.293836	27.258479	9.293836	5.502123E+12	2.382472E-5	41973.205938	15.805742	1.029913	0	0
0	0	0	31.04118	9.300345	27.169327	9.300345	5.221762E+12	2.35827E-5	42403.959266	15.815546	1.027968	0	0
0	0	0	30.95967	9.306519	27.079413	9.306519	4.953003E+12	2.331983E-5	42881.954982	15.817525	1.025864	0	0
0	0	0	30.878716	9.312619	26.990118	9.312619	4.69976E+12	2.309754E-5	43294.646819	15.809896	1.024236	0	0
0	0	0	30.798529	9.318354	26.901791	9.318354	4.461678E+12	2.287009E-5	43725.235872	15.818215	1.022212	0	0
0	0	0	30.716105	9.323777	26.811189	9.323777	4.22951E+12	2.259867E-5	44250.399219	15.81364	1.020346	0	0
0	0	0	30.634121	9.329178	26.721063	9.329178	4.010563E+12	2.237283E-5	44697.068248	15.813266	1.018242	0	0
0	0	0	30.552726	9.334586	26.631556	9.334586	3.804395E+12	2.220222E-5	45040.547507	15.822715	1.016218	0	0
0	0	0	30.471885	9.339023	26.543047	9.339023	3.61012E+12	2.18975E-5	45667.304911	15.817136	1.014312	0	0
0	0	0	30.390049	9.343407	26.453487	9.343407	3.423549E+12	2.160607E-5	46283.28444	15.820306	1.012447	0	0
0	0	0	30.308931	9.34778	26.364696	9.34778	3.24813E+12	2.136113E-5	46813.99845	15.824222	1.010462	0	0
0	0	0	30.226866	9.351903	26.27499	9.351903	3.079802E+12	2.10903E-5	47415.16317	15.821414	1.008239	0	0
0	0	0	30.143935	9.35616	26.184293	9.35616	2.918556E+12	2.087614E-5	47901.582491	15.828098	1.006373	0	0
0	0	0	30.061461	9.359937	26.094285	9.359937	2.76657E+12	2.060273E-5	48537.249328	15.840191	1.004031	0	0
0	0	0	29.979429	9.363429	26.004866	9.363429	2.623245E+12	2.030778E-5	49242.216497	15.833336	1.002165	0	0
0	0	0	29.89591	9.367027	25.913804	9.367027	2.484947E+12	2.005393E-5	49865.545952	15.844905	0.999903	0	0
0	0	0	29.812571	9.37051	25.822979	9.37051	2.354213E+12	1.981324E-5	50471.303759	15.837498	0.998235	0	0
0	0	0	29.728055	9.373649	25.731036	9.373649	2.228653E+12	1.951026E-5	51255.093626	15.834964	0.99633	0	0
0	0	0	29.641694	9.377174	25.636944	9.377174	2.107265E+12	1.931929E-5	51761.740561	15.842748	0.994425	0	0
0	0	0	29.556836	9.379769	25.544857	9.379769	1.994429E+12	1.894389E-5	52787.469217	15.842418	0.992479	0	0
0	0	0	29.47134	9.382457	25.452044	9.382457	1.886854E+12	1.861735E-5	53713.339736	15.840191	0.990534	0	0
0	0	0	29.385028	9.385166	25.358342	9.385166	1.784135E+12	1.831984E-5	54585.632553	15.848466	0.988827	0	0
0	0	0	29.298585	9.388291	25.264318	9.388291	1.686864E+12	1.817368E-5	55024.624237	15.84275	0.986962	0	0
0	0	0	29.21108	9.390822	25.169407	9.390822	1.593797E+12	1.788413E-5	55915.48498	15.841346	0.985255	0	0
0	0	0	29.123363	9.393571	25.074171	9.393571	1.505656E+12	1.769322E-5	56518.824779	15.854016	0.983349	0	0
0	0	0	29.03416	9.395924	24.977508	9.395924	1.421018E+12	1.740227E-5	57463.766441	15.85645	0.981206	0	0
0	0	0	28.943372	9.397964	24.879279	9.397964	1.33976E+12	1.702939E-5	58722.021179	15.852383	0.979777	0	0
0	0	0	28.854038	9.400368	24.782447	9.400368	1.264339E+12	1.682245E-5	59444.386278	15.867962	0.977514	0	0
0	0	0	28.761927	9.402168	24.682897	9.402168	1.191016E+12	1.642194E-5	60894.147081	15.863144	0.976085	0	0
0	0	0	28.669456	9.404342	24.582797	9.404342	1.121683E+12	1.617509E-5	61823.469252	15.864553	0.973902	0	0
0	0	0	28.577002	9.406193	24.482851	9.406193	1.056397E+12	1.585228E-5	63082.41696	15.863084	0.971798	0	0
0	0	0	28.482997	9.408544	24.381021	9.408544	9.939098E+11	1.572598E-5	63589.056371	15.850971	0.970051	0	0
0	0	0	28.387798	9.410459	24.2781	9.410459	9.343951E+11	1.546942E-5	64643.651413	15.859324	0.967947	0	0
0	0	0	28.291424	9.412351	24.173923	9.412351	8.777739E+11	1.522992E-5	65660.236617	15.857393	0.965923	0	0
0	0	0	28.193808	9.413618	24.068687	9.413618	8.239196E+11	1.477031E-5	67703.390842	15.853341	0.964216	0	0
0	0	0	28.096617	9.416021	23.963407	9.416021	7.735823E+11	1.479992E-5	67567.931945	15.864617	0.962271	0	0
0	0	0	28.000962	9.416671	23.860539	9.416671	7.270437E+11	1.416752E-5	70583.977498	15.866377	0.960246	0	0
0	0	0	27.901941	9.418021	23.753754	9.418021	6.818149E+11	1.381749E-5	72372.064306	15.866251	0.9585	0	0
0	0	0	27.80243	9.419495	23.646386	9.419495	6.391963E+11	1.354548E-5	73825.381994	15.879802	0.956158	0	0
0	0	0	27.702266	9.420864	23.538362	9.420864	5.989875E+11	1.325596E-5	75437.783781	15.873307	0.954371	0	0
0	0	0	27.60158	9.421983	23.429886	9.421983	5.611177E+11	1.288442E-5	77613.088415	15.87147	0.952744	0	0
0	0	0	27.499619	9.423456	23.319885	9.423456	5.252077E+11	1.268745E-5	78818.056824	15.872641	0.950878	0	0
0	0	0	27.395878	9.424971	23.207953	9.424971	4.910283E+11	1.253244E-5	79792.930084	15.873028	0.948893	0	0
0	0	0	27.291499	9.425923	23.095586	9.425923	4.588834E+11	1.214342E-5	82349.154887	15.880993	0.94671	0	0
0	0	0	27.184507	9.427052	22.980336	9.427052	4.281163E+11	1.184689E-5	84410.345353	15.882463	0.945082	0	0
0	0	0	27.076683	9.428108	22.864223	9.428108	3.991962E+11	1.153977E-5	86656.869009	15.882961	0.943098	0	0
0	0	0	26.9684	9.428998	22.747693	9.428998	3.721192E+11	1.117714E-5	89468.363873	15.885337	0.941232	0	0
0	0	0	26.857717	9.430126	22.628478	9.430126	3.463389E+11	1.094544E-5	91362.265519	15.886838	0.939446	0	0
0	0	0	26.747213	9.431025	22.509557	9.431025	3.223821E+11	1.063002E-5	94073.222604	15.888235	0.937461	0	0
0	0	0	26.636105	9.431789	22.390048	9.431789	2.999648E+11	1.02688E-5	97382.34878	15.89052	0.935714	0	0
0	0	0	26.523412	9.432646	22.268796	9.432646	2.788195E+11	9.972757E-6	100273.174525	15.889245	0.933967	0	0
0	0	0	26.409511	9.433617	22.146194	9.433617	2.589616E+11	9.758298E-6	102476.887184	15.888427	0.931983	0	0
0	0	0	26.294106	9.434245	22.022134	9.434245	2.402836E+11	9.378694E-6	106624.658068	15.887631	0.930236	0	0
0	0	0	26.176236	9.434757	21.89548	9.434757	2.225964E+11	8.950253E-6	111728.686319	15.890825	0.928291	0	0
0	0	0	26.056225	9.435572	21.766392	9.435572	2.05925E+11	8.696646E-6	114986.853577	15.891288	0.926505	0	0
0	0	0	25.933879	9.436293	21.63484	9.436293	1.902138E+11	8.407523E-6	118941.096245	15.8995	0.92444	0	0
0	0	0	25.809049	9.436681	21.500776	9.436681	1.754184E+11	7.952722E-6	125743.114593	15.90372	0.922297	0	0
0	0	0	25.682554	9.437673	21.364648	9.437673	1.615992E+11	7.841834E-6	127521.193109	15.899936	0.92059	0	0
0	0	0	25.554785	9.43807	21.227424	9.43807	1.487456E+11	7.427673E-6	134631.659708	15.897637	0.918684	0	0
0	0	0	25.423601	9.438749	21.086408	9.438749	1.366114E+11	7.177627E-6	139321.816643	15.897187	0.917017	0	0
0	0	0	25.289673	9.439553	20.94239	9.439553	1.25244E+11	7.013634E-6	142579.429077	15.902059	0.914993	0	0
0	0	0	25.153704	9.439909	20.796387	9.439909	1.146705E+11	6.614225E-6	151189.293899	15.904005	0.913167	0	0
0	0	0	25.014467	9.440452	20.646792	9.440452	1.047673E+11	6.333258E-6	157896.61741	15.909435	0.911261	0	0
0	0	0	24.872258	9.441204	20.493911	9.441204	9.553499E+10	6.186227E-6	161649.42544	15.909673	0.909316	0	0
0	0	0	24.728121	9.441591	20.33913	9.441591	8.700737E+10	5.848244E-6	170991.49982	15.905935	0.90749	0	0
0	0	0	24.580603	9.441769	20.180819	9.441769	7.906731E+10	5.409365E-6	184864.58453	15.908929	0.905664	0	0
0	0	0	24.430357	9.442135	20.019494	9.442135	7.172481E+10	5.093483E-6	196329.296116	15.906145	0.903997	0	0
0	0	0	24.276354	9.442751	19.854021	9.442751	6.490577E+10	4.924239E-6	203077.049902	15.910504	0.902052	0	0
0	0	0	24.118578	9.443263	19.684548	9.443263	5.859145E+10	4.712753E-6	212190.213784	15.91815	0.900027	0	0
0	0	0	23.957535	9.443868	19.511526	9.443868	5.277943E+10	4.57077E-6	218781.507517	15.912113	0.89836	0	0
0	0	0	23.794891	9.444422	19.33681	9.444422	4.749459E+10	4.422968E-6	226092.508046	15.908156	0.896653	0	0
0	0	0	23.629143	9.444579	19.158951	9.444579	4.265297E+10	4.058946E-6	246369.39942	15.919328	0.894708	0	0
0	0	0	23.460407	9.445153	18.977687	9.445153	3.82307E+10	3.953924E-6	252913.331594	15.91201	0.892882	0	0
0	0	0	23.286639	9.445351	18.791204	9.445351	3.415527E+10	3.641905E-6	274581.558823	15.919743	0.890738	0	0
0	0	0	23.107676	9.445915	18.598975	9.445915	3.041164E+10	3.555088E-6	281286.949814	15.931395	0.888436	0	0
0	0	0	22.92628	9.446176	18.404278	9.446176	2.703562E+10	3.308136E-6	302285.055574	15.930014	0.886491	0	0
0	0	0	22.740196	9.446667	18.204442	9.446667	2.396139E+10	3.214015E-6	311137.362311	15.93066	0.884784	0	0
0	0	0	22.550028	9.446584	18.0005	9.446584	2.118055E+10	2.795609E-6	357703.751244	15.925953	0.883236	0	0
0	0	0	22.355777	9.447022	17.791927	9.447022	1.86729E+10	2.692381E-6	371418.444978	15.92787	0.881251	0	0
0	0	0	22.155906	9.447033	17.577532	9.447033	1.640225E+10	2.37045E-6	421860.874064	15.936545	0.879147	0	0
0	0	0	21.95303	9.447304	17.359786	9.447304	1.437965E+10	2.204603E-6	453596.350312	15.939181	0.877162	0	0
0	0	0	21.748749	9.447774	17.140436	9.447774	1.259498E+10	2.158102E-6	463370.086271	15.934289	0.875575	0	0
0	0	0	21.541152	9.447993	16.91765	9.447993	1.10081E+10	1.995838E-6	501042.735539	15.945203	0.873431	0	0
0	0	0	21.329847	9.44839	16.6908	9.44839	9.598043E+9	1.944551E-6	514257.535585	15.938657	0.871724	0	0
0	0	0	21.112564	9.448515	16.457668	9.448515	8.336211E+9	1.754066E-6	570103.863244	15.940206	0.869858	0	0
0	0	0	20.896718	9.448619	16.226088	9.448619	7.247023E+9	1.575546E-6	634700.661165	15.947069	0.867913	0	0
0	0	0	20.678504	9.448839	15.991911	9.448839	6.290473E+9	1.469987E-6	680278.331926	15.939337	0.866286	0	0
0	0	0	20.461286	9.44886	15.7589	9.44886	5.463711E+9	1.286042E-6	777579.672007	15.944605	0.864539	0	0
0	0	0	20.238367	9.449037	15.519696	9.449037	4.728093E+9	1.185255E-6	843700.334746	15.943975	0.862753	0	0
0	0	0	20.018242	9.449089	15.28355	9.449089	4.098937E+9	1.047612E-6	954551.72101	15.938214	0.860966	0	0
0	0	0	19.796973	9.449465	15.046016	9.449465	3.550867E+9	1.055619E-6	947311.521986	15.944897	0.85918	0	0
0	0	0	19.575214	9.449538	14.808106	9.449538	3.075101E+9	9.441785E-7	1059121.811	15.952626	0.857156	0	0
0	0	0	19.350629	9.449402	14.567271	9.449402	2.658204E+9	7.694082E-7	1299700.287363	15.945165	0.855607	0	0
0	0	0	19.127105	9.449673	14.327369	9.449673	2.29941E+9	7.51815E-7	1330114.459232	15.948207	0.853861	0	0
0	0	0	18.902602	9.449757	14.08651	9.449757	1.98778E+9	6.769369E-7	1477242.453176	15.951701	0.851916	0	0
0	0	0	18.676613	9.449726	13.844115	9.449726	1.716728E+9	5.756878E-7	1737052.728211	15.947839	0.850288	0	0
0	0	0	18.448173	9.449892	13.59899	9.449892	1.480281E+9	5.406226E-7	1849719.281418	15.94946	0.848819	0	0
0	0	0	18.218557	9.449934	13.352668	9.449934	1.275428E+9	4.764282E-7	2098952.325855	15.947252	0.846993	0	0
0	0	0	17.987879	9.450393	13.104991	9.450393	1.098167E+9	5.473288E-7	1827055.46317	15.955208	0.844731	0	0
0	0	0	17.756107	9.450111	12.856522	9.450111	9.448705E+8	3.907912E-7	2558910.957082	15.964218	0.843183	0	0
0	0	0	17.522064	9.45031	12.605369	9.45031	8.11777E+8	3.814354E-7	2621675.890054	15.955632	0.841317	0	0
0	0	0	17.285702	9.450455	12.351755	9.450455	6.963822E+8	3.636836E-7	2749642.506648	15.959153	0.839531	0	0
0	0	0	17.049046	9.450852	12.097693	9.450852	5.97277E+8	4.471894E-7	2236189.036365	15.96028	0.837744	0	0
0	0	0	16.814791	9.450528	11.846584	9.450528	5.130744E+8	2.837734E-7	3523938.340354	15.952148	0.836117	0	0
0	0	0	16.574998	9.450674	11.589289	9.450674	4.391622E+8	2.753981E-7	3631106.954281	15.953963	0.834529	0	0
0	0	0	16.334683	9.450904	11.331389	9.450904	3.757701E+8	2.983894E-7	3351326.03905	15.962526	0.832623	0	0
0	0	0	16.095234	9.450914	11.074532	9.450914	3.217092E+8	2.585953E-7	3867046.961359	15.953661	0.831075	0	0
0	0	0	15.855262	9.450925	10.817115	9.450925	2.753324E+8	2.240654E-7	4462982.630666	15.960783	0.82913	0	0
0	0	0	15.613607	9.45106	10.557826	9.45106	2.353842E+8	2.283819E-7	4378631.529951	15.956277	0.827661	0	0
0	0	0	15.371446	9.451123	10.298033	9.451123	2.01166E+8	2.14188E-7	4668796.52191	15.957502	0.825915	0	0
0	0	0	15.131621	9.450945	10.040874	9.450945	1.721829E+8	1.436919E-7	6959333.293463	15.960551	0.824327	0	0
0	0	0	14.890816	9.451091	9.78249	9.451091	1.472818E+8	1.495398E-7	6687184.757145	15.962864	0.82258	0	0
0	0	0	14.6497	9.450841	9.523987	9.450841	1.259566E+8	9.325547E-8	1.072323E+7	15.963778	0.820794	0	0
0	0	0	14.408862	9.45105	9.265534	9.45105	1.077385E+8	1.030158E-7	9707253.492867	15.958355	0.819365	0	0
0	0	0	14.170181	9.450664	9.009717	9.450664	9.228444E+7	5.732898E-8	1.744319E+7	15.959606	0.817698	0	0
0	0	0	13.932071	9.451425	8.753886	9.451425	7.907643E+7	1.59051E-7	6287291.605952	15.963755	0.815991	0	0
0	0	0	13.693716	9.451175	8.498346	9.451175	6.774801E+7	7.850818E-8	1.273753E+7	15.965938	0.814324	0	0
0	0	0	13.457876	9.451018	8.245453	9.451018	5.813729E+7	5.326149E-8	1.877529E+7	15.962077	0.812736	0	0
0	0	0	13.223311	9.451102	7.993795	9.451102	4.993119E+7	5.149576E-8	1.941908E+7	15.964491	0.811148	0	0
0	0	0	12.994642	9.451248	7.748427	9.451248	4.304774E+7	5.692275E-8	1.756767E+7	15.964762	0.80952	0	0
0	0	0	12.761041	9.451091	7.497935	9.451091	3.699466E+7	3.756365E-8	2.662148E+7	15.96305	0.807813	0	0
0	0	0	12.529873	9.451206	7.249903	9.451206	3.184295E+7	3.896567E-8	2.566362E+7	15.970242	0.806067	0	0
0	0	0	12.301155	9.451456	7.004424	9.451456	2.745225E+7	6.081136E-8	1.64443E+7	15.963646	0.804519	0	0
0	0	0	12.074643	9.451331	6.761519	9.451331	2.370084E+7	3.736438E-8	2.676346E+7	15.970743	0.802851	0	0
0	0	0	11.847853	9.451164	6.518341	9.451164	2.045839E+7	2.329682E-8	4.292431E+7	15.967151	0.801303	0	0
0	0	0	11.624117	9.45105	6.278411	9.45105	1.769456E+7	1.691954E-8	5.910326E+7	15.965647	0.799755	0	0
0	0	0	11.402799	9.451425	6.040796	9.451425	1.532812E+7	3.083204E-8	3.243379E+7	15.963321	0.798247	0	0
0	0	0	11.183915	9.451456	5.805986	9.451456	1.329915E+7	2.946025E-8	3.394405E+7	15.961583	0.796738	0	0
0	0	0	10.966273	9.451342	5.572591	9.451342	1.154805E+7	1.865383E-8	5.360829E+7	15.959376	0.795071	0	0
0	0	0	10.749692	9.451477	5.340192	9.451477	1.003442E+7	2.383786E-8	4.195007E+7	15.965566	0.793324	0	0
0	0	0	10.537733	9.451446	5.112848	9.451446	8745376	1.874014E-8	5.33614E+7	15.962474	0.791895	0	0
0	0	0	10.327752	9.451467	4.887593	9.451467	7631703	1.749651E-8	5.715424E+7	15.965054	0.790109	0	0
0	0	0	10.119648	9.451873	4.664131	9.451873	6667970	-4.215077E-8	-2.372436E+7	15.970025	0.788362	0	0
0	0	0	9.913048	9.451383	4.442798	9.451383	5831619.5	1.044893E-8	9.57036E+7	15.961361	0.787092	0	0
0	0	0	9.709339	9.451477	4.22423	9.451477	5109745.5	1.213881E-8	8.238038E+7	15.958792	0.785544	0	0
0	0	0	9.508455	9.451508	4.008728	9.451508	4485444.5	1.195413E-8	8.365307E+7	15.963627	0.783877	0	0
0	0	0	9.309287	9.451394	3.795152	9.451394	3941802.5	7.261099E-9	1.377202E+8	15.959969	0.782329	0	0
0	0	0	9.112602	9.451633	3.584032	9.451633	3469635	1.803949E-8	5.543394E+7	15.966775	0.78082	0	0
0	0	0	8.915998	9.451279	3.373347	9.451279	3054187	4.298582E-9	2.326348E+8	15.967762	0.779193	0	0
0	0	0	8.724654	9.451383	3.168036	9.451383	2697673.5	4.833624E-9	2.068841E+8	15.956695	0.777922	0	0
0	0	0	8.536071	9.451279	2.965809	9.451279	2387046	3.359623E-9	2.976524E+8	15.960702	0.776493	0	0
0	0	0	8.34984	9.451383	2.765981	9.451383	2115411.5	3.790343E-9	2.638284E+8	15.964603	0.774826	0	0
0	0	0	8.165471	9.451675	2.56804	9.451675	1876953.5	1.428719E-8	6.999278E+7	15.958962	0.773476	0	0
0	0	0	7.98298	9.45155	2.372361	9.45155	1667406.5	5.305846E-9	1.884714E+8	15.963189	0.771968	0	0
0	0	0	7.805325	9.451498	2.181825	9.451498	1485907	3.805524E-9	2.627759E+8	15.95605	0.770579	0	0
0	0	0	7.630871	9.451644	1.994605	9.451644	1326916.5	7.492711E-9	1.33463E+8	15.952838	0.769269	0	0
0	0	0	7.459145	9.451894	1.810249	9.451894	1187036.5	-6.291392E-9	-1.589473E+8	15.95848	0.767601	0	0
0	0	0	7.290212	9.451852	1.629063	9.451852	1063828.5	-8.329735E-9	-1.200518E+8	15.958478	0.766212	0	0
0	0	0	7.123337	9.451884	1.450041	9.451884	954682	-5.504523E-9	-1.816688E+8	15.957615	0.764783	0	0
0	0	0	6.959158	9.451706	1.274035	9.451706	858233.5	1.002006E-8	9.979978E+7	15.957943	0.763513	0	0
0	0	0	6.798311	9.451727	1.101486	9.451727	773198.5	1.401468E-8	7.135374E+7	15.951856	0.762004	0	0
0	0	0	6.640681	9.451863	0.932318	9.451863	698044	-4.882959E-9	-2.047939E+8	15.955404	0.760496	0	0
0	0	0	6.484947	9.4518	0.765303	9.4518	630969.5	-1.224886E-8	-8.164026E+7	15.956004	0.758987	0	0
0	0	0	6.330666	9.451925	0.599733	9.451925	570879	-2.435513E-9	-4.10591E+8	15.951488	0.757717	0	0
0	0	0	6.178836	9.451946	0.436855	9.451946	517332	-1.95309E-9	-5.120091E+8	15.958175	0.756169	0	0
0	0	0	6.028476	9.451988	0.275541	9.451988	469255.5	-1.440139E-9	-6.943775E+8	15.958792	0.75474	0	0
0	0	0	5.880631	9.45179	0.117071	9.45179	426341.5	-1.175397E-8	-8.507766E+7	15.956398	0.75339	0	0
0	0	0	5.734779	9.45204	-0.039534	9.45204	387853.5	-9.647072E-10	-1.036584E+9	15.956035	0.75216	0	0
0	0	0	5.590201	9.451967	-0.194575	9.451967	353131.5	-1.195598E-9	-8.364012E+8	15.951194	0.750691	0	0
0	0	0	5.448531	9.451748	-0.346408	9.451748	322125	1.304699E-8	7.6646E+7	15.952676	0.749301	0	0
0	0	0	5.304933	9.451956	-0.50057	9.451956	293474	-1.047675E-9	-9.544941E+8	15.958108	0.747912	0	0
0	0	0	5.163508	9.451925	-0.652255	9.451925	267748.5	-1.142282E-9	-8.754405E+8	15.947966	0.746642	0	0
0	0	0	5.024696	9.451811	-0.801085	9.451811	244692	-3.665629E-9	-2.728044E+8	15.952837	0.745133	0	0
0	0	0	4.886146	9.451696	-0.949635	9.451696	223659	2.216821E-9	4.510964E+8	15.948051	0.743863	0	0
0	0	0	4.748494	9.451873	-1.097401	9.451873	204553.5	-1.293041E-9	-7.733708E+8	15.946368	0.742355	0	0
0	0	0	4.610891	9.451831	-1.244979	9.451831	187085.5	-1.924076E-9	-5.197301E+8	15.957016	0.740846	0	0
0	0	0	4.473712	9.451863	-1.392146	9.451863	171157	-1.197277E-9	-8.352289E+8	15.947494	0.739497	0	0
0	0	0	4.335162	9.452123	-1.540929	9.452123	156444.5	-2.985774E-10	-3.349215E+9	15.950057	0.737988	0	0
0	0	0	4.197641	9.451956	-1.688341	9.451956	143093	-5.108289E-10	-1.957603E+9	15.947666	0.736638	0	0
0	0	0	4.059613	9.4518	-1.836304	9.4518	130837.5	-2.53991E-9	-3.937147E+8	15.946899	0.735368	0	0
0	0	0	3.921177	9.452009	-1.984931	9.452009	119600	-3.35652E-10	-2.979276E+9	15.939301	0.733939	0	0
0	0	0	3.78212	9.451904	-2.13403	9.451904	109283.5	-5.359213E-10	-1.865945E+9	15.941362	0.73251	0	0
0	0	0	3.641446	9.452092	-2.285045	9.452092	99752.5	-2.085803E-10	-4.794316E+9	15.945673	0.731081	0	0
0	0	0	3.499678	9.451946	-2.437026	9.451946	90988.5	-3.435099E-10	-2.911124E+9	15.942093	0.729771	0	0
0	0	0	3.354055	9.451894	-2.593201	9.451894	82786.5	-4.387746E-10	-2.279075E+9	15.944478	0.728302	0	0
0	0	0	3.206994	9.451821	-2.750904	9.451821	75253.5	-9.177979E-10	-1.089565E+9	15.941242	0.726953	0	0
0	0	0	3.057369	9.452102	-2.911581	9.452102	68293	-1.383891E-10	-7.226003E+9	15.939123	0.725643	0	0
0	0	0	2.906339	9.451863	-3.073437	9.451863	61919.5	-4.331389E-10	-2.308728E+9	15.940944	0.724174	0	0
0	0	0	2.752728	9.45204	-3.238325	9.45204	56046.5	-1.394043E-10	-7.173379E+9	15.940917	0.722745	0	0
0	0	0	2.599934	9.45179	-3.402065	9.45179	50758	-1.399362E-9	-7.146111E+8	15.938333	0.721554	0	0
0	0	0	2.446143	9.452363	-3.567398	9.452363	45938.5	-5.253138E-11	-1.903624E+10	15.937143	0.720323	0	0
0	0	0	2.292271	9.452092	-3.732282	9.452092	41574.5	-8.693139E-11	-1.150332E+10	15.930383	0.718894	0	0
0	0	0	2.139068	9.451738	-3.896393	9.451738	37641.5	9.426881E-10	1.060796E+9	15.936197	0.717545	0	0
0	0	0	1.986862	9.452207	-4.059961	9.452207	34102.5	-5.279925E-11	-1.893966E+10	15.938301	0.716195	0	0
0	0	0	1.839491	9.452154	-4.21801	9.452154	30993.5	-5.440438E-11	-1.838087E+10	15.932635	0.714806	0	0
0	0	0	1.703783	9.451758	-4.363328	9.451758	28381.5	3.003626E-9	3.329309E+8	15.933296	0.713694	0	0
0	0	0	1.575866	9.451758	-4.500541	9.451758	26121.5	2.76445E-9	3.617356E+8	15.937241	0.712265	0	0
0	0	0	1.45682	9.451936	-4.628354	9.451936	24180.5	-9.68621E-11	-1.032396E+10	15.930367	0.710995	0	0
0	0	0	1.349615	9.452134	-4.743478	9.452134	22556	-4.183182E-11	-2.390525E+10	15.92984	0.709566	0	0
0	0	0	1.25151	9.452144	-4.848721	9.452144	21165	-3.817316E-11	-2.619642E+10	15.931196	0.708216	0	0
0	0	0	1.160183	9.451915	-4.946538	9.451915	19947.5	-9.101901E-11	-1.098672E+10	15.925953	0.707025	0	0
0	0	0	1.076696	9.452019	-5.036159	9.452019	18896	-5.085559E-11	-1.966352E+10	15.932853	0.705556	0	0
0	0	0	0.999058	9.452165	-5.119535	9.452165	17968	-3.071831E-11	-3.255388E+10	15.933046	0.704207	0	0
0	0	0	0.926989	9.452009	-5.19674	9.452009	17147.5	-4.812368E-11	-2.077979E+10	15.925755	0.703135	0	0
0	0	0	0.860311	9.451696	-5.268062	9.451696	16421.5	1.627636E-10	6.143879E+9	15.92663	0.701587	0	0
0	0	0	0.798681	9.452123	-5.334449	9.452123	15778	-3.011262E-11	-3.320866E+10	15.917619	0.700634	0	0
0	0	0	0.73999	9.451842	-5.397222	9.451842	15188.5	-1.350396E-10	-7.405237E+9	15.922702	0.699165	0	0
0	0	0	0.68705	9.452154	-5.454214	9.452154	14676	-2.576149E-11	-3.881764E+10	15.917816	0.697855	0	0
0	0	0	0.63571	9.452353	-5.509414	9.452353	14195	-1.652011E-11	-6.05323E+10	15.922231	0.696625	0	0
0	0	0	0.588454	9.452061	-5.559915	9.452061	13766.5	-3.182832E-11	-3.141856E+10	15.921604	0.695235	0	0
0	0	0	0.544645	9.451738	-5.606698	9.451738	13380.5	3.350993E-10	2.98419E+9	15.911803	0.694124	0	0
0	0	0	0.503645	9.45204	-5.650875	9.45204	13029.5	-3.240824E-11	-3.085635E+10	15.920683	0.692615	0	0
0	0	0	0.466075	9.452009	-5.691155	9.452009	12715.5	-3.568547E-11	-2.802261E+10	15.915198	0.691464	0	0
0	0	0	0.431184	9.451706	-5.728384	9.451706	12431	1.45135E-10	6.890135E+9	15.919216	0.690154	0	0
0	0	0	0.397666	9.452311	-5.764733	9.452311	12164	-1.523749E-11	-6.562761E+10	15.923232	0.688606	0	0
0	0	0	0.367985	9.451946	-5.796332	9.451946	11932	-4.504701E-11	-2.219903E+10	15.911241	0.687534	0	0
0	0	0	0.338959	9.45229	-5.827693	9.45229	11709.5	-1.525045E-11	-6.557183E+10	15.912348	0.686185	0	0
0	0	0	0.313003	9.452217	-5.855488	9.452217	11514	-1.741563E-11	-5.741969E+10	15.914116	0.684954	0	0
0	0	0	0.288517	9.452071	-5.881658	9.452071	11332.5	-2.530909E-11	-3.95115E+10	15.903413	0.683843	0	0
0	0	0	0.264898	9.452071	-5.906995	9.452071	11160	-2.492384E-11	-4.012223E+10	15.913704	0.682414	0	0
0	0	0	0.24381	9.451904	-5.929506	9.451904	11008.5	-5.398518E-11	-1.85236E+10	15.91192	0.681262	0	0
0	0	0	0.224208	9.451956	-5.950567	9.451956	10869.5	-3.880311E-11	-2.577113E+10	15.901966	0.679952	0	0
0	0	0	0.20593	9.452248	-5.970364	9.452248	10741.5	-1.519626E-11	-6.580567E+10	15.911886	0.678603	0	0
0	0	0	0.188092	9.451779	-5.989192	9.451779	10617.5	-5.048306E-10	-1.980862E+9	15.900941	0.677452	0	0
0	0	0	0.171365	9.451977	-6.007263	9.451977	10503	-3.381518E-11	-2.957252E+10	15.901695	0.676023	0	0
0	0	0	0.155276	9.452217	-6.024679	9.452217	10394	-1.572156E-11	-6.360691E+10	15.908022	0.674911	0	0
0	0	0	0.141048	9.452092	-6.039859	9.452092	10298.5	-2.153394E-11	-4.643832E+10	15.903199	0.673601	0	0
0	0	0	0.127523	9.451884	-6.054231	9.451884	10208.5	-5.886026E-11	-1.698939E+10	15.901766	0.672132	0	0
0	0	0	0.114864	9.452082	-6.06794	9.452082	10125	-2.186804E-11	-4.572884E+10	15.898875	0.671061	0	0
0	0	0	0.103168	9.452165	-6.08054	9.452165	10048.5	-1.717904E-11	-5.821049E+10	15.900481	0.669473	0	0
0	0	0	0.091571	9.451894	-6.092803	9.451894	9973.5	-5.286028E-11	-1.89178E+10	15.88875	0.668639	0	0
0	0	0	0.080839	9.451956	-6.104356	9.451956	9904	-3.535637E-11	-2.828345E+10	15.901795	0.667289	0	0
0	0	0	0.070956	9.452102	-6.115052	9.452102	9841	-1.994182E-11	-5.014586E+10	15.900225	0.6659	0	0
0	0	0	0.060274	9.451811	-6.12632	9.451811	9772.5	-1.463976E-10	-6.830711E+9	15.887946	0.664947	0	0
0	0	0	0.050669	9.451946	-6.136712	9.451946	9712	-3.666582E-11	-2.727336E+10	15.899172	0.663598	0	0
0	0	0	0.040966	9.451904	-6.147093	9.451904	9651	-4.732806E-11	-2.112911E+10	15.893006	0.662327	0	0
0	0	0	0.032701	9.452363	-6.156259	9.452363	9599.5	-1.097717E-11	-9.109812E+10	15.896041	0.661176	0	0
0	0	0	0.025563	9.452207	-6.163814	9.452207	9555	-1.479354E-11	-6.759705E+10	15.896442	0.660065	0	0
0	0	0	0.017346	9.451956	-6.172463	9.451956	9504.5	-3.393019E-11	-2.947228E+10	15.885681	0.658755	0	0
0	0	0	0.009489	9.452165	-6.181028	9.452165	9456	-1.616609E-11	-6.185787E+10	15.89078	0.657405	0	0
0	0	0	0.002808	9.451727	-6.187908	9.451727	9415	1.706531E-10	5.85984E+9	15.887502	0.656294	0	0
0	0	0	-0.003889	9.451831	-6.19516	9.451831	9374.5	-9.641175E-11	-1.037218E+10	15.871551	0.655301	0	0
0	0	0	-0.0099	9.451977	-6.201703	9.451977	9338	-3.006438E-11	-3.326196E+10	15.885581	0.653991	0	0
0	0	0	-0.016891	9.451665	-6.208998	9.451665	9295.5	6.34016E-11	1.577247E+10	15.892599	0.652483	0	0
0	0	0	-0.023115	9.451852	-6.215797	9.451852	9258.5	-7.249351E-11	-1.379434E+10	15.879254	0.651411	0	0
0	0	0	-0.028342	9.452436	-6.221786	9.452436	9227	-9.403988E-12	-1.063379E+11	15.887576	0.650141	0	0
0	0	0	-0.035268	9.452092	-6.22899	9.452092	9185.5	-1.920668E-11	-5.206521E+10	15.8788	0.64895	0	0
0	0	0	-0.040609	9.451623	-6.234412	9.451623	9154	4.409977E-11	2.267586E+10	15.870261	0.647759	0	0
0	0	0	-0.046	9.451988	-6.240434	9.451988	9122	-2.799528E-11	-3.57203E+10	15.884077	0.646211	0	0
0	0	0	-0.051749	9.451967	-6.246588	9.451967	9088	-3.076926E-11	-3.249997E+10	15.883965	0.645139	0	0
0	0	0	-0.056944	9.452394	-6.25244	9.452394	9057	-9.842236E-12	-1.016029E+11	15.874179	0.644028	0	0
0	0	0	-0.061436	9.451998	-6.256999	9.451998	9031	-2.647758E-11	-3.77678E+10	15.878632	0.642757	0	0
0	0	0	-0.067561	9.452248	-6.263733	9.452248	8995	-1.272544E-11	-7.858272E+10	15.870223	0.641685	0	0
0	0	0	-0.072184	9.451967	-6.268507	9.451967	8968	-3.036298E-11	-3.293485E+10	15.86147	0.640495	0	0
0	0	0	-0.075892	9.451977	-6.272492	9.451977	8946.5	-2.880391E-11	-3.47175E+10	15.870248	0.639105	0	0
0	0	0	-0.080531	9.452238	-6.277639	9.452238	8920	-1.289742E-11	-7.753488E+10	15.871137	0.637676	0	0
0	0	0	-0.084566	9.452154	-6.281912	9.452154	8896.5	-1.561645E-11	-6.403503E+10	15.878184	0.636247	0	0
0	0	0	-0.088355	9.451967	-6.285854	9.451967	8874.5	-3.004641E-11	-3.328184E+10	15.884958	0.634937	0	0
0	0	0	-0.091998	9.451977	-6.289768	9.451977	8853.5	-2.850449E-11	-3.508219E+10	15.875381	0.633707	0	0
0	0	0	-0.095935	9.45205	-6.294039	9.45205	8831	-2.116308E-11	-4.725209E+10	15.8779	0.632436	0	0
0	0	0	-0.099299	9.452175	-6.29773	9.452175	8812	-1.468254E-11	-6.810809E+10	15.878675	0.631364	0	0
0	0	0	-0.10255	9.452186	-6.301224	9.452186	8793	-1.428806E-11	-6.998851E+10	15.871167	0.630293	0	0
0	0	0	-0.105833	9.452061	-6.304664	9.452061	8774.5	-2.028675E-11	-4.929326E+10	15.870173	0.629102	0	0
0	0	0	-0.108643	9.451946	-6.307603	9.451946	8758.5	-3.306606E-11	-3.024249E+10	15.880547	0.627752	0	0
0	0	0	-0.111567	9.452165	-6.310882	9.452165	8742	-1.494543E-11	-6.69101E+10	15.869535	0.626561	0	0
0	0	0	-0.114295	9.451717	-6.313515	9.451717	8726.5	1.239369E-10	8.068622E+9	15.867798	0.62541	0	0
0	0	0	-0.116189	9.452175	-6.315848	9.452175	8715.5	-1.452176E-11	-6.88622E+10	15.867983	0.624299	0	0
0	0	0	-0.118656	9.452373	-6.318624	9.452373	8702	-9.78042E-12	-1.022451E+11	15.860849	0.623266	0	0
0	0	0	-0.120502	9.451967	-6.320337	9.451967	8691.5	-2.942683E-11	-3.398259E+10	15.870341	0.621718	0	0
0	0	0	-0.122184	9.451696	-6.321964	9.451696	8682	8.605266E-11	1.162079E+10	15.862211	0.620686	0	0
0	0	0	-0.124324	9.451956	-6.32443	9.451956	8670	-3.09511E-11	-3.230903E+10	15.863075	0.619257	0	0
0	0	0	-0.125533	9.452154	-6.325857	9.452154	8663	-1.520658E-11	-6.576101E+10	15.858114	0.618344	0	0
0	0	0	-0.127395	9.452227	-6.327902	9.452227	8652.5	-1.279254E-11	-7.817055E+10	15.863626	0.617114	0	0
0	0	0	-0.128604	9.452092	-6.32911	9.452092	8646	-1.80786E-11	-5.531402E+10	15.860794	0.615843	0	0
0	0	0	-0.129829	9.452071	-6.33041	9.452071	8639	-1.929364E-11	-5.183055E+10	15.856667	0.614811	0	0
0	0	0	-0.131283	9.45228	-6.332107	9.45228	8631	-1.146866E-11	-8.719417E+10	15.861054	0.613462	0	0
0	0	0	-0.132018	9.451915	-6.332656	9.451915	8626.5	-3.93621E-11	-2.540515E+10	15.848232	0.612469	0	0
0	0	0	-0.133586	9.451936	-6.334352	9.451936	8618	-3.452193E-11	-2.896709E+10	15.848764	0.611358	0	0
0	0	0	-0.134517	9.452165	-6.335501	9.452165	8613	-1.472489E-11	-6.791223E+10	15.849931	0.610246	0	0
0	0	0	-0.135497	9.452363	-6.336682	9.452363	8607	-9.842236E-12	-1.016029E+11	15.849903	0.609016	0	0
0	0	0	-0.136346	9.451956	-6.337326	9.451956	8602.5	-3.071013E-11	-3.256254E+10	15.854222	0.607785	0	0
0	0	0	-0.137571	9.451998	-6.338668	9.451998	8595.5	-2.520076E-11	-3.968135E+10	15.85345	0.606832	0	0
0	0	0	-0.137751	9.451977	-6.338847	9.451977	8594.5	-2.767062E-11	-3.613941E+10	15.838781	0.605721	0	0
0	0	0	-0.138993	9.452165	-6.340302	9.452165	8587.5	-1.468129E-11	-6.811389E+10	15.841734	0.60453	0	0
0	0	0	-0.138976	9.452123	-6.340257	9.452123	8588	-1.639037E-11	-6.101145E+10	15.838628	0.603418	0	0
0	0	0	-0.140071	9.452154	-6.341451	9.452154	8581.5	-1.506352E-11	-6.638555E+10	15.823031	0.602426	0	0
0	0	0	-0.140724	9.452165	-6.342159	9.452165	8578.5	-1.466591E-11	-6.818535E+10	15.839097	0.601116	0	0
0	0	0	-0.1411	9.452217	-6.342596	9.452217	8576	-1.297173E-11	-7.709075E+10	15.834151	0.600124	0	0
0	0	0	-0.141949	9.452248	-6.343528	9.452248	8571.5	-1.212631E-11	-8.246533E+10	15.823452	0.599052	0	0
0	0	0	-0.142292	9.452123	-6.343814	9.452123	8569.5	-1.635506E-11	-6.114316E+10	15.824903	0.598139	0	0
0	0	0	-0.14355	9.451738	-6.34491	9.451738	8562.5	2.14438E-10	4.663352E+9	15.833921	0.596591	0	0
0	0	0	-0.144073	9.451956	-6.345614	9.451956	8559.5	-3.055663E-11	-3.272613E+10	15.819334	0.595837	0	0
0	0	0	-0.144873	9.452009	-6.346507	9.452009	8555	-2.400922E-11	-4.165067E+10	15.839402	0.594249	0	0
0	0	0	-0.145396	9.452342	-6.347287	9.452342	8552	-1.013251E-11	-9.869218E+10	15.823191	0.593455	0	0
0	0	0	-0.145592	9.452019	-6.347285	9.452019	8551	-2.301366E-11	-4.345245E+10	15.822133	0.592224	0	0
0	0	0	-0.146752	9.451977	-6.348501	9.451977	8545	-2.751125E-11	-3.634876E+10	15.823404	0.591232	0	0
0	0	0	-0.147225	9.451988	-6.349016	9.451988	8542	-2.621527E-11	-3.81457E+10	15.807338	0.5902	0	0
0	0	0	-0.147699	9.451967	-6.349511	9.451967	8539.5	-2.89122E-11	-3.458747E+10	15.808235	0.589088	0	0
0	0	0	-0.147977	9.452332	-6.350048	9.452332	8538	-1.030195E-11	-9.7069E+10	15.821833	0.587778	0	0
0	0	0	-0.148744	9.452123	-6.350735	9.452123	8533.5	-1.628635E-11	-6.14011E+10	15.804923	0.586865	0	0
0	0	0	-0.149528	9.452009	-6.351501	9.452009	8529.5	-2.393765E-11	-4.177519E+10	15.813329	0.585516	0	0
0	0	0	-0.150329	9.452196	-6.352482	9.452196	8525	-1.351781E-11	-7.397647E+10	15.807838	0.584841	0	0
0	0	0	-0.150672	9.45204	-6.352748	9.45204	8523	-2.119924E-11	-4.717151E+10	15.807015	0.583451	0	0
0	0	0	-0.151129	9.452196	-6.353341	9.452196	8520.5	-1.351068E-11	-7.401554E+10	15.803138	0.582578	0	0
0	0	0	-0.150982	9.452269	-6.353231	9.452269	8521.5	-1.15572E-11	-8.652614E+10	15.807697	0.581308	0	0
0	0	0	-0.151636	9.452154	-6.353857	9.452154	8517.5	-1.495118E-11	-6.688437E+10	15.790632	0.580315	0	0
0	0	0	-0.151848	9.452217	-6.354126	9.452217	8516.5	-1.288173E-11	-7.762934E+10	15.795197	0.579323	0	0
0	0	0	-0.152403	9.45229	-6.354769	9.45229	8513.5	-1.108798E-11	-9.018774E+10	15.800695	0.578172	0	0
0	0	0	-0.152746	9.452436	-6.355233	9.452436	8511.5	-8.674763E-12	-1.152769E+11	15.785145	0.577021	0	0
0	0	0	-0.152975	9.452144	-6.355287	9.452144	8510	-1.534862E-11	-6.515243E+10	15.784702	0.576306	0	0
0	0	0	-0.152926	9.452154	-6.355241	9.452154	8510.5	-1.493889E-11	-6.693938E+10	15.79097	0.575155	0	0
0	0	0	-0.153596	9.452134	-6.355946	9.452134	8506.5	-1.577595E-11	-6.338762E+10	15.785774	0.573885	0	0
0	0	0	-0.153498	9.45228	-6.355936	9.45228	8507.5	-1.130455E-11	-8.845994E+10	15.787359	0.573051	0	0
0	0	0	-0.153351	9.452405	-6.355861	9.452405	8508	-9.095008E-12	-1.099504E+11	15.787867	0.571622	0	0
0	0	0	-0.153563	9.452488	-6.356143	9.452488	8507	-8.045345E-12	-1.242955E+11	15.761948	0.571106	0	0
0	0	0	-0.153514	9.452269	-6.355947	9.452269	8507.5	-1.153821E-11	-8.666852E+10	15.782185	0.569756	0	0
0	0	0	-0.154037	9.451998	-6.35633	9.451998	8504.5	-2.493396E-11	-4.010595E+10	15.773332	0.568684	0	0
0	0	0	-0.154184	9.452217	-6.356631	9.452217	8503.5	-1.286206E-11	-7.774802E+10	15.763766	0.567732	0	0
0	0	0	-0.153465	9.452321	-6.355929	9.452321	8507.5	-1.045745E-11	-9.562558E+10	15.776453	0.56662	0	0
0	0	0	-0.153334	9.452165	-6.355686	9.452165	8508	-1.454538E-11	-6.875036E+10	15.76619	0.565469	0	0
0	0	0	-0.153383	9.452113	-6.355704	9.452113	8508	-1.672413E-11	-5.979383E+10	15.757103	0.564635	0	0
0	0	0	-0.152779	9.451946	-6.354947	9.451946	8511.5	-3.213356E-11	-3.112011E+10	15.764275	0.563564	0	0
0	0	0	-0.1534	9.45229	-6.355838	9.45229	8508	-1.108082E-11	-9.024604E+10	15.760801	0.562333	0	0
0	0	0	-0.153269	9.452144	-6.355602	9.452144	8508.5	-1.534592E-11	-6.516392E+10	15.751735	0.56138	0	0
0	0	0	-0.153416	9.452342	-6.35589	9.452342	8508	-1.008038E-11	-9.920258E+10	15.766817	0.560269	0	0
0	0	0	-0.152975	9.45204	-6.355218	9.45204	8510	-2.11669E-11	-4.724357E+10	15.755473	0.559276	0	0
0	0	0	-0.152665	9.451842	-6.354755	9.451842	8512	-7.567941E-11	-1.321363E+10	15.738372	0.558562	0	0
0	0	0	-0.153122	9.451644	-6.355116	9.451644	8509.5	4.805078E-11	2.081132E+10	15.747927	0.557411	0	0
0	0	0	-0.153138	9.452102	-6.355435	9.452102	8509.5	-1.724367E-11	-5.799229E+10	15.734289	0.556418	0	0
0	0	0	-0.153187	9.452123	-6.355501	9.452123	8509	-1.623959E-11	-6.157789E+10	15.730251	0.555505	0	0
0	0	0	-0.153514	9.452394	-6.356029	9.452394	8507.5	-9.245095E-12	-1.081655E+11	15.753059	0.554235	0	0
0	0	0	-0.153171	9.451831	-6.355292	9.451831	8509.5	-8.751568E-11	-1.142652E+10	15.740213	0.553163	0	0
0	0	0	-0.153481	9.452425	-6.356015	9.452425	8507.5	-8.807492E-12	-1.135397E+11	15.736589	0.552211	0	0
0	0	0	-0.153318	9.452071	-6.355607	9.452071	8508.5	-1.900219E-11	-5.262551E+10	15.739659	0.551218	0	0
0	0	0	-0.15389	9.451925	-6.356124	9.451925	8505.5	-3.628658E-11	-2.75584E+10	15.714508	0.550464	0	0
0	0	0	-0.153988	9.452217	-6.356421	9.452217	8504.5	-1.286358E-11	-7.773888E+10	15.728767	0.549194	0	0
0	0	0	-0.153792	9.452144	-6.356163	9.452144	8506	-1.534141E-11	-6.518307E+10	15.73708	0.548162	0	0
0	0	0	-0.154233	9.452061	-6.356581	9.452061	8503.5	-1.96602E-11	-5.086419E+10	15.717578	0.547249	0	0
0	0	0	-0.154086	9.452082	-6.356437	9.452082	8504	-1.836699E-11	-5.44455E+10	15.732463	0.546058	0	0
0	0	0	-0.155197	9.451967	-6.357553	9.451967	8498	-2.87717E-11	-3.475638E+10	15.726956	0.545184	0	0
0	0	0	-0.155409	9.4523	-6.358	9.4523	8496.5	-1.085047E-11	-9.216192E+10	15.704328	0.544192	0	0
0	0	0	-0.155785	9.451915	-6.35815	9.451915	8494.5	-3.875979E-11	-2.579993E+10	15.718047	0.54312	0	0
0	0	0	-0.155899	9.4523	-6.358526	9.4523	8494	-1.084728E-11	-9.218905E+10	15.725057	0.541969	0	0
0	0	0	-0.156765	9.45205	-6.35929	9.45205	8489.5	-2.034469E-11	-4.915286E+10	15.700287	0.541175	0	0
0	0	0	-0.156079	9.451831	-6.358411	9.451831	8493.5	-8.735113E-11	-1.144805E+10	15.709698	0.540302	0	0
0	0	0	-0.156601	9.452269	-6.359259	9.452269	8490.5	-1.151516E-11	-8.684205E+10	15.70205	0.539309	0	0
0	0	0	-0.156977	9.452446	-6.359778	9.452446	8488	-8.518497E-12	-1.173916E+11	15.679163	0.538317	0	0
0	0	0	-0.156928	9.45204	-6.359459	9.45204	8488.5	-2.111342E-11	-4.736323E+10	15.707051	0.537205	0	0
0	0	0	-0.157369	9.451998	-6.359904	9.451998	8486	-2.487972E-11	-4.019338E+10	15.702961	0.536134	0	0
0	0	0	-0.157696	9.452259	-6.360426	9.452259	8484	-1.17492E-11	-8.511221E+10	15.689033	0.535141	0	0
0	0	0	-0.158251	9.452259	-6.361022	9.452259	8481.5	-1.174573E-11	-8.51373E+10	15.68878	0.534427	0	0
0	0	0	-0.158039	9.452373	-6.360869	9.452373	8482.5	-9.533718E-12	-1.048909E+11	15.683641	0.533315	0	0
0	0	0	-0.158104	9.452311	-6.360898	9.452311	8482	-1.062516E-11	-9.411627E+10	15.670329	0.532482	0	0
0	0	0	-0.158594	9.452509	-6.361554	9.452509	8479	-7.794183E-12	-1.283008E+11	0	0	0	0
0	0	0	-0.158562	9.452019	-6.361197	9.452019	8479.5	-2.282123E-11	-4.381885E+10	0	0	0	0
0	0	0	-0.158807	9.452248	-6.36161	9.452248	8478	-1.199403E-11	-8.33748E+10	0	0	0	0
0	0	0	-0.158921	9.452384	-6.361822	9.452384	8477.5	-9.367638E-12	-1.067505E+11	0	0	0	0
0	0	0	-0.158986	9.452113	-6.361714	9.452113	8477	-1.66632E-11	-6.001249E+10	0	0	0	0
0	0	0	-0.158447	9.452082	-6.361116	9.452082	8480	-1.831515E-11	-5.459959E+10	0	0	0	0
0	0	0	-0.158741	9.452029	-6.361397	9.452029	8478.5	-2.191946E-11	-4.562155E+10	0	0	0	0
0	0	0	-0.158758	9.452061	-6.361435	9.452061	8478.5	-1.96024E-11	-5.101417E+10	0	0	0	0
0	0	0	-0.158758	9.452592	-6.361784	9.452592	8478.5	-7.008264E-12	-1.426887E+11	0	0	0	0
0	0	0	-0.158594	9.4523	-6.361417	9.4523	8479	-1.082812E-11	-9.235214E+10	0	0	0	0
0	0	0	-0.158594	9.452061	-6.36126	9.452061	8479	-1.960355E-11	-5.101117E+10	0	0	0	0
0	0	0	-0.158267	9.451956	-6.360841	9.451956	8481	-3.027639E-11	-3.302904E+10	0	0	0	0
0	0	0	-0.157941	9.451998	-6.360518	9.451998	8483	-2.487092E-11	-4.02076E+10	0	0	0	0
0	0	0	-0.157353	9.451873	-6.359805	9.451873	8486	-5.36424E-11	-1.864197E+10	0	0	0	0
0	0	0	-0.157598	9.452227	-6.3603	9.452227	8484.5	-1.254416E-11	-7.971839E+10	0	0	0	0
0	0	0	-0.157826	9.452186	-6.360518	9.452186	8483.5	-1.378514E-11	-7.254187E+10	0	0	0	0
0	0	0	-0.157189	9.452259	-6.359883	9.452259	8487	-1.175335E-11	-8.508213E+10	0	0	0	0
0	0	0	-0.157026	9.452092	-6.359598	9.452092	8488	-1.774823E-11	-5.634366E+10	0	0	0	0
0	0	0	-0.157336	9.452144	-6.359965	9.452144	8486	-1.530534E-11	-6.533669E+10	0	0	0	0
0	0	0	-0.156748	9.451936	-6.359198	9.451936	8489.5	-3.400719E-11	-2.940555E+10	0	0	0	0
0	0	0	-0.156846	9.451852	-6.359248	9.451852	8489	-6.646837E-11	-1.504475E+10	0	0	0	0
0	0	0	-0.15652	9.452175	-6.35911	9.452175	8490.5	-1.414686E-11	-7.068706E+10	0	0	0	0
0	0	0	-0.156324	9.452134	-6.358872	9.452134	8492	-1.574906E-11	-6.349585E+10	0	0	0	0
0	0	0	-0.156373	9.452165	-6.358945	9.452165	8491.5	-1.451717E-11	-6.888395E+10	0	0	0	0
0	0	0	-0.156667	9.451988	-6.359144	9.451988	8490	-2.605569E-11	-3.837934E+10	0	0	0	0
0	0	0	-0.157108	9.451821	-6.359508	9.451821	8487.5	-1.035142E-10	-9.660508E+9	0	0	0	0
0	0	0	-0.15652	9.452113	-6.359068	9.452113	8490.5	-1.668974E-11	-5.991707E+10	0	0	0	0
0	0	0	-0.157075	9.451894	-6.359521	9.451894	8487.5	-4.498437E-11	-2.222994E+10	0	0	0	0
0	0	0	-0.15603	9.452113	-6.358543	9.452113	8493.5	-1.669563E-11	-5.98959E+10	0	0	0	0
0	0	0	-0.157189	9.45204	-6.359739	9.45204	8487	-2.110969E-11	-4.73716E+10	0	0	0	0
0	0	0	-0.157091	9.452217	-6.35975	9.452217	8487.5	-1.283786E-11	-7.789458E+10	0	0	0	0
0	0	0	-0.157255	9.452175	-6.359898	9.452175	8486.5	-1.41402E-11	-7.072038E+10	0	0	0	0
0	0	0	-0.157091	9.451925	-6.359559	9.451925	8487.5	-3.620979E-11	-2.761684E+10	0	0	0	0
0	0	0	-0.157941	9.452082	-6.360572	9.452082	8483	-1.832163E-11	-5.458028E+10	0	0	0	0
0	0	0	-0.158137	9.451863	-6.360639	9.451863	8482	-5.933322E-11	-1.685396E+10	0	0	0	0
0	0	0	-0.158137	9.452154	-6.36083	9.452154	8482	-1.488886E-11	-6.71643E+10	0	0	0	0
0	0	0	-0.159019	9.452248	-6.361838	9.452248	8477	-1.199262E-11	-8.338464E+10	0	0	0	0
0	0	0	-0.159068	9.451831	-6.361617	9.451831	8476.5	-8.717629E-11	-1.147101E+10	0	0	0	0
0	0	0	-0.159558	9.452436	-6.36254	9.452436	8474	-8.636544E-12	-1.157871E+11	0	0	0	0
0	0	0	-0.159836	9.452321	-6.362762	9.452321	8472.5	-1.041443E-11	-9.602061E+10	0	0	0	0
0	0	0	-0.15995	9.452019	-6.362687	9.452019	8472	-2.280105E-11	-4.385764E+10	0	0	0	0
0	0	0	-0.159917	9.452498	-6.362966	9.452498	8472	-7.898401E-12	-1.266079E+11	0	0	0	0
0	0	0	-0.160391	9.45205	-6.36318	9.45205	8469.5	-2.029677E-11	-4.926893E+10	0	0	0	0
0	0	0	-0.160015	9.452092	-6.362804	9.452092	8471.5	-1.771372E-11	-5.64534E+10	0	0	0	0
0	0	0	-0.160424	9.452123	-6.363263	9.452123	8469	-1.616325E-11	-6.186873E+10	0	0	0	0
0	0	0	-0.160342	9.451967	-6.363073	9.451967	8470	-2.86769E-11	-3.487128E+10	0	0	0	0
0	0	0	-0.160799	9.452144	-6.36368	9.452144	8467	-1.527107E-11	-6.548331E+10	0	0	0	0
0	0	0	-0.161028	9.452113	-6.363905	9.452113	8466	-1.664158E-11	-6.009046E+10	0	0	0	0
0	0	0	-0.160995	9.452175	-6.36391	9.452175	8466	-1.410604E-11	-7.089163E+10	0	0	0	0
0	0	0	-0.161061	9.452029	-6.363885	9.452029	8466	-2.188715E-11	-4.568891E+10	0	0	0	0
0	0	0	-0.160979	9.452248	-6.363941	9.452248	8466	-1.197705E-11	-8.349298E+10	0	0	0	0
0	0	0	-0.160946	9.45204	-6.363769	9.45204	8466.5	-2.10587E-11	-4.74863E+10	0	0	0	0
0	0	0	-0.160832	9.452175	-6.363735	9.452175	8467	-1.41077E-11	-7.088325E+10	0	0	0	0
0	0	0	-0.161077	9.45228	-6.364066	9.45228	8466	-1.124941E-11	-8.889356E+10	0	0	0	0
0	0	0	-0.160718	9.4523	-6.363695	9.4523	8467.5	-1.081343E-11	-9.247756E+10	0	0	0	0
0	0	0	-0.16075	9.45228	-6.363716	9.45228	8467.5	-1.12514E-11	-8.887782E+10	0	0	0	0
0	0	0	-0.160456	9.452175	-6.363332	9.452175	8469	-1.411104E-11	-7.086651E+10	0	0	0	0
0	0	0	-0.160473	9.451842	-6.363131	9.451842	8469	-7.529711E-11	-1.328072E+10	0	0	0	0
0	0	0	-0.159101	9.451936	-6.361721	9.451936	8476.5	-3.395511E-11	-2.945065E+10	0	0	0	0
0	0	0	-0.159721	9.452321	-6.36264	9.452321	8473	-1.041504E-11	-9.601495E+10	0	0	0	0
0	0	0	-0.159836	9.452154	-6.362653	9.452154	8472.5	-1.487219E-11	-6.723961E+10	0	0	0	0
0	0	0	-0.159133	9.451936	-6.361756	9.451936	8476.5	-3.395511E-11	-2.945065E+10	0	0	0	0
0	0	0	-0.158888	9.452154	-6.361636	9.452154	8478	-1.488184E-11	-6.719599E+10	0	0	0	0
0	0	0	-0.159019	9.452165	-6.361784	9.452165	8477	-1.449238E-11	-6.900178E+10	0	0	0	0
0	0	0	-0.158823	9.452134	-6.361553	9.452134	8478	-1.57231E-11	-6.36007E+10	0	0	0	0
0	0	0	-0.158398	9.451873	-6.360926	9.451873	8480.5	-5.360763E-11	-1.865406E+10	0	0	0	0
0	0	0	-0.158921	9.451946	-6.361535	9.451946	8477.5	-3.20052E-11	-3.124492E+10	0	0	0	0
0	0	0	-0.158349	9.452196	-6.361086	9.452196	8480.5	-1.344725E-11	-7.436465E+10	0	0	0	0
0	0	0	-0.157908	9.452061	-6.360524	9.452061	8483	-1.96128E-11	-5.098711E+10	0	0	0	0
0	0	0	-0.158611	9.452082	-6.361291	9.452082	8479	-1.831299E-11	-5.460603E+10	0	0	0	0
0	0	0	-0.158202	9.452102	-6.360866	9.452102	8481.5	-1.718693E-11	-5.818374E+10	0	0	0	0
0	0	0	-0.158055	9.452123	-6.360722	9.452123	8482.5	-1.618902E-11	-6.177027E+10	0	0	0	0
0	0	0	-0.158414	9.452123	-6.361108	9.452123	8480.5	-1.61852E-11	-6.178484E+10	0	0	0	0
0	0	0	-0.157794	9.451852	-6.360264	9.451852	8484	-6.642922E-11	-1.505362E+10	0	0	0	0
0	0	0	-0.158398	0	-0.158398	0	8480.5	0	0	0	0	0	0
0	0	0	-0.158251	0	-0.158251	0	8481.5	0	0	0	0	0	0
