Vload_(V)	ILoad_(A)	RsLoad_(ohm)	SunsVoc_Voltage_(V)	SunsVoc_Current_(A)	Model_Voltage_(V)	Model_Current_(A)	Carrier_Density_(cm-3)	Lifetime_(s)	Inverse_Lifetime_(s-1)	(Carrier_Density+Doping)/qWni^2_(cm^2/C)	Carrier_Density_at_Vmp_(cm-3)	Lifetime_at_Vmp_(s)	Efficiency_(%)	Intensity_(suns)	Dark_IV_Voltage_(V)	Dark_IV_Current_(A)
3.933141	6.36107	0	65.44847	0.045714	65.426971	0.045714	3.92146E+15	0.000245	4056.626092	3.181337E+16	2.842682E+14	0.000411	19.616599	1.125523	0	0
3.382082	6.364003	-0.553103	65.263929	0.480295	65.037805	0.480295	3.74195E+15	0.000249	3997.208274	3.097149E+16	0	0	19.706396	1.122988	0	0
6.101004	6.362771	-0.979592	65.075264	0.876679	64.662054	0.876679	3.566798E+15	0.000255	3906.515884	3.015005E+16	0	0	19.624927	1.118843	0	0
11.83537	6.342224	5.899735	64.901954	1.235589	64.31897	1.235589	3.394912E+15	0.00026	3829.220768	2.934393E+16	0	0	19.55391	1.116523	0	0
17.638318	6.33849	5.088202	64.728602	1.569546	63.987278	1.569546	3.243194E+15	0.000266	3747.294541	2.863239E+16	0	0	19.646325	1.113541	0	0
22.651562	6.33655	4.343086	64.553985	1.880212	63.664998	1.880212	3.097162E+15	0.000271	3669.477272	2.794752E+16	0	0	19.612355	1.108902	0	0
28.497317	6.305698	3.82902	64.385207	2.16924	63.358527	2.16924	2.955661E+15	0.000277	3596.948597	2.72839E+16	0	0	19.573903	1.101161	0	0
34.424525	6.305941	2.886837	64.215327	2.436372	63.061044	2.436372	2.824058E+15	0.000283	3522.702253	2.66667E+16	0	0	19.603777	1.093269	0	0
39.872745	6.319315	1.889737	64.043242	2.688756	62.768075	2.688756	2.696562E+15	0.000288	3455.065492	2.606876E+16	0	0	19.564682	1.086851	0	0
45.644448	6.296756	1.179964	63.867032	2.925711	62.478027	2.925711	2.572329E+15	0.000294	3389.872516	2.548612E+16	0	0	19.576352	1.078034	0	0
47.275136	6.274414	1.059391	63.69756	3.143532	62.203634	3.143532	2.450084E+15	0.000299	3330.187319	2.491281E+16	0	0	19.621155	1.067663	0	0
48.55274	6.247571	0.979148	63.526087	3.346588	61.934036	3.346588	2.3371E+15	0.000305	3270.536477	2.438293E+16	0	0	19.551213	1.058001	0	0
50.001568	6.235802	0.792406	63.360127	3.532237	61.678098	3.532237	2.227215E+15	0.00031	3215.991725	2.386758E+16	0	0	19.541467	1.04814	0	0
50.965122	6.230822	0.655626	63.194984	3.70449	61.429196	3.70449	2.124976E+15	0.000315	3163.738942	2.338809E+16	0	0	19.61155	1.038406	0	0
52.866181	6.156413	0.55711	63.033067	3.86486	61.189064	3.86486	2.02713E+15	0.00032	3115.059147	2.292921E+16	0	0	19.547748	1.028569	0	0
54.345687	6.042755	0.522272	62.868169	4.015622	60.950359	4.015622	1.934849E+15	0.000325	3067.113701	2.249642E+16	0	0	19.55866	1.017647	0	0
55.286413	5.947525	0.492653	62.701964	4.156623	60.714856	4.156623	1.844474E+15	0.00033	3023.554436	2.207258E+16	0	0	19.610824	1.007985	0	0
56.730385	5.692953	0.487118	62.542946	4.288161	60.491025	4.288161	1.756952E+15	0.000335	2983.798771	2.166211E+16	0	0	19.546688	0.998818	0	0
58.155682	5.30774	0.483249	62.380049	4.411111	60.26726	4.411111	1.676466E+15	0.000339	2940.8443	2.128464E+16	0	0	19.565126	0.98859	0	0
59.55231	4.773397	0.472884	62.221807	4.524229	60.05281	4.524229	1.597214E+15	0.000344	2904.053579	2.091296E+16	0	0	19.616003	0.978665	0	0
60.94731	4.029234	0.466247	62.065036	4.629911	59.843316	4.629911	1.523231E+15	0.000348	2868.78462	2.056599E+16	0	0	19.542272	0.969314	0	0
62.262303	3.114851	0.45844	61.910224	4.728024	59.639351	4.728024	1.45277E+15	0.000352	2835.167828	2.023553E+16	0	0	19.567925	0.95966	0	0
63.423303	2.115735	0.482252	61.757169	4.819016	59.440502	4.819016	1.385874E+15	0.000356	2803.857827	1.99218E+16	0	0	19.637143	0.950261	0	0
64.340324	1.197364	0.520884	61.604603	4.904882	59.244538	4.904882	1.322284E+15	0.00036	2775.209462	1.962357E+16	0	0	19.54931	0.941245	0	0
54.245313	6.071682	0.493524	61.452895	4.98598	59.051666	4.98598	1.261343E+15	0.000364	2747.527292	1.933777E+16	0	0	19.581702	0.931415	0	0
65.466788	0	0	61.299513	5.062166	58.859394	5.062166	1.203094E+15	0.000367	2720.338525	1.906459E+16	0	0	19.61869	0.922471	0	0
0	0	0	61.148336	5.133801	58.671488	5.133801	1.146514E+15	0.000371	2696.63	1.879924E+16	0	0	19.534842	0.91367	0	0
0	0	0	60.997404	5.200083	58.486355	5.200083	1.092955E+15	0.000374	2672.945157	1.854805E+16	0	0	19.581152	0.90392	0	0
0	0	0	60.850229	5.262026	58.307075	5.262026	1.041604E+15	0.000377	2653.413403	1.830722E+16	0	0	19.624391	0.894793	0	0
0	0	0	60.701094	5.320309	58.127524	5.320309	9.935099E+14	0.000379	2633.586468	1.808166E+16	0	0	19.55516	0.885697	0	0
0	0	0	60.549508	5.375315	57.947023	5.375315	9.467095E+14	0.000382	2617.353111	1.786218E+16	0	0	19.588048	0.87633	0	0
0	0	0	60.404538	5.427082	57.774761	5.427082	9.010749E+14	0.000384	2604.704656	1.764816E+16	0	0	19.600389	0.867736	0	0
0	0	0	60.261447	5.477145	57.605191	5.477145	8.592008E+14	0.000386	2588.307709	1.745177E+16	0	0	19.539485	0.859373	0	0
0	0	0	60.11709	5.525412	57.435166	5.525412	8.195136E+14	0.000389	2568.300578	1.726564E+16	0	0	19.597518	0.850174	0	0
0	0	0	59.977878	5.568583	57.272804	5.568583	7.810804E+14	0.000392	2547.623871	1.70854E+16	0	0	19.605311	0.841947	0	0
0	0	0	59.837073	5.60937	57.109949	5.60937	7.454977E+14	0.000395	2531.409781	1.691852E+16	0	0	19.532606	0.834031	0	0
0	0	0	59.697657	5.647706	56.949664	5.647706	7.109415E+14	0.000397	2517.913913	1.675646E+16	0	0	19.585486	0.825334	0	0
0	0	0	59.558445	5.683735	56.790681	5.683735	6.781032E+14	0.000399	2505.289011	1.660245E+16	0	0	19.596081	0.817465	0	0
0	0	0	59.420703	5.717265	56.63438	5.717265	6.466377E+14	0.000401	2494.575386	1.645488E+16	0	0	19.50408	0.809661	0	0
0	0	0	59.285289	5.749291	56.481153	5.749291	6.167668E+14	0.000402	2485.981657	1.631479E+16	0	0	19.559488	0.801521	0	0
0	0	0	59.144934	5.779583	56.323725	5.779583	5.885861E+14	0.000404	2475.474528	1.618262E+16	0	0	19.572227	0.793884	0	0
0	0	0	59.010622	5.808953	56.172867	5.808953	5.60578E+14	0.000405	2470.512189	1.605127E+16	0	0	19.508265	0.786239	0	0
0	0	0	58.872554	5.836594	56.019013	5.836594	5.348838E+14	0.000407	2458.455458	1.593077E+16	0	0	19.560749	0.778148	0	0
0	0	0	58.739712	5.861821	55.871633	5.861821	5.095631E+14	0.000408	2451.467609	1.581202E+16	0	0	19.555486	0.77087	0	0
0	0	0	58.603073	5.886232	55.720771	5.886232	4.862122E+14	0.000409	2445.66253	1.57025E+16	0	0	19.477638	0.76383	0	0
0	0	0	58.470722	5.909057	55.575028	5.909057	4.631938E+14	0.000409	2441.707811	1.559455E+16	0	0	19.537743	0.756153	0	0
0	0	0	58.335716	5.93024	55.427374	5.93024	4.418324E+14	0.00041	2436.746661	1.549437E+16	0	0	19.516101	0.749345	0	0
0	0	0	58.199363	5.951082	55.278501	5.951082	4.20958E+14	0.00041	2437.753086	1.539647E+16	0	0	19.454565	0.742522	0	0
0	0	0	58.070401	5.970662	55.137748	5.970662	4.007812E+14	0.00041	2436.637062	1.530184E+16	0	0	19.517653	0.734988	0	0
0	0	0	57.939438	5.988572	54.995766	5.988572	3.825068E+14	0.000411	2431.14452	1.521614E+16	0	0	19.485154	0.728682	0	0
0	0	0	57.808352	6.006356	54.853709	6.006356	3.647255E+14	0.000411	2432.725127	1.513275E+16	0	0	19.422355	0.721763	0	0
0	0	0	57.677185	6.022944	54.712144	6.022944	3.47684E+14	0.000411	2430.146112	1.505282E+16	0	0	19.495847	0.714524	0	0
0	0	0	57.551041	6.038481	54.576194	6.038481	3.313623E+14	0.000411	2430.619067	1.497628E+16	0	0	19.441089	0.70837	0	0
0	0	0	57.422937	6.053266	54.438609	6.053266	3.163305E+14	0.000412	2429.146218	1.490578E+16	0	0	19.405624	0.701482	0	0
0	0	0	57.294342	6.067422	54.300825	6.067422	3.017083E+14	0.000411	2430.155039	1.48372E+16	0	0	19.475319	0.694642	0	0
0	0	0	57.165707	6.080729	54.163409	6.080729	2.876588E+14	0.000411	2431.638109	1.477131E+16	0	0	19.394465	0.688568	0	0
0	0	0	57.04042	6.093139	54.029833	6.093139	2.742117E+14	0.000411	2435.301695	1.470825E+16	0	0	19.361038	0.681887	0	0
0	0	0	56.914603	6.10541	53.895776	6.10541	2.616767E+14	0.00041	2438.998138	1.464946E+16	0	0	19.423342	0.675406	0	0
0	0	0	56.786049	6.117005	53.759262	6.117005	2.496261E+14	0.00041	2439.65348	1.459295E+16	0	0	19.335791	0.669682	0	0
0	0	0	56.661661	6.128084	53.627233	6.128084	2.37849E+14	0.000409	2444.342526	1.453771E+16	0	0	19.331035	0.663129	0	0
0	0	0	56.538661	6.138156	53.497107	6.138156	2.269494E+14	0.000409	2445.456335	1.44866E+16	0	0	19.392578	0.656967	0	0
0	0	0	56.413619	6.148023	53.364999	6.148023	2.166329E+14	0.000408	2451.175258	1.443821E+16	0	0	19.298647	0.651156	0	0
0	0	0	56.290293	6.157371	53.234886	6.157371	2.065976E+14	0.000407	2456.472194	1.439115E+16	0	0	19.314004	0.644523	0	0
0	0	0	56.169376	6.16645	53.107351	6.16645	1.971298E+14	0.000406	2461.495986	1.434675E+16	0	0	19.338088	0.638472	0	0
0	0	0	56.046335	6.175014	52.977906	6.175014	1.882455E+14	0.000406	2462.783857	1.430508E+16	0	0	19.25069	0.632788	0	0
0	0	0	55.923662	6.182738	52.849247	6.182738	1.795946E+14	0.000405	2467.834173	1.426451E+16	0	0	19.310521	0.626188	0	0
0	0	0	55.801846	6.190662	52.721355	6.190662	1.713455E+14	0.000403	2479.266134	1.422582E+16	0	0	19.314575	0.62048	0	0
0	0	0	55.675253	6.197837	52.588969	6.197837	1.635109E+14	0.000403	2482.609375	1.418908E+16	0	0	19.200041	0.615059	0	0
0	0	0	55.553601	6.204868	52.461677	6.204868	1.557309E+14	0.0004	2496.894402	1.415259E+16	0	0	19.266098	0.608921	0	0
0	0	0	55.434562	6.211583	52.337198	6.211583	1.48588E+14	0.000399	2504.215114	1.411909E+16	0	0	19.268146	0.603731	0	0
0	0	0	55.313604	6.218266	52.210777	6.218266	1.419022E+14	0.000398	2509.48051	1.408773E+16	0	0	19.163592	0.598206	0	0
0	0	0	55.193586	6.224501	52.085531	6.224501	1.35404E+14	0.000398	2512.329762	1.405726E+16	0	0	19.217818	0.592243	0	0
0	0	0	55.072383	6.230365	51.959261	6.230365	1.292388E+14	0.000397	2517.262011	1.402835E+16	0	0	19.184356	0.58711	0	0
0	0	0	54.95314	6.235687	51.835253	6.235687	1.232869E+14	0.000396	2525.493024	1.400043E+16	0	0	19.135282	0.581625	0	0
0	0	0	54.834428	6.241121	51.711725	6.241121	1.17689E+14	0.000394	2537.890342	1.397418E+16	0	0	19.195113	0.575885	0	0
0	0	0	54.715797	6.245881	51.588615	6.245881	1.123598E+14	0.000393	2543.062156	1.394918E+16	0	0	19.110372	0.571174	0	0
0	0	0	54.596269	6.250812	51.4645	6.250812	1.072672E+14	0.000391	2558.086633	1.39253E+16	0	0	19.08633	0.565538	0	0
0	0	0	54.47527	6.255435	51.339042	6.255435	1.023619E+14	0.00039	2565.905604	1.39023E+16	0	0	19.13484	0.560324	0	0
0	0	0	54.35811	6.259925	51.217553	6.259925	9.761778E+13	0.000388	2577.800187	1.388005E+16	0	0	19.025979	0.555549	0	0
0	0	0	54.239684	6.26417	51.094896	6.26417	9.322755E+13	0.000387	2584.477549	1.385946E+16	0	0	19.049419	0.550072	0	0
0	0	0	54.122564	6.268422	50.973562	6.268422	8.898483E+13	0.000385	2594.062494	1.383956E+16	0	0	19.090333	0.545177	0	0
0	0	0	54.005853	6.271987	50.852987	6.271987	8.497371E+13	0.000385	2597.301586	1.382075E+16	0	0	18.964455	0.540625	0	0
0	0	0	53.885957	6.275672	50.729107	6.275672	8.115176E+13	0.000382	2614.969064	1.380282E+16	0	0	19.01726	0.535189	0	0
0	0	0	53.77043	6.279316	50.609692	6.279316	7.739997E+13	0.00038	2628.326643	1.378523E+16	0	0	19.000312	0.530748	0	0
0	0	0	53.65376	6.282533	50.489327	6.282533	7.394517E+13	0.00038	2633.714534	1.376903E+16	0	0	18.889005	0.526029	0	0
0	0	0	53.53709	6.285743	50.368963	6.285743	7.060908E+13	0.000377	2649.620028	1.375338E+16	0	0	18.96183	0.520951	0	0
0	0	0	53.416459	6.288509	50.244789	6.288509	6.74202E+13	0.000376	2661.527803	1.373842E+16	0	0	18.897933	0.516782	0	0
0	0	0	53.298155	6.291615	50.12281	6.291615	6.427122E+13	0.000372	2689.408662	1.372366E+16	0	0	18.886927	0.511823	0	0
0	0	0	53.180913	6.294486	50.002029	6.294486	6.132304E+13	0.000371	2698.071457	1.370983E+16	0	0	18.901157	0.507375	0	0
0	0	0	53.0631	6.297175	49.880756	6.297175	5.853219E+13	0.000369	2709.853463	1.369674E+16	0	0	18.790059	0.503221	0	0
0	0	0	52.947941	6.299555	49.762339	6.299555	5.585331E+13	0.000367	2725.155681	1.368418E+16	0	0	18.834699	0.498231	0	0
0	0	0	52.830576	6.302146	49.64157	6.302146	5.335124E+13	0.000364	2746.676494	1.367244E+16	0	0	18.819186	0.494205	0	0
0	0	0	52.710353	6.304448	49.518035	6.304448	5.09146E+13	0.000363	2756.900911	1.366101E+16	0	0	18.719752	0.48986	0	0
0	0	0	52.594092	6.306775	49.398518	6.306775	4.85321E+13	0.00036	2779.231896	1.364984E+16	0	0	18.767136	0.485205	0	0
0	0	0	52.473256	6.308953	49.274419	6.308953	4.633256E+13	0.000358	2791.548188	1.363953E+16	0	0	18.686625	0.481442	0	0
0	0	0	52.356831	6.311026	49.154862	6.311026	4.415051E+13	0.000356	2811.976558	1.362929E+16	0	0	18.681046	0.476842	0	0
0	0	0	52.234076	6.312848	49.028988	6.312848	4.2144E+13	0.000354	2828.688671	1.361988E+16	0	0	18.723953	0.472482	0	0
0	0	0	52.111158	6.314923	48.902818	6.314923	4.012576E+13	0.000349	2862.809776	1.361042E+16	0	0	18.582892	0.468703	0	0
0	0	0	51.99506	6.316816	48.78368	6.316816	3.820043E+13	0.000347	2877.710566	1.360139E+16	0	0	18.62692	0.46396	0	0
0	0	0	51.870304	6.318536	48.655817	6.318536	3.64658E+13	0.000346	2890.925378	1.359325E+16	0	0	18.607906	0.460388	0	0
0	0	0	51.752695	6.320256	48.535227	6.320256	3.468849E+13	0.000342	2920.931889	1.358492E+16	0	0	18.501106	0.456323	0	0
0	0	0	51.635289	6.322239	48.41471	6.322239	3.30915E+13	0.00034	2938.086696	1.357743E+16	0	0	18.568263	0.451866	0	0
0	0	0	51.510248	6.323392	48.286841	6.323392	3.156983E+13	0.000341	2930.08648	1.357029E+16	0	0	18.476245	0.448407	0	0
0	0	0	51.392761	6.325078	48.16639	6.325078	3.002528E+13	0.000335	2989.276395	1.356305E+16	0	0	18.477844	0.44399	0	0
0	0	0	51.266821	6.326436	48.0375	6.326436	2.86423E+13	0.000334	2993.397758	1.355656E+16	0	0	18.481907	0.44022	0	0
0	0	0	51.137573	6.327861	47.905209	6.327861	2.722983E+13	0.00033	3029.864122	1.354994E+16	0	0	18.386856	0.436465	0	0
0	0	0	51.013716	6.328997	47.778551	6.328997	2.585201E+13	0.000327	3060.040328	1.354347E+16	0	0	18.420478	0.432327	0	0
0	0	0	50.889327	6.330544	47.651141	6.330544	2.459658E+13	0.000322	3106.240762	1.353759E+16	0	0	18.340273	0.428963	0	0
0	0	0	50.763428	6.331668	47.522409	6.331668	2.339662E+13	0.000322	3108.030852	1.353196E+16	0	0	18.33021	0.424722	0	0
0	0	0	50.634303	6.332792	47.390392	6.332792	2.224124E+13	0.000318	3149.088742	1.352654E+16	0	0	18.34009	0.421103	0	0
0	0	0	50.509465	6.333821	47.262788	6.333821	2.111507E+13	0.000313	3190.288792	1.352126E+16	0	0	18.204387	0.417691	0	0
0	0	0	50.377849	6.335139	47.128135	6.335139	2.008016E+13	0.000309	3232.630395	1.351641E+16	0	0	18.294295	0.413482	0	0
0	0	0	50.24709	6.335956	46.99461	6.335956	1.904359E+13	0.000308	3243.748199	1.351154E+16	0	0	18.209692	0.410444	0	0
0	0	0	50.114045	6.337086	46.858596	6.337086	1.806643E+13	0.000302	3311.401896	1.350696E+16	0	0	18.152927	0.406459	0	0
0	0	0	49.980101	6.338075	46.721739	6.338075	1.712333E+13	0.0003	3336.525041	1.350254E+16	0	0	18.204048	0.402911	0	0
0	0	0	49.842318	6.338908	46.581055	6.338908	1.62233E+13	0.000296	3376.510097	1.349832E+16	0	0	18.08004	0.39977	0	0
0	0	0	49.701595	6.339718	46.437388	6.339718	1.534656E+13	0.000291	3440.116402	1.349421E+16	0	0	18.135851	0.395617	0	0
0	0	0	49.558912	6.340644	46.291665	6.340644	1.449976E+13	0.000285	3507.895818	1.349023E+16	0	0	18.029079	0.392691	0	0
0	0	0	49.413166	6.341316	46.142956	6.341316	1.368863E+13	0.000281	3554.591306	1.348643E+16	0	0	18.017262	0.388896	0	0
0	0	0	49.260683	6.342465	45.98714	6.342465	1.29067E+13	0.000274	3645.969779	1.348276E+16	0	0	18.025388	0.385636	0	0
0	0	0	49.106402	6.342813	45.829908	6.342813	1.21362E+13	0.000274	3651.85084	1.347915E+16	0	0	17.918272	0.382383	0	0
0	0	0	48.946731	6.343897	45.666808	6.343897	1.140323E+13	0.000262	3813.861788	1.347571E+16	0	0	18.003791	0.378756	0	0
0	0	0	48.778035	6.344549	45.494743	6.344549	1.069107E+13	0.000261	3826.50012	1.347237E+16	0	0	17.879302	0.375982	0	0
0	0	0	48.607011	6.345089	45.320366	6.345089	9.986744E+12	0.000254	3940.779522	1.346907E+16	0	0	17.900895	0.371972	0	0
0	0	0	48.435457	6.345757	45.145382	6.345757	9.3199E+12	0.000245	4084.574544	1.346594E+16	0	0	17.881192	0.369222	0	0
0	0	0	48.255367	6.346376	44.961734	6.346376	8.695583E+12	0.000238	4194.960359	1.346301E+16	0	0	17.780803	0.366025	0	0
0	0	0	48.070541	6.347163	44.773176	6.347163	8.085023E+12	0.000231	4329.256521	1.346015E+16	0	0	17.847963	0.362645	0	0
0	0	0	47.876077	6.347752	44.57491	6.347752	7.502837E+12	0.000226	4415.516708	1.345742E+16	0	0	17.691285	0.359815	0	0
0	0	0	47.677366	6.348212	44.372387	6.348212	6.935385E+12	0.000219	4574.507996	1.345476E+16	0	0	17.755743	0.356116	0	0
0	0	0	47.465833	6.348653	44.15682	6.348653	6.39975E+12	0.000209	4785.922307	1.345225E+16	0	0	17.645457	0.353549	0	0
0	0	0	47.246867	6.349337	43.933559	6.349337	5.87484E+12	0.000199	5035.000597	1.344978E+16	0	0	17.675241	0.349978	0	0
0	0	0	47.015487	6.349934	43.697706	6.349934	5.376708E+12	0.000192	5198.138389	1.344745E+16	0	0	17.64721	0.347227	0	0
0	0	0	46.771774	6.350209	43.449466	6.350209	4.896077E+12	0.000185	5417.977189	1.344519E+16	0	0	17.528875	0.344222	0	0
0	0	0	46.519077	6.350663	43.191986	6.350663	4.436142E+12	0.000171	5832.323156	1.344304E+16	0	0	17.600462	0.340842	0	0
0	0	0	46.254946	6.351131	42.922858	6.351131	4.00476E+12	0.000162	6190.340653	1.344101E+16	0	0	17.43837	0.338371	0	0
0	0	0	45.984241	6.351604	42.647034	6.351604	3.598573E+12	0.000152	6579.022474	1.343911E+16	0	0	17.518768	0.334823	0	0
0	0	0	45.697445	6.352025	42.354857	6.352025	3.22494E+12	0.000143	6991.990625	1.343736E+16	0	0	17.403197	0.332575	0	0
0	0	0	45.396398	6.352507	42.048139	6.352507	2.871288E+12	0.000133	7503.622252	1.34357E+16	0	0	17.419759	0.329091	0	0
0	0	0	45.074279	6.352799	41.72007	6.352799	2.541669E+12	0.000125	8025.285081	1.343415E+16	0	0	17.36471	0.326636	0	0
0	0	0	44.729659	6.353198	41.369038	6.353198	2.230735E+12	0.000113	8831.987482	1.343269E+16	0	0	17.319374	0.323575	0	0
0	0	0	44.362538	6.353515	40.995142	6.353515	1.940046E+12	0.000103	9665.602855	1.343133E+16	0	0	17.328411	0.321	0	0
0	0	0	43.973651	6.353982	40.599009	6.353982	1.671902E+12	9.290206E-5	10764.024424	1.343007E+16	0	0	17.226017	0.318281	0	0
0	0	0	43.567776	6.354322	40.185648	6.354322	1.428148E+12	8.458783E-5	11822.031035	1.342893E+16	0	0	17.301957	0.315252	0	0
0	0	0	43.146751	6.354747	39.756818	6.354747	1.211547E+12	7.537838E-5	13266.402562	1.342791E+16	0	0	17.135607	0.31306	0	0
0	0	0	42.707676	6.355091	39.309656	6.355091	1.021494E+12	6.781974E-5	14744.970338	1.342702E+16	0	0	17.200108	0.309903	0	0
0	0	0	42.26125	6.355346	38.855057	6.355346	8.549676E+11	6.002585E-5	16659.489657	1.342624E+16	0	0	17.036569	0.307862	0	0
0	0	0	41.781176	6.355727	38.366135	6.355727	7.13453E+11	5.232764E-5	19110.35942	1.342558E+16	0	0	17.131835	0.304673	0	0
0	0	0	41.282887	6.355944	37.85876	6.355944	5.872916E+11	4.614737E-5	21669.705659	1.342499E+16	0	0	17.0105	0.302784	0	0
0	0	0	40.764957	6.356222	37.331355	6.356222	4.798798E+11	3.929949E-5	25445.620398	1.342448E+16	0	0	17.026054	0.299611	0	0
0	0	0	40.217216	6.356617	36.773538	6.356617	3.890004E+11	3.368384E-5	29687.830417	1.342406E+16	0	0	16.952027	0.297642	0	0
0	0	0	39.639256	6.356751	36.185099	6.356751	3.11542E+11	2.937445E-5	34043.193995	1.342369E+16	0	0	16.93039	0.294669	0	0
0	0	0	39.029034	6.357059	35.563722	6.357059	2.464679E+11	2.395679E-5	41741.82739	1.342339E+16	0	0	16.886816	0.292755	0	0
0	0	0	38.386797	6.357267	34.909807	6.357267	1.924518E+11	2.014389E-5	49642.83637	1.342313E+16	0	0	16.835344	0.289806	0	0
0	0	0	37.717649	6.357207	34.228642	6.357207	1.483354E+11	1.637678E-5	61062.054485	1.342293E+16	0	0	16.833774	0.287741	0	0
0	0	0	37.030124	6.357609	33.528515	6.357609	1.130909E+11	1.228932E-5	81371.467098	1.342276E+16	0	0	16.74036	0.285134	0	0
0	0	0	36.330716	6.357876	32.816364	6.357876	8.55803E+10	1.038157E-5	96324.522596	1.342263E+16	0	0	16.751864	0.282815	0	0
0	0	0	35.621385	6.358043	32.094166	6.358043	6.445053E+10	8.47238E-6	118030.595435	1.342253E+16	0	0	16.623057	0.280495	0	0
0	0	0	34.901721	6.358118	31.361501	6.358118	4.834273E+10	6.705884E-6	149122.765448	1.342246E+16	0	0	16.675785	0.278167	0	0
0	0	0	34.175892	6.358522	30.622373	6.358522	3.610905E+10	5.135189E-6	194734.782805	1.34224E+16	0	0	16.56027	0.275895	0	0
0	0	0	33.448102	6.358342	29.881577	6.358342	2.690387E+10	4.433721E-6	225544.198236	1.342236E+16	0	0	16.608984	0.273511	0	0
0	0	0	32.72117	6.358646	29.141381	6.358646	2.00294E+10	3.08203E-6	324461.44321	1.342233E+16	0	0	16.48639	0.271271	0	0
0	0	0	31.968593	6.358823	28.375149	6.358823	1.491667E+10	2.583753E-6	387033.855405	1.34223E+16	0	0	16.524086	0.268999	0	0
0	0	0	31.21136	6.358782	27.6043	6.358782	1.099411E+10	2.054716E-6	486685.20268	1.342228E+16	0	0	16.391341	0.266839	0	0
0	0	0	30.445919	6.359142	26.824868	6.359142	8.087764E+9	1.484267E-6	673733.131093	1.342227E+16	0	0	16.43932	0.264591	0	0
0	0	0	29.661856	6.359086	26.026714	6.359086	5.929955E+9	1.291495E-6	774296.409528	1.342226E+16	0	0	16.294023	0.262438	0	0
0	0	0	28.869585	6.359192	25.220112	6.359192	4.315145E+9	9.133705E-7	1094845.915932	1.342225E+16	0	0	16.35877	0.26031	0	0
0	0	0	28.061021	6.359362	24.396885	6.359362	3.129637E+9	6.998682E-7	1428840.559346	1.342225E+16	0	0	16.255714	0.258142	0	0
0	0	0	27.233549	6.359623	23.554357	6.359623	2.254881E+9	5.542524E-7	1804232.057194	1.342224E+16	0	0	16.272106	0.256212	0	0
0	0	0	26.402402	6.359524	22.708295	6.359524	1.612219E+9	4.677196E-7	2138033.16424	1.342224E+16	0	0	16.171764	0.253908	0	0
0	0	0	25.575829	6.359869	21.866631	6.359869	1.151005E+9	3.126508E-7	3198456.276772	1.342224E+16	0	0	16.175088	0.252131	0	0
0	0	0	24.759505	6.359905	21.035581	6.359905	8.232579E+8	2.879513E-7	3472809.850749	1.342224E+16	0	0	16.096407	0.249803	0	0
0	0	0	23.962171	6.35987	20.223904	6.35987	5.912883E+8	2.130839E-7	4692986.722545	1.342223E+16	0	0	16.051042	0.248185	0	0
0	0	0	23.173004	6.36018	19.420337	6.36018	4.279629E+8	1.497085E-7	6679649.119364	1.342223E+16	0	0	16.070314	0.245658	0	0
0	0	0	22.396169	6.360095	18.629558	6.360095	3.107786E+8	1.465722E-7	6822577.382207	1.342223E+16	0	0	15.954241	0.244278	0	0
0	0	0	21.637793	6.359926	17.85762	6.359926	2.268128E+8	9.769816E-8	1.023561E+7	1.342223E+16	0	0	15.996967	0.241672	0	0
0	0	0	20.892321	6.360236	17.098534	6.360236	1.667762E+8	6.122074E-8	1.633433E+7	1.342223E+16	0	0	15.80242	0.240364	0	0
0	0	0	20.159304	6.360243	16.352307	6.360243	1.232744E+8	6.207425E-8	1.610974E+7	1.342223E+16	0	0	15.929308	0.237805	0	0
0	0	0	19.446543	6.360306	15.626666	6.360306	9.158085E+7	4.65087E-8	2.150136E+7	1.342223E+16	0	0	15.752731	0.236307	0	0
0	0	0	18.753587	6.360447	14.921141	6.360447	6.859665E+7	3.773001E-8	2.65041E+7	1.342223E+16	0	0	15.854045	0.234186	0	0
0	0	0	18.075822	6.360609	14.231068	6.360609	5.179508E+7	3.493712E-8	2.862285E+7	1.342223E+16	0	0	15.715731	0.232265	0	0
0	0	0	17.41921	6.360419	13.562742	6.360419	3.935038E+7	3.588321E-8	2.786819E+7	1.342223E+16	0	0	15.700793	0.23067	0	0
0	0	0	16.78559	6.360483	12.917667	6.360483	3.015324E+7	1.945853E-8	5.139135E+7	1.342223E+16	0	0	15.645153	0.228446	0	0
0	0	0	16.17545	6.360652	12.296432	6.360652	2.332208E+7	1.667518E-8	5.996936E+7	1.342223E+16	0	0	15.545686	0.227258	0	0
0	0	0	15.582666	6.360497	11.693063	6.360497	1.821106E+7	1.828529E-8	5.468877E+7	1.342223E+16	0	0	15.65102	0.224763	0	0
0	0	0	15.01124	6.360447	11.111372	6.360447	1.432052E+7	1.049086E-8	9.53211E+7	1.342223E+16	0	0	15.456183	0.223464	0	0
0	0	0	14.457945	6.360743	10.547927	6.360743	1.135908E+7	7.662163E-9	1.305115E+8	1.342223E+16	0	0	15.537101	0.221399	0	0
0	0	0	13.927029	6.360736	10.007449	6.360736	9076534.25	1.166916E-8	8.569598E+7	1.342223E+16	0	0	15.427171	0.219693	0	0
0	0	0	13.401707	6.36075	9.472654	6.36075	7318756	9.210627E-9	1.085702E+8	1.342223E+16	0	0	15.38871	0.21825	0	0
0	0	0	12.899049	6.36056	8.961057	6.36056	5914793.5	7.771961E-9	1.286677E+8	1.342223E+16	0	0	15.398211	0.215994	0	0
0	0	0	12.412971	6.360997	8.465951	6.360997	4824281	3.973737E-9	2.516523E+8	1.342223E+16	0	0	15.220183	0.214774	0	0
0	0	0	11.941268	6.360722	7.98592	6.360722	3961365.5	2.279008E-8	4.387874E+7	1.342223E+16	0	0	15.344169	0.212686	0	0
0	0	0	11.485368	6.360771	7.521775	6.360771	3271811.5	3.950738E-9	2.531173E+8	1.342223E+16	0	0	15.191787	0.210956	0	0
0	0	0	11.038902	6.360947	7.067155	6.360947	2719658	3.826692E-9	2.613223E+8	1.342223E+16	0	0	15.140898	0.209776	0	0
0	0	0	10.611383	6.360905	6.63196	6.360905	2269349.25	7.791408E-9	1.283465E+8	1.342223E+16	0	0	15.191109	0.207464	0	0
0	0	0	10.19583	6.360912	6.208915	6.360912	1908203.75	4.868744E-9	2.053918E+8	1.342223E+16	0	0	15.011262	0.206316	0	0
0	0	0	9.797551	6.360828	5.803513	6.360828	1612333.75	4.297821E-9	2.326761E+8	1.342223E+16	0	0	15.066739	0.20461	0	0
0	0	0	9.40797	6.361032	5.406785	6.361032	1371913.25	2.379792E-9	4.202047E+8	1.342223E+16	0	0	15.049135	0.202657	0	0
0	0	0	9.030926	6.361145	5.022876	6.361145	1171466.75	1.302653E-8	7.676641E+7	1.342223E+16	0	0	14.894829	0.201645	0	0
0	0	0	8.662376	6.360947	4.647809	6.360947	1005404.25	-5.632045E-9	-1.775554E+8	1.342223E+16	0	0	14.998259	0.199795	0	0
0	0	0	8.30722	6.361095	4.286161	6.361095	865859	2.972781E-9	3.363853E+8	1.342223E+16	0	0	14.900171	0.197978	0	0
0	0	0	7.961865	6.360884	3.934717	6.360884	749742.25	-1.227662E-8	-8.145566E+7	1.342223E+16	0	0	14.766605	0.196949	0	0
0	0	0	7.629332	6.361095	3.59606	6.361095	651782.25	1.473747E-9	6.785426E+8	1.342223E+16	0	0	14.861992	0.195028	0	0
0	0	0	7.302435	6.361025	3.263317	6.361025	569575	-9.326465E-9	-1.072218E+8	1.342223E+16	0	0	14.765891	0.193529	0	0
0	0	0	6.985993	6.361011	2.941182	6.361011	498874.75	4.675195E-9	2.138948E+8	1.342223E+16	0	0	14.690485	0.192326	0	0
0	0	0	6.678902	6.361159	2.628464	6.361159	438806.25	3.128471E-9	3.19645E+8	1.342223E+16	0	0	14.758353	0.190628	0	0
0	0	0	6.377119	6.361447	2.321059	6.361447	387436.75	-1.826922E-9	-5.473687E+8	1.342223E+16	0	0	14.68729	0.188834	0	0
0	0	0	6.079216	6.361067	2.018031	6.361067	342818	-3.809263E-10	-2.62518E+9	1.342223E+16	0	0	14.542133	0.187901	0	0
0	0	0	5.793197	6.361039	1.726876	6.361039	303815	5.029972E-8	1.988083E+7	1.342223E+16	0	0	14.566245	0.186458	0	0
0	0	0	5.513956	6.361138	1.442541	6.361138	270550	3.698508E-9	2.703793E+8	1.342223E+16	0	0	14.563147	0.184553	0	0
0	0	0	5.238636	6.36106	1.16231	6.36106	241590.25	-1.493718E-9	-6.694704E+8	1.342223E+16	0	0	14.452539	0.183413	0	0
0	0	0	4.967236	6.360968	0.886079	6.360968	216073.5	9.469507E-9	1.056021E+8	1.342223E+16	0	0	14.390955	0.182209	0	0
0	0	0	4.710946	6.361102	0.625085	6.361102	193559.25	8.033881E-10	1.244728E+9	1.342223E+16	0	0	14.394805	0.180607	0	0
0	0	0	4.453512	6.361222	0.362935	6.361222	174456.25	-2.240964E-9	-4.462366E+8	1.342223E+16	0	0	14.378148	0.178997	0	0
0	0	0	4.196486	6.361152	0.101324	6.361152	157166	-4.328799E-10	-2.31011E+9	1.342223E+16	0	0	14.254227	0.177881	0	0
0	0	0	3.939787	6.361039	-0.159927	6.361039	141612.5	-7.251281E-10	-1.379067E+9	1.342223E+16	0	0	14.216496	0.176621	0	0
0	0	0	3.698729	6.361159	-0.405406	6.361159	127615.25	1.744544E-9	5.732157E+8	1.342223E+16	0	0	14.241567	0.175003	0	0
0	0	0	3.470044	6.361201	-0.638239	6.361201	115733.25	-5.457292E-10	-1.832411E+9	1.342223E+16	0	0	14.191936	0.173528	0	0
0	0	0	3.260226	6.361116	-0.851783	6.361116	105485.25	-3.372965E-10	-2.96475E+9	1.342223E+16	0	0	14.124537	0.17234	0	0
0	0	0	3.058779	6.36113	-1.056869	6.36113	96882.75	-8.6965E-10	-1.149888E+9	1.342223E+16	0	0	13.963111	0.171144	0	0
0	0	0	2.86064	6.361102	-1.25856	6.361102	89284.5	-6.159258E-10	-1.623572E+9	1.342223E+16	0	0	13.850745	0.169877	0	0
0	0	0	2.662011	6.361229	-1.46085	6.361229	82392.75	-1.058369E-9	-9.4485E+8	1.342223E+16	0	0	13.432136	0.168514	0	0
0	0	0	2.470977	6.361208	-1.655312	6.361208	76017.75	-2.001265E-10	-4.996839E+9	1.342223E+16	0	0	11.772742	0.167103	0	0
0	0	0	2.282884	6.361377	-1.846904	6.361377	70352.25	-2.135023E-10	-4.68379E+9	1.342223E+16	0	0	9.301451	0.165819	0	0
0	0	0	2.098016	6.361314	-2.035062	6.361314	65186.75	-8.903087E-11	-1.123206E+10	1.342223E+16	0	0	7.682146	0.164599	0	0
0	0	0	1.916947	6.361454	-2.219485	6.361454	60479.5	-1.04063E-10	-9.609564E+9	1.342223E+16	0	0	7.004361	0.163412	0	0
0	0	0	1.738001	6.361208	-2.401495	6.361208	56198.5	-6.130276E-11	-1.631248E+10	1.342223E+16	0	0	6.981796	0.162136	0	0
0	0	0	1.562853	6.361391	-2.579918	6.361391	52265.75	-1.586141E-10	-6.304611E+9	1.342223E+16	0	0	7.446939	0.160821	0	0
0	0	0	1.396362	6.36118	-2.749271	6.36118	48683	-6.357666E-11	-1.572904E+10	1.342223E+16	0	0	8.274486	0.159792	0	0
0	0	0	1.231096	6.361307	-2.917598	6.361307	45505.25	-1.734166E-10	-5.766459E+9	1.342223E+16	0	0	9.612932	0.158565	0	0
0	0	0	1.06824	6.361271	-3.083365	6.361271	42556.25	-7.540035E-11	-1.326254E+10	1.342223E+16	0	0	11.677275	0.157361	0	0
0	0	0	0.901055	6.361469	-3.253692	6.361469	39837	-8.290479E-11	-1.206203E+10	1.342223E+16	0	0	14.262029	0.156189	0	0
0	0	0	0.735463	6.36144	-3.422249	6.36144	37226.25	-3.917347E-11	-2.552748E+10	1.342223E+16	0	0	17.073647	0.155009	0	0
0	0	0	0.575792	6.361363	-3.584747	6.361363	34809	-3.94132E-11	-2.537221E+10	1.342223E+16	0	0	18.650561	0.15359	0	0
0	0	0	0.441154	6.361483	-3.72189	6.361483	32627	-4.670167E-11	-2.141251E+10	1.342223E+16	0	0	17.079351	0.152546	0	0
0	0	0	0.336857	6.361152	-3.827849	6.361152	30893.75	-3.140094E-11	-3.184618E+10	1.342223E+16	0	0	15.603327	0.151605	0	0
0	0	0	0.267639	6.361236	-3.898369	6.361236	29614.5	-1.516413E-10	-6.59451E+9	1.342223E+16	0	0	14.101512	0.150441	0	0
0	0	0	0.212754	6.361476	-3.954399	6.361476	28795	-7.259983E-11	-1.377414E+10	1.342223E+16	0	0	10.52153	0.149078	0	0
0	0	0	0.162525	6.361109	-4.005294	6.361109	28161.5	-2.912043E-11	-3.434015E+10	1.342223E+16	0	0	6.870569	0.148121	0	0
0	0	0	0.138228	6.361476	-4.030269	6.361476	27593.75	-2.916068E-10	-3.429275E+9	1.342223E+16	0	0	4.879209	0.146966	0	0
0	0	0	0.103149	6.361433	-4.065952	6.361433	27323.25	-2.825364E-11	-3.539367E+10	1.342223E+16	0	0	4.301133	0.145794	0	0
0	0	0	0.077218	6.361285	-4.092254	6.361285	26937.5	-3.109117E-11	-3.216347E+10	1.342223E+16	0	0	4.649087	0.144765	0	0
0	0	0	0.069418	6.361391	-4.100263	6.361391	26655.75	-5.185232E-11	-1.928554E+10	1.342223E+16	0	0	5.324366	0.143753	0	0
0	0	0	0.059944	6.361292	-4.109843	6.361292	26571.5	-3.470056E-11	-2.881798E+10	1.342223E+16	0	0	6.009969	0.142605	0	0
0	0	0	0.043814	6.361391	-4.126329	6.361391	26469.75	-4.986311E-11	-2.005491E+10	1.342223E+16	0	0	6.577676	0.141608	0	0
0	0	0	0.028581	6.361321	-4.14179	6.361321	26297	-3.434208E-11	-2.91188E+10	1.342223E+16	0	0	6.971865	0.140484	0	0
0	0	0	0.01339	6.361419	-4.157319	6.361419	26135.25	-4.37074E-11	-2.287942E+10	1.342223E+16	0	0	7.241362	0.139416	0	0
0	0	0	0.004488	6.361532	-4.166456	6.361532	25974.75	-3.118786E-11	-3.206375E+10	1.342223E+16	0	0	7.365916	0.138436	0	0
0	0	0	-0.000249	6.361363	-4.171167	6.361363	25881.25	-2.35008E-11	-4.255174E+10	1.342223E+16	0	0	7.440897	0.137391	0	0
0	0	0	-0.002414	6.361504	-4.173463	6.361504	25831.5	-3.697472E-11	-2.70455E+10	1.342223E+16	0	0	7.426679	0.136483	0	0
0	0	0	-0.003475	6.361349	-4.174442	6.361349	25808.75	-2.495573E-11	-4.007095E+10	1.342223E+16	0	0	7.417958	0.135414	0	0
0	0	0	-0.00617	6.361229	-4.177108	6.361229	25797.75	-3.87895E-11	-2.578017E+10	1.342223E+16	0	0	7.386707	0.134466	0	0
0	0	0	-0.008662	6.361257	-4.179662	6.361257	25769.5	-6.784152E-11	-1.474024E+10	1.342223E+16	0	0	7.325669	0.133374	0	0
0	0	0	-0.012868	6.361166	-4.183884	6.361166	25743.5	-5.759694E-11	-1.736203E+10	1.342223E+16	0	0	7.27627	0.132321	0	0
0	0	0	-0.017931	6.361384	-4.189182	6.361384	25699.75	-1.123002E-10	-8.904703E+9	1.342223E+16	0	0	7.221201	0.131221	0	0
0	0	0	-0.022056	6.361095	-4.193192	6.361095	25647	-3.424352E-11	-2.920261E+10	1.342223E+16	0	0	7.134167	0.130249	0	0
0	0	0	-0.028059	6.361377	-4.199487	6.361377	25604	-4.192494E-10	-2.385215E+9	1.342223E+16	0	0	7.088267	0.129132	0	0
0	0	0	-0.034103	6.361405	-4.205659	6.361405	25541.75	-3.488445E-11	-2.866606E+10	1.342223E+16	0	0	7.011431	0.128088	0	0
0	0	0	-0.037043	6.36149	-4.208707	6.36149	25479.25	-3.187725E-11	-3.137033E+10	1.342223E+16	0	0	6.938298	0.12706	0	0
0	0	0	-0.04374	6.361236	-4.215359	6.361236	25449	-2.543309E-11	-3.931886E+10	1.342223E+16	0	0	6.875403	0.126095	0	0
0	0	0	-0.049947	6.361321	-4.221733	6.361321	25380	-6.398971E-11	-1.562751E+10	1.342223E+16	0	0	6.795222	0.125123	0	0
0	0	0	-0.052397	6.361405	-4.224283	6.361405	25316.25	-4.233774E-11	-2.361959E+10	1.342223E+16	0	0	6.73527	0.12415	0	0
0	0	0	-0.057788	6.361539	-4.229858	6.361539	25291	-3.164173E-11	-3.160383E+10	1.342223E+16	0	0	6.641664	0.123401	0	0
0	0	0	-0.061422	6.361292	-4.233397	6.361292	25235.75	-2.257082E-11	-4.4305E+10	1.342223E+16	0	0	6.575446	0.122285	0	0
0	0	0	-0.063668	6.361285	-4.235679	6.361285	25198.75	-4.746883E-11	-2.106646E+10	1.342223E+16	0	0	6.487976	0.121567	0	0
0	0	0	-0.066731	6.361215	-4.23875	6.361215	25175.75	-4.897333E-11	-2.041928E+10	1.342223E+16	0	0	6.417553	0.120579	0	0
0	0	0	-0.068365	6.36144	-4.240561	6.36144	25144.5	-7.261048E-11	-1.377212E+10	1.342223E+16	0	0	6.342436	0.119726	0	0
0	0	0	-0.071346	6.361194	-4.243434	6.361194	25127.75	-2.845141E-11	-3.514765E+10	1.342223E+16	0	0	6.25968	0.118873	0	0
0	0	0	-0.073183	6.361461	-4.24548	6.361461	25097.5	-8.48004E-11	-1.17924E+10	1.342223E+16	0	0	6.197435	0.117996	0	0
0	0	0	-0.073387	6.361497	-4.245711	6.361497	25078.75	-2.686487E-11	-3.722333E+10	1.342223E+16	0	0	6.134322	0.117087	0	0
0	0	0	-0.075879	6.361384	-4.248173	6.361384	25076.75	-2.46478E-11	-4.057158E+10	1.342223E+16	0	0	6.06331	0.116242	0	0
0	0	0	-0.075634	6.361229	-4.247822	6.361229	25051.5	-3.344842E-11	-2.989678E+10	1.342223E+16	0	0	5.994178	0.115421	0	0
0	0	0	-0.076818	6.361609	-4.249277	6.361609	25054	-6.595788E-11	-1.516119E+10	1.342223E+16	0	0	5.913612	0.114616	0	0
0	0	0	-0.076859	6.361602	-4.249314	6.361602	25042	-1.947509E-11	-5.134764E+10	1.342223E+16	0	0	5.851785	0.113595	0	0
0	0	0	-0.07792	6.361631	-4.250414	6.361631	25041.5	-1.973217E-11	-5.067866E+10	1.342223E+16	0	0	5.77973	0.112798	0	0
0	0	0	-0.078615	6.361285	-4.250894	6.361285	25030.75	-1.873306E-11	-5.338157E+10	1.342223E+16	0	0	5.690332	0.111905	0	0
0	0	0	-0.07935	6.361447	-4.251749	6.361447	25023.5	-4.867717E-11	-2.054351E+10	1.342223E+16	0	0	5.635103	0.111132	0	0
0	0	0	-0.07939	6.361433	-4.251781	6.361433	25016.25	-2.77971E-11	-3.597498E+10	1.342223E+16	0	0	5.560601	0.110319	0	0
0	0	0	-0.080779	6.361567	-4.253282	6.361567	25015.75	-2.887309E-11	-3.463432E+10	1.342223E+16	0	0	5.508491	0.10949	0	0
0	0	0	-0.081065	6.361412	-4.253472	6.361412	25001.75	-2.10953E-11	-4.740392E+10	1.342223E+16	0	0	5.409469	0.108708	0	0
0	0	0	-0.083515	6.361405	-4.255961	6.361405	24998.75	-3.063309E-11	-3.264444E+10	1.342223E+16	0	0	5.352656	0.107832	0	0
0	0	0	-0.08523	6.361447	-4.257735	6.361447	24974	-3.124513E-11	-3.200499E+10	1.342223E+16	0	0	5.264669	0.107114	0	0
0	0	0	-0.085434	6.361405	-4.257915	6.361405	24956.75	-2.773098E-11	-3.606075E+10	1.342223E+16	0	0	5.206748	0.106373	0	0
0	0	0	-0.085557	6.361419	-4.258049	6.361419	24954.5	-3.122074E-11	-3.202999E+10	1.342223E+16	0	0	5.157172	0.105615	0	0
0	0	0	-0.086455	6.361567	-4.259061	6.361567	24953.25	-2.996135E-11	-3.337633E+10	1.342223E+16	0	0	5.083146	0.104723	0	0
0	0	0	-0.087639	6.36149	-4.260215	6.36149	24944.25	-2.104679E-11	-4.751319E+10	1.342223E+16	0	0	4.996601	0.104093	0	0
0	0	0	-0.087313	6.361476	-4.259874	6.361476	24932.25	-2.491666E-11	-4.013379E+10	1.342223E+16	0	0	4.932398	0.103455	0	0
0	0	0	-0.09013	6.361638	-4.262848	6.361638	24935.5	-2.578458E-11	-3.878286E+10	1.342223E+16	0	0	4.857837	0.102618	0	0
0	0	0	-0.089436	6.361539	-4.262077	6.361539	24907	-1.840928E-11	-5.432042E+10	1.342223E+16	0	0	4.801032	0.101845	0	0
0	0	0	-0.090376	6.361476	-4.262992	6.361476	24914.25	-2.228327E-11	-4.487672E+10	1.342223E+16	0	0	4.726399	0.101095	0	0
0	0	0	-0.091846	6.361307	-4.264377	6.361307	24904.5	-2.575253E-11	-3.883114E+10	1.342223E+16	0	0	4.664869	0.100346	0	0
0	0	0	-0.092131	6.361187	-4.26459	6.361187	24889.75	-4.409919E-11	-2.267616E+10	1.342223E+16	0	0	4.592025	0.099573	0	0
0	0	0	-0.091682	6.361525	-4.264354	6.361525	24887	-8.914259E-11	-1.121798E+10	1.342223E+16	0	0	4.538528	0.098943	0	0
0	0	0	-0.090702	6.361553	-4.263375	6.361553	24891.5	-2.295175E-11	-4.356967E+10	1.342223E+16	0	0	4.459333	0.098289	0	0
0	0	0	-0.091723	6.361328	-4.264266	6.361328	24901.25	-2.16227E-11	-4.62477E+10	1.342223E+16	0	0	4.412324	0.097516	0	0
0	0	0	-0.092213	6.361638	-4.264969	6.361638	24891	-4.049048E-11	-2.469717E+10	1.342223E+16	0	0	4.338719	0.096942	0	0
0	0	0	-0.091356	6.36137	-4.26392	6.36137	24886	-1.839376E-11	-5.436625E+10	1.342223E+16	0	0	4.270996	0.096248	0	0
0	0	0	-0.093112	6.361321	-4.265675	6.361321	24894.75	-3.479818E-11	-2.873713E+10	1.342223E+16	0	0	4.207523	0.095435	0	0
0	0	0	-0.092581	6.361074	-4.264973	6.361074	24877	-4.160316E-11	-2.403664E+10	1.342223E+16	0	0	4.139974	0.09479	0	0
0	0	0	-0.092989	6.361067	-4.265384	6.361067	24882.5	-2.317288E-9	-4.315389E+8	1.342223E+16	0	0	4.067904	0.094216	0	0
0	0	0	-0.09401	6.361391	-4.266636	6.361391	24878.25	4.11892E-9	2.427821E+8	1.342223E+16	0	0	4.017523	0.093506	0	0
0	0	0	-0.093847	6.361292	-4.266405	6.361292	24868	-3.24759E-11	-3.079206E+10	1.342223E+16	0	0	3.953326	0.092876	0	0
0	0	0	-0.094337	6.36156	-4.26708	6.36156	24869.5	-4.68486E-11	-2.134536E+10	1.342223E+16	0	0	3.910468	0.092159	0	0
0	0	0	-0.093397	6.361152	-4.265855	6.361152	24864.75	-2.128097E-11	-4.699035E+10	1.342223E+16	0	0	3.842216	0.091497	0	0
0	0	0	-0.094337	6.361511	-4.267047	6.361511	24874	-1.273675E-10	-7.851296E+9	1.342223E+16	0	0	3.765389	0.090939	0	0
0	0	0	-0.093642	6.361433	-4.26629	6.361433	24864.75	-2.365911E-11	-4.226702E+10	1.342223E+16	0	0	3.708513	0.090254	0	0
0	0	0	-0.095072	6.361278	-4.267643	6.361278	24871.75	-2.870689E-11	-3.483484E+10	1.342223E+16	0	0	3.646298	0.089608	0	0
0	0	0	-0.096052	6.361412	-4.268729	6.361412	24857.25	-4.998514E-11	-2.000595E+10	1.342223E+16	0	0	3.584036	0.089082	0	0
0	0	0	-0.097971	6.36137	-4.270655	6.36137	24847.25	-3.044744E-11	-3.284348E+10	1.342223E+16	0	0	3.526001	0.088316	0	0
0	0	0	-0.099319	6.361264	-4.271957	6.361264	24828	-3.470488E-11	-2.881439E+10	1.342223E+16	0	0	3.456697	0.087766	0	0
0	0	0	-0.09936	6.361454	-4.272124	6.361454	24814.5	-5.350982E-11	-1.868816E+10	1.342223E+16	0	0	3.400707	0.087176	0	0
0	0	0	-0.101442	6.361469	-4.274253	6.361469	24814	-2.706775E-11	-3.694434E+10	1.342223E+16	0	0	3.320505	0.086618	0	0
0	0	0	-0.102463	6.361187	-4.275108	6.361187	24793	-2.608987E-11	-3.832906E+10	1.342223E+16	0	0	3.300389	0.085829	0	0
0	0	0	-0.104178	6.361483	-4.277048	6.361483	24782.75	-8.876918E-11	-1.126517E+10	1.342223E+16	0	0	3.237142	0.085303	0	0
0	0	0	-0.106751	6.361412	-4.279621	6.361412	24765.75	-2.517234E-11	-3.972615E+10	1.342223E+16	0	0	3.187554	0.084697	0	0
0	0	0	-0.106383	6.361546	-4.279334	6.361546	24739.75	-3.031571E-11	-3.29862E+10	1.342223E+16	0	0	3.12408	0.084004	0	0
0	0	0	-0.108384	6.361553	-4.281376	6.361553	24743.5	-2.180337E-11	-4.586448E+10	1.342223E+16	0	0	3.033696	0.083454	0	0
0	0	0	-0.112264	6.361616	-4.285367	6.361616	24723.5	-2.146835E-11	-4.65802E+10	1.342223E+16	0	0	2.992895	0.082935	0	0
0	0	0	-0.112305	6.361504	-4.285334	6.361504	24684.5	-1.894981E-11	-5.277098E+10	1.342223E+16	0	0	2.95516	0.082274	0	0
0	0	0	-0.113857	6.361461	-4.286887	6.361461	24684.25	-2.38684E-11	-4.18964E+10	1.342223E+16	0	0	2.884527	0.081668	0	0
0	0	0	-0.117368	6.361532	-4.290508	6.361532	24668.75	-2.642567E-11	-3.784199E+10	1.342223E+16	0	0	2.828231	0.081213	0	0
0	0	0	-0.118063	6.361461	-4.291168	6.361461	24633.5	-2.236782E-11	-4.470709E+10	1.342223E+16	0	0	2.791318	0.080488	0	0
0	0	0	-0.117736	6.361419	-4.290808	6.361419	24626.5	-2.638041E-11	-3.790691E+10	1.342223E+16	0	0	2.740867	0.079978	0	0
0	0	0	-0.120105	6.361321	-4.293155	6.361321	24630	-2.957322E-11	-3.381437E+10	1.342223E+16	0	0	2.690866	0.07938	0	0
0	0	0	-0.119655	6.361426	-4.292767	6.361426	24606.25	-4.115037E-11	-2.430112E+10	1.342223E+16	0	0	2.633666	0.078862	0	0
0	0	0	-0.120431	6.361433	-4.293561	6.361433	24610.75	-2.896658E-11	-3.452255E+10	1.342223E+16	0	0	2.584478	0.078399	0	0
0	0	0	-0.122146	6.361602	-4.295418	6.361602	24603	-2.83967E-11	-3.521536E+10	1.342223E+16	0	0	2.536677	0.077833	0	0
0	0	0	-0.12231	6.361405	-4.295455	6.361405	24585.75	-1.937305E-11	-5.16181E+10	1.342223E+16	0	0	2.48259	0.077275	0	0
0	0	0	-0.124025	6.361454	-4.297233	6.361454	24584.25	-3.075751E-11	-3.251238E+10	1.342223E+16	0	0	2.422685	0.076709	0	0
0	0	0	-0.125046	6.361461	-4.298277	6.361461	24567.25	-2.679859E-11	-3.73154E+10	1.342223E+16	0	0	2.379652	0.076223	0	0
0	0	0	-0.125944	6.361532	-4.299238	6.361532	24557	-2.630596E-11	-3.801419E+10	1.342223E+16	0	0	2.325473	0.075649	0	0
0	0	0	-0.125413	6.361356	-4.298582	6.361356	24548	-2.229018E-11	-4.486281E+10	1.342223E+16	0	0	2.235361	0.075187	0	0
0	0	0	-0.125127	6.361342	-4.298282	6.361342	24553.25	-3.600985E-11	-2.777018E+10	1.342223E+16	0	0	2.247201	0.074589	0	0
0	0	0	-0.12525	6.361398	-4.298444	6.361398	24556.25	-3.787834E-11	-2.640031E+10	1.342223E+16	0	0	2.201205	0.074047	0	0
0	0	0	-0.125454	6.361342	-4.298615	6.361342	24555	-3.13796E-11	-3.186784E+10	1.342223E+16	0	0	2.143792	0.073624	0	0
0	0	0	-0.123984	6.361616	-4.297298	6.361616	24553	-3.787333E-11	-2.640381E+10	1.342223E+16	0	0	2.12372	0.073066	0	0
0	0	0	-0.123045	6.361497	-4.296263	6.361497	24567.5	-1.885999E-11	-5.30223E+10	1.342223E+16	0	0	2.05301	0.072668	0	0
0	0	0	-0.123086	6.361461	-4.296282	6.361461	24577	-2.415659E-11	-4.139657E+10	1.342223E+16	0	0	2.021103	0.072141	0	0
0	0	0	-0.123412	6.361412	-4.296582	6.361412	24576.5	-2.632685E-11	-3.798403E+10	1.342223E+16	0	0	1.965145	0.071767	0	0
0	0	0	-0.123698	6.361469	-4.29691	6.361469	24573.25	-3.011168E-11	-3.32097E+10	1.342223E+16	0	0	1.92011	0.071193	0	0
0	0	0	-0.123453	6.361412	-4.296624	6.361412	24570.5	-2.585573E-11	-3.867615E+10	1.342223E+16	0	0	1.906471	0.070746	0	0
0	0	0	-0.122881	6.361419	-4.296046	6.361419	24573	-3.011138E-11	-3.321004E+10	1.342223E+16	0	0	1.858388	0.07018	0	0
0	0	0	-0.1199	6.361349	-4.292965	6.361349	24578.5	-2.951139E-11	-3.388523E+10	1.342223E+16	0	0	1.784572	0.069806	0	0
0	0	0	-0.121289	6.361363	-4.294388	6.361363	24608.25	-3.700097E-11	-2.702632E+10	1.342223E+16	0	0	1.776917	0.069224	0	0
0	0	0	-0.121044	6.361461	-4.294203	6.361461	24594.5	-3.52041E-11	-2.840578E+10	1.342223E+16	0	0	1.718206	0.068737	0	0
0	0	0	-0.118349	6.361426	-4.291436	6.361426	24596.75	-2.634854E-11	-3.795276E+10	1.342223E+16	0	0	1.700913	0.068283	0	0
0	0	0	-0.120472	6.361595	-4.293709	6.361595	24623.75	-2.898188E-11	-3.450432E+10	1.342223E+16	0	0	1.642333	0.067924	0	0
0	0	0	-0.121411	6.361476	-4.294587	6.361476	24602.5	-1.964598E-11	-5.090101E+10	1.342223E+16	0	0	1.617682	0.067414	0	0
0	0	0	-0.118389	6.361384	-4.29145	6.361384	24593.25	-2.543068E-11	-3.932258E+10	1.342223E+16	0	0	1.560209	0.066952	0	0
0	0	0	-0.119982	6.361116	-4.292896	6.361116	24623.25	-3.287662E-11	-3.041675E+10	1.342223E+16	0	0	1.51413	0.066593	0	0
0	0	0	-0.118226	6.361433	-4.291316	6.361433	24607.5	-2.208846E-10	-4.527251E+9	1.342223E+16	0	0	1.498293	0.066067	0	0
0	0	0	-0.118308	6.361497	-4.291441	6.361497	24625	-2.842209E-11	-3.51839E+10	1.342223E+16	0	0	1.474582	0.065612	0	0
0	0	0	-0.11794	6.361391	-4.290998	6.361391	24624.25	-2.420304E-11	-4.131713E+10	1.342223E+16	0	0	1.444688	0.065142	0	0
0	0	0	-0.118226	6.361377	-4.291279	6.361377	24627.75	-3.216215E-11	-3.109245E+10	1.342223E+16	0	0	1.408944	0.064728	0	0
0	0	0	-0.119574	6.361349	-4.292633	6.361349	24625	-3.363237E-11	-2.973326E+10	1.342223E+16	0	0	1.38033	0.064353	0	0
0	0	0	-0.118757	6.361412	-4.291843	6.361412	24611.5	-3.700586E-11	-2.702275E+10	1.342223E+16	0	0	1.342203	0.063891	0	0
0	0	0	-0.119982	6.361278	-4.293002	6.361278	24619.75	-3.016866E-11	-3.314698E+10	1.342223E+16	0	0	1.31763	0.063484	0	0
0	0	0	-0.122228	6.361307	-4.295307	6.361307	24607.5	-4.948292E-11	-2.020899E+10	1.342223E+16	0	0	1.269156	0.063061	0	0
0	0	0	-0.121861	6.361152	-4.294831	6.361152	24585	-4.355923E-11	-2.295724E+10	1.342223E+16	0	0	1.253016	0.062655	0	0
0	0	0	-0.123821	6.361229	-4.296878	6.361229	24588.75	-1.259069E-10	-7.942377E+9	1.342223E+16	0	0	1.245789	0.062232	0	0
0	0	0	-0.124392	6.361532	-4.297658	6.361532	24569.25	-6.468171E-11	-1.546032E+10	1.342223E+16	0	0	1.186203	0.061842	0	0
0	0	0	-0.125168	6.361335	-4.298319	6.361335	24563.5	-2.230425E-11	-4.48345E+10	1.342223E+16	0	0	1.164781	0.061411	0	0
0	0	0	-0.126965	6.361299	-4.300125	6.361299	24555.75	-3.888388E-11	-2.57176E+10	1.342223E+16	0	0	1.128783	0.061029	0	0
0	0	0	-0.129334	6.361412	-4.30261	6.361412	24537.75	-4.480749E-11	-2.23177E+10	1.342223E+16	0	0	1.101615	0.060646	0	0
0	0	0	-0.128231	6.36125	-4.301381	6.36125	24514.25	-3.003939E-11	-3.328963E+10	1.342223E+16	0	0	1.083188	0.060144	0	0
0	0	0	-0.131049	6.361567	-4.304458	6.361567	24525.25	-5.701136E-11	-1.754036E+10	1.342223E+16	0	0	1.022755	0.059769	0	0
0	0	0	-0.132396	6.361285	-4.305645	6.361285	24497.25	-2.066963E-11	-4.838016E+10	1.342223E+16	0	0	1.010084	0.059402	0	0
0	0	0	-0.133662	6.361525	-4.307091	6.361525	24484	-4.76277E-11	-2.099618E+10	1.342223E+16	0	0	1.011257	0.059036	0	0
0	0	0	-0.132029	6.361581	-4.305465	6.361581	24471.5	-2.256448E-11	-4.431745E+10	1.342223E+16	0	0	0.963003	0.058693	0	0
0	0	0	-0.133417	6.361342	-4.306721	6.361342	24487.5	-2.009253E-11	-4.976974E+10	1.342223E+16	0	0	0.95552	0.058135	0	0
0	0	0	-0.133091	6.361532	-4.306513	6.361532	24473.75	-3.775108E-11	-2.648931E+10	1.342223E+16	0	0	0.916244	0.05776	0	0
0	0	0	-0.133989	6.361391	-4.307336	6.361391	24477	-2.222571E-11	-4.499294E+10	1.342223E+16	0	0	0.889084	0.057489	0	0
0	0	0	-0.133295	6.361412	-4.306643	6.361412	24468.25	-3.195386E-11	-3.129513E+10	1.342223E+16	0	0	0.861233	0.057083	0	0
0	0	0	-0.134275	6.36149	-4.307691	6.36149	24475	-2.999129E-11	-3.334301E+10	1.342223E+16	0	0	0.840861	0.056652	0	0
0	0	0	-0.136317	6.361525	-4.309793	6.361525	24465.25	-2.444995E-11	-4.089987E+10	1.342223E+16	0	0	0.859122	0.056405	0	0
0	0	0	-0.136317	6.361497	-4.309774	6.361497	24445	-2.254004E-11	-4.436549E+10	1.342223E+16	0	0	0.822453	0.055895	0	0
0	0	0	-0.137133	6.361412	-4.31055	6.361412	24445	-2.402685E-11	-4.16201E+10	1.342223E+16	0	0	0.822345	0.055552	0	0
0	0	0	-0.136031	6.361321	-4.309368	6.361321	24437	-2.994473E-11	-3.339486E+10	1.342223E+16	0	0	0.7928	0.055169	0	0
0	0	0	-0.135949	6.361539	-4.309428	6.361539	24447.75	-4.08853E-11	-2.445867E+10	1.342223E+16	0	0	0.752112	0.054842	0	0
0	0	0	-0.135949	6.361398	-4.309336	6.361398	24448.75	-2.186692E-11	-4.573117E+10	1.342223E+16	0	0	0.721975	0.05446	0	0
0	0	0	-0.134887	6.361525	-4.308338	6.361525	24448.75	-3.124382E-11	-3.200633E+10	1.342223E+16	0	0	0.721758	0.054085	0	0
0	0	0	-0.135582	6.361518	-4.30904	6.361518	24459.25	-2.255318E-11	-4.433964E+10	1.342223E+16	0	0	0.665851	0.053854	0	0
0	0	0	-0.133621	6.361511	-4.30704	6.361511	24452.25	-2.290101E-11	-4.366619E+10	1.342223E+16	0	0	0.671184	0.053407	0	0
0	0	0	-0.134316	6.361405	-4.307677	6.361405	24471.75	-2.328516E-11	-4.29458E+10	1.342223E+16	0	0	0.6801	0.053097	0	0
0	0	0	-0.134193	6.361307	-4.307488	6.361307	24465	-3.060832E-11	-3.267086E+10	1.342223E+16	0	0	0.659736	0.05265	0	0
0	0	0	-0.133131	6.361377	-4.306453	6.361377	24466	-4.334839E-11	-2.306891E+10	1.342223E+16	0	0	0.607395	0.052427	0	0
0	0	0	-0.13207	6.361447	-4.305419	6.361447	24476.5	-3.342955E-11	-2.991365E+10	1.342223E+16	0	0	0.608783	0.05206	0	0
0	0	0	-0.131008	6.36125	-4.304208	6.36125	24487	-2.720902E-11	-3.675252E+10	1.342223E+16	0	0	0.603215	0.051614	0	0
0	0	0	-0.13064	6.361363	-4.303908	6.361363	24497.75	-5.694744E-11	-1.756005E+10	1.342223E+16	0	0	0.564753	0.05147	0	0
0	0	0	-0.129742	6.361257	-4.302924	6.361257	24501.5	-3.507099E-11	-2.85136E+10	1.342223E+16	0	0	0.548045	0.051032	0	0
0	0	0	-0.12966	6.361426	-4.302952	6.361426	24510.25	-5.483774E-11	-1.823562E+10	1.342223E+16	0	0	0.527457	0.050673	0	0
0	0	0	-0.131335	6.361377	-4.304624	6.361377	24511	-2.884917E-11	-3.466304E+10	1.342223E+16	0	0	0.483694	0.050418	0	0
0	0	0	-0.128558	6.361342	-4.301774	6.361342	24494.5	-3.345414E-11	-2.989167E+10	1.342223E+16	0	0	0.484251	0.050059	0	0
0	0	0	-0.128394	6.361292	-4.301575	6.361292	24522	-3.782551E-11	-2.643719E+10	1.342223E+16	0	0	0.487138	0.049748	0	0
0	0	0	-0.127455	6.361257	-4.300596	6.361257	24523.75	-4.619728E-11	-2.16463E+10	1.342223E+16	0	0	0.520489	0.049453	0	0
0	0	0	-0.12819	6.361278	-4.301358	6.361278	24533	-5.488864E-11	-1.821871E+10	1.342223E+16	0	0	0.493382	0.049103	0	0
0	0	0	-0.126843	6.361497	-4.30013	6.361497	24525.75	-4.931853E-11	-2.027635E+10	1.342223E+16	0	0	0.478478	0.048895	0	0
0	0	0	-0.12721	6.361391	-4.300434	6.361391	24539.25	-2.411949E-11	-4.146025E+10	1.342223E+16	0	0	0.453321	0.048569	0	0
0	0	0	-0.126761	6.36125	-4.299885	6.36125	24535.5	-3.204168E-11	-3.120935E+10	1.342223E+16	0	0	0.431858	0.048122	0	0
0	0	0	-0.124188	6.36149	-4.297423	6.36149	24540	-5.704565E-11	-1.752982E+10	1.342223E+16	0	0	0.416934	0.047867	0	0
0	0	0	-0.125617	6.361342	-4.298781	6.361342	24565.5	-2.455014E-11	-4.073296E+10	1.342223E+16	0	0	0.416877	0.047532	0	0
0	0	0	-0.126843	6.361673	-4.300245	6.361673	24551.25	-3.787063E-11	-2.640569E+10	1.342223E+16	0	0	0.401287	0.047309	0	0
0	0	0	-0.12623	6.361299	-4.299377	6.361299	24539.25	-1.707854E-11	-5.855303E+10	1.342223E+16	0	0	0.369176	0.046966	0	0
0	0	0	-0.127741	6.361504	-4.301049	6.361504	24545.25	-4.482118E-11	-2.231088E+10	1.342223E+16	0	0	0.37715	0.046695	0	0
0	0	0	-0.128639	6.361419	-4.301908	6.361419	24530.25	-2.371949E-11	-4.215942E+10	1.342223E+16	0	0	0.359467	0.04632	0	0
0	0	0	-0.129783	6.361433	-4.303081	6.361433	24521.25	-2.944265E-11	-3.396434E+10	1.342223E+16	0	0	0.340458	0.046081	0	0
0	0	0	-0.13109	6.361405	-4.304393	6.361405	24509.75	-2.828907E-11	-3.534934E+10	1.342223E+16	0	0	0.339632	0.04577	0	0
0	0	0	-0.132356	6.361229	-4.305566	6.361229	24496.75	-3.064804E-11	-3.262851E+10	1.342223E+16	0	0	0.360217	0.04542	0	0
0	0	0	-0.132192	6.361299	-4.305446	6.361299	24484.25	-6.445794E-11	-1.551399E+10	1.342223E+16	0	0	0.307642	0.045188	0	0
0	0	0	-0.132315	6.361433	-4.305659	6.361433	24486	-4.471299E-11	-2.236487E+10	1.342223E+16	0	0	0.300337	0.044917	0	0
0	0	0	-0.135296	6.361412	-4.30868	6.361412	24484.75	-2.826021E-11	-3.538544E+10	1.342223E+16	0	0	0.277391	0.044678	0	0
0	0	0	-0.135092	6.361419	-4.308476	6.361419	24455.25	-2.996709E-11	-3.336994E+10	1.342223E+16	0	0	0.282243	0.044375	0	0
0	0	0	-0.137338	6.361532	-4.310837	6.361532	24457.25	-2.93658E-11	-3.405322E+10	1.342223E+16	0	0	0.3034	0.043969	0	0
0	0	0	-0.137052	6.361454	-4.310495	6.361454	24435	-2.218757E-11	-4.507028E+10	1.342223E+16	0	0	0.304904	0.043746	0	0
0	0	0	-0.137746	6.361539	-4.311257	6.361539	24437.75	-2.665732E-11	-3.751314E+10	1.342223E+16	0	0	0.262459	0.043538	0	0
0	0	0	-0.13746	6.36118	-4.310731	6.36118	24430.75	-2.185082E-11	-4.576486E+10	1.342223E+16	0	0	0.267406	0.043219	0	0
0	0	0	-0.137419	6.361511	-4.310906	6.361511	24433.75	-9.311495E-11	-1.073941E+10	1.342223E+16	0	0	0.259949	0.042877	0	0
0	0	0	-0.138318	6.361307	-4.311687	6.361307	24434	-2.324924E-11	-4.301215E+10	1.342223E+16	0	0	0.254823	0.042661	0	0
0	0	0	-0.139665	6.36137	-4.3131	6.36137	24425.25	-4.327619E-11	-2.310739E+10	1.342223E+16	0	0	0.263386	0.042303	0	0
0	0	0	-0.138113	6.361201	-4.31141	6.361201	24412	-3.412339E-11	-2.930541E+10	1.342223E+16	0	0	0.225268	0.042191	0	0
0	0	0	-0.139788	6.361299	-4.313179	6.361299	24427.25	-7.810785E-11	-1.280281E+10	1.342223E+16	0	0	0.265818	0.04188	0	0
0	0	0	-0.140564	6.36144	-4.314061	6.36144	24410.75	-4.457558E-11	-2.243381E+10	1.342223E+16	0	0	0.212099	0.041577	0	0
0	0	0	-0.138195	6.361412	-4.311631	6.361412	24403	-2.763079E-11	-3.619151E+10	1.342223E+16	0	0	0.180238	0.041378	0	0
0	0	0	-0.139502	6.361321	-4.312902	6.361321	24426.5	-2.993186E-11	-3.340922E+10	1.342223E+16	0	0	0.197638	0.041163	0	0
0	0	0	-0.139992	6.361553	-4.313553	6.361553	24413.5	-4.082802E-11	-2.449298E+10	1.342223E+16	0	0	0.23881	0.040876	0	0
0	0	0	-0.140074	6.361497	-4.313599	6.361497	24408.75	-2.119504E-11	-4.718085E+10	1.342223E+16	0	0	0.223473	0.040629	0	0
0	0	0	-0.139339	6.361469	-4.312832	6.361469	24407.75	-2.399024E-11	-4.168362E+10	1.342223E+16	0	0	0.157522	0.040389	0	0
0	0	0	-0.137664	6.36137	-4.311063	6.36137	24415	-2.569209E-11	-3.892248E+10	1.342223E+16	0	0	0.168778	0.040102	0	0
0	0	0	-0.137542	6.361398	-4.310957	6.361398	24431.75	-3.4151E-11	-2.928172E+10	1.342223E+16	0	0	0.228203	0.03976	0	0
0	0	0	-0.136031	6.361497	-4.309483	6.361497	24433	-3.122369E-11	-3.202696E+10	1.342223E+16	0	0	0.160444	0.039616	0	0
0	0	0	-0.135173	6.361222	-4.30843	6.361222	24447.75	-2.402955E-11	-4.161542E+10	1.342223E+16	0	0	0.199144	0.039401	0	0
0	0	0	-0.136112	6.361236	-4.309396	6.361236	24456.25	-6.735946E-11	-1.484572E+10	1.342223E+16	0	0	0.221928	0.039018	0	0
0	0	0	-0.134928	6.361419	-4.30831	6.361419	24447	-6.163737E-11	-1.622392E+10	1.342223E+16	0	0	0.173509	0.038954	0	0
0	0	0	-0.135663	6.361321	-4.308994	6.361321	24458.75	-2.93676E-11	-3.405113E+10	1.342223E+16	0	0	0.157155	0.038675	0	0
0	0	0	-0.133131	6.361426	-4.306486	6.361426	24451.5	-4.089157E-11	-2.445492E+10	1.342223E+16	0	0	0.109165	0.038285	0	0
0	0	0	-0.133662	6.361567	-4.307118	6.361567	24476.5	-2.880857E-11	-3.47119E+10	1.342223E+16	0	0	0.169928	0.038141	0	0
0	0	0	-0.131825	6.36156	-4.305243	6.36156	24471.5	-2.06479E-11	-4.843107E+10	1.342223E+16	0	0	0.120918	0.03791	0	0
0	0	0	-0.131661	6.361356	-4.304943	6.361356	24489.5	-2.09598E-11	-4.771037E+10	1.342223E+16	0	0	0.13952	0.037695	0	0
0	0	0	-0.13354	6.361595	-4.307012	6.361595	24491.25	-3.591892E-11	-2.784048E+10	1.342223E+16	0	0	0.140438	0.037432	0	0
0	0	0	-0.131661	6.361257	-4.304878	6.361257	24472.5	-1.954217E-11	-5.11714E+10	1.342223E+16	0	0	0.112187	0.037201	0	0
0	0	0	-0.130967	6.361539	-4.304356	6.361539	24491.25	-5.479523E-11	-1.824976E+10	1.342223E+16	0	0	0.109286	0.036946	0	0
0	0	0	-0.130763	6.361349	-4.304024	6.361349	24498.25	-2.19112E-11	-4.563877E+10	1.342223E+16	0	0	0.153932	0.036762	0	0
0	0	0	-0.130845	6.361145	-4.303973	6.361145	24500	-3.68382E-11	-2.714573E+10	1.342223E+16	0	0	0.121784	0.036459	0	0
0	0	0	-0.129538	6.361447	-4.302841	6.361447	24499.25	-1.372389E-10	-7.286565E+9	1.342223E+16	0	0	0.185802	0.036252	0	0
0	0	0	-0.128476	6.361609	-4.301866	6.361609	24512.25	-2.723707E-11	-3.671467E+10	1.342223E+16	0	0	0.130764	0.036005	0	0
0	0	0	-0.128639	6.361581	-4.302014	6.361581	24523	-1.907147E-11	-5.243435E+10	1.342223E+16	0	0	0.158095	0.035758	0	0
0	0	0	-0.129007	6.361447	-4.302301	6.361447	24521.25	-2.012022E-11	-4.970124E+10	1.342223E+16	0	0	0.075377	0.035558	0	0
0	0	0	-0.129783	6.361271	-4.302975	6.361271	24517.5	-2.724291E-11	-3.67068E+10	1.342223E+16	0	0	0.04518	0.035399	0	0
0	0	0	-0.130028	6.361433	-4.303331	6.361433	24509.75	-5.100725E-11	-1.960506E+10	1.342223E+16	0	0	0.145292	0.035152	0	0
0	0	0	-0.131335	6.361342	-4.304601	6.361342	24507.5	-2.828647E-11	-3.535259E+10	1.342223E+16	0	0	0.107845	0.034841	0	0
0	0	0	-0.132192	6.361109	-4.305321	6.361109	24494.5	-3.778309E-11	-2.646687E+10	1.342223E+16	0	0	0.100511	0.034689	0	0
0	0	0	-0.131253	6.361483	-4.30461	6.361483	24486	-2.587645E-10	-3.864517E+9	1.342223E+16	0	0	0.073617	0.034522	0	0
0	0	0	-0.132111	6.361208	-4.305303	6.361208	24495.25	-2.48974E-11	-4.016484E+10	1.342223E+16	0	0	0.093927	0.034219	0	0
0	0	0	-0.133499	6.36156	-4.306948	6.36156	24486.75	-7.431144E-11	-1.345688E+10	1.342223E+16	0	0	0.046805	0.034116	0	0
0	0	0	-0.134316	6.361412	-4.307682	6.361412	24473	-2.094568E-11	-4.774254E+10	1.342223E+16	0	0	0.091107	0.033789	0	0
0	0	0	-0.135541	6.361307	-4.30886	6.361307	24465	-2.997904E-11	-3.335664E+10	1.342223E+16	0	0	0.059434	0.033645	0	0
0	0	0	-0.135132	6.361349	-4.308472	6.361349	24452.75	-4.332492E-11	-2.308141E+10	1.342223E+16	0	0	0.079925	0.03343	0	0
0	0	0	-0.137501	6.361384	-4.310906	6.361384	24456.75	-3.677317E-11	-2.719374E+10	1.342223E+16	0	0	0.076122	0.033326	0	0
0	0	0	-0.136235	6.361307	-4.309567	6.361307	24433.25	-3.262294E-11	-3.065328E+10	1.342223E+16	0	0	0.01565	0.033103	0	0
0	0	0	-0.138073	6.361461	-4.311539	6.361461	24445.75	-4.331251E-11	-2.308802E+10	1.342223E+16	0	0	0.060666	0.032928	0	0
0	0	0	-0.138195	6.361405	-4.311627	6.361405	24427.5	-2.616724E-11	-3.821572E+10	1.342223E+16	0	0	0.110227	0.032752	0	0
0	0	0	-0.138563	6.361454	-4.312033	6.361454	24426.5	-3.056015E-11	-3.272235E+10	1.342223E+16	0	0	0.098602	0.032513	0	0
0	0	0	-0.138889	6.361666	-4.312504	6.361666	24422.75	-2.664096E-11	-3.753618E+10	1.342223E+16	0	0	0.074352	0.032266	0	0
0	0	0	-0.140155	6.361574	-4.313733	6.361574	24419.5	-1.719599E-11	-5.81531E+10	1.342223E+16	0	0	0.099911	0.032075	0	0
0	0	0	-0.140605	6.361433	-4.314098	6.361433	24407	-2.030602E-11	-4.924648E+10	1.342223E+16	0	0	0.054255	0.031812	0	0
0	0	0	-0.140074	6.361412	-4.313544	6.361412	24402.5	-2.816528E-11	-3.55047E+10	1.342223E+16	0	0	0.050089	0.031764	0	0
0	0	0	-0.14134	6.361349	-4.314791	6.361349	24407.75	-2.990888E-11	-3.343488E+10	1.342223E+16	0	0	0.076081	0.031493	0	0
0	0	0	-0.14134	6.361581	-4.314943	6.361581	24395.25	-3.66807E-11	-2.726229E+10	1.342223E+16	0	0	0.076595	0.031278	0	0
0	0	0	-0.140359	6.361623	-4.313973	6.361623	24395.25	-2.001684E-11	-4.995794E+10	1.342223E+16	0	0	0.08142	0.031062	0	0
0	0	0	-0.140645	6.361349	-4.314084	6.361349	24405	-1.8497E-11	-5.406282E+10	1.342223E+16	0	0	0.112209	0.030895	0	0
0	0	0	-0.140605	6.361581	-4.314195	6.361581	24402.25	-3.669123E-11	-2.725447E+10	1.342223E+16	0	0	0.05585	0.030847	0	0
0	0	0	-0.140809	6.361476	-4.314334	6.361476	24402.5	-2.002279E-11	-4.99431E+10	1.342223E+16	0	0	0.065037	0.030608	0	0
0	0	0	-0.138113	6.361166	-4.311386	6.361166	24400.5	-2.523137E-11	-3.963321E+10	1.342223E+16	0	0	0.074338	0.030377	0	0
0	0	0	-0.138808	6.361349	-4.312213	6.361349	24427.25	-1.067398E-10	-9.36858E+9	1.342223E+16	0	0	0.083406	0.030273	0	0
0	0	0	-0.138889	6.361469	-4.312375	6.361469	24420.25	-3.671829E-11	-2.723438E+10	1.342223E+16	0	0	0.04836	0.030042	0	0
0	0	0	-0.138849	6.361426	-4.312306	6.361426	24419.5	-2.569683E-11	-3.891531E+10	1.342223E+16	0	0	0.044248	0.029803	0	0
0	0	0	-0.136684	6.361687	-4.310273	6.361687	24420	-2.874207E-11	-3.479221E+10	1.342223E+16	0	0	0.076312	0.029556	0	0
0	0	0	-0.137378	6.361236	-4.310684	6.361236	24441.5	-1.662231E-11	-6.016009E+10	1.342223E+16	0	0	0.090204	0.029444	0	0
0	0	0	-0.137338	6.36144	-4.310777	6.36144	24434.5	-6.160586E-11	-1.623222E+10	1.342223E+16	0	0	0.031208	0.029356	0	0
0	0	0	-0.134806	6.361285	-4.308098	6.361285	24435	-2.766703E-11	-3.614411E+10	1.342223E+16	0	0	0.077527	0.029061	0	0
0	0	0	-0.135704	6.361454	-4.309123	6.361454	24460	-4.758102E-11	-2.101679E+10	1.342223E+16	0	0	0.115208	0.028838	0	0
0	0	0	-0.135173	6.361307	-4.308486	6.361307	24451	-2.667178E-11	-3.749281E+10	1.342223E+16	0	0	0.013246	0.028758	0	0
0	0	0	-0.134642	6.361426	-4.308024	6.361426	24456.25	-4.333112E-11	-2.30781E+10	1.342223E+16	0	0	0.018002	0.028575	0	0
0	0	0	-0.13452	6.361469	-4.307927	6.361469	24461.75	-2.879121E-11	-3.473283E+10	1.342223E+16	0	0	-0.000706	0.028392	0	0
0	0	0	-0.133009	6.361426	-4.306361	6.361426	24462.75	-2.574234E-11	-3.88465E+10	1.342223E+16	0	0	0.089407	0.028153	0	0
0	0	0	-0.133417	6.361342	-4.306721	6.361342	24477.75	-2.881004E-11	-3.471013E+10	1.342223E+16	0	0	0	0	0	0
0	0	0	-0.133744	6.361292	-4.307021	6.361292	24473.75	-3.775108E-11	-2.648931E+10	1.342223E+16	0	0	0	0	0	0
0	0	0	-0.131375	6.361659	-4.30485	6.361659	24470.5	-4.609697E-11	-2.16934E+10	1.342223E+16	0	0	0	0	0	0
0	0	0	-0.13064	6.361363	-4.303908	6.361363	24494	-1.745467E-11	-5.729125E+10	1.342223E+16	0	0	0	0	0	0
0	0	0	-0.131294	6.361433	-4.304619	6.361433	24501.5	-3.507099E-11	-2.85136E+10	1.342223E+16	0	0	0	0	0	0
0	0	0	-0.132437	6.361433	-4.305783	6.361433	24495	-2.827205E-11	-3.537063E+10	1.342223E+16	0	0	0	0	0	0
0	0	0	-0.130926	6.361349	-4.30419	6.361349	24483.5	-2.825877E-11	-3.538724E+10	1.342223E+16	0	0	0	0	0	0
0	0	0	-0.129987	6.361342	-4.303229	6.361342	24498.5	-3.683595E-11	-2.714739E+10	1.342223E+16	0	0	0	0	0	0
0	0	0	-0.129701	6.361504	-4.303044	6.361504	24507.75	-3.780353E-11	-2.645256E+10	1.342223E+16	0	0	0	0	0	0
0	0	0	0	0	0	0	24510.75	-2.370064E-11	-4.219296E+10	1.342223E+16	0	0	0	0	0	0
