Vload_(V)	ILoad_(A)	RsLoad_(ohm)	SunsVoc_Voltage_(V)	SunsVoc_Current_(A)	Model_Voltage_(V)	Model_Current_(A)	Carrier_Density_(cm-3)	Lifetime_(s)	Inverse_Lifetime_(s-1)	(Carrier_Density+Doping)/qWni^2_(cm^2/C)	Carrier_Density_at_Vmp_(cm-3)	Lifetime_at_Vmp_(s)	Efficiency_(%)	Intensity_(suns)	Dark_IV_Voltage_(V)	Dark_IV_Current_(A)
3.324295	6.371363	0	65.33674	0.116732	65.288827	0.116732	3.803952E+15	0.00024	4145.663713	3.126227E+16	3.355799E+14	0.000403	19.625493	1.135616	0	0
3.336973	6.3705	2.561295	65.157917	0.533825	64.937222	0.533825	3.635061E+15	0.000244	4076.943352	3.04702E+16	0	0	19.844494	1.133675	0	0
5.672781	6.36475	5.866127	64.978889	0.931636	64.590962	0.931636	3.469337E+15	0.000249	3988.302147	2.969297E+16	0	0	19.635156	1.12902	0	0
11.379565	6.354277	5.887844	64.794104	1.299249	64.249121	1.299249	3.309827E+15	0.000255	3896.950219	2.894489E+16	0	0	19.488742	1.12618	0	0
15.634164	6.347954	5.408215	64.618711	1.63037	63.93009	1.63037	3.15168E+15	0.000261	3817.244785	2.820321E+16	0	0	19.465639	1.12369	0	0
21.623789	6.341689	4.590455	64.447197	1.936155	63.62391	1.936155	3.007468E+15	0.000266	3740.275276	2.752687E+16	0	0	19.738552	1.118709	0	0
27.858333	6.317636	3.901255	64.280951	2.219205	63.331183	2.219205	2.871814E+15	0.000272	3665.334143	2.689067E+16	0	0	19.752338	1.110364	0	0
33.70289	6.313461	3.012488	64.112745	2.48251	63.043358	2.48251	2.745233E+15	0.000278	3590.535115	2.629702E+16	0	0	19.479572	1.101986	0	0
39.247463	6.330071	1.972484	63.945438	2.726592	62.763337	2.726592	2.62192E+15	0.000283	3521.861157	2.57187E+16	0	0	19.441884	1.094921	0	0
45.015674	6.304727	1.286784	63.778334	2.951293	62.49063	2.951293	2.503868E+15	0.000288	3457.23253	2.516505E+16	0	0	19.602533	1.08613	0	0
46.461857	6.289453	1.153628	63.61462	3.160464	62.227064	3.160464	2.390399E+15	0.000293	3398.829034	2.46329E+16	0	0	19.762193	1.075461	0	0
47.89056	6.270079	1.023951	63.449273	3.357569	61.965967	3.357569	2.283402E+15	0.000299	3341.148083	2.413109E+16	0	0	19.518912	1.064609	0	0
49.342253	6.233975	0.931955	63.283722	3.543455	61.708558	3.543455	2.179399E+15	0.000304	3286.33025	2.364333E+16	0	0	19.47161	1.054704	0	0
50.74773	6.221947	0.745121	63.118048	3.718546	61.454826	3.718546	2.079231E+15	0.000309	3232.768467	2.317356E+16	0	0	19.624188	1.044958	0	0
52.171026	6.119881	0.758096	62.949964	3.881046	61.203233	3.881046	1.982838E+15	0.000314	3180.569604	2.272148E+16	0	0	19.643079	1.034305	0	0
53.598985	6.032436	0.666651	62.791151	4.031083	60.966268	4.031083	1.888856E+15	0.000318	3134.809275	2.228072E+16	0	0	19.652216	1.023397	0	0
55.079916	5.954227	0.521526	62.633276	4.168846	60.735105	4.168846	1.803478E+15	0.000323	3085.835266	2.188031E+16	0	0	19.431364	1.013046	0	0
56.498391	5.713233	0.508889	62.473973	4.296133	60.506486	4.296133	1.721802E+15	0.000328	3042.350747	2.149726E+16	0	0	19.556493	1.003268	0	0
57.837618	5.348123	0.512995	62.314833	4.413917	60.281746	4.413917	1.64252E+15	0.000332	3005.27314	2.112544E+16	0	0	19.563757	0.99326	0	0
59.261622	4.843704	0.49118	62.163696	4.525328	60.067942	4.525328	1.56637E+15	0.000336	2972.870757	2.07683E+16	0	0	19.709538	0.983196	0	0
60.544407	4.221504	0.472406	62.009089	4.630049	59.852956	4.630049	1.496789E+15	0.00034	2934.298648	2.044198E+16	0	0	19.589165	0.97329	0	0
61.899225	3.304988	0.47503	61.85832	4.727238	59.645099	4.727238	1.428291E+15	0.000344	2900.873481	2.012073E+16	0	0	19.51108	0.963966	0	0
63.094907	2.321472	0.490522	61.705142	4.818984	59.436716	4.818984	1.36403E+15	0.000348	2868.259872	1.981936E+16	0	0	19.605014	0.954586	0	0
64.137636	1.352095	0.497286	61.555272	4.904065	59.234597	4.904065	1.301232E+15	0.000352	2839.150918	1.952484E+16	0	0	19.587405	0.945071	0	0
54.453953	6.023827	0.537352	61.407035	4.984543	59.036013	4.984543	1.242148E+15	0.000355	2811.411249	1.924775E+16	0	0	19.65485	0.935372	0	0
65.385428	0	0	61.257083	5.060197	58.837481	5.060197	1.185937E+15	0.000359	2783.359862	1.898412E+16	0	0	19.532078	0.925841	0	0
0	0	0	61.109377	5.130838	58.64342	5.130838	1.131264E+15	0.000362	2758.890107	1.872771E+16	0	0	19.523303	0.916294	0	0
0	0	0	60.96159	5.197418	58.450884	5.197418	1.0795E+15	0.000365	2735.589327	1.848495E+16	0	0	19.607347	0.906683	0	0
0	0	0	60.814333	5.259987	58.260547	5.259987	1.029723E+15	0.000368	2714.069733	1.82515E+16	0	0	19.664928	0.897104	0	0
0	0	0	60.667852	5.318807	58.072578	5.318807	9.820697E+14	0.000371	2694.237015	1.802801E+16	0	0	19.627787	0.887684	0	0
0	0	0	60.523699	5.373893	57.888688	5.373893	9.365374E+14	0.000374	2675.832962	1.781447E+16	0	0	19.416871	0.878654	0	0
0	0	0	60.37926	5.426165	57.705611	5.426165	8.934951E+14	0.000376	2658.067705	1.761261E+16	0	0	19.538997	0.869942	0	0
0	0	0	60.232003	5.474593	57.521112	5.474593	8.520724E+14	0.000378	2641.334165	1.741834E+16	0	0	19.637289	0.861445	0	0
0	0	0	60.090668	5.524113	57.342298	5.524113	8.115454E+14	0.00038	2631.254043	1.722827E+16	0	0	19.707811	0.852734	0	0
0	0	0	59.948802	5.567798	57.165587	5.567798	7.742165E+14	0.000384	2605.904705	1.705321E+16	0	0	19.494924	0.844213	0	0
0	0	0	59.810856	5.608777	56.994316	5.608777	7.382452E+14	0.000386	2592.052828	1.688451E+16	0	0	19.449425	0.835931	0	0
0	0	0	59.671276	5.64835	56.821779	5.64835	7.046629E+14	0.000388	2577.174165	1.672701E+16	0	0	19.644529	0.827903	0	0
0	0	0	59.533698	5.684232	56.653119	5.684232	6.7204E+14	0.00039	2562.116241	1.657401E+16	0	0	19.669368	0.819979	0	0
0	0	0	59.396405	5.718725	56.485316	5.718725	6.411796E+14	0.000392	2552.223602	1.642928E+16	0	0	19.567583	0.812341	0	0
0	0	0	59.263931	5.751091	56.323722	5.751091	6.116247E+14	0.000393	2541.302108	1.629067E+16	0	0	19.304678	0.80491	0	0
0	0	0	59.126353	5.781181	56.157559	5.781181	5.842462E+14	0.000395	2528.506912	1.616227E+16	0	0	19.530857	0.797273	0	0
0	0	0	58.995186	5.810199	55.998842	5.810199	5.569596E+14	0.000396	2523.761527	1.60343E+16	0	0	19.713485	0.789826	0	0
0	0	0	58.859036	5.837831	55.835251	5.837831	5.319985E+14	0.000398	2512.30999	1.591724E+16	0	0	19.572384	0.782602	0	0
0	0	0	58.726971	5.863641	55.676965	5.863641	5.071423E+14	0.000399	2505.714073	1.580066E+16	0	0	19.356603	0.775752	0	0
0	0	0	58.595191	5.887954	55.519661	5.887954	4.840234E+14	0.0004	2498.429389	1.569224E+16	0	0	19.411932	0.768719	0	0
0	0	0	58.464432	5.910921	55.364077	5.910921	4.618963E+14	0.000401	2492.776227	1.558847E+16	0	0	19.64929	0.761892	0	0
0	0	0	58.335225	5.9326	55.210777	5.9326	4.408397E+14	0.000402	2487.782618	1.548971E+16	0	0	19.539671	0.754851	0	0
0	0	0	58.203037	5.95291	55.054833	5.95291	4.208838E+14	0.000403	2483.083051	1.539612E+16	0	0	19.403576	0.747834	0	0
0	0	0	58.076526	5.972552	54.905393	5.972552	4.013133E+14	0.000403	2483.658043	1.530434E+16	0	0	19.433966	0.74104	0	0
0	0	0	57.94544	5.990803	54.751583	5.990803	3.833574E+14	0.000404	2477.966227	1.522013E+16	0	0	19.569487	0.734214	0	0
0	0	0	57.817132	6.008209	54.6012	6.008209	3.655238E+14	0.000403	2479.953795	1.513649E+16	0	0	19.58054	0.727435	0	0
0	0	0	57.687476	6.025277	54.449443	6.025277	3.488022E+14	0.000403	2479.993405	1.505807E+16	0	0	19.345364	0.720681	0	0
0	0	0	57.564639	6.040669	54.30602	6.040669	3.32617E+14	0.000403	2478.464131	1.498216E+16	0	0	19.371953	0.713982	0	0
0	0	0	57.441476	6.055637	54.162403	6.055637	3.179203E+14	0.000404	2477.731281	1.491324E+16	0	0	19.42558	0.707323	0	0
0	0	0	57.315781	6.069413	54.016587	6.069413	3.037853E+14	0.000404	2475.667552	1.484695E+16	0	0	19.482692	0.70083	0	0
0	0	0	57.19421	6.082905	53.875409	6.082905	2.899583E+14	0.000403	2480.560153	1.47821E+16	0	0	19.354647	0.694307	0	0
0	0	0	57.06921	6.09548	53.730901	6.09548	2.771401E+14	0.000403	2479.336758	1.472198E+16	0	0	19.376381	0.687934	0	0
0	0	0	56.948619	6.107438	53.591538	6.107438	2.645091E+14	0.000402	2484.496129	1.466275E+16	0	0	19.461641	0.681728	0	0
0	0	0	56.825783	6.119025	53.449858	6.119025	2.528321E+14	0.000402	2486.589936	1.460798E+16	0	0	19.402318	0.675411	0	0
0	0	0	56.706621	6.130265	53.312372	6.130265	2.414326E+14	0.000402	2489.689938	1.455452E+16	0	0	19.37177	0.669198	0	0
0	0	0	56.588277	6.140801	53.176132	6.140801	2.30834E+14	0.000402	2488.018242	1.450481E+16	0	0	19.162912	0.663087	0	0
0	0	0	56.466176	6.150208	53.03634	6.150208	2.207403E+14	0.000402	2488.08878	1.445748E+16	0	0	19.327526	0.656922	0	0
0	0	0	56.347872	6.15952	52.900749	6.15952	2.107611E+14	0.0004	2499.590796	1.441067E+16	0	0	19.43261	0.650851	0	0
0	0	0	56.227445	6.16868	52.762866	6.16868	2.014981E+14	0.000399	2504.412614	1.436723E+16	0	0	19.294341	0.644813	0	0
0	0	0	56.111796	6.177445	52.630438	6.177445	1.924638E+14	0.000399	2508.601532	1.432486E+16	0	0	19.246487	0.638742	0	0
0	0	0	55.995779	6.185947	52.497718	6.185947	1.841491E+14	0.000399	2508.499548	1.428587E+16	0	0	19.25334	0.632449	0	0
0	0	0	55.876291	6.1931	52.361904	6.1931	1.761503E+14	0.000399	2507.432441	1.424835E+16	0	0	19.353644	0.626538	0	0
0	0	0	55.761908	6.200639	52.231471	6.200639	1.682574E+14	0.000396	2523.795855	1.421134E+16	0	0	19.185919	0.620794	0	0
0	0	0	55.643768	6.207551	52.097224	6.207551	1.610173E+14	0.000396	2525.742614	1.417738E+16	0	0	19.265987	0.61497	0	0
0	0	0	55.528323	6.21405	51.966159	6.21405	1.538514E+14	0.000394	2536.371449	1.414377E+16	0	0	19.243259	0.609385	0	0
0	0	0	55.410305	6.220747	51.832118	6.220747	1.471435E+14	0.000393	2546.781185	1.411232E+16	0	0	19.234061	0.603991	0	0
0	0	0	55.290245	6.226906	51.696107	6.226906	1.405755E+14	0.000392	2552.300425	1.408151E+16	0	0	19.285298	0.598652	0	0
0	0	0	55.178721	6.233027	51.569512	6.233027	1.341824E+14	0.00039	2564.554491	1.405153E+16	0	0	19.139584	0.593178	0	0
0	0	0	55.062908	6.239003	51.438248	6.239003	1.284943E+14	0.00039	2564.602972	1.402485E+16	0	0	19.176595	0.587832	0	0
0	0	0	54.949791	6.244092	51.310451	6.244092	1.228329E+14	0.00039	2566.92722	1.39983E+16	0	0	19.041715	0.582541	0	0
0	0	0	54.835857	6.24924	51.181699	6.24924	1.175354E+14	0.000388	2579.471733	1.397346E+16	0	0	19.212567	0.577314	0	0
0	0	0	54.721718	6.253991	51.052936	6.253991	1.124225E+14	0.000386	2587.708227	1.394948E+16	0	0	19.135166	0.572087	0	0
0	0	0	54.607662	6.258386	50.924454	6.258386	1.07516E+14	0.000385	2600.525592	1.392647E+16	0	0	19.011276	0.566916	0	0
0	0	0	54.496014	6.263245	50.798341	6.263245	1.0282E+14	0.000382	2617.481166	1.390444E+16	0	0	19.03058	0.561935	0	0
0	0	0	54.382162	6.267442	50.670168	6.267442	9.841573E+13	0.000382	2617.017157	1.388379E+16	0	0	19.096354	0.556931	0	0
0	0	0	54.272393	6.271597	50.546513	6.271597	9.411293E+13	0.00038	2630.414228	1.386361E+16	0	0	19.100284	0.551982	0	0
0	0	0	54.156377	6.275615	50.416025	6.275615	9.013757E+13	0.000379	2636.641497	1.384497E+16	0	0	18.902137	0.546986	0	0
0	0	0	54.045587	6.279631	50.291295	6.279631	8.61133E+13	0.000378	2648.705249	1.382609E+16	0	0	18.850258	0.542117	0	0
0	0	0	53.934021	6.283087	50.166029	6.283087	8.243374E+13	0.000377	2650.86638	1.380884E+16	0	0	19.02456	0.5372	0	0
0	0	0	53.819475	6.286646	50.037396	6.286646	7.888324E+13	0.000375	2665.824565	1.379218E+16	0	0	18.97148	0.532307	0	0
0	0	0	53.709543	6.290134	49.91389	6.290134	7.539305E+13	0.000374	2676.762654	1.377582E+16	0	0	19.113561	0.527478	0	0
0	0	0	53.596589	6.293209	49.787282	6.293209	7.218538E+13	0.000373	2680.613244	1.376077E+16	0	0	19.229405	0.522848	0	0
0	0	0	53.484615	6.29592	49.661967	6.29592	6.902843E+13	0.000371	2697.085062	1.374597E+16	0	0	18.546368	0.518217	0	0
0	0	0	53.375622	6.298968	49.539729	6.298968	6.603224E+13	0.000367	2721.669132	1.373191E+16	0	0	19.023983	0.513619	0	0
0	0	0	53.260994	6.301579	49.411522	6.301579	6.323819E+13	0.000367	2727.1158	1.371881E+16	0	0	18.907549	0.509012	0	0
0	0	0	53.150326	6.304306	49.287609	6.304306	6.04246E+13	0.000363	2751.144393	1.370562E+16	0	0	18.438684	0.504271	0	0
0	0	0	53.035045	6.307094	49.158552	6.307094	5.782482E+13	0.000362	2762.496813	1.369342E+16	0	0	19.099085	0.499887	0	0
0	0	0	52.920416	6.309287	49.030572	6.309287	5.523334E+13	0.000361	2771.871392	1.368127E+16	0	0	18.736998	0.495527	0	0
0	0	0	52.810443	6.311551	48.907684	6.311551	5.276971E+13	0.000357	2802.269766	1.366971E+16	0	0	18.845454	0.491255	0	0
0	0	0	52.696387	6.314238	48.780013	6.314238	5.050775E+13	0.000354	2821.012997	1.365911E+16	0	0	18.825893	0.48699	0	0
0	0	0	52.585148	6.316255	48.655862	6.316255	4.826253E+13	0.000355	2819.607356	1.364858E+16	0	0	18.632937	0.48267	0	0
0	0	0	52.473215	6.31827	48.530938	6.31827	4.616748E+13	0.000352	2843.505445	1.363875E+16	0	0	18.744637	0.478247	0	0
0	0	0	52.359199	6.320373	48.403649	6.320373	4.414978E+13	0.000349	2864.729173	1.362929E+16	0	0	18.632628	0.473903	0	0
0	0	0	52.247266	6.322269	48.278785	6.322269	4.218391E+13	0.000347	2879.438832	1.362007E+16	0	0	18.634906	0.469734	0	0
0	0	0	52.134925	6.324125	48.153487	6.324125	4.033796E+13	0.000345	2899.268109	1.361141E+16	0	0	18.483197	0.465501	0	0
0	0	0	52.019643	6.325971	48.02494	6.325971	3.856545E+13	0.000343	2917.901963	1.36031E+16	0	0	18.578408	0.461332	0	0
0	0	0	51.90624	6.327597	47.8986	6.327597	3.682649E+13	0.000341	2936.264114	1.359494E+16	0	0	18.356161	0.457163	0	0
0	0	0	51.789365	6.329434	47.768285	6.329434	3.519148E+13	0.000338	2962.617473	1.358728E+16	0	0	18.448308	0.453074	0	0
0	0	0	51.675023	6.330966	47.640955	6.330966	3.358148E+13	0.000336	2974.336862	1.357972E+16	0	0	18.692473	0.448921	0	0
0	0	0	51.559741	6.332624	47.5125	6.332624	3.20769E+13	0.000333	3000.084521	1.357267E+16	0	0	18.23664	0.444847	0	0
0	0	0	51.441356	6.334148	47.380695	6.334148	3.062749E+13	0.000332	3013.112346	1.356587E+16	0	0	18.647309	0.441068	0	0
0	0	0	51.330035	6.335429	47.256848	6.335429	2.920651E+13	0.000329	3035.3535	1.355921E+16	0	0	18.223517	0.437098	0	0
0	0	0	51.213161	6.33665	47.126897	6.33665	2.792997E+13	0.000326	3064.840752	1.355322E+16	0	0	18.156901	0.433224	0	0
0	0	0	51.095062	6.337954	46.995534	6.337954	2.664918E+13	0.000322	3102.997346	1.354721E+16	0	0	18.50686	0.429564	0	0
0	0	0	50.976268	6.338985	46.863575	6.338985	2.541411E+13	0.000319	3131.574312	1.354142E+16	0	0	18.192931	0.425618	0	0
0	0	0	50.850287	6.340727	46.723207	6.340727	2.422904E+13	0.000314	3183.331237	1.353586E+16	0	0	18.533514	0.421966	0	0
0	0	0	50.728512	6.341975	46.587802	6.341975	2.303212E+13	0.000316	3168.656174	1.353025E+16	0	0	18.603675	0.418338	0	0
0	0	0	50.604533	6.34313	46.450016	6.34313	2.193097E+13	0.000313	3192.114906	1.352509E+16	0	0	18.2937	0.414726	0	0
0	0	0	50.482758	6.344098	46.314785	6.344098	2.086356E+13	0.00031	3223.575047	1.352008E+16	0	0	18.088655	0.411186	0	0
0	0	0	50.35792	6.345141	46.176116	6.345141	1.986539E+13	0.000306	3269.520918	1.35154E+16	0	0	17.975943	0.407502	0	0
0	0	0	50.233941	6.346055	46.038476	6.346055	1.889134E+13	0.000302	3306.518481	1.351083E+16	0	0	18.042162	0.403842	0	0
0	0	0	50.108041	6.346781	45.898834	6.346781	1.797096E+13	0.000298	3354.792789	1.350651E+16	0	0	18.326002	0.400382	0	0
0	0	0	49.974914	6.348162	45.750765	6.348162	1.708194E+13	0.000292	3428.105904	1.350234E+16	0	0	18.320963	0.397	0	0
0	0	0	49.848933	6.348826	45.611068	6.348826	1.618942E+13	0.000293	3413.874189	1.349816E+16	0	0	18.04092	0.393555	0	0
0	0	0	49.713927	6.349599	45.461318	6.349599	1.538756E+13	0.000287	3489.021921	1.34944E+16	0	0	17.751244	0.39019	0	0
0	0	0	49.580963	6.350534	45.313713	6.350534	1.457207E+13	0.000281	3557.856936	1.349057E+16	0	0	17.883797	0.386729	0	0
0	0	0	49.439587	6.35112	45.157041	6.35112	1.381097E+13	0.000278	3592.580789	1.3487E+16	0	0	18.146529	0.383292	0	0
0	0	0	49.301029	6.351957	45.003311	6.351957	1.304507E+13	0.000271	3696.531038	1.348341E+16	0	0	18.088185	0.379887	0	0
0	0	0	49.152914	6.352598	44.839147	6.352598	1.23355E+13	0.000267	3747.579642	1.348008E+16	0	0	17.824286	0.376498	0	0
0	0	0	49.006515	6.353203	44.6769	6.353203	1.161944E+13	0.00026	3847.111896	1.347673E+16	0	0	17.89321	0.373339	0	0
0	0	0	48.85105	6.354119	44.504416	6.354119	1.095237E+13	0.000253	3949.910521	1.34736E+16	0	0	18.074101	0.369934	0	0
0	0	0	48.698036	6.354744	44.334835	6.354744	1.028573E+13	0.00025	3993.600799	1.347047E+16	0	0	17.700668	0.366577	0	0
0	0	0	48.535138	6.355476	44.154253	6.355476	9.669095E+12	0.000244	4094.496763	1.346758E+16	0	0	17.85811	0.363203	0	0
0	0	0	48.37171	6.35603	43.973203	6.35603	9.05308E+12	0.000239	4180.267036	1.346469E+16	0	0	17.747117	0.360124	0	0
0	0	0	48.201463	6.356653	43.784563	6.356653	8.474378E+12	0.000232	4310.057675	1.346198E+16	0	0	17.801784	0.357037	0	0
0	0	0	48.029051	6.357288	43.593518	6.357288	7.910723E+12	0.000226	4429.695974	1.345933E+16	0	0	17.715504	0.353966	0	0
0	0	0	47.853004	6.357552	43.398711	6.357552	7.378003E+12	0.00022	4544.379221	1.345683E+16	0	0	17.553137	0.350975	0	0
0	0	0	47.663931	6.358074	43.189321	6.358074	6.870963E+12	0.000209	4788.234834	1.345446E+16	0	0	17.499116	0.347936	0	0
0	0	0	47.474939	6.358867	42.979825	6.358867	6.365061E+12	0.000201	4973.639801	1.345208E+16	0	0	17.740948	0.345032	0	0
0	0	0	47.27292	6.359128	42.7563	6.359128	5.896525E+12	0.000198	5048.174743	1.344989E+16	0	0	17.586334	0.342255	0	0
0	0	0	47.063102	6.359571	42.524021	6.359571	5.433695E+12	0.000186	5363.822798	1.344772E+16	0	0	17.616083	0.339343	0	0
0	0	0	46.842503	6.360019	42.279817	6.360019	4.991347E+12	0.000178	5627.953722	1.344564E+16	0	0	17.457992	0.336575	0	0
0	0	0	46.614716	6.360525	42.027621	6.360525	4.564988E+12	0.000169	5919.828224	1.344364E+16	0	0	17.531944	0.333528	0	0
0	0	0	46.380682	6.360902	41.768607	6.360902	4.162866E+12	0.000161	6202.214905	1.344176E+16	0	0	17.507275	0.33064	0	0
0	0	0	46.138807	6.361153	41.501014	6.361153	3.786527E+12	0.000152	6581.100707	1.343999E+16	0	0	17.309901	0.327871	0	0
0	0	0	45.882108	6.361825	41.216721	6.361825	3.433252E+12	0.000141	7084.324385	1.343833E+16	0	0	17.399482	0.325245	0	0
0	0	0	45.620917	6.362038	40.927795	6.362038	3.094269E+12	0.000136	7342.843835	1.343674E+16	0	0	17.406545	0.322357	0	0
0	0	0	45.344657	6.362589	40.621956	6.362589	2.783653E+12	0.000125	7979.841169	1.343529E+16	0	0	17.262083	0.319621	0	0
0	0	0	45.055698	6.362778	40.302341	6.362778	2.488952E+12	0.000119	8397.678809	1.34339E+16	0	0	17.138852	0.316876	0	0
0	0	0	44.749097	6.363377	39.962912	6.363377	2.214006E+12	0.000108	9237.27467	1.343262E+16	0	0	17.273883	0.31429	0	0
0	0	0	44.422812	6.363541	39.602043	6.363541	1.955385E+12	0.000103	9729.126139	1.34314E+16	0	0	17.244917	0.311704	0	0
0	0	0	44.085543	6.363691	39.229038	6.363691	1.713237E+12	9.194137E-5	10876.496772	1.343027E+16	0	0	17.077056	0.309055	0	0
0	0	0	43.731326	6.364215	38.837007	6.364215	1.494393E+12	8.177032E-5	12229.375712	1.342924E+16	0	0	17.060513	0.306517	0	0
0	0	0	43.364655	6.3644	38.431462	6.3644	1.29457E+12	7.602986E-5	13152.726579	1.34283E+16	0	0	16.992172	0.30378	0	0
0	0	0	42.983813	6.364831	38.010055	6.364831	1.115808E+12	6.727355E-5	14864.683975	1.342746E+16	0	0	17.132691	0.30125	0	0
0	0	0	42.591577	6.365077	37.576191	6.365077	9.562158E+11	6.145286E-5	16272.636281	1.342672E+16	0	0	17.072091	0.298768	0	0
0	0	0	42.185866	6.365476	37.127303	6.365476	8.156675E+11	5.447556E-5	18356.854324	1.342606E+16	0	0	16.972865	0.296397	0	0
0	0	0	41.77313	6.365513	36.670933	6.365513	6.919823E+11	4.934404E-5	20265.873705	1.342548E+16	0	0	16.790159	0.293772	0	0
0	0	0	41.328011	6.365902	36.178475	6.365902	5.853795E+11	4.200793E-5	23805.031445	1.342498E+16	0	0	16.865392	0.291258	0	0
0	0	0	40.870315	6.36607	35.672283	6.36607	4.887384E+11	3.756739E-5	26618.830524	1.342452E+16	0	0	16.939167	0.288942	0	0
0	0	0	40.39318	6.366379	35.144481	6.366379	4.059745E+11	3.219953E-5	31056.358592	1.342414E+16	0	0	16.615603	0.286762	0	0
0	0	0	39.895464	6.366876	34.593761	6.366876	3.345774E+11	2.817947E-5	35486.82426	1.34238E+16	0	0	16.824971	0.284264	0	0
0	0	0	39.376145	6.366907	34.019539	6.366907	2.734443E+11	2.558092E-5	39091.629855	1.342351E+16	0	0	16.804906	0.281854	0	0
0	0	0	38.824279	6.36705	33.409236	6.36705	2.215318E+11	2.086907E-5	47917.813502	1.342327E+16	0	0	16.64127	0.279507	0	0
0	0	0	38.251669	6.36734	32.775866	6.36734	1.771215E+11	1.723877E-5	58008.781775	1.342306E+16	0	0	16.778263	0.277255	0	0
0	0	0	37.662397	6.367692	32.124014	6.367692	1.404277E+11	1.465271E-5	68246.763402	1.342289E+16	0	0	16.513305	0.275179	0	0
0	0	0	37.064263	6.367762	31.462606	6.367762	1.105858E+11	1.26466E-5	79072.609987	1.342275E+16	0	0	16.465836	0.272911	0	0
0	0	0	36.452449	6.367767	30.786128	6.367767	8.677303E+10	1.011498E-5	98863.268945	1.342264E+16	0	0	16.532817	0.270604	0	0
0	0	0	35.829487	6.36801	30.097109	6.36801	6.771122E+10	7.904209E-6	126514.877507	1.342255E+16	0	0	16.531482	0.268249	0	0
0	0	0	35.199665	6.368197	29.400551	6.368197	5.259845E+10	6.58609E-6	151835.166278	1.342248E+16	0	0	16.485966	0.266308	0	0
0	0	0	34.566044	6.368488	28.699693	6.368488	4.074522E+10	5.402271E-6	185107.334244	1.342242E+16	0	0	16.373751	0.264056	0	0
0	0	0	33.922214	6.368547	27.987758	6.368547	3.151457E+10	4.601834E-6	217304.665636	1.342238E+16	0	0	16.232007	0.262051	0	0
0	0	0	33.274955	6.368781	27.271863	6.368781	2.427438E+10	3.618167E-6	276383.02573	1.342235E+16	0	0	16.27664	0.259847	0	0
0	0	0	32.625979	6.369007	26.554074	6.369007	1.867157E+10	3.03521E-6	329466.50988	1.342232E+16	0	0	16.280625	0.257731	0	0
0	0	0	31.960506	6.369057	25.818208	6.369057	1.435196E+10	2.557398E-6	391022.481674	1.34223E+16	0	0	16.207338	0.255663	0	0
0	0	0	31.285559	6.36922	25.071755	6.36922	1.095813E+10	1.995239E-6	501193.115529	1.342228E+16	0	0	16.138616	0.253793	0	0
0	0	0	30.603425	6.369164	24.317568	6.369164	8.334765E+9	1.632818E-6	612438.014975	1.342227E+16	0	0	16.095755	0.251597	0	0
0	0	0	29.907529	6.369404	23.54787	6.369404	6.320984E+9	1.206931E-6	828547.970583	1.342226E+16	0	0	16.115692	0.249433	0	0
0	0	0	29.194808	6.369574	22.759634	6.369574	4.767084E+9	1.021691E-6	978769.433242	1.342225E+16	0	0	16.086797	0.247476	0	0
0	0	0	28.467916	6.369567	21.955906	6.369567	3.570742E+9	8.377158E-7	1193722.296437	1.342225E+16	0	0	16.089377	0.245614	0	0
0	0	0	27.728284	6.369391	21.138266	6.369391	2.65931E+9	6.215442E-7	1608895.973685	1.342224E+16	0	0	16.022849	0.243697	0	0
0	0	0	26.969908	6.369856	20.299233	6.369856	1.970317E+9	4.19458E-7	2384028.638308	1.342224E+16	0	0	15.841043	0.241589	0	0
0	0	0	26.217984	6.369898	19.46777	6.369898	1.448781E+9	4.035651E-7	2477914.830428	1.342224E+16	0	0	15.891443	0.239528	0	0
0	0	0	25.468346	6.3698	18.638986	6.3698	1.068084E+9	3.061284E-7	3266603.406747	1.342224E+16	0	0	15.850378	0.237786	0	0
0	0	0	24.72022	6.369884	17.811677	6.369884	7.881532E+8	2.116663E-7	4724417.628361	1.342224E+16	0	0	15.755191	0.236067	0	0
0	0	0	23.976014	6.370039	16.988623	6.370039	5.819451E+8	1.652252E-7	6052346.209679	1.342223E+16	0	0	15.682158	0.234014	0	0
0	0	0	23.23581	6.370096	16.1701	6.370096	4.303716E+8	1.364944E-7	7326307.516522	1.342223E+16	0	0	15.582331	0.23201	0	0
0	0	0	22.498424	6.370349	15.35447	6.370349	3.187938E+8	1.056039E-7	9469346.602337	1.342223E+16	0	0	15.642472	0.230235	0	0
0	0	0	21.768388	6.370286	14.547321	6.370286	2.364135E+8	9.789659E-8	1.021486E+7	1.342223E+16	0	0	15.673656	0.228501	0	0
0	0	0	21.047827	6.370356	13.750496	6.370356	1.758446E+8	6.853344E-8	1.459142E+7	1.342223E+16	0	0	15.486104	0.226751	0	0
0	0	0	20.332574	6.370532	12.959417	6.370532	1.312967E+8	5.475097E-8	1.826452E+7	1.342223E+16	0	0	15.431668	0.224746	0	0
0	0	0	19.626672	6.370441	12.178987	6.370441	9.82457E+7	4.965013E-8	2.014093E+7	1.342223E+16	0	0	15.557799	0.223019	0	0
0	0	0	18.933839	6.370574	11.412742	6.370574	7.379379E+7	3.359199E-8	2.9769E+7	1.342223E+16	0	0	15.478137	0.221309	0	0
0	0	0	18.252521	6.370772	10.659152	6.370772	5.572204E+7	2.966941E-8	3.370474E+7	1.342223E+16	0	0	15.270041	0.219638	0	0
0	0	0	17.58276	6.370617	9.91876	6.370617	4.227288E+7	3.001294E-8	3.331896E+7	1.342223E+16	0	0	15.190729	0.217792	0	0
0	0	0	16.933132	6.370638	9.200419	6.370638	3.222045E+7	1.812735E-8	5.516526E+7	1.342223E+16	0	0	15.39707	0.215962	0	0
0	0	0	16.300369	6.370701	8.500675	6.370701	2.475975E+7	1.433578E-8	6.975554E+7	1.342223E+16	0	0	15.365673	0.214371	0	0
0	0	0	15.683573	6.370687	7.81868	6.370687	1.915714E+7	1.215413E-8	8.227656E+7	1.342223E+16	0	0	15.163819	0.212772	0	0
0	0	0	15.082418	6.370955	7.153629	6.370955	1.491854E+7	9.26777E-9	1.079008E+8	1.342223E+16	0	0	15.033777	0.211006	0	0
0	0	0	14.504621	6.371117	6.514534	6.371117	1.169166E+7	1.202339E-8	8.317125E+7	1.342223E+16	0	0	15.108797	0.209232	0	0
0	0	0	13.941607	6.371004	5.892129	6.371004	9249934	1.576692E-8	6.342393E+7	1.342223E+16	0	0	14.937883	0.207712	0	0
0	0	0	13.400563	6.370863	5.294054	6.370863	7362141.75	8.610621E-9	1.161356E+8	1.342223E+16	0	0	14.827885	0.206089	0	0
0	0	0	12.866992	6.370941	4.703966	6.370941	5912051.25	4.966304E-9	2.01357E+8	1.342223E+16	0	0	14.69463	0.204522	0	0
0	0	0	12.357515	6.370919	4.140645	6.370919	4761985	4.733832E-9	2.112454E+8	1.342223E+16	0	0	14.926732	0.20274	0	0
0	0	0	11.863514	6.370983	3.594328	6.370983	3873292	3.666985E-9	2.727036E+8	1.342223E+16	0	0	14.99612	0.201196	0	0
0	0	0	11.386747	6.370849	3.067323	6.370849	3170280	3.50184E-9	2.855641E+8	1.342223E+16	0	0	14.853005	0.199645	0	0
0	0	0	10.924477	6.371124	2.555813	6.371124	2613059.75	2.134899E-9	4.684061E+8	1.342223E+16	0	0	14.603191	0.198229	0	0
0	0	0	10.476336	6.371004	2.060444	6.371004	2166475	3.80156E-9	2.630499E+8	1.342223E+16	0	0	14.588935	0.196287	0	0
0	0	0	10.048532	6.371173	1.58718	6.371173	1806533	2.112896E-9	4.732841E+8	1.342223E+16	0	0	14.651765	0.194998	0	0
0	0	0	9.63837	6.371145	1.133683	6.371145	1518864.25	3.356671E-9	2.979142E+8	1.342223E+16	0	0	14.496824	0.193455	0	0
0	0	0	9.24103	6.371145	0.694328	6.371145	1286169.75	2.47542E-9	4.039719E+8	1.342223E+16	0	0	14.620031	0.191935	0	0
0	0	0	8.861453	6.371117	0.274653	6.371117	1094801.75	2.107105E-9	4.745849E+8	1.342223E+16	0	0	14.404419	0.190241	0	0
0	0	0	8.494537	6.37111	-0.131053	6.37111	938643	1.599973E-9	6.250104E+8	1.342223E+16	0	0	14.437704	0.188912	0	0
0	0	0	8.138809	6.371532	-0.524969	6.371532	808899.25	1.340496E-9	7.459926E+8	1.342223E+16	0	0	14.337995	0.187448	0	0
0	0	0	7.79913	6.371349	-0.900319	6.371349	700258.75	-1.738274E-9	-5.752832E+8	1.342223E+16	0	0	14.144328	0.186112	0	0
0	0	0	7.472846	6.371293	-1.261029	6.371293	610166.75	1.837438E-8	5.442359E+7	1.342223E+16	0	0	14.237799	0.184433	0	0
0	0	0	7.158894	6.37106	-1.607859	6.37106	534560.75	3.193732E-9	3.131133E+8	1.342223E+16	0	0	14.155037	0.183088	0	0
0	0	0	6.855642	6.371243	-1.94343	6.371243	470670.5	6.529545E-10	1.5315E+9	1.342223E+16	0	0	14.120858	0.181712	0	0
0	0	0	6.56317	6.371173	-2.266731	6.371173	416218	1.461556E-9	6.842024E+8	1.342223E+16	0	0	13.994583	0.180312	0	0
0	0	0	6.280663	6.371201	-2.579151	6.371201	369677.5	8.169837E-10	1.224015E+9	1.342223E+16	0	0	14.060334	0.178689	0	0
0	0	0	6.004567	6.37125	-2.884511	6.37125	329670.25	8.553858E-10	1.169063E+9	1.342223E+16	0	0	13.952544	0.177527	0	0
0	0	0	5.738067	6.371208	-3.179132	6.371208	294757.75	1.099818E-9	9.092415E+8	1.342223E+16	0	0	13.789557	0.176254	0	0
0	0	0	5.482838	6.371342	-3.461537	6.371342	264570	7.177038E-10	1.393332E+9	1.342223E+16	0	0	13.902992	0.174679	0	0
0	0	0	5.233817	6.371412	-3.73699	6.371412	238561.5	4.773269E-9	2.095E+8	1.342223E+16	0	0	13.921782	0.173446	0	0
0	0	0	4.993657	6.37118	-4.002218	6.37118	215651.75	-1.831675E-9	-5.459482E+8	1.342223E+16	0	0	13.742298	0.172213	0	0
0	0	0	4.757866	6.371405	-4.26326	6.371405	195643.75	4.490133E-10	2.227105E+9	1.342223E+16	0	0	13.716357	0.170908	0	0
0	0	0	4.529508	6.371377	-4.515726	6.371377	177806.75	-1.761102E-9	-5.678264E+8	1.342223E+16	0	0	13.591861	0.169404	0	0
0	0	0	4.315729	6.37144	-4.752202	6.37144	162083.75	-4.784329E-9	-2.090157E+8	1.342223E+16	0	0	13.592894	0.168266	0	0
0	0	0	4.097049	6.371384	-4.993927	6.371384	148627	-8.041714E-10	-1.243516E+9	1.342223E+16	0	0	13.414252	0.167097	0	0
0	0	0	3.882289	6.371469	-5.231517	6.371469	136017	-2.685462E-9	-3.723754E+8	1.342223E+16	0	0	13.327497	0.165705	0	0
0	0	0	3.66659	6.37125	-5.469712	6.37125	124674.75	-4.949269E-10	-2.0205E+9	1.342223E+16	0	0	13.3673	0.164145	0	0
0	0	0	3.459794	6.371455	-5.69867	6.371455	114234.75	4.262397E-10	2.346098E+9	1.342223E+16	0	0	13.395325	0.163214	0	0
0	0	0	3.253528	6.371426	-5.926706	6.371426	105047.75	-4.8107E-10	-2.0787E+9	1.342223E+16	0	0	13.294605	0.162005	0	0
0	0	0	3.050039	6.371433	-6.151723	6.371433	96620	-6.386942E-10	-1.565694E+9	1.342223E+16	0	0	13.252032	0.160525	0	0
0	0	0	2.845652	6.371405	-6.377683	6.371405	88968.75	-5.294223E-10	-1.888851E+9	1.342223E+16	0	0	13.186465	0.159491	0	0
0	0	0	2.644777	6.37137	-6.599749	6.37137	81893.5	-8.111207E-10	-1.232862E+9	1.342223E+16	0	0	12.989918	0.158329	0	0
0	0	0	2.446556	6.371532	-6.819166	6.371532	75488.25	-4.412778E-9	-2.266146E+8	1.342223E+16	0	0	12.939827	0.157056	0	0
0	0	0	2.256789	6.371342	-7.028724	6.371342	69659	-1.729166E-10	-5.783135E+9	1.342223E+16	0	0	13.081723	0.155815	0	0
0	0	0	2.075556	6.371363	-7.229152	6.371363	64500.5	1.290563E-9	7.748557E+8	1.342223E+16	0	0	13.006198	0.154789	0	0
0	0	0	1.904859	6.371687	-7.418373	6.371687	59931	-1.786773E-7	-5596681.907766	1.342223E+16	0	0	12.855056	0.153659	0	0
0	0	0	1.741063	6.371595	-7.599356	6.371595	55923.75	-7.24573E-11	-1.380123E+10	1.342223E+16	0	0	12.790253	0.152307	0	0
0	0	0	1.586415	6.371384	-7.770048	6.371384	52330.5	-9.449531E-11	-1.058254E+10	1.342223E+16	0	0	12.834651	0.151185	0	0
0	0	0	1.433727	6.371469	-7.939006	6.371469	49150.25	-9.704011E-10	-1.030502E+9	1.342223E+16	0	0	12.626291	0.15019	0	0
0	0	0	1.288267	6.371419	-8.099776	6.371419	46199.75	-1.834012E-10	-5.452527E+9	1.342223E+16	0	0	12.608394	0.14891	0	0
0	0	0	1.15077	6.371574	-8.252041	6.371574	43554	-3.238069E-10	-3.08826E+9	1.342223E+16	0	0	12.65372	0.147764	0	0
0	0	0	1.019644	6.371476	-8.396888	6.371476	41192.5	-8.181631E-11	-1.22225E+10	1.342223E+16	0	0	12.590503	0.146817	0	0
0	0	0	0.891295	6.371391	-8.538685	6.371391	39059.75	-1.453782E-10	-6.878609E+9	1.342223E+16	0	0	12.439932	0.145656	0	0
0	0	0	0.771889	6.371419	-8.670759	6.371419	37079.25	-5.499679E-10	-1.818288E+9	1.342223E+16	0	0	12.552521	0.144327	0	0
0	0	0	0.652033	6.371567	-8.803508	6.371567	35327	-2.626424E-10	-3.807458E+9	1.342223E+16	0	0	12.483786	0.143523	0	0
0	0	0	0.540427	6.371433	-8.926718	6.371433	33651.25	-6.914109E-11	-1.446318E+10	1.342223E+16	0	0	12.362793	0.142394	0	0
0	0	0	0.433149	6.371504	-9.045445	6.371504	32162.5	-1.913879E-10	-5.22499E+9	1.342223E+16	0	0	12.364206	0.141184	0	0
0	0	0	0.329873	6.371588	-9.159767	6.371588	30793.75	-9.171301E-11	-1.090358E+10	1.342223E+16	0	0	12.397311	0.140238	0	0
0	0	0	0.232029	6.37149	-9.267812	6.37149	29531	-5.49907E-11	-1.818489E+10	1.342223E+16	0	0	12.253807	0.139283	0	0
0	0	0	0.139861	6.371574	-9.369853	6.371574	28382.5	-9.391356E-11	-1.064809E+10	1.342223E+16	0	0	12.187036	0.138145	0	0
0	0	0	0.052552	6.371602	-9.466436	6.371602	27341.25	-5.430504E-11	-1.84145E+10	1.342223E+16	0	0	12.260696	0.137182	0	0
0	0	0	-0.019443	6.371792	-9.546329	6.371792	26390.5	-4.625362E-11	-2.161993E+10	1.342223E+16	0	0	12.177353	0.136228	0	0
0	0	0	-0.075756	6.371602	-9.608313	6.371602	25631.25	-2.504552E-11	-3.99273E+10	1.342223E+16	0	0	12.041806	0.135042	0	0
0	0	0	-0.122229	6.371616	-9.659721	6.371616	25052.75	-4.3909E-11	-2.277437E+10	1.342223E+16	0	0	12.121043	0.133968	0	0
0	0	0	-0.158287	6.371497	-9.699413	6.371497	24585	-4.069668E-11	-2.457203E+10	1.342223E+16	0	0	12.020861	0.133149	0	0
0	0	0	-0.188425	6.37156	-9.732833	6.37156	24228.25	-7.595283E-11	-1.316607E+10	1.342223E+16	0	0	11.93666	0.132051	0	0
0	0	0	-0.210721	6.371588	-9.757529	6.371588	23934	-5.093069E-11	-1.963453E+10	1.342223E+16	0	0	12.049502	0.130834	0	0
0	0	0	-0.228567	6.37156	-9.77722	6.37156	23718.5	-4.416704E-11	-2.264132E+10	1.342223E+16	0	0	11.937105	0.130126	0	0
0	0	0	-0.245065	6.371638	-9.795579	6.371638	23547.75	-5.010877E-11	-1.995659E+10	1.342223E+16	0	0	11.813985	0.128924	0	0
0	0	0	-0.261318	6.371652	-9.813571	6.371652	23390.75	-3.574286E-11	-2.797761E+10	1.342223E+16	0	0	11.944236	0.127954	0	0
0	0	0	-0.274386	6.371638	-9.828	6.371638	23237	-3.377667E-11	-2.960623E+10	1.342223E+16	0	0	11.765768	0.127277	0	0
0	0	0	-0.281736	6.371497	-9.835917	6.371497	23114.25	-3.532035E-11	-2.831229E+10	1.342223E+16	0	0	11.673649	0.125925	0	0
0	0	0	-0.288229	6.371511	-9.843118	6.371511	23045.5	-7.224504E-11	-1.384178E+10	1.342223E+16	0	0	11.773216	0.125121	0	0
0	0	0	-0.294191	6.371616	-9.849869	6.371616	22985	-6.51995E-11	-1.533754E+10	1.342223E+16	0	0	11.569931	0.124174	0	0
0	0	0	-0.300889	6.371792	-9.857538	6.371792	22929.25	-3.795584E-11	-2.634641E+10	1.342223E+16	0	0	11.674234	0.122981	0	0
0	0	0	-0.307055	6.371321	-9.863649	6.371321	22867.25	-2.234468E-11	-4.475338E+10	1.342223E+16	0	0	11.648053	0.122345	0	0
0	0	0	-0.311792	6.371898	-9.869753	6.371898	22810.25	2.274371E-10	4.39682E+9	1.342223E+16	0	0	11.571779	0.121271	0	0
0	0	0	-0.317672	6.371525	-9.875695	6.371525	22766.5	-1.785669E-11	-5.600143E+10	1.342223E+16	0	0	11.668935	0.120411	0	0
0	0	0	-0.323145	6.371504	-9.881714	6.371504	22712	-5.882779E-11	-1.699877E+10	1.342223E+16	0	0	11.443345	0.119687	0	0
0	0	0	-0.327514	6.371602	-9.886694	6.371602	22661.75	-6.749348E-11	-1.481625E+10	1.342223E+16	0	0	11.541951	0.118581	0	0
0	0	0	-0.332088	6.371602	-9.891751	6.371602	22621.75	-3.964828E-11	-2.522178E+10	1.342223E+16	0	0	11.455994	0.117929	0	0
0	0	0	-0.336049	6.37156	-9.896068	6.37156	22579.75	-3.957467E-11	-2.526869E+10	1.342223E+16	0	0	11.265656	0.11695	0	0
0	0	0	-0.337601	6.37168	-9.897963	6.37168	22543.5	-4.797176E-11	-2.08456E+10	1.342223E+16	0	0	11.407323	0.116043	0	0
0	0	0	-0.340786	6.371483	-9.90119	6.371483	22529.25	-2.983827E-11	-3.3514E+10	1.342223E+16	0	0	11.253609	0.115335	0	0
0	0	0	-0.343359	6.37149	-9.904045	6.37149	22500.25	-7.882432E-11	-1.268644E+10	1.342223E+16	0	0	11.344353	0.114373	0	0
0	0	0	-0.348055	6.371616	-9.909428	6.371616	22476.75	-7.437229E-11	-1.344587E+10	1.342223E+16	0	0	11.208105	0.113681	0	0
0	0	0	-0.349239	6.371602	-9.910716	6.371602	22434	-3.713603E-11	-2.692803E+10	1.342223E+16	0	0	11.228483	0.11263	0	0
0	0	0	-0.351567	6.371532	-9.913185	6.371532	22423.25	-3.930037E-11	-2.544505E+10	1.342223E+16	0	0	11.148675	0.112065	0	0
0	0	0	-0.353159	6.371511	-9.914914	6.371511	22402.25	-5.560977E-11	-1.798245E+10	1.342223E+16	0	0	11.167151	0.11096	0	0
0	0	0	-0.355977	6.371539	-9.918072	6.371539	22387.75	-6.350533E-11	-1.574671E+10	1.342223E+16	0	0	11.112741	0.110403	0	0
0	0	0	-0.357651	6.371715	-9.920187	6.371715	22362.25	-5.329183E-11	-1.87646E+10	1.342223E+16	0	0	11.040505	0.10936	0	0
0	0	0	-0.360265	6.371525	-9.922792	6.371525	22347	-2.663839E-11	-3.753981E+10	1.342223E+16	0	0	11.08953	0.108764	0	0
0	0	0	-0.362797	6.371736	-9.925909	6.371736	22323.25	-5.782086E-11	-1.72948E+10	1.342223E+16	0	0	10.96427	0.107785	0	0
0	0	0	-0.364144	6.371645	-9.927261	6.371645	22300.5	-2.507883E-11	-3.987426E+10	1.342223E+16	0	0	10.967728	0.10722	0	0
0	0	0	-0.36586	6.371518	-9.928968	6.371518	22288.25	-3.320713E-11	-3.011402E+10	1.342223E+16	0	0	10.890435	0.106162	0	0
0	0	0	-0.366962	6.371321	-9.929891	6.371321	22272.75	-6.030995E-11	-1.658101E+10	1.342223E+16	0	0	10.919446	0.105709	0	0
0	0	0	-0.368596	6.371511	-9.931982	6.371511	22262.75	2.219781E-10	4.50495E+9	1.342223E+16	0	0	10.838271	0.10477	0	0
0	0	0	-0.372679	6.371581	-9.936604	6.371581	22248	-6.310891E-11	-1.584562E+10	1.342223E+16	0	0	10.82595	0.104229	0	0
0	0	0	-0.373986	6.371497	-9.937922	6.371497	22211.25	-4.269369E-11	-2.342267E+10	1.342223E+16	0	0	10.943055	0.103107	0	0
0	0	0	-0.375334	6.371624	-9.939602	6.371624	22199.5	-6.959293E-11	-1.436928E+10	1.342223E+16	0	0	10.683973	0.102709	0	0
0	0	0	-0.376436	6.371469	-9.940589	6.371469	22187.25	-3.573547E-11	-2.79834E+10	1.342223E+16	0	0	10.796697	0.101763	0	0
0	0	0	-0.379091	6.371483	-9.943545	6.371483	22177.5	-8.8039E-11	-1.13586E+10	1.342223E+16	0	0	10.555274	0.101229	0	0
0	0	0	-0.381051	6.371708	-9.946051	6.371708	22153.5	-7.760956E-11	-1.288501E+10	1.342223E+16	0	0	10.723533	0.100482	0	0
0	0	0	-0.382562	6.371687	-9.94769	6.371687	22136	-2.692516E-11	-3.713998E+10	1.342223E+16	0	0	10.613196	0.099694	0	0
0	0	0	-0.383501	6.371638	-9.948654	6.371638	22122.5	-2.866289E-11	-3.488831E+10	1.342223E+16	0	0	10.616831	0.099169	0	0
0	0	0	-0.385502	6.371574	-9.950772	6.371574	22114	-3.379189E-11	-2.95929E+10	1.342223E+16	0	0	10.645501	0.098158	0	0
0	0	0	-0.388891	6.371264	-9.954055	6.371264	22096	-4.388695E-11	-2.278582E+10	1.342223E+16	0	0	10.492463	0.097745	0	0
0	0	0	-0.388932	6.371778	-9.954871	6.371778	22065.75	9.411177E-11	1.062566E+10	1.342223E+16	0	0	10.655164	0.09687	0	0
0	0	0	-0.390443	6.371525	-9.956161	6.371525	22065.25	-2.229164E-11	-4.485986E+10	1.342223E+16	0	0	10.454216	0.096257	0	0
0	0	0	-0.391301	6.371764	-9.957469	6.371764	22051.75	-5.711763E-11	-1.750773E+10	1.342223E+16	0	0	10.450723	0.095684	0	0
0	0	0	-0.392485	6.371356	-9.958166	6.371356	22044.25	-2.305157E-11	-4.338099E+10	1.342223E+16	0	0	10.510675	0.094841	0	0
0	0	0	-0.392118	6.371701	-9.958277	6.371701	22033.5	1.340571E-9	7.459507E+8	1.342223E+16	0	0	10.393977	0.0943	0	0
0	0	0	-0.393465	6.371462	-9.959408	6.371462	22037	-2.736294E-11	-3.654578E+10	1.342223E+16	0	0	10.433297	0.093655	0	0
0	0	0	-0.3942	6.371349	-9.960051	6.371349	22024.75	-9.36689E-11	-1.06759E+10	1.342223E+16	0	0	10.499608	0.092804	0	0
0	0	0	-0.3942	6.371694	-9.960569	6.371694	22018.25	6.630558E-10	1.508169E+9	1.342223E+16	0	0	10.340062	0.092295	0	0
0	0	0	-0.394404	6.37175	-9.96088	6.37175	22018.25	-2.792111E-11	-3.58152E+10	1.342223E+16	0	0	10.344866	0.091778	0	0
0	0	0	-0.394568	6.37156	-9.960775	6.37156	22016.5	-2.385943E-11	-4.191214E+10	1.342223E+16	0	0	10.387579	0.090942	0	0
0	0	0	-0.394731	6.371257	-9.960501	6.371257	22015	-4.684713E-11	-2.134602E+10	1.342223E+16	0	0	10.295952	0.090266	0	0
0	0	0	-0.39469	6.37168	-9.96109	6.37168	22013.5	8.762131E-11	1.141275E+10	1.342223E+16	0	0	10.233247	0.089821	0	0
0	0	0	-0.394731	6.371609	-9.96103	6.371609	22014	-2.915586E-11	-3.429842E+10	1.342223E+16	0	0	10.362123	0.089105	0	0
0	0	0	-0.395589	6.37156	-9.961904	6.37156	22013.5	-3.74805E-11	-2.668054E+10	1.342223E+16	0	0	10.359581	0.088309	0	0
0	0	0	-0.396038	6.37156	-9.962401	6.37156	22005.75	-4.682745E-11	-2.1355E+10	1.342223E+16	0	0	10.210092	0.0878	0	0
0	0	0	-0.395303	6.371518	-9.961524	6.371518	22002	-4.681947E-11	-2.135864E+10	1.342223E+16	0	0	10.255108	0.087291	0	0
0	0	0	-0.395711	6.371602	-9.962103	6.371602	22008.5	-5.959442E-11	-1.67801E+10	1.342223E+16	0	0	10.279163	0.086678	0	0
0	0	0	-0.396201	6.371426	-9.96238	6.371426	22004.75	-3.856689E-11	-2.592898E+10	1.342223E+16	0	0	10.29097	0.085922	0	0
0	0	0	-0.396936	6.371694	-9.963595	6.371694	22000.5	-1.454315E-10	-6.87609E+9	1.342223E+16	0	0	10.233488	0.085357	0	0
0	0	0	-0.397222	6.371581	-9.963742	6.371581	21993.75	-2.789004E-11	-3.58551E+10	1.342223E+16	0	0	10.152281	0.084777	0	0
0	0	0	-0.398243	6.371588	-9.964881	6.371588	21991.25	-4.227081E-11	-2.365699E+10	1.342223E+16	0	0	10.186644	0.084267	0	0
0	0	0	-0.397426	6.371504	-9.963851	6.371504	21982.25	-4.093391E-11	-2.442962E+10	1.342223E+16	0	0	10.17708	0.083774	0	0
0	0	0	-0.39857	6.371574	-9.965221	6.371574	21989.5	-6.549132E-11	-1.52692E+10	1.342223E+16	0	0	10.242354	0.08301	0	0
0	0	0	-0.398325	6.371701	-9.965141	6.371701	21979.25	-4.365506E-11	-2.290685E+10	1.342223E+16	0	0	10.217135	0.082374	0	0
0	0	0	-0.397835	6.371595	-9.96444	6.371595	21981.5	-2.729403E-11	-3.663805E+10	1.342223E+16	0	0	10.174521	0.081873	0	0
0	0	0	-0.399509	6.371483	-9.966122	6.371483	21985.75	-3.970056E-11	-2.518856E+10	1.342223E+16	0	0	10.1303	0.081284	0	0
0	0	0	-0.40151	6.371708	-9.968673	6.371708	21971	-7.697022E-11	-1.299204E+10	1.342223E+16	0	0	10.147843	0.080743	0	0
0	0	0	-0.40102	6.37137	-9.967624	6.37137	21953	-2.670257E-11	-3.744958E+10	1.342223E+16	0	0	10.1698	0.080186	0	0
0	0	0	-0.402	6.371609	-9.969067	6.371609	21957.5	-1.283557E-9	-7.79085E+8	1.342223E+16	0	0	10.137142	0.079661	0	0
0	0	0	-0.403348	6.371581	-9.970515	6.371581	21948.75	-3.737026E-11	-2.675925E+10	1.342223E+16	0	0	10.183792	0.079136	0	0
0	0	0	-0.405716	6.371638	-9.973219	6.371638	21936.75	-4.216605E-11	-2.371576E+10	1.342223E+16	0	0	10.203909	0.078587	0	0
0	0	0	-0.404164	6.371588	-9.971429	6.371588	21915.75	-3.348895E-11	-2.98606E+10	1.342223E+16	0	0	10.219796	0.077966	0	0
0	0	0	-0.406451	6.371624	-9.97401	6.371624	21929.5	-4.083568E-11	-2.448839E+10	1.342223E+16	0	0	10.162287	0.077457	0	0
0	0	0	-0.40837	6.371722	-9.976281	6.371722	21909.25	-3.528772E-11	-2.833847E+10	1.342223E+16	0	0	7.259837	0.076988	0	0
0	0	0	-0.408166	6.371687	-9.976002	6.371687	21892.25	-2.558482E-11	-3.908567E+10	1.342223E+16	0	0	2.506142	0.076423	0	0
0	0	0	-0.411392	6.37175	-9.979664	6.37175	21894	-2.836684E-11	-3.525243E+10	1.342223E+16	0	0	1.340818	0.07589	0	0
0	0	0	-0.411107	6.371624	-9.979158	6.371624	21865.25	-2.369552E-11	-4.220206E+10	1.342223E+16	0	0	1.263129	0.075333	0	0
0	0	0	-0.412822	6.371624	-9.981054	6.371624	21867.75	-3.522087E-11	-2.839225E+10	1.342223E+16	0	0	1.390294	0.074879	0	0
0	0	0	-0.412005	6.371624	-9.980151	6.371624	21852.75	-3.519671E-11	-2.841174E+10	1.342223E+16	0	0	1.605347	0.074267	0	0
0	0	0	-0.412781	6.371483	-9.980798	6.371483	21860	-3.520839E-11	-2.840232E+10	1.342223E+16	0	0	1.815185	0.073789	0	0
0	0	0	-0.414741	6.371525	-9.983029	6.371525	21853	-7.655683E-11	-1.306219E+10	1.342223E+16	0	0	2.023066	0.073344	0	0
0	0	0	-0.41519	6.371356	-9.983272	6.371356	21835.75	-5.655816E-11	-1.768092E+10	1.342223E+16	0	0	2.216967	0.072811	0	0
0	0	0	-0.41519	6.37156	-9.983578	6.37156	21831.75	1.328296E-9	7.528442E+8	1.342223E+16	0	0	2.401747	0.072302	0	0
0	0	0	-0.416456	6.371645	-9.985105	6.371645	21831.75	-4.645718E-11	-2.15252E+10	1.342223E+16	0	0	2.497774	0.07192	0	0
0	0	0	-0.416374	6.371433	-9.984697	6.371433	21820.5	-3.251023E-11	-3.075955E+10	1.342223E+16	0	0	2.644911	0.071379	0	0
0	0	0	-0.418008	6.371518	-9.986631	6.371518	21821.25	-1.298507E-10	-7.701151E+9	1.342223E+16	0	0	2.696621	0.070854	0	0
0	0	0	-0.41911	6.371863	-9.988368	6.371863	21806.75	-5.904812E-11	-1.693534E+10	1.342223E+16	0	0	2.771414	0.070448	0	0
0	0	0	-0.418825	6.371715	-9.98783	6.371715	21797	-1.829989E-11	-5.464513E+10	1.342223E+16	0	0	2.799391	0.069994	0	0
0	0	0	-0.418661	6.371595	-9.987469	6.371595	21799.5	-2.598575E-11	-3.848263E+10	1.342223E+16	0	0	2.824636	0.069469	0	0
0	0	0	-0.41911	6.371638	-9.988029	6.371638	21801	-3.936695E-11	-2.540202E+10	1.342223E+16	0	0	2.845404	0.068912	0	0
0	0	0	-0.419437	6.371722	-9.988518	6.371722	21797	-3.330749E-11	-3.002328E+10	1.342223E+16	0	0	2.867993	0.068562	0	0
0	0	0	-0.418825	6.371638	-9.987713	6.371638	21794	-2.547E-11	-3.926188E+10	1.342223E+16	0	0	2.836949	0.068045	0	0
0	0	0	-0.417885	6.371553	-9.986548	6.371553	21799.5	-3.331131E-11	-3.001983E+10	1.342223E+16	0	0	2.824455	0.067608	0	0
0	0	0	-0.41764	6.371363	-9.985992	6.371363	21807.75	-4.812358E-11	-2.077983E+10	1.342223E+16	0	0	2.806978	0.067234	0	0
0	0	0	-0.418049	6.371609	-9.986813	6.371609	21810	-6.502167E-8	-1.537949E+7	1.342223E+16	0	0	2.786155	0.066637	0	0
0	0	0	-0.417395	6.371511	-9.985943	6.371511	21806.5	-3.712806E-11	-2.693381E+10	1.342223E+16	0	0	2.750616	0.066183	0	0
0	0	0	-0.417477	6.371497	-9.986012	6.371497	21812.25	-6.187286E-11	-1.616217E+10	1.342223E+16	0	0	2.703296	0.065905	0	0
0	0	0	-0.417069	6.371532	-9.985613	6.371532	21811.5	-6.837659E-11	-1.462489E+10	1.342223E+16	0	0	2.641519	0.065452	0	0
0	0	0	-0.417763	6.371518	-9.98636	6.371518	21815	-5.415202E-11	-1.846653E+10	1.342223E+16	0	0	2.617247	0.064998	0	0
0	0	0	-0.416211	6.371609	-9.984781	6.371609	21809	-5.905421E-11	-1.693359E+10	1.342223E+16	0	0	2.582857	0.064632	0	0
0	0	0	-0.416089	6.371624	-9.984667	6.371624	21822.5	-3.71553E-11	-2.691406E+10	1.342223E+16	0	0	2.532778	0.064107	0	0
0	0	0	-0.414618	6.371398	-9.982703	6.371398	21823.75	-3.515001E-11	-2.84495E+10	1.342223E+16	0	0	2.479131	0.063709	0	0
0	0	0	-0.416415	6.371715	-9.985166	6.371715	21836.75	-2.593682E-10	-3.855523E+9	1.342223E+16	0	0	2.490726	0.063287	0	0
0	0	0	-0.41666	6.371553	-9.985193	6.371553	21820.75	-2.601108E-11	-3.844515E+10	1.342223E+16	0	0	2.423451	0.062874	0	0
0	0	0	-0.415966	6.371595	-9.984489	6.371595	21818.75	-4.814786E-11	-2.076936E+10	1.342223E+16	0	0	2.372144	0.06242	0	0
0	0	0	-0.415109	6.371616	-9.983573	6.371616	21824.75	-3.940984E-11	-2.537437E+10	1.342223E+16	0	0	2.328117	0.061935	0	0
0	0	0	-0.416701	6.371624	-9.985344	6.371624	21832.5	-3.614034E-11	-2.766991E+10	1.342223E+16	0	0	2.315138	0.061617	0	0
0	0	0	-0.415272	6.371511	-9.983595	6.371511	21818.25	-3.514115E-11	-2.845667E+10	1.342223E+16	0	0	2.291842	0.061155	0	0
0	0	0	-0.414823	6.371398	-9.982929	6.371398	21831	-6.192605E-11	-1.614829E+10	1.342223E+16	0	0	2.205859	0.060781	0	0
0	0	0	-0.415884	6.371518	-9.984282	6.371518	21835	-2.593474E-10	-3.855832E+9	1.342223E+16	0	0	2.173017	0.060431	0	0
0	0	0	-0.414945	6.371588	-9.98335	6.371588	21825.5	-5.909889E-11	-1.692079E+10	1.342223E+16	0	0	2.149282	0.060057	0	0
0	0	0	-0.415435	6.371666	-9.984008	6.371666	21833.75	-4.065739E-11	-2.459578E+10	1.342223E+16	0	0	2.115289	0.059508	0	0
0	0	0	-0.414904	6.371462	-9.983114	6.371462	21829.5	-3.02556E-11	-3.305173E+10	1.342223E+16	0	0	2.067992	0.059198	0	0
0	0	0	-0.415558	6.371624	-9.98408	6.371624	21834.25	-9.285872E-11	-1.076905E+10	1.342223E+16	0	0	2.045669	0.058761	0	0
0	0	0	-0.416334	6.371504	-9.984758	6.371504	21828.5	-3.515766E-11	-2.844331E+10	1.342223E+16	0	0	1.955621	0.058363	0	0
0	0	0	-0.4176	6.371588	-9.986285	6.371588	21821.5	-6.499096E-11	-1.538675E+10	1.342223E+16	0	0	1.931271	0.058021	0	0
0	0	0	-0.418171	6.371631	-9.98698	6.371631	21810.5	-4.061409E-11	-2.4622E+10	1.342223E+16	0	0	1.890979	0.057718	0	0
0	0	0	-0.417028	6.371743	-9.985885	6.371743	21805.25	-3.419648E-11	-2.924278E+10	1.342223E+16	0	0	1.8328	0.057289	0	0
0	0	0	-0.418865	6.371673	-9.987811	6.371673	21815.5	-2.407925E-11	-4.152953E+10	1.342223E+16	0	0	1.867851	0.05701	0	0
0	0	0	-0.419478	6.371602	-9.988383	6.371602	21799.25	-2.952731E-11	-3.386695E+10	1.342223E+16	0	0	1.816355	0.056652	0	0
0	0	0	-0.420336	6.371553	-9.989257	6.371553	21793.75	-3.819707E-11	-2.618002E+10	1.342223E+16	0	0	1.735094	0.056135	0	0
0	0	0	-0.421928	6.371581	-9.991061	6.371581	21786.25	-4.807614E-11	-2.080034E+10	1.342223E+16	0	0	1.730852	0.055785	0	0
0	0	0	-0.422255	6.371616	-9.991475	6.371616	21772.25	-4.184986E-11	-2.389495E+10	1.342223E+16	0	0	1.693798	0.055451	0	0
0	0	0	-0.422132	6.371631	-9.99136	6.371631	21769.25	-3.603564E-11	-2.775031E+10	1.342223E+16	0	0	1.658827	0.055117	0	0
0	0	0	-0.423439	6.371539	-9.992668	6.371539	21770.25	-3.414159E-11	-2.928979E+10	1.342223E+16	0	0	1.623221	0.054711	0	0
0	0	0	-0.423317	6.371574	-9.992585	6.371574	21758.75	-5.185362E-11	-1.928506E+10	1.342223E+16	0	0	1.580457	0.054361	0	0
0	0	0	-0.424338	6.371778	-9.994021	6.371778	21759.75	-4.321909E-11	-2.313792E+10	1.342223E+16	0	0	1.533262	0.054059	0	0
0	0	0	-0.425318	6.371638	-9.994893	6.371638	21751	-2.197417E-11	-4.550798E+10	1.342223E+16	0	0	1.49851	0.053565	0	0
0	0	0	-0.423848	6.371504	-9.993067	6.371504	21742.25	-3.322383E-11	-3.009888E+10	1.342223E+16	0	0	1.484664	0.053311	0	0
0	0	0	-0.425073	6.371567	-9.994516	6.371567	21755.25	-6.479365E-11	-1.543361E+10	1.342223E+16	0	0	1.46292	0.052969	0	0
0	0	0	-0.425808	6.371419	-9.995107	6.371419	21744.5	-4.467705E-11	-2.238286E+10	1.342223E+16	0	0	1.416072	0.052579	0	0
0	0	0	-0.425971	6.37156	-9.995499	6.37156	21738	-1.616135E-10	-6.187602E+9	1.342223E+16	0	0	1.367164	0.052348	0	0
0	0	0	-0.426134	6.371687	-9.99587	6.371687	21736.5	-4.625449E-11	-2.161952E+10	1.342223E+16	0	0	1.374151	0.051871	0	0
0	0	0	-0.425604	6.371511	-9.995019	6.371511	21735	-2.816083E-11	-3.551032E+10	1.342223E+16	0	0	1.340275	0.051537	0	0
0	0	0	-0.426379	6.371419	-9.995739	6.371419	21739.75	-6.166721E-11	-1.621607E+10	1.342223E+16	0	0	1.315417	0.05125	0	0
0	0	0	-0.425971	6.371483	-9.995383	6.371483	21733	-1.615763E-10	-6.189025E+9	1.342223E+16	0	0	1.296392	0.050932	0	0
0	0	0	-0.42544	6.371497	-9.994817	6.371497	21736.5	-7.61487E-11	-1.31322E+10	1.342223E+16	0	0	1.252948	0.050614	0	0
0	0	0	-0.425195	6.371708	-9.994863	6.371708	21741.25	-6.815637E-11	-1.467214E+10	1.342223E+16	0	0	1.198709	0.050272	0	0
0	0	0	-0.426175	6.371391	-9.995471	6.371391	21743.25	-2.644744E-11	-3.781085E+10	1.342223E+16	0	0	1.202733	0.049866	0	0
0	0	0	-0.424664	6.371602	-9.994118	6.371602	21734.75	-3.223748E-10	-3.10198E+9	1.342223E+16	0	0	1.169321	0.049643	0	0
0	0	0	-0.425154	6.37149	-9.99449	6.37149	21748	-3.811689E-11	-2.623509E+10	1.342223E+16	0	0	1.173941	0.049317	0	0
0	0	0	-0.423194	6.371631	-9.992534	6.371631	21743.75	-7.19469E-11	-1.389914E+10	1.342223E+16	0	0	1.098012	0.048983	0	0
0	0	0	-0.424787	6.371602	-9.994253	6.371602	21761	-3.412708E-11	-2.930224E+10	1.342223E+16	0	0	1.061483	0.048728	0	0
0	0	0	-0.42446	6.371638	-9.993945	6.371638	21747	-3.811514E-11	-2.62363E+10	1.342223E+16	0	0	1.062264	0.048426	0	0
0	0	0	-0.423153	6.371645	-9.99251	6.371645	21749.75	-3.323529E-11	-3.00885E+10	1.342223E+16	0	0	1.065028	0.048163	0	0
0	0	0	-0.423725	6.371673	-9.993185	6.371673	21761.25	-3.242195E-11	-3.08433E+10	1.342223E+16	0	0	1.023329	0.04771	0	0
0	0	0	-0.421928	6.371624	-9.991124	6.371624	21756.25	-2.946907E-11	-3.393388E+10	1.342223E+16	0	0	0.98943	0.047399	0	0
0	0	0	-0.421969	6.371553	-9.991063	6.371553	21772.25	-3.506706E-11	-2.851679E+10	1.342223E+16	0	0	0.92005	0.047256	0	0
0	0	0	-0.422622	6.371356	-9.99149	6.371356	21771.75	-4.804414E-11	-2.081419E+10	1.342223E+16	0	0	0.921865	0.046858	0	0
0	0	0	-0.421847	6.371419	-9.990727	6.371419	21766	1.324296E-9	7.551183E+8	1.342223E+16	0	0	0.916583	0.046524	0	0
0	0	0	-0.420989	6.371609	-9.990064	6.371609	21772.75	-1.618719E-10	-6.177726E+9	1.342223E+16	0	0	0.874698	0.046246	0	0
0	0	0	-0.421602	6.371448	-9.990498	6.371448	21780.5	-3.708379E-11	-2.696596E+10	1.342223E+16	0	0	0.884206	0.045888	0	0
0	0	0	-0.42103	6.371476	-9.989909	6.371476	21775	-1.080155E-10	-9.257929E+9	1.342223E+16	0	0	0.909251	0.045665	0	0
0	0	0	-0.42152	6.371764	-9.990884	6.371764	21780	-8.106396E-11	-1.233594E+10	1.342223E+16	0	0	0.831331	0.045347	0	0
0	0	0	-0.421275	6.371814	-9.990687	6.371814	21775.75	-2.27708E-11	-4.391589E+10	1.342223E+16	0	0	0.849663	0.045164	0	0
0	0	0	-0.420417	6.371764	-9.989665	6.371764	21777.75	-2.028289E-11	-4.930265E+10	1.342223E+16	0	0	0.761997	0.044806	0	0
0	0	0	-0.421152	6.371511	-9.990097	6.371511	21785.5	-2.2781E-11	-4.389623E+10	1.342223E+16	0	0	0.795409	0.044448	0	0
0	0	0	-0.420295	6.371546	-9.989201	6.371546	21779	-6.177854E-11	-1.618685E+10	1.342223E+16	0	0	0.775138	0.044193	0	0
0	0	0	-0.421275	6.371609	-9.99038	6.371609	21786.5	-4.992437E-11	-2.00303E+10	1.342223E+16	0	0	0.707893	0.043962	0	0
0	0	0	-0.420907	6.371574	-9.989921	6.371574	21777.75	-3.707911E-11	-2.696936E+10	1.342223E+16	0	0	0.678164	0.043676	0	0
0	0	0	-0.421887	6.37156	-9.990984	6.37156	21781	-4.32613E-11	-2.311535E+10	1.342223E+16	0	0	0.672899	0.043398	0	0
0	0	0	-0.421928	6.371553	-9.991018	6.371553	21772.5	-4.63311E-11	-2.158377E+10	1.342223E+16	0	0	0.665909	0.043024	0	0
0	0	0	-0.422949	6.371567	-9.992168	6.371567	21772.25	-4.804524E-11	-2.081371E+10	1.342223E+16	0	0	0.693039	0.042896	0	0
0	0	0	-0.423848	6.371687	-9.993341	6.371687	21763	-4.471506E-11	-2.236383E+10	1.342223E+16	0	0	0.653507	0.04257	0	0
0	0	0	-0.422949	6.371659	-9.992306	6.371659	21755.25	-2.818707E-11	-3.547726E+10	1.342223E+16	0	0	0.612206	0.042331	0	0
0	0	0	-0.423603	6.371532	-9.992838	6.371532	21763	-3.088127E-11	-3.238209E+10	1.342223E+16	0	0	0.59123	0.041981	0	0
0	0	0	-0.424501	6.371525	-9.993821	6.371525	21757.25	-5.400866E-11	-1.851555E+10	1.342223E+16	0	0	0.619146	0.04183	0	0
0	0	0	-0.424787	6.37149	-9.994084	6.37149	21749.5	-5.633475E-11	-1.775103E+10	1.342223E+16	0	0	0.570647	0.041568	0	0
0	0	0	-0.426379	6.371581	-9.995982	6.371581	21747	-7.195766E-11	-1.389706E+10	1.342223E+16	0	0	0.607328	0.041281	0	0
0	0	0	-0.427359	6.371455	-9.996876	6.371455	21733	-4.177441E-11	-2.39381E+10	1.342223E+16	0	0	0.563825	0.04109	0	0
0	0	0	-0.426624	6.371539	-9.99619	6.371539	21724.25	-9.948698E-11	-1.005157E+10	1.342223E+16	0	0	0.544722	0.04078	0	0
0	0	0	-0.426788	6.371384	-9.996138	6.371384	21730.75	-5.178689E-11	-1.930991E+10	1.342223E+16	0	0	0.536754	0.040613	0	0
0	0	0	-0.427278	6.371673	-9.997113	6.371673	21729.25	-4.290128E-10	-2.330933E+9	1.342223E+16	0	0	0.517691	0.040263	0	0
0	0	0	-0.428707	6.371666	-9.998683	6.371666	21725	-2.942674E-11	-3.398269E+10	1.342223E+16	0	0	0.513279	0.040072	0	0
0	0	0	-0.427278	6.371525	-9.996891	6.371525	21712.25	-3.00931E-11	-3.323021E+10	1.342223E+16	0	0	0.483242	0.039754	0	0
0	0	0	-0.42883	6.371701	-9.998872	6.371701	21725	-5.627129E-11	-1.777105E+10	1.342223E+16	0	0	0.49564	0.039571	0	0
0	0	0	-0.428993	6.371469	-9.998703	6.371469	21711.25	-2.695846E-11	-3.70941E+10	1.342223E+16	0	0	0.460978	0.0393	0	0
0	0	0	-0.429034	6.371624	-9.998981	6.371624	21710	-8.618314E-11	-1.16032E+10	1.342223E+16	0	0	0.421604	0.039101	0	0
0	0	0	-0.428911	6.37144	-9.998571	6.37144	21709.5	-3.496599E-11	-2.859922E+10	1.342223E+16	0	0	0.442789	0.038751	0	0
0	0	0	-0.428911	6.371687	-9.998941	6.371687	21710.5	-1.174683E-10	-8.512935E+9	1.342223E+16	0	0	0.474623	0.038425	0	0
0	0	0	-0.430177	6.371715	-10.000383	6.371715	21710.5	-2.812909E-11	-3.555039E+10	1.342223E+16	0	0	0.466061	0.03825	0	0
0	0	0	-0.429279	6.371743	-9.999432	6.371743	21699.5	-2.586655E-11	-3.865997E+10	1.342223E+16	0	0	0.396751	0.038099	0	0
0	0	0	-0.429442	6.371567	-9.999348	6.371567	21707.25	-2.395977E-11	-4.173663E+10	1.342223E+16	0	0	0.345519	0.037868	0	0
0	0	0	-0.429197	6.371483	-9.99895	6.371483	21705.75	-4.459743E-11	-2.242282E+10	1.342223E+16	0	0	0.394904	0.037574	0	0
0	0	0	-0.42838	6.371624	-9.998258	6.371624	21708	-7.604886E-11	-1.314944E+10	1.342223E+16	0	0	0.375721	0.037327	0	0
0	0	0	-0.429156	6.371729	-9.999275	6.371729	21715.25	-3.497525E-11	-2.859164E+10	1.342223E+16	0	0	0.351327	0.037216	0	0
0	0	0	-0.429197	6.371701	-9.999278	6.371701	21708.5	-2.488238E-11	-4.018908E+10	1.342223E+16	0	0	0.380104	0.036874	0	0
0	0	0	-0.428217	6.371757	-9.998279	6.371757	21708	-2.695443E-11	-3.709966E+10	1.342223E+16	0	0	0.367506	0.036659	0	0
0	0	0	-0.428054	6.3718	-9.998162	6.3718	21716.75	-2.311448E-11	-4.326292E+10	1.342223E+16	0	0	0.344419	0.036365	0	0
0	0	0	-0.426706	6.371476	-9.996185	6.371476	21718.25	-2.087976E-11	-4.789327E+10	1.342223E+16	0	0	0.319976	0.036182	0	0
0	0	0	-0.426624	6.371814	-9.996602	6.371814	21730	-8.087786E-11	-1.236432E+10	1.342223E+16	0	0	0.386487	0.035879	0	0
0	0	0	-0.426053	6.371814	-9.99597	6.371814	21730.75	-2.023911E-11	-4.940928E+10	1.342223E+16	0	0	0.324323	0.035672	0	0
0	0	0	-0.425971	6.371448	-9.99533	6.371448	21735.75	-2.024377E-11	-4.939791E+10	1.342223E+16	0	0	0.325782	0.035505	0	0
0	0	0	-0.425889	6.371659	-9.995557	6.371659	21736.5	-1.078245E-10	-9.274327E+9	1.342223E+16	0	0	0.312413	0.03529	0	0
0	0	0	-0.424705	6.371433	-9.993909	6.371433	21737.25	-3.084473E-11	-3.242045E+10	1.342223E+16	0	0	0.279106	0.035147	0	0
0	0	0	-0.42495	6.371553	-9.99436	6.371553	21747.75	-1.294133E-10	-7.727179E+9	1.342223E+16	0	0	0.312455	0.034837	0	0
0	0	0	-0.425073	6.371729	-9.99476	6.371729	21745.5	-4.798621E-11	-2.083932E+10	1.342223E+16	0	0	0.310356	0.034622	0	0
0	0	0	-0.425032	6.371673	-9.99463	6.371673	21744.5	-2.492364E-11	-4.012255E+10	1.342223E+16	0	0	0.257508	0.034399	0	0
0	0	0	-0.424297	6.371609	-9.993722	6.371609	21744.75	-2.945349E-11	-3.395183E+10	1.342223E+16	0	0	0.258231	0.034296	0	0
0	0	0	-0.424787	6.371293	-9.993788	6.371293	21751.25	-3.703399E-11	-2.700222E+10	1.342223E+16	0	0	0.291451	0.034073	0	0
0	0	0	-0.424664	6.371581	-9.994086	6.371581	21747	1.299276E-10	7.696597E+9	1.342223E+16	0	0	0.229732	0.033842	0	0
0	0	0	-0.423725	6.37144	-9.992836	6.37144	21748	-4.180324E-11	-2.392159E+10	1.342223E+16	0	0	0.24394	0.033516	0	0
0	0	0	-0.424174	6.371518	-9.993449	6.371518	21756.25	-1.177158E-10	-8.495034E+9	1.342223E+16	0	0	0.264249	0.033476	0	0
0	0	0	-0.423031	6.371659	-9.992396	6.371659	21752.25	-5.890054E-11	-1.697777E+10	1.342223E+16	0	0	0.2173	0.033278	0	0
0	0	0	-0.424093	6.371511	-9.993348	6.371511	21762.5	-3.088056E-11	-3.238283E+10	1.342223E+16	0	0	0.210119	0.033126	0	0
0	0	0	-0.424215	6.371736	-9.993822	6.371736	21753	-6.170479E-11	-1.62062E+10	1.342223E+16	0	0	0.240961	0.032776	0	0
0	0	0	-0.423848	6.371687	-9.993341	6.371687	21752	-2.4462E-11	-4.087974E+10	1.342223E+16	0	0	0.251292	0.03249	0	0
0	0	0	-0.425032	6.371581	-9.994492	6.371581	21755.25	-2.818707E-11	-3.547726E+10	1.342223E+16	0	0	0.193817	0.032418	0	0
0	0	0	-0.424215	6.371645	-9.993684	6.371645	21744.75	-4.1797E-11	-2.392516E+10	1.342223E+16	0	0	0.207522	0.032211	0	0
0	0	0	-0.426094	6.37156	-9.995635	6.37156	21752	-3.240817E-11	-3.085641E+10	1.342223E+16	0	0	0.22092	0.032068	0	0
0	0	0	-0.42495	6.371391	-9.994117	6.371391	21735.25	-4.625183E-11	-2.162076E+10	1.342223E+16	0	0	0.176195	0.031822	0	0
0	0	0	-0.427278	6.37156	-9.996944	6.37156	21745.5	-3.225342E-10	-3.100446E+9	1.342223E+16	0	0	0.147497	0.031639	0	0
0	0	0	-0.42691	6.371581	-9.996569	6.371581	21725	-4.623002E-11	-2.163097E+10	1.342223E+16	0	0	0.19496	0.031495	0	0
0	0	0	-0.426624	6.371687	-9.996412	6.371687	21728.25	-4.176528E-11	-2.394333E+10	1.342223E+16	0	0	0.192053	0.031265	0	0
0	0	0	-0.428054	6.371476	-9.997675	6.371476	21730.75	-2.815532E-11	-3.551726E+10	1.342223E+16	0	0	0.137014	0.031098	0	0
0	0	0	-0.428462	6.371426	-9.998053	6.371426	21718.25	-8.083413E-11	-1.237101E+10	1.342223E+16	0	0	0.13743	0.030994	0	0
0	0	0	-0.428993	6.371701	-9.999052	6.371701	21714.5	-1.435409E-10	-6.966654E+9	1.342223E+16	0	0	0.169419	0.030668	0	0
0	0	0	-0.428952	6.37149	-9.99869	6.37149	21710	-2.695691E-11	-3.709624E+10	1.342223E+16	0	0	0.148478	0.030477	0	0
0	0	0	-0.428217	6.371877	-9.998459	6.371877	21710.25	-7.183606E-11	-1.392059E+10	1.342223E+16	0	0	0.171188	0.030334	0	0
0	0	0	-0.429728	6.37168	-9.999833	6.37168	21716.75	-1.773313E-11	-5.639162E+10	1.342223E+16	0	0	0.136926	0.030095	0	0
0	0	0	-0.429973	6.371708	-10.000146	6.371708	21703.5	-2.874463E-11	-3.478911E+10	1.342223E+16	0	0	0.168847	0.029944	0	0
0	0	0	-0.430177	6.371539	-10.000118	6.371539	21701.25	-2.639635E-11	-3.788403E+10	1.342223E+16	0	0	0.10258	0.029721	0	0
0	0	0	-0.430667	6.371828	-10.001094	6.371828	21699.5	-5.171242E-11	-1.933771E+10	1.342223E+16	0	0	0.148492	0.02953	0	0
0	0	0	-0.430381	6.371666	-10.000535	6.371666	21695.25	-1.959393E-11	-5.103621E+10	1.342223E+16	0	0	0.176124	0.029443	0	0
0	0	0	-0.431157	6.371609	-10.001308	6.371609	21697.5	-3.007265E-11	-3.32528E+10	1.342223E+16	0	0	0.204452	0.029276	0	0
0	0	0	-0.431035	6.371638	-10.001215	6.371638	21690.75	-3.693098E-11	-2.707754E+10	1.342223E+16	0	0	0.145832	0.029125	0	0
0	0	0	-0.432627	6.371729	-10.003113	6.371729	21692	-3.314704E-11	-3.01686E+10	1.342223E+16	0	0	0.151754	0.028862	0	0
0	0	0	-0.431811	6.371511	-10.001882	6.371511	21678	-2.484742E-11	-4.024563E+10	1.342223E+16	0	0	0.119963	0.028711	0	0
0	0	0	-0.432505	6.371673	-10.002893	6.371673	21685	-6.15119E-11	-1.625702E+10	1.342223E+16	0	0	0	0	0	0
0	0	0	-0.4303	6.371701	-10.000497	6.371701	21679	-2.936443E-11	-3.40548E+10	1.342223E+16	0	0	0	0	0	0
0	0	0	-0.430749	6.37156	-10.000782	6.37156	21698.5	-2.694263E-11	-3.71159E+10	1.342223E+16	0	0	0	0	0	0
0	0	0	-0.430341	6.371497	-10.000236	6.371497	21694.25	-4.616459E-11	-2.166163E+10	1.342223E+16	0	0	0	0	0	0
0	0	0	-0.429687	6.371419	-9.999397	6.371419	21698	-6.802078E-11	-1.470139E+10	1.342223E+16	0	0	0	0	0	0
0	0	0	-0.430259	6.371588	-10.000283	6.371588	21703.75	-1.613589E-10	-6.197366E+9	1.342223E+16	0	0	0	0	0	0
0	0	0	-0.428911	6.37156	-9.99875	6.37156	21698.75	-4.0406E-11	-2.47488E+10	1.342223E+16	0	0	0	0	0	0
0	0	0	-0.429524	6.371673	-9.999597	6.371673	21710.5	-4.619917E-11	-2.164541E+10	1.342223E+16	0	0	0	0	0	0
0	0	0	-0.427645	6.371518	-9.997287	6.371518	21705.25	-2.939999E-11	-3.401362E+10	1.342223E+16	0	0	0	0	0	0
0	0	0	0	0	0	0	21721.75	-5.881796E-11	-1.700161E+10	1.342223E+16	0	0	0	0	0	0
