Vload_(V)	ILoad_(A)	RsLoad_(ohm)	SunsVoc_Voltage_(V)	SunsVoc_Current_(A)	Model_Voltage_(V)	Model_Current_(A)	Carrier_Density_(cm-3)	Lifetime_(s)	Inverse_Lifetime_(s-1)	(Carrier_Density+Doping)/qWni^2_(cm^2/C)	Carrier_Density_at_Vmp_(cm-3)	Lifetime_at_Vmp_(s)	Efficiency_(%)	Intensity_(suns)	Dark_IV_Voltage_(V)	Dark_IV_Current_(A)
5.43351	9.217408	0	38.595443	-0.314245	38.720083	-0.314245	6.455544E+14	4.631534E-5	21590.426443	4.01222E+16	2.927203E+13	3.975433E-5	15.595681	1.146563	0	0
5.441752	9.220741	-0.605425	38.482424	0.33646	38.349047	0.33646	6.029232E+14	4.642618E-5	21538.96725	3.992226E+16	0	0	15.564264	1.143618	0	0
5.498334	9.220316	-0.611302	38.372148	0.934739	38.001807	0.934739	5.638856E+14	4.655656E-5	21478.720529	3.973918E+16	0	0	15.561363	1.13732	0	0
6.214008	9.218539	-0.687621	38.259292	1.504573	37.663514	1.504573	5.264072E+14	4.667325E-5	21425.089532	3.956341E+16	0	0	15.593363	1.133193	0	0
8.321056	9.215336	1.285155	38.146649	2.026466	37.344655	2.026466	4.913552E+14	4.672723E-5	21400.395562	3.939902E+16	0	0	15.567909	1.129401	0	0
10.773608	9.216172	0.8655	38.040604	2.492983	37.054495	2.492983	4.603881E+14	4.681976E-5	21358.151621	3.925379E+16	0	0	15.571669	1.123534	0	0
13.207454	9.214667	0.847522	37.934266	2.927327	36.776955	2.927327	4.31204E+14	4.687992E-5	21330.787261	3.911692E+16	0	0	15.580127	1.114395	0	0
15.62081	9.208726	0.977933	37.827895	3.337667	36.509047	3.337667	4.037808E+14	4.696212E-5	21293.486	3.898831E+16	0	0	15.583241	1.10551	0	0
18.02581	9.207485	0.759859	37.72221	3.720918	36.252688	3.720918	3.781903E+14	4.705278E-5	21252.493379	3.886829E+16	0	0	15.605556	1.097903	0	0
20.439677	9.196073	0.734554	37.616704	4.071671	36.009493	4.071671	3.541979E+14	4.707157E-5	21244.039567	3.875577E+16	0	0	15.596019	1.088907	0	0
22.853368	9.178939	0.630462	37.510888	4.402089	35.774157	4.402089	3.316072E+14	4.70933E-5	21234.261716	3.864983E+16	0	0	15.60627	1.078179	0	0
25.265306	9.173523	0.401102	37.404926	4.707404	35.548709	4.707404	3.103786E+14	4.70625E-5	21248.178441	3.855027E+16	0	0	15.628863	1.067283	0	0
27.669271	9.114245	0.338738	37.298718	4.994102	35.330481	4.994102	2.904197E+14	4.702554E-5	21264.898161	3.845666E+16	0	0	15.632336	1.05725	0	0
28.549215	9.034205	0.366866	37.192183	5.257126	35.121374	5.257126	2.716489E+14	4.690749E-5	21318.436267	3.836863E+16	0	0	15.651528	1.047479	0	0
29.449063	8.908336	0.379094	37.090615	5.497839	34.926072	5.497839	2.548509E+14	4.685477E-5	21342.437405	3.828985E+16	0	0	15.655634	1.036807	0	0
30.325387	8.715446	0.387118	36.989111	5.725163	34.736199	5.725163	2.390728E+14	4.681508E-5	21360.543431	3.821585E+16	0	0	15.667572	1.025784	0	0
31.22264	8.421521	0.389311	36.887412	5.938559	34.551699	5.938559	2.242185E+14	4.676385E-5	21383.953904	3.814619E+16	0	0	15.684612	1.01567	0	0
32.08057	8.011613	0.390045	36.785859	6.137367	34.373164	6.137367	2.10284E+14	4.668851E-5	21418.473545	3.808083E+16	0	0	15.682873	1.00594	0	0
32.930705	7.468247	0.388832	36.684405	6.321101	34.200727	6.321101	1.972077E+14	4.656285E-5	21476.283545	3.801951E+16	0	0	15.690241	0.995946	0	0
33.771509	6.779517	0.385597	36.585205	6.491502	34.035824	6.491502	1.851914E+14	4.645906E-5	21524.27175	3.796315E+16	0	0	15.710609	0.985481	0	0
34.591432	5.951223	0.381816	36.486658	6.649003	33.876696	6.649003	1.739645E+14	4.63188E-5	21589.456108	3.79105E+16	0	0	15.720217	0.975535	0	0
35.33806	5.057891	0.37863	36.389957	6.796053	33.72355	6.796053	1.635968E+14	4.620368E-5	21643.250974	3.786188E+16	0	0	15.73349	0.966451	0	0
36.103885	4.030705	0.375295	36.290038	6.934648	33.5706	6.934648	1.535209E+14	4.599044E-5	21743.608568	3.781462E+16	0	0	15.739539	0.957144	0	0
36.814363	2.968442	0.379235	36.192814	7.064651	33.42373	7.064651	1.443025E+14	4.583943E-5	21815.2431	3.777139E+16	0	0	15.744969	0.947741	0	0
37.483426	1.881713	0.385043	36.095623	7.186511	33.280131	7.186511	1.356315E+14	4.567022E-5	21896.075334	3.773072E+16	0	0	15.755572	0.938505	0	0
38.044561	0.906274	0.385635	35.998987	7.29963	33.140549	7.29963	1.275188E+14	4.547117E-5	21991.930793	3.769268E+16	0	0	15.765838	0.929494	0	0
30.495587	8.665669	0.388943	35.904181	7.405881	33.0055	7.405881	1.200245E+14	4.530911E-5	22070.593261	3.765753E+16	0	0	15.772516	0.920657	0	0
38.542038	0	0	35.808787	7.505996	32.872312	7.505996	1.129222E+14	4.512168E-5	22162.274418	3.762422E+16	0	0	15.778666	0.911717	0	0
0	0	0	35.714634	7.598851	32.743223	7.598851	1.063192E+14	4.492046E-5	22261.550708	3.759325E+16	0	0	15.780808	0.902881	0	0
0	0	0	35.620236	7.686187	32.616084	7.686187	1.000819E+14	4.469698E-5	22372.859621	3.7564E+16	0	0	15.79632	0.893781	0	0
0	0	0	35.526998	7.768233	32.492185	7.768233	9.42764E+13	4.448797E-5	22477.971053	3.753677E+16	0	0	15.808773	0.884769	0	0
0	0	0	35.432159	7.845777	32.368498	7.845777	8.871284E+13	4.422925E-5	22609.459351	3.751068E+16	0	0	15.816695	0.875988	0	0
0	0	0	35.33848	7.918714	32.24778	7.918714	8.353643E+13	4.398751E-5	22733.716931	3.748641E+16	0	0	15.820743	0.867407	0	0
0	0	0	35.247431	7.988321	32.130976	7.988321	7.879214E+13	4.383901E-5	22810.725954	3.746416E+16	0	0	15.825111	0.858986	0	0
0	0	0	35.157002	8.054323	32.016213	8.054323	7.434449E+13	4.371169E-5	22877.16765	3.74433E+16	0	0	15.832233	0.850581	0	0
0	0	0	35.066819	8.114805	31.903867	8.114805	7.015679E+13	4.351219E-5	22982.057973	3.742366E+16	0	0	15.840903	0.842471	0	0
0	0	0	34.97822	8.171722	31.79449	8.171722	6.627057E+13	4.33391E-5	23073.846459	3.740543E+16	0	0	15.844907	0.834393	0	0
0	0	0	34.889245	8.225505	31.685983	8.225505	6.258282E+13	4.314655E-5	23176.815664	3.738814E+16	0	0	15.8464	0.826586	0	0
0	0	0	34.800466	8.275272	31.579251	8.275272	5.910625E+13	4.290224E-5	23308.798966	3.737183E+16	0	0	15.85162	0.818636	0	0
0	0	0	34.713092	8.322368	31.474957	8.322368	5.5872E+13	4.268864E-5	23425.428264	3.735666E+16	0	0	15.852265	0.810997	0	0
0	0	0	34.624803	8.366931	31.370765	8.366931	5.278246E+13	4.244119E-5	23562.010248	3.734217E+16	0	0	15.855778	0.803326	0	0
0	0	0	34.536972	8.409515	31.267807	8.409515	4.98774E+13	4.221924E-5	23685.881647	3.732855E+16	0	0	15.856751	0.795783	0	0
0	0	0	34.44803	8.449476	31.164791	8.449476	4.709755E+13	4.19407E-5	23843.182041	3.731551E+16	0	0	15.864329	0.788247	0	0
0	0	0	34.361571	8.487544	31.064965	8.487544	4.454306E+13	4.173483E-5	23960.799009	3.730353E+16	0	0	15.863976	0.780872	0	0
0	0	0	34.275553	8.522672	30.966728	8.522672	4.213838E+13	4.147806E-5	24109.128362	3.729225E+16	0	0	15.863172	0.773512	0	0
0	0	0	34.190678	8.555676	30.870451	8.555676	3.989231E+13	4.122567E-5	24256.728035	3.728172E+16	0	0	15.861191	0.766232	0	0
0	0	0	34.106603	8.58693	30.77565	8.58693	3.778492E+13	4.098352E-5	24400.051242	3.727184E+16	0	0	15.865065	0.759048	0	0
0	0	0	34.023215	8.616371	30.682238	8.616371	3.580422E+13	4.073742E-5	24547.455912	3.726255E+16	0	0	15.867498	0.751888	0	0
0	0	0	33.939958	8.64424	30.589572	8.64424	3.392977E+13	4.048174E-5	24702.493533	3.725376E+16	0	0	15.864823	0.745111	0	0
0	0	0	33.857206	8.670274	30.498125	8.670274	3.216358E+13	4.02005E-5	24875.311941	3.724547E+16	0	0	15.86604	0.738255	0	0
0	0	0	33.774651	8.69555	30.407172	8.69555	3.049284E+13	3.99582E-5	25026.152167	3.723764E+16	0	0	15.863128	0.731581	0	0
0	0	0	33.691148	8.719633	30.315757	8.719633	2.889088E+13	3.969068E-5	25194.830901	3.723012E+16	0	0	15.86065	0.724924	0	0
0	0	0	33.60941	8.742238	30.226657	8.742238	2.740402E+13	3.943903E-5	25355.58985	3.722315E+16	0	0	15.861851	0.718171	0	0
0	0	0	33.526136	8.764116	30.136336	8.764116	2.596764E+13	3.917555E-5	25526.122171	3.721642E+16	0	0	15.862058	0.711578	0	0
0	0	0	33.440983	8.784455	30.04477	8.784455	2.457645E+13	3.881853E-5	25760.889354	3.720989E+16	0	0	15.85461	0.705184	0	0
0	0	0	33.358526	8.803689	29.956287	8.803689	2.330015E+13	3.851355E-5	25964.886036	3.72039E+16	0	0	15.86007	0.698631	0	0
0	0	0	33.277147	8.822303	29.869109	8.822303	2.210536E+13	3.826006E-5	26136.91308	3.71983E+16	0	0	15.854409	0.692372	0	0
0	0	0	33.194543	8.840041	29.781072	8.840041	2.095506E+13	3.797397E-5	26333.827245	3.719291E+16	0	0	15.851037	0.686074	0	0
0	0	0	33.11269	8.856969	29.694091	8.856969	1.987413E+13	3.770654E-5	26520.600111	3.718784E+16	0	0	15.848094	0.679832	0	0
0	0	0	33.031507	8.872894	29.608161	8.872894	1.8857E+13	3.743058E-5	26716.126167	3.718307E+16	0	0	15.845597	0.673614	0	0
0	0	0	32.949148	8.888285	29.521286	8.888285	1.787819E+13	3.71472E-5	26919.928389	3.717848E+16	0	0	15.842062	0.667532	0	0
0	0	0	32.867768	8.902484	29.435839	8.902484	1.696083E+13	3.683006E-5	27151.736795	3.717417E+16	0	0	15.844722	0.661337	0	0
0	0	0	32.787255	8.916251	29.351413	8.916251	1.609948E+13	3.655779E-5	27353.949479	3.717013E+16	0	0	15.841131	0.655303	0	0
0	0	0	32.706431	8.929053	29.267058	8.929053	1.527871E+13	3.623428E-5	27598.177333	3.716629E+16	0	0	15.835333	0.649404	0	0
0	0	0	32.625934	8.941289	29.183246	8.941289	1.450278E+13	3.591834E-5	27840.926394	3.716265E+16	0	0	15.835465	0.643234	0	0
0	0	0	32.543918	8.953332	29.09802	8.953332	1.375264E+13	3.561378E-5	28079.020304	3.715913E+16	0	0	15.846372	0.636896	0	0
0	0	0	32.463764	8.964595	29.014927	8.964595	1.305699E+13	3.531869E-5	28313.620351	3.715587E+16	0	0	15.846504	0.630869	0	0
0	0	0	32.383267	8.975274	28.931726	8.975274	1.239371E+13	3.500315E-5	28568.856509	3.715276E+16	0	0	15.843653	0.62497	0	0
0	0	0	32.30339	8.985528	28.849301	8.985528	1.176881E+13	3.470809E-5	28811.727256	3.714982E+16	0	0	15.838428	0.619247	0	0
0	0	0	32.223367	8.995247	28.76694	8.995247	1.11743E+13	3.439646E-5	29072.759756	3.714704E+16	0	0	15.83568	0.6135	0	0
0	0	0	32.144438	9.00455	28.685817	9.00455	1.061731E+13	3.411032E-5	29316.637511	3.714442E+16	0	0	15.829265	0.607824	0	0
0	0	0	32.064774	9.013356	28.604166	9.013356	1.008325E+13	3.379249E-5	29592.371649	3.714192E+16	0	0	15.820368	0.602269	0	0
0	0	0	31.984881	9.021841	28.522416	9.021841	9.574602E+12	3.348011E-5	29868.479952	3.713953E+16	0	0	15.813575	0.596633	0	0
0	0	0	31.907798	9.030091	28.443519	9.030091	9.108148E+12	3.325179E-5	30073.568107	3.713735E+16	0	0	15.808624	0.591054	0	0
0	0	0	31.834276	9.037947	28.368275	9.037947	8.684409E+12	3.309266E-5	30218.183996	3.713536E+16	0	0	15.801925	0.585498	0	0
0	0	0	31.755919	9.045201	28.288513	9.045201	8.25446E+12	3.277919E-5	30507.159141	3.713334E+16	0	0	15.795958	0.57999	0	0
0	0	0	31.67583	9.052139	28.207173	9.052139	7.836977E+12	3.242794E-5	30837.608942	3.713138E+16	0	0	15.782977	0.57461	0	0
0	0	0	31.596182	9.058944	28.12632	9.058944	7.442716E+12	3.211902E-5	31134.202336	3.712954E+16	0	0	15.779097	0.569142	0	0
0	0	0	31.518429	9.065472	28.047436	9.065472	7.076958E+12	3.185273E-5	31394.483309	3.712782E+16	0	0	15.772844	0.563866	0	0
0	0	0	31.439697	9.071139	27.967921	9.071139	6.724885E+12	3.144089E-5	31805.71161	3.712617E+16	0	0	15.762033	0.55871	0	0
0	0	0	31.361013	9.077569	27.888164	9.077569	6.390517E+12	3.125136E-5	31998.603607	3.71246E+16	0	0	15.749686	0.553625	0	0
0	0	0	31.28357	9.082332	27.810266	9.082332	6.07765E+12	3.076948E-5	32499.735477	3.712313E+16	0	0	15.742671	0.548532	0	0
0	0	0	31.205458	9.088247	27.731271	9.088247	5.77758E+12	3.058984E-5	32690.588872	3.712173E+16	0	0	15.729694	0.543543	0	0
0	0	0	31.12777	9.093239	27.653048	9.093239	5.493827E+12	3.025686E-5	33050.3564	3.71204E+16	0	0	15.722378	0.538443	0	0
0	0	0	31.049299	9.098231	27.574056	9.098231	5.221347E+12	2.996079E-5	33376.9609	3.711912E+16	0	0	15.717701	0.533422	0	0
0	0	0	30.970713	9.102853	27.495095	9.102853	4.962005E+12	2.962147E-5	33759.298406	3.71179E+16	0	0	15.709304	0.528648	0	0
0	0	0	30.892813	9.107096	27.416954	9.107096	4.717634E+12	2.924573E-5	34193.02733	3.711676E+16	0	0	15.701973	0.523763	0	0
0	0	0	30.813704	9.111583	27.337533	9.111583	4.481778E+12	2.896166E-5	34528.411544	3.711565E+16	0	0	15.691192	0.519157	0	0
0	0	0	30.734073	9.115345	27.257877	9.115345	4.256264E+12	2.851814E-5	35065.399741	3.711459E+16	0	0	15.684597	0.51444	0	0
0	0	0	30.655079	9.119311	27.17877	9.119311	4.043761E+12	2.818965E-5	35474.01738	3.711359E+16	0	0	15.667952	0.510066	0	0
0	0	0	30.576999	9.123153	27.10061	9.123153	3.844143E+12	2.789042E-5	35854.600815	3.711266E+16	0	0	15.657189	0.505364	0	0
0	0	0	30.497694	9.126901	27.021283	9.126901	3.651472E+12	2.758964E-5	36245.485353	3.711176E+16	0	0	15.643925	0.500886	0	0
0	0	0	30.41906	9.130371	26.942722	9.130371	3.469961E+12	2.726362E-5	36678.908288	3.71109E+16	0	0	15.636001	0.496328	0	0
0	0	0	30.339788	9.133454	26.863683	9.133454	3.296106E+12	2.684854E-5	37245.974591	3.711009E+16	0	0	15.616862	0.492002	0	0
0	0	0	30.260467	9.13678	26.784504	9.13678	3.130859E+12	2.655462E-5	37658.236785	3.710931E+16	0	0	15.609042	0.487588	0	0
0	0	0	30.181489	9.139962	26.705718	9.139962	2.974555E+12	2.626541E-5	38072.883985	3.710858E+16	0	0	15.593494	0.483253	0	0
0	0	0	30.101759	9.142836	26.626312	9.142836	2.824675E+12	2.59034E-5	38604.971847	3.710788E+16	0	0	15.590098	0.478871	0	0
0	0	0	30.02087	9.145526	26.545838	9.145526	2.680328E+12	2.549956E-5	39216.362336	3.71072E+16	0	0	15.571274	0.4746	0	0
0	0	0	29.940357	9.148502	26.465625	9.148502	2.543975E+12	2.524765E-5	39607.653558	3.710656E+16	0	0	15.559054	0.470314	0	0
0	0	0	29.859566	9.151007	26.385319	9.151007	2.414121E+12	2.486263E-5	40221.004918	3.710595E+16	0	0	15.541719	0.466179	0	0
0	0	0	29.778219	9.153818	26.304353	9.153818	2.290069E+12	2.462756E-5	40604.916117	3.710537E+16	0	0	15.528495	0.461933	0	0
0	0	0	29.694831	9.156077	26.22159	9.156077	2.169515E+12	2.419061E-5	41338.353254	3.71048E+16	0	0	15.514786	0.457782	0	0
0	0	0	29.612847	9.157814	26.140407	9.157814	2.057178E+12	2.360672E-5	42360.81104	3.710428E+16	0	0	15.50145	0.453631	0	0
0	0	0	29.530586	9.160503	26.05859	9.160503	1.950306E+12	2.343762E-5	42666.445721	3.710378E+16	0	0	15.48589	0.44948	0	0
0	0	0	29.446479	9.162485	25.97523	9.162485	1.846772E+12	2.299429E-5	43489.062188	3.710329E+16	0	0	15.473453	0.445433	0	0
0	0	0	29.364267	9.164466	25.893731	9.164466	1.750884E+12	2.261609E-5	44216.307589	3.710284E+16	0	0	15.459318	0.441402	0	0
0	0	0	29.280405	9.166835	25.810465	9.166835	1.658198E+12	2.242235E-5	44598.351674	3.710241E+16	0	0	15.442637	0.437387	0	0
0	0	0	29.195465	9.168559	25.726386	9.168559	1.56932E+12	2.196958E-5	45517.490981	3.710199E+16	0	0	15.428641	0.43338	0	0
0	0	0	29.110868	9.170294	25.64264	9.170294	1.485536E+12	2.156234E-5	46377.156871	3.71016E+16	0	0	15.412509	0.429445	0	0
0	0	0	29.024588	9.172161	25.557192	9.172161	1.40469E+12	2.123036E-5	47102.349227	3.710122E+16	0	0	15.393106	0.425653	0	0
0	0	0	28.938406	9.173455	25.472057	9.173455	1.328327E+12	2.066728E-5	48385.651883	3.710086E+16	0	0	15.374522	0.421878	0	0
0	0	0	28.851555	9.175393	25.386022	9.175393	1.25557E+12	2.043638E-5	48932.340358	3.710052E+16	0	0	15.364488	0.417966	0	0
0	0	0	28.76209	9.177168	25.297482	9.177168	1.184787E+12	2.013469E-5	49665.522909	3.710019E+16	0	0	15.343422	0.414215	0	0
0	0	0	28.673785	9.178605	25.21021	9.178605	1.118836E+12	1.971807E-5	50714.89167	3.709988E+16	0	0	15.32897	0.410343	0	0
0	0	0	28.584925	9.179889	25.12245	9.179889	1.056174E+12	1.925069E-5	51946.176968	3.709958E+16	0	0	15.312795	0.406592	0	0
0	0	0	28.495052	9.181121	25.033715	9.181121	9.963669E+11	1.877712E-5	53256.312303	3.70993E+16	0	0	15.29287	0.40292	0	0
0	0	0	28.404999	9.182547	24.944732	9.182547	9.398364E+11	1.843619E-5	54241.152402	3.709904E+16	0	0	15.276639	0.399224	0	0
0	0	0	28.313345	9.183707	24.854277	9.183707	8.855929E+11	1.797007E-5	55648.075536	3.709878E+16	0	0	15.261319	0.395688	0	0
0	0	0	28.221675	9.185449	24.763586	9.185449	8.344709E+11	1.785605E-5	56003.419584	3.709854E+16	0	0	15.244533	0.392224	0	0
0	0	0	28.128911	9.186691	24.67201	9.186691	7.857417E+11	1.749282E-5	57166.311836	3.709832E+16	0	0	15.228404	0.388735	0	0
0	0	0	28.037911	9.187532	24.582318	9.187532	7.407049E+11	1.695474E-5	58980.563008	3.70981E+16	0	0	15.214307	0.385207	0	0
0	0	0	27.94268	9.188783	24.488317	9.188783	6.963358E+11	1.663548E-5	60112.486356	3.70979E+16	0	0	15.192634	0.381855	0	0
0	0	0	27.844443	9.189788	24.391457	9.189788	6.533493E+11	1.617667E-5	61817.424281	3.709769E+16	0	0	15.178809	0.378462	0	0
0	0	0	27.747857	9.190835	24.296202	9.190835	6.136726E+11	1.579271E-5	63320.350066	3.709751E+16	0	0	15.158683	0.375157	0	0
0	0	0	27.650224	9.192024	24.199867	9.192024	5.760145E+11	1.551824E-5	64440.309671	3.709733E+16	0	0	15.135885	0.371893	0	0
0	0	0	27.5514	9.192968	24.102453	9.192968	5.40249E+11	1.511669E-5	66152.044974	3.709716E+16	0	0	15.120343	0.368604	0	0
0	0	0	27.451301	9.193911	24.003789	9.193911	5.062856E+11	1.473525E-5	67864.495768	3.7097E+16	0	0	15.105791	0.365331	0	0
0	0	0	27.350141	9.194804	23.904101	9.194804	4.741306E+11	1.434413E-5	69714.935797	3.709685E+16	0	0	15.091861	0.362067	0	0
0	0	0	27.24769	9.195553	23.8032	9.195553	4.436461E+11	1.388195E-5	72036.013358	3.709671E+16	0	0	15.065527	0.359057	0	0
0	0	0	27.143916	9.196189	23.701042	9.196189	4.147654E+11	1.33675E-5	74808.322178	3.709658E+16	0	0	15.04208	0.35612	0	0
0	0	0	27.039129	9.197428	23.597664	9.197428	3.875101E+11	1.326371E-5	75393.661735	3.709645E+16	0	0	15.024066	0.353055	0	0
0	0	0	26.930798	9.198351	23.490924	9.198351	3.612142E+11	1.296215E-5	77147.694231	3.709632E+16	0	0	15.007154	0.350069	0	0
0	0	0	26.822303	9.198987	23.384131	9.198987	3.36667E+11	1.249861E-5	80008.906224	3.709621E+16	0	0	14.989512	0.346996	0	0
0	0	0	26.712992	9.199869	23.276444	9.199869	3.136216E+11	1.222826E-5	81777.808396	3.70961E+16	0	0	14.971348	0.344059	0	0
0	0	0	26.602439	9.200188	23.167748	9.200188	2.919186E+11	1.159305E-5	86258.601139	3.7096E+16	0	0	14.953291	0.341065	0	0
0	0	0	26.490041	9.201028	23.057046	9.201028	2.713922E+11	1.133075E-5	88255.413863	3.70959E+16	0	0	14.913443	0.338399	0	0
0	0	0	26.376041	9.201551	22.944889	9.201551	2.520472E+11	1.087037E-5	91993.178392	3.709581E+16	0	0	14.907989	0.335326	0	0
0	0	0	26.260212	9.202208	22.830887	9.202208	2.338035E+11	1.051878E-5	95068.016142	3.709573E+16	0	0	14.888935	0.332476	0	0
0	0	0	26.142113	9.202986	22.714609	9.202986	2.165611E+11	1.026898E-5	97380.631645	3.709565E+16	0	0	14.866348	0.329738	0	0
0	0	0	26.022821	9.203765	22.597161	9.203765	2.004351E+11	1.004663E-5	99535.845763	3.709557E+16	0	0	14.84479	0.326969	0	0
0	0	0	25.898662	9.204053	22.475114	9.204053	1.849251E+11	9.469119E-6	105606.448083	3.70955E+16	0	0	14.824342	0.324247	0	0
0	0	0	25.775253	9.204392	22.353787	9.204392	1.706984E+11	8.968265E-6	111504.289129	3.709543E+16	0	0	14.799876	0.321628	0	0
0	0	0	25.650195	9.205068	22.230715	9.205068	1.573976E+11	8.722593E-6	114644.812115	3.709537E+16	0	0	14.768455	0.319002	0	0
0	0	0	25.52156	9.205754	22.104126	9.205754	1.447969E+11	8.496815E-6	117691.151525	3.709531E+16	0	0	14.753444	0.31636	0	0
0	0	0	25.391814	9.206113	21.976567	9.206113	1.331089E+11	8.059341E-6	124079.622662	3.709525E+16	0	0	14.736126	0.313678	0	0
0	0	0	25.260124	9.206881	21.846948	9.206881	1.222102E+11	7.939167E-6	125957.801831	3.70952E+16	0	0	14.707425	0.311156	0	0
0	0	0	25.125821	9.207495	21.71482	9.207495	1.120137E+11	7.727858E-6	129401.956908	3.709516E+16	0	0	14.690518	0.308522	0	0
0	0	0	24.987385	9.207476	21.578868	9.207476	1.023932E+11	7.050533E-6	141833.243221	3.709511E+16	0	0	14.662542	0.305991	0	0
0	0	0	24.848312	9.207948	21.442109	9.207948	9.356019E+10	6.763309E-6	147856.62176	3.709507E+16	0	0	14.641674	0.303469	0	0
0	0	0	24.707426	9.208542	21.303524	9.208542	8.538869E+10	6.586087E-6	151835.215075	3.709503E+16	0	0	14.619057	0.300914	0	0
0	0	0	24.564726	9.208727	21.163309	9.208727	7.783928E+10	6.131777E-6	163084.850971	3.7095E+16	0	0	14.595979	0.29848	0	0
0	0	0	24.418874	9.209709	21.019705	9.209709	7.081236E+10	6.289742E-6	158989.040446	3.709496E+16	0	0	14.563057	0.296013	0	0
0	0	0	24.271389	9.209546	20.874918	9.209546	6.435156E+10	5.597709E-6	178644.526537	3.709493E+16	0	0	14.544121	0.293619	0	0
0	0	0	24.119199	9.210038	20.725271	9.210038	5.830204E+10	5.409673E-6	184854.070622	3.70949E+16	0	0	14.51213	0.291264	0	0
0	0	0	23.967336	9.210192	20.576069	9.210192	5.283241E+10	5.0069E-6	199724.373907	3.709488E+16	0	0	14.485278	0.288837	0	0
0	0	0	23.813431	9.210622	20.42476	9.210622	4.781254E+10	4.818315E-6	207541.439728	3.709485E+16	0	0	14.461113	0.286459	0	0
0	0	0	23.656782	9.211246	20.270685	9.211246	4.319267E+10	4.793633E-6	208610.04922	3.709483E+16	0	0	14.441309	0.284072	0	0
0	0	0	23.497454	9.2114	20.114152	9.2114	3.895145E+10	4.433734E-6	225543.539045	3.709481E+16	0	0	14.413122	0.281693	0	0
0	0	0	23.337521	9.211605	19.957007	9.211605	3.511292E+10	4.138027E-6	241661.09084	3.709479E+16	0	0	14.39414	0.279394	0	0
0	0	0	23.172901	9.211759	19.795277	9.211759	3.155654E+10	3.820239E-6	261763.733802	3.709478E+16	0	0	14.365142	0.277071	0	0
0	0	0	23.007268	9.212148	19.632466	9.212148	2.834174E+10	3.684737E-6	271389.814341	3.709476E+16	0	0	14.340478	0.274804	0	0
0	0	0	22.84023	9.212291	19.468365	9.212291	2.543126E+10	3.399156E-6	294190.64643	3.709475E+16	0	0	14.31755	0.272466	0	0
0	0	0	22.672244	9.212547	19.303293	9.212547	2.280565E+10	3.20875E-6	311647.882587	3.709474E+16	0	0	14.289922	0.270358	0	0
0	0	0	22.502707	9.212936	19.136649	9.212936	2.043053E+10	3.124487E-6	320052.516701	3.709473E+16	0	0	14.264606	0.268012	0	0
0	0	0	22.330654	9.213192	18.967583	9.213192	1.827293E+10	2.964134E-6	337366.612849	3.709472E+16	0	0	14.232468	0.26584	0	0
0	0	0	22.155531	9.213448	18.795501	9.213448	1.631066E+10	2.816773E-6	355016.174998	3.709471E+16	0	0	14.20054	0.263789	0	0
0	0	0	21.978512	9.21354	18.621618	9.21354	1.454123E+10	2.571142E-6	388932.295997	3.70947E+16	0	0	14.167435	0.26169	0	0
0	0	0	21.800514	9.213888	18.44668	9.213888	1.295552E+10	2.517088E-6	397284.4735	3.709469E+16	0	0	14.153078	0.259439	0	0
0	0	0	21.61964	9.214021	18.268996	9.214021	1.152121E+10	2.326415E-6	429845.897899	3.709468E+16	0	0	14.125436	0.257331	0	0
0	0	0	21.436905	9.214573	18.089331	9.214573	1.023333E+10	2.468811E-6	405053.203805	3.709468E+16	0	0	14.101319	0.255168	0	0
0	0	0	21.251131	9.214829	17.906791	9.214829	9.07152E+9	2.405524E-6	415709.778072	3.709467E+16	0	0	14.068848	0.253141	0	0
0	0	0	21.062074	9.214563	17.721215	9.214563	8.0245E+9	1.92928E-6	518328.09568	3.709467E+16	0	0	14.03468	0.251065	0	0
0	0	0	20.872118	9.214604	17.534646	9.214604	7.094191E+9	1.730603E-6	577833.355622	3.709466E+16	0	0	13.99853	0.249197	0	0
0	0	0	20.679141	9.215289	17.344876	9.215289	6.259453E+9	2.020602E-6	494901.983112	3.709466E+16	0	0	13.979976	0.247002	0	0
0	0	0	20.485118	9.215013	17.154427	9.215013	5.51919E+9	1.576436E-6	634342.203539	3.709466E+16	0	0	13.951794	0.245079	0	0
0	0	0	20.282977	9.215106	16.955872	9.215106	4.840912E+9	1.438028E-6	695396.813974	3.709465E+16	0	0	13.915143	0.243051	0	0
0	0	0	20.08046	9.215647	16.756786	9.215647	4.244956E+9	1.649053E-6	606408.827637	3.709465E+16	0	0	13.895789	0.241127	0	0
0	0	0	19.874644	9.215474	16.554718	9.215474	3.714408E+9	1.313422E-6	761369.729072	3.709465E+16	0	0	13.855559	0.239244	0	0
0	0	0	19.664956	9.215525	16.348767	9.215525	3.242017E+9	1.177559E-6	849214.584	3.709465E+16	0	0	13.829622	0.237376	0	0
0	0	0	19.450434	9.215903	16.137949	9.215903	2.820843E+9	1.282125E-6	779954.901105	3.709464E+16	0	0	13.805548	0.23534	0	0
0	0	0	19.232056	9.216128	15.923402	9.216128	2.448254E+9	1.30835E-6	764321.262118	3.709464E+16	0	0	13.761967	0.233584	0	0
0	0	0	19.011604	9.21624	15.706857	9.21624	2.122021E+9	1.243302E-6	804310.021996	3.709464E+16	0	0	13.742977	0.231573	0	0
0	0	0	18.786349	9.215883	15.485764	9.215883	1.833537E+9	8.223358E-7	1216048.262681	3.709464E+16	0	0	13.695047	0.229928	0	0
0	0	0	18.557631	9.215914	15.261131	9.215914	1.580718E+9	7.235237E-7	1382124.63915	3.709464E+16	0	0	13.666165	0.2281	0	0
0	0	0	18.323066	9.216568	15.030533	9.216568	1.357599E+9	1.105263E-6	904762.25375	3.709464E+16	0	0	13.633853	0.22628	0	0
0	0	0	18.086312	9.216976	14.797873	9.216976	1.164319E+9	1.846647E-6	541521.956016	3.709464E+16	0	0	13.614988	0.224365	0	0
0	0	0	17.845964	9.216568	14.561975	9.216568	9.962305E+8	8.111544E-7	1232810.982147	3.709463E+16	0	0	13.594873	0.222521	0	0
0	0	0	17.601777	9.216742	14.3221	9.216742	8.502887E+8	8.729215E-7	1145578.372816	3.709463E+16	0	0	13.554293	0.22082	0	0
0	0	0	17.352772	9.216619	14.077598	9.216619	7.234616E+8	6.272765E-7	1594193.247418	3.709463E+16	0	0	13.513519	0.219128	0	0
0	0	0	17.101905	9.216721	13.831187	9.216721	6.148085E+8	6.124442E-7	1632801.708151	3.709463E+16	0	0	13.48212	0.217468	0	0
0	0	0	16.850776	9.216926	13.584483	9.216926	5.223849E+8	7.410152E-7	1349499.919575	3.709463E+16	0	0	13.453884	0.215688	0	0
0	0	0	16.59393	9.216885	13.332252	9.216885	4.422123E+8	5.782843E-7	1729253.164867	3.709463E+16	0	0	13.413438	0.214147	0	0
0	0	0	16.332838	9.217079	13.075766	9.217079	3.733141E+8	7.765284E-7	1287782.863974	3.709463E+16	0	0	13.39143	0.212271	0	0
0	0	0	16.069752	9.21715	12.817367	9.21715	3.147434E+8	8.368173E-7	1195003.939521	3.709463E+16	0	0	13.361939	0.210571	0	0
0	0	0	15.804298	9.217202	12.556649	9.217202	2.649547E+8	8.791344E-7	1137482.498528	3.709463E+16	0	0	13.320288	0.208983	0	0
0	0	0	15.534727	9.217294	12.291874	9.217294	2.224471E+8	1.33303E-6	750170.829887	3.709463E+16	0	0	13.284174	0.207338	0	0
0	0	0	15.264814	9.217038	12.026885	9.217038	1.867177E+8	3.45495E-7	2894398.005874	3.709463E+16	0	0	13.258124	0.205582	0	0
0	0	0	14.993822	9.217232	11.760678	9.217232	1.566175E+8	6.105913E-7	1637756.60262	3.709463E+16	0	0	13.221646	0.204074	0	0
0	0	0	14.718943	9.217048	11.490787	9.217048	1.310388E+8	2.493765E-7	4010000.614249	3.709463E+16	0	0	13.191376	0.202493	0	0
0	0	0	14.442675	9.217294	11.219381	9.217294	1.095389E+8	6.566296E-7	1522928.648017	3.709463E+16	0	0	13.159009	0.200801	0	0
0	0	0	14.166832	9.217386	10.948446	9.217386	9.159181E+7	2.833647E-6	352902.076928	3.709463E+16	0	0	13.121693	0.199204	0	0
0	0	0	13.889421	9.217222	10.676061	9.217222	7.650732E+7	2.818927E-7	3547449.178292	3.709463E+16	0	0	13.079861	0.197712	0	0
0	0	0	13.60956	9.217089	10.401258	9.217089	6.380564E+7	1.370219E-7	7298105.941124	3.709463E+16	0	0	13.041232	0.196203	0	0
0	0	0	13.330417	9.217355	10.127022	9.217355	5.32375E+7	6.902012E-7	1448852.900866	3.709463E+16	0	0	13.009784	0.194607	0	0
0	0	0	13.055522	9.217437	9.857022	9.217437	4.45423E+7	-1.050125E-6	-952267.759389	3.709463E+16	0	0	12.983058	0.19297	0	0
0	0	0	12.775644	9.216987	9.582313	9.216987	3.714703E+7	6.039398E-8	1.655794E+7	3.709463E+16	0	0	12.945267	0.191486	0	0
0	0	0	12.496109	9.217386	9.307647	9.217386	3.098648E+7	9.595485E-7	1042156.800368	3.709463E+16	0	0	12.906437	0.190009	0	0
0	0	0	12.217686	9.217488	9.034174	9.217488	2.586624E+7	-2.208124E-7	-4528731.097662	3.709463E+16	0	0	12.86657	0.188548	0	0
0	0	0	11.938968	9.217508	8.760441	9.217508	2.158796E+7	-1.468272E-7	-6810728.742961	3.709463E+16	0	0	12.838999	0.186984	0	0
0	0	0	11.66056	9.217529	8.487013	9.217529	1.802093E+7	-1.018605E-7	-9817352.731955	3.709463E+16	0	0	12.799454	0.185579	0	0
0	0	0	11.384489	9.217324	8.215956	9.217324	1.50661E+7	1.235498E-7	8093901.797934	3.709463E+16	0	0	12.753678	0.184158	0	0
0	0	0	11.109364	9.217631	7.945654	9.217631	1.260351E+7	-3.861937E-8	-2.589374E+7	3.709463E+16	0	0	12.726998	0.182681	0	0
0	0	0	10.833783	9.217764	7.674963	9.217764	1.054031E+7	-2.024592E-8	-4.939267E+7	3.709463E+16	0	0	12.67951	0.181228	0	0
0	0	0	10.56137	9.217661	7.407464	9.217661	8832991	-2.379684E-8	-4.202238E+7	3.709463E+16	0	0	12.643543	0.179871	0	0
0	0	0	10.28997	9.2176	7.140946	9.2176	7407090.5	-2.631058E-8	-3.800753E+7	3.709463E+16	0	0	12.600298	0.178538	0	0
0	0	0	10.020383	9.217866	6.876097	9.217866	6218681.5	-9.280956E-9	-1.077475E+8	3.709463E+16	0	0	12.583552	0.176934	0	0
0	0	0	9.752266	9.217478	6.612915	9.217478	5225924.5	-5.113E-8	-1.955799E+7	3.709463E+16	0	0	12.537973	0.175625	0	0
0	0	0	9.486371	9.217866	6.35165	9.217866	4397985.5	-6.563683E-9	-1.523535E+8	3.709463E+16	0	0	12.509068	0.174124	0	0
0	0	0	9.223057	9.217886	6.093045	9.217886	3707418.5	-5.296804E-9	-1.887931E+8	3.709463E+16	0	0	12.456861	0.172991	0	0
0	0	0	8.959775	9.217498	5.834611	9.217498	3125349.5	-2.36597E-8	-4.226597E+7	3.709463E+16	0	0	12.417253	0.171626	0	0
0	0	0	8.702015	9.217794	5.581367	9.217794	2644119	-4.676155E-9	-2.138509E+8	3.709463E+16	0	0	12.386012	0.170237	0	0
0	0	0	8.446508	9.217753	5.330451	9.217753	2240260.5	-4.430238E-9	-2.257215E+8	3.709463E+16	0	0	12.3443	0.168984	0	0
0	0	0	8.193256	9.217886	5.08169	9.217886	1900864	-2.715769E-9	-3.682199E+8	3.709463E+16	0	0	12.310462	0.167571	0	0
0	0	0	7.941507	9.217856	4.83446	9.217856	1614458.5	-2.464421E-9	-4.057748E+8	3.709463E+16	0	0	12.276179	0.166302	0	0
0	0	0	7.693808	9.217764	4.591229	9.217764	1374814.5	-2.640733E-9	-3.786827E+8	3.709463E+16	0	0	12.231851	0.164993	0	0
0	0	0	7.450161	9.217937	4.351887	9.217937	1173823	-1.515291E-9	-6.599394E+8	3.709463E+16	0	0	12.188321	0.163827	0	0
0	0	0	7.207608	9.217784	4.11373	9.217784	1002927	-1.821831E-9	-5.488983E+8	3.709463E+16	0	0	12.13619	0.162598	0	0
0	0	0	6.967178	9.218091	3.877504	9.218091	858093	-8.591246E-10	-1.163976E+9	3.709463E+16	0	0	12.104508	0.161265	0	0
0	0	0	6.731339	9.218152	3.645868	9.218152	736364	-6.765202E-10	-1.478152E+9	3.709463E+16	0	0	12.067334	0.160044	0	0
0	0	0	6.499207	9.217866	3.41799	9.217866	633425	-9.453395E-10	-1.057821E+9	3.709463E+16	0	0	12.019407	0.158846	0	0
0	0	0	6.269003	9.217784	3.191937	9.217784	545558	-9.910134E-10	-1.009068E+9	3.709463E+16	0	0	11.975573	0.157681	0	0
0	0	0	6.041478	9.217897	2.968449	9.217897	470697	-6.584282E-10	-1.518768E+9	3.709463E+16	0	0	11.941871	0.15638	0	0
0	0	0	5.818592	9.217886	2.749559	9.217886	407332.5	-5.819562E-10	-1.718342E+9	3.709463E+16	0	0	11.907041	0.155198	0	0
0	0	0	5.599969	9.217866	2.534859	9.217866	353474	-5.275335E-10	-1.895614E+9	3.709463E+16	0	0	11.86408	0.154049	0	0
0	0	0	5.383895	9.218101	2.322576	9.218101	307244	-3.030789E-10	-3.299471E+9	3.709463E+16	0	0	11.826859	0.152891	0	0
0	0	0	5.16898	9.217784	2.111616	9.217784	267262	-4.854849E-10	-2.059796E+9	3.709463E+16	0	0	11.782645	0.151766	0	0
0	0	0	4.960517	9.217988	1.906819	9.217988	233457.5	-2.748602E-10	-3.638213E+9	3.709463E+16	0	0	11.742952	0.150616	0	0
0	0	0	4.754407	9.218152	1.704347	9.218152	204240	-1.876415E-10	-5.329311E+9	3.709463E+16	0	0	11.706503	0.149523	0	0
0	0	0	4.551368	9.217907	1.505025	9.217907	179036	-2.453143E-10	-4.076404E+9	3.709463E+16	0	0	11.668876	0.148357	0	0
0	0	0	4.351644	9.217856	1.308896	9.217856	157280	-2.400828E-10	-4.16523E+9	3.709463E+16	0	0	11.637547	0.147136	0	0
0	0	0	4.155481	9.217988	1.116203	9.217988	138487	-1.630471E-10	-6.133198E+9	3.709463E+16	0	0	11.574558	0.146186	0	0
0	0	0	3.963288	9.217733	0.927536	9.217733	122254	-2.569497E-10	-3.891812E+9	3.709463E+16	0	0	11.543344	0.145053	0	0
0	0	0	3.774884	9.217897	0.742453	9.217897	108189.5	-1.513394E-10	-6.607664E+9	3.709463E+16	0	0	11.496543	0.144007	0	0
0	0	0	3.590581	9.218224	0.561343	9.218224	95998	-8.046365E-11	-1.242797E+10	3.709463E+16	0	0	11.471465	0.142882	0	0
0	0	0	3.407894	9.217886	0.382039	9.217886	85270	-1.218253E-10	-8.208476E+9	3.709463E+16	0	0	11.4172	0.14194	0	0
0	0	0	3.229994	9.218142	0.207241	9.218142	75976	-7.077309E-11	-1.412966E+10	3.709463E+16	0	0	11.385874	0.140758	0	0
0	0	0	3.057189	9.218019	0.037573	9.218019	67919	-7.595524E-11	-1.316565E+10	3.709463E+16	0	0	11.35249	0.139625	0	0
0	0	0	2.889367	9.218152	-0.127287	9.218152	60913.5	-5.596309E-11	-1.786892E+10	3.709463E+16	0	0	11.289432	0.138699	0	0
0	0	0	2.728439	9.217702	-0.285186	9.217702	54875.5	-1.273331E-10	-7.853418E+9	3.709463E+16	0	0	11.240971	0.137765	0	0
0	0	0	2.575171	9.218438	-0.435949	9.218438	49681.5	-3.297007E-11	-3.033054E+10	3.709463E+16	0	0	11.199285	0.136703	0	0
0	0	0	2.429939	9.217631	-0.578316	9.217631	45215	-1.385441E-10	-7.217919E+9	3.709463E+16	0	0	11.16563	0.135746	0	0
0	0	0	2.294068	9.217897	-0.71184	9.217897	41400.5	-5.791252E-11	-1.726742E+10	3.709463E+16	0	0	11.129525	0.13462	0	0
0	0	0	2.167769	9.21808	-0.835937	9.21808	38143.5	-3.876937E-11	-2.579356E+10	3.709463E+16	0	0	11.094745	0.133558	0	0
0	0	0	2.049587	9.21808	-0.952002	9.21808	35328.5	-3.590818E-11	-2.784881E+10	3.709463E+16	0	0	11.043772	0.132577	0	0
0	0	0	1.939231	9.217988	-1.060352	9.217988	32888	-3.872054E-11	-2.582608E+10	3.709463E+16	0	0	11.008174	0.131483	0	0
0	0	0	1.83776	9.217437	-1.159826	9.217437	30793	-7.255908E-10	-1.378187E+9	3.709463E+16	0	0	10.96981	0.130565	0	0
0	0	0	1.74707	9.217907	-1.249044	9.217907	29033.5	-3.978156E-11	-2.513728E+10	3.709463E+16	0	0	10.930358	0.129567	0	0
0	0	0	1.66097	9.217794	-1.333565	9.217794	27456.5	-4.855703E-11	-2.059434E+10	3.709463E+16	0	0	10.890447	0.128514	0	0
0	0	0	1.581535	9.217886	-1.411608	9.217886	26077.5	-3.725694E-11	-2.684064E+10	3.709463E+16	0	0	10.851061	0.127476	0	0
0	0	0	1.508715	9.217866	-1.483117	9.217866	24874	-3.712257E-11	-2.693779E+10	3.709463E+16	0	0	10.805877	0.12655	0	0
0	0	0	1.441988	9.217968	-1.548681	9.217968	23820.5	-2.906775E-11	-3.440238E+10	3.709463E+16	0	0	10.76342	0.125536	0	0
0	0	0	1.380325	9.21807	-1.609273	9.21807	22886.5	-2.362079E-11	-4.233559E+10	3.709463E+16	0	0	10.724644	0.124602	0	0
0	0	0	1.321879	9.217886	-1.666612	9.217886	22035	-3.148141E-11	-3.176477E+10	3.709463E+16	0	0	10.661275	0.123716	0	0
0	0	0	1.266913	9.218111	-1.720667	9.218111	21263	-2.067006E-11	-4.837915E+10	3.709463E+16	0	0	10.622641	0.122806	0	0
0	0	0	1.213385	9.21808	-1.773227	9.21808	20537.5	-2.087449E-11	-4.790537E+10	3.709463E+16	0	0	10.589289	0.121824	0	0
0	0	0	1.163825	9.217784	-1.821802	9.217784	19887.5	-3.61259E-11	-2.768097E+10	3.709463E+16	0	0	10.540721	0.120875	0	0
0	0	0	1.115246	9.217815	-1.869521	9.217815	19271	-3.237002E-11	-3.089278E+10	3.709463E+16	0	0	10.498351	0.120044	0	0
0	0	0	1.069215	9.21807	-1.91481	9.21807	18704	-1.93041E-11	-5.180247E+10	3.709463E+16	0	0	10.452167	0.119214	0	0
0	0	0	1.025193	9.218029	-1.958031	9.218029	18177.5	-1.999415E-11	-5.001462E+10	3.709463E+16	0	0	10.419367	0.11836	0	0
0	0	0	0.982462	9.218183	-2.000046	9.218183	17680.5	-1.560107E-11	-6.409818E+10	3.709463E+16	0	0	10.372724	0.11749	0	0
0	0	0	0.943161	9.218132	-2.038627	9.218132	17235	-1.628136E-11	-6.141991E+10	3.709463E+16	0	0	10.339682	0.116572	0	0
0	0	0	0.903631	9.217518	-2.07725	9.217518	16799	-1.03708E-10	-9.642459E+9	3.709463E+16	0	0	10.299679	0.11571	0	0
0	0	0	0.86647	9.218009	-2.113905	9.218009	16399	-1.865103E-11	-5.361635E+10	3.709463E+16	0	0	10.253867	0.11488	0	0
0	0	0	0.831024	9.218152	-2.148762	9.218152	16026	-1.472357E-11	-6.791829E+10	3.709463E+16	0	0	10.211216	0.114034	0	0
0	0	0	0.797538	9.217672	-2.181493	9.217672	15681.5	-4.061189E-11	-2.462333E+10	3.709463E+16	0	0	10.168104	0.113172	0	0
0	0	0	0.764133	9.217743	-2.214322	9.217743	15345.5	-3.127058E-11	-3.197894E+10	3.709463E+16	0	0	10.127287	0.112326	0	0
0	0	0	0.732918	9.21807	-2.245084	9.21807	15038	-1.552048E-11	-6.4431E+10	3.709463E+16	0	0	10.0894	0.111448	0	0
0	0	0	0.702944	9.218009	-2.274502	9.218009	14748.5	-1.677387E-11	-5.961654E+10	3.709463E+16	0	0	10.026098	0.110641	0	0
0	0	0	0.674325	9.218009	-2.302607	9.218009	14477	-1.646508E-11	-6.073458E+10	3.709463E+16	0	0	9.974837	0.109915	0	0
0	0	0	0.645299	9.218142	-2.331157	9.218142	14207	-1.323409E-11	-7.556243E+10	3.709463E+16	0	0	9.93677	0.109109	0	0
0	0	0	0.618281	9.217958	-2.357631	9.217958	13960.5	-1.735218E-11	-5.762966E+10	3.709463E+16	0	0	9.902342	0.108175	0	0
0	0	0	0.593698	9.21808	-2.381814	9.21808	13739.5	-1.396494E-11	-7.160788E+10	3.709463E+16	0	0	9.841701	0.107456	0	0
0	0	0	0.570405	9.218029	-2.404673	9.218029	13533.5	-1.488603E-11	-6.717706E+10	3.709463E+16	0	0	9.798546	0.106602	0	0
0	0	0	0.546148	9.21808	-2.428512	9.21808	13322	-1.354059E-11	-7.385201E+10	3.709463E+16	0	0	9.746608	0.105932	0	0
0	0	0	0.5239	9.218234	-2.450411	9.218234	13131	-1.087E-11	-9.199632E+10	3.709463E+16	0	0	9.68386	0.105197	0	0
0	0	0	0.504625	9.217794	-2.469199	9.217794	12968	-2.293401E-11	-4.360337E+10	3.709463E+16	0	0	9.642677	0.104455	0	0
0	0	0	0.485775	9.217764	-2.487702	9.217764	12810.5	-2.460628E-11	-4.064003E+10	3.709463E+16	0	0	9.593469	0.103697	0	0
0	0	0	0.467235	9.217835	-2.505932	9.217835	12657.5	-2.024484E-11	-4.939531E+10	3.709463E+16	0	0	9.555213	0.102843	0	0
0	0	0	0.450198	9.217856	-2.522671	9.217856	12518	-1.910832E-11	-5.233323E+10	3.709463E+16	0	0	9.496355	0.102188	0	0
0	0	0	0.433194	9.217559	-2.539275	9.217559	12381	-5.583157E-11	-1.791101E+10	3.709463E+16	0	0	9.454363	0.101438	0	0
0	0	0	0.417022	9.217999	-2.555298	9.217999	12251.5	-1.417487E-11	-7.054739E+10	3.709463E+16	0	0	9.394547	0.100775	0	0
0	0	0	0.401994	9.21808	-2.570084	9.21808	12133	-1.233208E-11	-8.10893E+10	3.709463E+16	0	0	9.345812	0.100081	0	0
0	0	0	0.388126	9.218009	-2.58368	9.218009	12024	-1.367522E-11	-7.312496E+10	3.709463E+16	0	0	9.295668	0.099307	0	0
0	0	0	0.373768	9.217774	-2.597705	9.217774	11912.5	-2.224298E-11	-4.495801E+10	3.709463E+16	0	0	9.256959	0.098564	0	0
0	0	0	0.361436	9.217937	-2.60987	9.217937	11818	-1.525587E-11	-6.554853E+10	3.709463E+16	0	0	9.206185	0.097838	0	0
0	0	0	0.347927	9.21758	-2.623021	9.21758	11714.5	-4.655215E-11	-2.148129E+10	3.709463E+16	0	0	9.14526	0.097151	0	0
0	0	0	0.337179	9.217672	-2.633607	9.217672	11633.5	-3.012839E-11	-3.319128E+10	3.709463E+16	0	0	9.109459	0.096465	0	0
0	0	0	0.323719	9.217845	-2.646881	9.217845	11532	-1.801413E-11	-5.551199E+10	3.709463E+16	0	0	9.038725	0.095874	0	0
0	0	0	0.312089	9.217835	-2.6583	9.217835	11445.5	-1.830632E-11	-5.462593E+10	3.709463E+16	0	0	8.991292	0.095164	0	0
0	0	0	0.301014	9.218029	-2.669239	9.218029	11363.5	-1.249916E-11	-8.000535E+10	3.709463E+16	0	0	8.957995	0.094342	0	0
0	0	0	0.288959	9.217948	-2.681052	9.217948	11275	-1.427946E-11	-7.003066E+10	3.709463E+16	0	0	8.898086	0.093775	0	0
0	0	0	0.279697	9.217672	-2.690059	9.217672	11207.5	-2.902514E-11	-3.445289E+10	3.709463E+16	0	0	8.825019	0.093168	0	0
0	0	0	0.268785	9.217794	-2.700814	9.217794	11128.5	-1.968084E-11	-5.081085E+10	3.709463E+16	0	0	8.787265	0.092394	0	0
0	0	0	0.258299	9.217876	-2.71114	9.217876	11053	-1.613592E-11	-6.197355E+10	3.709463E+16	0	0	8.718124	0.091939	0	0
0	0	0	0.249821	9.218101	-2.719538	9.218101	10992.5	-1.084348E-11	-9.222131E+10	3.709463E+16	0	0	8.675962	0.091117	0	0
0	0	0	0.240265	9.217743	-2.728807	9.217743	10924.5	-2.226161E-11	-4.492039E+10	3.709463E+16	0	0	8.624601	0.09047	0	0
0	0	0	0.229566	9.218387	-2.739522	9.218387	10849	-7.57532E-12	-1.320076E+11	3.709463E+16	0	0	8.56668	0.089848	0	0
0	0	0	0.222052	9.218029	-2.746786	9.218029	10796	-1.187495E-11	-8.421089E+10	3.709463E+16	0	0	8.514951	0.089145	0	0
0	0	0	0.212643	9.217753	-2.755938	9.217753	10730.5	-2.122011E-11	-4.712511E+10	3.709463E+16	0	0	8.44464	0.088618	0	0
0	0	0	0.202957	9.218203	-2.765595	9.218203	10663.5	-9.167586E-12	-1.0908E+11	3.709463E+16	0	0	8.410941	0.088004	0	0
0	0	0	0.194986	9.217907	-2.773329	9.217907	10608	-1.453503E-11	-6.879931E+10	3.709463E+16	0	0	8.353287	0.087325	0	0
0	0	0	0.186394	9.217856	-2.78175	9.217856	10549	-1.61027E-11	-6.210137E+10	3.709463E+16	0	0	8.300828	0.086703	0	0
0	0	0	0.177557	9.217845	-2.790426	9.217845	10489	-1.638486E-11	-6.103196E+10	3.709463E+16	0	0	8.249327	0.086072	0	0
0	0	0	0.169879	9.217498	-2.797854	9.217498	10436.5	-7.900611E-11	-1.265725E+10	3.709463E+16	0	0	8.187694	0.085473	0	0
0	0	0	0.163411	9.217723	-2.804279	9.217723	10393	-2.255198E-11	-4.434201E+10	3.709463E+16	0	0	8.16158	0.084859	0	0
0	0	0	0.154949	9.217621	-2.812556	9.217621	10336	-3.319043E-11	-3.012917E+10	3.709463E+16	0	0	8.070942	0.084364	0	0
0	0	0	0.146962	9.217692	-2.820423	9.217692	10282.5	-2.471653E-11	-4.045875E+10	3.709463E+16	0	0	8.026804	0.083693	0	0
0	0	0	0.139938	9.217825	-2.827364	9.217825	10236	-1.677269E-11	-5.962075E+10	3.709463E+16	0	0	7.987219	0.083087	0	0
0	0	0	0.133437	9.217999	-2.833805	9.217999	10193	-1.17932E-11	-8.47946E+10	3.709463E+16	0	0	7.943043	0.082416	0	0
0	0	0	0.126494	9.217968	-2.840613	9.217968	10147	-1.238221E-11	-8.076101E+10	3.709463E+16	0	0	7.872411	0.081929	0	0
0	0	0	0.118262	9.217835	-2.848655	9.217835	10093	-1.614309E-11	-6.194601E+10	3.709463E+16	0	0	7.833904	0.081243	0	0
0	0	0	0.110879	9.218244	-2.856038	9.218244	10045	-8.213767E-12	-1.217468E+11	3.709463E+16	0	0	7.784601	0.080676	0	0
0	0	0	0.105243	9.217661	-2.861385	9.217661	10008.5	-2.696345E-11	-3.708724E+10	3.709463E+16	0	0	7.719791	0.080269	0	0
0	0	0	0.099036	9.21804	-2.867602	9.21804	9968	-1.07869E-11	-9.270505E+10	3.709463E+16	0	0	7.667141	0.079526	0	0
0	0	0	0.09113	9.218275	-2.875442	9.218275	9917	-7.822358E-12	-1.278387E+11	3.709463E+16	0	0	7.625269	0.079063	0	0
0	0	0	0.083649	9.217866	-2.882658	9.217866	9869	-1.472874E-11	-6.789447E+10	3.709463E+16	0	0	7.584546	0.078401	0	0
0	0	0	0.077491	9.217988	-2.888745	9.217988	9830	-1.157331E-11	-8.640572E+10	3.709463E+16	0	0	7.497071	0.07797	0	0
0	0	0	0.072067	9.217794	-2.894009	9.217794	9795.5	-1.732342E-11	-5.772534E+10	3.709463E+16	0	0	7.454666	0.077435	0	0
0	0	0	0.065991	9.217784	-2.899973	9.217784	9756.5	-1.772281E-11	-5.642447E+10	3.709463E+16	0	0	7.419795	0.076741	0	0
0	0	0	0.058444	9.21852	-2.907621	9.21852	9709	-5.969583E-12	-1.675159E+11	3.709463E+16	0	0	7.336292	0.076334	0	0
0	0	0	0.052711	9.217866	-2.913042	9.217866	9673	-1.443622E-11	-6.927019E+10	3.709463E+16	0	0	7.308735	0.075687	0	0
0	0	0	0.048203	9.217774	-2.91744	9.217774	9644.5	-1.800818E-11	-5.553033E+10	3.709463E+16	0	0	7.2325	0.075312	0	0
0	0	0	0.043171	9.217856	-2.922407	9.217856	9613.5	-1.467469E-11	-6.814452E+10	3.709463E+16	0	0	7.200533	0.074729	0	0
0	0	0	0.037879	9.218275	-2.927739	9.218275	9580.5	-7.556933E-12	-1.323288E+11	3.709463E+16	0	0	7.120326	0.074314	0	0
0	0	0	0.031852	9.217917	-2.933544	9.217917	9543	-1.281342E-11	-7.80432E+10	3.709463E+16	0	0	7.071326	0.073763	0	0
0	0	0	0.025563	9.217825	-2.939691	9.217825	9504	-1.557323E-11	-6.421275E+10	3.709463E+16	0	0	7.00865	0.073181	0	0
0	0	0	0.021316	9.217805	-2.943855	9.217805	9478	-1.633035E-11	-6.123567E+10	3.709463E+16	0	0	6.949962	0.072726	0	0
0	0	0	0.017575	9.218029	-2.947601	9.218029	9455	-1.039993E-11	-9.61545E+10	3.709463E+16	0	0	6.890895	0.072175	0	0
0	0	0	0.01305	9.217661	-2.951926	9.217661	9427	-2.539686E-11	-3.937495E+10	3.709463E+16	0	0	6.851482	0.071736	0	0
0	0	0	0.008852	9.218183	-2.956217	9.218183	9401.5	-8.295773E-12	-1.205433E+11	3.709463E+16	0	0	6.802397	0.071209	0	0
0	0	0	0.00338	9.218213	-2.961601	9.218213	9368.5	-7.952094E-12	-1.25753E+11	3.709463E+16	0	0	6.744659	0.070786	0	0
0	0	0	-0.001569	9.217682	-2.96629	9.217682	9338.5	-2.328374E-11	-4.294843E+10	3.709463E+16	0	0	6.688489	0.070219	0	0
0	0	0	-0.005898	9.217508	-2.970486	9.217508	9312	-6.332948E-11	-1.579043E+10	3.709463E+16	0	0	6.638282	0.069756	0	0
0	0	0	-0.009736	9.21804	-2.974426	9.21804	9289	-1.005212E-11	-9.948153E+10	3.709463E+16	0	0	6.60458	0.069158	0	0
0	0	0	-0.012513	9.217927	-2.977117	9.217927	9272.5	-1.220533E-11	-8.193145E+10	3.709463E+16	0	0	6.506458	0.068878	0	0
0	0	0	-0.016058	9.218101	-2.980654	9.218101	9251	-9.125589E-12	-1.09582E+11	3.709463E+16	0	0	6.438331	0.068447	0	0
0	0	0	-0.020044	9.217927	-2.984513	9.217927	9227	-1.214543E-11	-8.233547E+10	3.709463E+16	0	0	6.410219	0.067944	0	0
0	0	0	-0.024225	9.217743	-2.98856	9.217743	9202	-1.875155E-11	-5.332893E+10	3.709463E+16	0	0	6.354566	0.067425	0	0
0	0	0	-0.028668	9.217886	-2.99297	9.217886	9175.5	-1.310904E-11	-7.628323E+10	3.709463E+16	0	0	6.303305	0.066986	0	0
0	0	0	-0.032883	9.217917	-2.997119	9.217917	9150.5	-1.228641E-11	-8.139077E+10	3.709463E+16	0	0	6.232814	0.066483	0	0
0	0	0	-0.036264	9.217948	-3.000449	9.217948	9130.5	-1.156351E-11	-8.647891E+10	3.709463E+16	0	0	6.168623	0.066028	0	0
0	0	0	-0.039041	9.217907	-3.003163	9.217907	9114	-1.248796E-11	-8.007714E+10	3.709463E+16	0	0	6.106732	0.065669	0	0
0	0	0	-0.041997	9.218213	-3.006165	9.218213	9096.5	-7.721217E-12	-1.295133E+11	3.709463E+16	0	0	6.088803	0.065198	0	0
0	0	0	-0.044856	9.217999	-3.008904	9.217999	9080	-1.050547E-11	-9.518848E+10	3.709463E+16	0	0	6.025829	0.064695	0	0
0	0	0	-0.048695	9.217641	-3.012559	9.217641	9057	-2.653666E-11	-3.768371E+10	3.709463E+16	0	0	5.968552	0.064209	0	0
0	0	0	-0.051831	9.217917	-3.015727	9.217917	9039	-1.213669E-11	-8.239476E+10	3.709463E+16	0	0	5.889787	0.063801	0	0
0	0	0	-0.055326	9.217907	-3.019157	9.217907	9018.5	-1.23571E-11	-8.092511E+10	3.709463E+16	0	0	5.864395	0.063346	0	0
0	0	0	-0.058871	9.217917	-3.022642	9.217917	8997.5	-1.208097E-11	-8.27748E+10	3.709463E+16	0	0	5.779132	0.063123	0	0
0	0	0	-0.061632	9.217927	-3.025356	9.217927	8981.5	-1.182228E-11	-8.458602E+10	3.709463E+16	0	0	5.750123	0.062484	0	0
0	0	0	-0.064539	9.218019	-3.028241	9.218019	8964.5	-1.002519E-11	-9.974875E+10	3.709463E+16	0	0	5.686582	0.062117	0	0
0	0	0	-0.067218	9.217661	-3.030757	9.217661	8949	-2.41091E-11	-4.147812E+10	3.709463E+16	0	0	5.645346	0.061702	0	0
0	0	0	-0.069554	9.21758	-3.033025	9.21758	8935.5	-3.55087E-11	-2.816211E+10	3.709463E+16	0	0	5.574051	0.061279	0	0
0	0	0	-0.072037	9.217907	-3.035568	9.217907	8921	-1.222351E-11	-8.180956E+10	3.709463E+16	0	0	5.519726	0.060968	0	0
0	0	0	-0.074667	9.217805	-3.038118	9.217805	8906	-1.534481E-11	-6.516861E+10	3.709463E+16	0	0	5.458968	0.060569	0	0
0	0	0	-0.077607	9.217784	-3.040999	9.217784	8889	-1.614698E-11	-6.193108E+10	3.709463E+16	0	0	5.406147	0.060098	0	0
0	0	0	-0.080155	9.217876	-3.043531	9.217876	8874.5	-1.295559E-11	-7.718673E+10	3.709463E+16	0	0	5.349256	0.059651	0	0
0	0	0	-0.08383	9.218172	-3.047236	9.218172	8853	-7.916163E-12	-1.263238E+11	3.709463E+16	0	0	5.295795	0.059283	0	0
0	0	0	-0.086068	9.217457	-3.049204	9.217457	8840	-1.222264E-10	-8.18154E+9	3.709463E+16	0	0	5.23703	0.059012	0	0
0	0	0	-0.08891	9.218183	-3.052228	9.218183	8824	-7.786194E-12	-1.284325E+11	3.709463E+16	0	0	5.182369	0.058613	0	0
0	0	0	-0.091377	9.217856	-3.054546	9.217856	8809.5	-1.344741E-11	-7.436374E+10	3.709463E+16	0	0	5.125248	0.058222	0	0
0	0	0	-0.093419	9.217753	-3.056518	9.217753	8798.5	-1.739948E-11	-5.747297E+10	3.709463E+16	0	0	5.075832	0.057735	0	0
0	0	0	-0.095722	9.217897	-3.058826	9.217897	8785	-1.228878E-11	-8.137507E+10	3.709463E+16	0	0	5.010494	0.057376	0	0
0	0	0	-0.097029	9.217815	-3.060083	9.217815	8777.5	-1.47438E-11	-6.78251E+10	3.709463E+16	0	0	4.961598	0.05708	0	0
0	0	0	-0.09894	9.217958	-3.062006	9.217958	8766.5	-1.08963E-11	-9.177423E+10	3.709463E+16	0	0	4.910482	0.056633	0	0
0	0	0	-0.100802	9.217897	-3.063815	9.217897	8756	-1.224821E-11	-8.164458E+10	3.709463E+16	0	0	4.842518	0.05629	0	0
0	0	0	-0.102337	9.217835	-3.065303	9.217835	8747.5	-1.399105E-11	-7.147426E+10	3.709463E+16	0	0	4.787476	0.055899	0	0
0	0	0	-0.103056	9.218285	-3.066154	9.218285	8743.5	-6.816378E-12	-1.467055E+11	3.709463E+16	0	0	4.748843	0.055484	0	0
0	0	0	-0.105049	9.218244	-3.068098	9.218244	8732	-7.140131E-12	-1.400535E+11	3.709463E+16	0	0	4.677231	0.055141	0	0
0	0	0	-0.107499	9.218101	-3.070458	9.218101	8718.5	-8.600308E-12	-1.162749E+11	3.709463E+16	0	0	4.622666	0.054821	0	0
0	0	0	-0.108332	9.218111	-3.071279	9.218111	8713.5	-8.470515E-12	-1.180566E+11	3.709463E+16	0	0	4.578363	0.05447	0	0
0	0	0	-0.11026	9.217999	-3.073136	9.217999	8702.5	-1.006871E-11	-9.93176E+10	3.709463E+16	0	0	4.509604	0.054151	0	0
0	0	0	-0.111272	9.21804	-3.074144	9.21804	8697	-9.411483E-12	-1.062532E+11	3.709463E+16	0	0	4.45548	0.053816	0	0
0	0	0	-0.112792	9.21806	-3.075642	9.21806	8688.5	-9.107727E-12	-1.097969E+11	3.709463E+16	0	0	4.419601	0.053424	0	0
0	0	0	-0.113723	9.218213	-3.076606	9.218213	8683	-7.370233E-12	-1.356809E+11	3.709463E+16	0	0	4.358572	0.05293	0	0
0	0	0	-0.115667	9.218101	-3.078479	9.218101	8672	-8.554438E-12	-1.168984E+11	3.709463E+16	0	0	4.321278	0.052682	0	0
0	0	0	-0.11632	9.21805	-3.079104	9.21805	8668.5	-9.231363E-12	-1.083264E+11	3.709463E+16	0	0	4.255671	0.052347	0	0
0	0	0	-0.116728	9.218295	-3.079584	9.218295	8666	-6.678162E-12	-1.497418E+11	3.709463E+16	0	0	4.200422	0.05206	0	0
0	0	0	-0.117561	9.218234	-3.080382	9.218234	8661.5	-7.170094E-12	-1.394682E+11	3.709463E+16	0	0	4.122572	0.051748	0	0
0	0	0	-0.118215	9.218152	-3.080998	9.218152	8657.5	-7.953909E-12	-1.257243E+11	3.709463E+16	0	0	4.097253	0.051349	0	0
0	0	0	-0.119129	9.217784	-3.081778	9.217784	8652.5	-1.571738E-11	-6.362385E+10	3.709463E+16	0	0	4.039664	0.05095	0	0
0	0	0	-0.118933	9.218346	-3.081766	9.218346	8653.5	-6.305477E-12	-1.585923E+11	3.709463E+16	0	0	3.987289	0.050567	0	0
0	0	0	-0.119865	9.218264	-3.082654	9.218264	8648.5	-6.903154E-12	-1.448613E+11	3.709463E+16	0	0	3.906638	0.050463	0	0
0	0	0	-0.119832	9.218428	-3.082675	9.218428	8649	-5.797215E-12	-1.724966E+11	3.709463E+16	0	0	3.856843	0.050128	0	0
0	0	0	-0.120436	9.21806	-3.08315	9.21806	8645.5	-9.062652E-12	-1.10343E+11	3.709463E+16	0	0	3.813783	0.049761	0	0
0	0	0	-0.120159	9.218183	-3.082917	9.218183	8647	-7.630011E-12	-1.310614E+11	3.709463E+16	0	0	3.790712	0.049369	0	0
0	0	0	-0.120877	9.218132	-3.083606	9.218132	8643	-8.164771E-12	-1.224774E+11	3.709463E+16	0	0	3.701202	0.049082	0	0
0	0	0	-0.121612	9.218142	-3.084331	9.218142	8638.5	-8.046927E-12	-1.24271E+11	3.709463E+16	0	0	3.664965	0.048699	0	0
0	0	0	-0.121776	9.218183	-3.084505	9.218183	8637.5	-7.621629E-12	-1.312056E+11	3.709463E+16	0	0	3.598241	0.048483	0	0
0	0	0	-0.12189	9.218091	-3.084588	9.218091	8637	-8.64738E-12	-1.15642E+11	3.709463E+16	0	0	3.53075	0.04814	0	0
0	0	0	-0.122494	9.218142	-3.085198	9.218142	8634	-8.042735E-12	-1.243358E+11	3.709463E+16	0	0	3.492264	0.047869	0	0
0	0	0	-0.122282	9.217897	-3.08491	9.217897	8635	-1.207895E-11	-8.278864E+10	3.709463E+16	0	0	3.43585	0.047597	0	0
0	0	0	-0.122527	9.218295	-3.085279	9.218295	8633.5	-6.653117E-12	-1.503055E+11	3.709463E+16	0	0	3.38463	0.047198	0	0
0	0	0	-0.122788	9.217897	-3.085408	9.217897	8632	-1.207475E-11	-8.281742E+10	3.709463E+16	0	0	3.329413	0.046959	0	0
0	0	0	-0.123262	9.21851	-3.08607	9.21851	8629.5	-5.355053E-12	-1.867395E+11	3.709463E+16	0	0	3.272842	0.046592	0	0
0	0	0	-0.123246	9.218029	-3.085899	9.218029	8629.5	-9.491929E-12	-1.053527E+11	3.709463E+16	0	0	3.203422	0.04644	0	0
0	0	0	-0.122968	9.21807	-3.08564	9.21807	8631	-8.907917E-12	-1.122597E+11	3.709463E+16	0	0	3.152468	0.046185	0	0
0	0	0	-0.123981	9.218244	-3.08669	9.218244	8625.5	-7.053046E-12	-1.417827E+11	3.709463E+16	0	0	3.139173	0.045738	0	0
0	0	0	-0.123965	9.218387	-3.08672	9.218387	8625.5	-6.02276E-12	-1.660368E+11	3.709463E+16	0	0	3.062223	0.04545	0	0
0	0	0	-0.124406	9.218285	-3.087121	9.218285	8623	-6.722437E-12	-1.487556E+11	3.709463E+16	0	0	3.030031	0.045091	0	0
0	0	0	-0.124961	9.218295	-3.087669	9.218295	8620	-6.642713E-12	-1.505409E+11	3.709463E+16	0	0	2.971029	0.044844	0	0
0	0	0	-0.124798	9.218336	-3.087522	9.218336	8621	-6.350948E-12	-1.574568E+11	3.709463E+16	0	0	2.910979	0.044652	0	0
0	0	0	-0.125059	9.218203	-3.087736	9.218203	8619.5	-7.410326E-12	-1.349468E+11	3.709463E+16	0	0	2.834289	0.044389	0	0
0	0	0	-0.125565	9.218571	-3.088351	9.218571	8616.5	-5.06517E-12	-1.974267E+11	3.709463E+16	0	0	2.8327	0.044053	0	0
0	0	0	-0.126039	9.218315	-3.088735	9.218315	8614	-6.48865E-12	-1.541153E+11	3.709463E+16	0	0	2.786968	0.043806	0	0
0	0	0	-0.126643	9.21805	-3.089243	9.21805	8610.5	-9.169597E-12	-1.09056E+11	3.709463E+16	0	0	2.72508	0.043471	0	0
0	0	0	-0.127019	9.218387	-3.08972	9.218387	8608.5	-6.010889E-12	-1.663647E+11	3.709463E+16	0	0	2.655565	0.043271	0	0
0	0	0	-0.127623	9.218172	-3.090245	9.218172	8605	-7.694407E-12	-1.299645E+11	3.709463E+16	0	0	2.604631	0.042992	0	0
0	0	0	-0.127787	9.218254	-3.090431	9.218254	8604	-6.950537E-12	-1.438738E+11	3.709463E+16	0	0	2.587421	0.042736	0	0
0	0	0	-0.12764	9.218183	-3.090264	9.218183	8605	-7.592951E-12	-1.317011E+11	3.709463E+16	0	0	2.546923	0.042417	0	0
0	0	0	-0.128163	9.218132	-3.090761	9.218132	8602	-8.12604E-12	-1.230612E+11	3.709463E+16	0	0	2.490177	0.042114	0	0
0	0	0	-0.128408	9.218459	-3.091107	9.218459	8600.5	-5.596541E-12	-1.786818E+11	3.709463E+16	0	0	2.440878	0.04189	0	0
0	0	0	-0.128979	9.218203	-3.091586	9.218203	8597.5	-7.391412E-12	-1.352921E+11	3.709463E+16	0	0	2.372048	0.041611	0	0
0	0	0	-0.129273	9.218244	-3.091888	9.218244	8596	-7.028924E-12	-1.422693E+11	3.709463E+16	0	0	2.32078	0.041531	0	0
0	0	0	-0.129028	9.218397	-3.091697	9.218397	8597.5	-5.941218E-12	-1.683157E+11	3.709463E+16	0	0	2.333046	0.041108	0	0
0	0	0	-0.129273	9.218224	-3.091881	9.218224	8596	-7.204999E-12	-1.387925E+11	3.709463E+16	0	0	2.269248	0.040908	0	0
0	0	0	-0.129682	9.218397	-3.092338	9.218397	8593.5	-5.938453E-12	-1.68394E+11	3.709463E+16	0	0	2.21296	0.040557	0	0
0	0	0	-0.130123	9.218224	-3.092716	9.218224	8591	-7.200808E-12	-1.388733E+11	3.709463E+16	0	0	2.148971	0.040365	0	0
0	0	0	-0.12991	9.218244	-3.092514	9.218244	8592.5	-7.026062E-12	-1.423272E+11	3.709463E+16	0	0	2.093094	0.040118	0	0
0	0	0	-0.130188	9.218009	-3.092711	9.218009	8591	-9.770777E-12	-1.02346E+11	3.709463E+16	0	0	2.049141	0.039926	0	0
0	0	0	-0.130858	9.21805	-3.093382	9.21805	8587	-9.144571E-12	-1.093545E+11	3.709463E+16	0	0	2.028678	0.039607	0	0
0	0	0	-0.131086	9.218203	-3.093655	9.218203	8586	-7.381525E-12	-1.354734E+11	3.709463E+16	0	0	2.006577	0.039312	0	0
0	0	0	-0.130139	9.218428	-3.092797	9.218428	8591	-5.758339E-12	-1.736612E+11	3.709463E+16	0	0	1.938774	0.039176	0	0
0	0	0	-0.130727	9.218479	-3.093391	9.218479	8588	-5.481799E-12	-1.824219E+11	3.709463E+16	0	0	1.928313	0.038825	0	0
0	0	0	-0.131201	9.21806	-3.093722	9.21806	8585	-8.999233E-12	-1.111206E+11	3.709463E+16	0	0	1.872293	0.038673	0	0
0	0	0	-0.131119	9.218091	-3.093651	9.218091	8585.5	-8.595818E-12	-1.163356E+11	3.709463E+16	0	0	1.831757	0.038394	0	0
0	0	0	-0.130792	9.217937	-3.093281	9.217937	8587.5	-1.108562E-11	-9.020699E+10	3.709463E+16	0	0	1.796172	0.038083	0	0
0	0	0	-0.130694	9.21806	-3.093224	9.21806	8588	-9.002377E-12	-1.110818E+11	3.709463E+16	0	0	1.833445	0.037883	0	0
0	0	0	-0.130449	9.217968	-3.092954	9.217968	8589.5	-1.048162E-11	-9.540508E+10	3.709463E+16	0	0	1.718217	0.03766	0	0
0	0	0	-0.130008	9.217692	-3.092432	9.217692	8592	-2.0653E-11	-4.841912E+10	3.709463E+16	0	0	1.672616	0.037492	0	0
0	0	0	-0.130204	9.218101	-3.092756	9.218101	8591	-8.474536E-12	-1.180006E+11	3.709463E+16	0	0	1.639147	0.037316	0	0
0	0	0	-0.130025	9.218111	-3.092583	9.218111	8591.5	-8.351917E-12	-1.19733E+11	3.709463E+16	0	0	1.590989	0.036997	0	0
0	0	0	-0.12978	9.217805	-3.092244	9.217805	8593	-1.480552E-11	-6.754238E+10	3.709463E+16	0	0	1.565777	0.036805	0	0
0	0	0	-0.129322	9.21804	-3.09187	9.21804	8595.5	-9.301644E-12	-1.075079E+11	3.709463E+16	0	0	1.536989	0.036494	0	0
0	0	0	-0.129616	9.218305	-3.092244	9.218305	8594	-6.547282E-12	-1.527351E+11	3.709463E+16	0	0	1.49241	0.03635	0	0
0	0	0	-0.129878	9.217999	-3.092403	9.217999	8592.5	-9.94144E-12	-1.00589E+11	3.709463E+16	0	0	1.512409	0.036063	0	0
0	0	0	-0.129273	9.218571	-3.091993	9.218571	8596	-5.05312E-12	-1.978976E+11	3.709463E+16	0	0	1.419195	0.035895	0	0
0	0	0	-0.1304	9.218326	-3.093021	9.218326	8589.5	-6.398176E-12	-1.562945E+11	3.709463E+16	0	0	1.392459	0.035648	0	0
0	0	0	-0.130008	9.218193	-3.092593	9.218193	8592	-7.482814E-12	-1.336396E+11	3.709463E+16	0	0	1.364058	0.035488	0	0
0	0	0	-0.129747	9.218285	-3.092366	9.218285	8593.5	-6.699439E-12	-1.492662E+11	3.709463E+16	0	0	1.344833	0.035193	0	0
0	0	0	-0.130074	9.218203	-3.092661	9.218203	8591.5	-7.386254E-12	-1.353866E+11	3.709463E+16	0	0	1.325293	0.034898	0	0
0	0	0	-0.129665	9.217805	-3.092132	9.217805	8593.5	-1.480638E-11	-6.753845E+10	3.709463E+16	0	0	1.286663	0.034754	0	0
0	0	0	-0.129943	9.218224	-3.092539	9.218224	8592	-7.201646E-12	-1.388571E+11	3.709463E+16	0	0	1.192853	0.034602	0	0
0	0	0	-0.129714	9.217988	-3.092239	9.217988	8593.5	-1.011752E-11	-9.883845E+10	3.709463E+16	0	0	1.192621	0.034411	0	0
0	0	0	-0.130286	9.218315	-3.092905	9.218315	8590	-6.470572E-12	-1.545458E+11	3.709463E+16	0	0	1.179552	0.034267	0	0
0	0	0	-0.130286	9.218213	-3.092873	9.218213	8590	-7.291294E-12	-1.371499E+11	3.709463E+16	0	0	1.134995	0.03386	0	0
0	0	0	-0.130172	9.21805	-3.092708	9.21805	8591	-9.148831E-12	-1.093036E+11	3.709463E+16	0	0	1.106645	0.033756	0	0
0	0	0	-0.130466	9.218009	-3.092983	9.218009	8589.5	-9.769071E-12	-1.023639E+11	3.709463E+16	0	0	1.064811	0.033501	0	0
0	0	0	-0.131233	9.218356	-3.093849	9.218356	8585	-6.188184E-12	-1.615983E+11	3.709463E+16	0	0	1.03164	0.033317	0	0
0	0	0	-0.131642	9.218019	-3.094142	9.218019	8583	-9.598549E-12	-1.041824E+11	3.709463E+16	0	0	0.995947	0.033054	0	0
0	0	0	-0.131952	9.218101	-3.094473	9.218101	8581	-8.464672E-12	-1.181381E+11	3.709463E+16	0	0	0.997011	0.032934	0	0
0	0	0	-0.131707	9.218193	-3.094262	9.218193	8582	-7.474105E-12	-1.337953E+11	3.709463E+16	0	0	1.0087	0.032695	0	0
0	0	0	-0.13205	9.218326	-3.094641	9.218326	8580.5	-6.391472E-12	-1.564585E+11	3.709463E+16	0	0	0.951488	0.032495	0	0
0	0	0	-0.132099	9.218407	-3.094716	9.218407	8580	-5.868524E-12	-1.704006E+11	3.709463E+16	0	0	0.882467	0.032359	0	0
0	0	0	-0.132393	9.218315	-3.094975	9.218315	8578.5	-6.461909E-12	-1.54753E+11	3.709463E+16	0	0	0.85873	0.032096	0	0
0	0	0	-0.132704	9.217978	-3.095171	9.217978	8577	-1.027893E-11	-9.728636E+10	3.709463E+16	0	0	0.86925	0.03196	0	0
0	0	0	-0.133047	9.218264	-3.0956	9.218264	8575	-6.844487E-12	-1.46103E+11	3.709463E+16	0	0	0.835842	0.031777	0	0
0	0	0	-0.132785	9.218407	-3.095389	9.218407	8576	-5.865788E-12	-1.704801E+11	3.709463E+16	0	0	0.814139	0.031497	0	0
0	0	0	-0.133047	9.218132	-3.095557	9.218132	8575	-8.100534E-12	-1.234487E+11	3.709463E+16	0	0	0.777856	0.031298	0	0
0	0	0	-0.133292	9.218479	-3.09591	9.218479	8573.5	-5.472543E-12	-1.827304E+11	3.709463E+16	0	0	0.759994	0.031026	0	0
0	0	0	-0.133831	9.218142	-3.096331	9.218142	8570.5	-7.983584E-12	-1.25257E+11	3.709463E+16	0	0	0.735403	0.031026	0	0
0	0	0	-0.133504	9.218203	-3.09603	9.218203	8572.5	-7.369919E-12	-1.356867E+11	3.709463E+16	0	0	0.709451	0.030763	0	0
0	0	0	-0.13486	9.21804	-3.097309	9.21804	8565	-9.268638E-12	-1.078907E+11	3.709463E+16	0	0	0.691367	0.030571	0	0
0	0	0	-0.134288	9.218019	-3.096741	9.218019	8568	-9.581774E-12	-1.043648E+11	3.709463E+16	0	0	0.659378	0.030324	0	0
0	0	0	-0.134125	9.218285	-3.096666	9.218285	8569	-6.680339E-12	-1.49693E+11	3.709463E+16	0	0	0.649585	0.030188	0	0
0	0	0	-0.135056	9.218183	-3.097547	9.218183	8563.5	-7.556332E-12	-1.323393E+11	3.709463E+16	0	0	0.617152	0.029925	0	0
0	0	0	-0.134827	9.218377	-3.097385	9.218377	8565	-6.043574E-12	-1.65465E+11	3.709463E+16	0	0	0.625083	0.029901	0	0
0	0	0	-0.134958	9.218224	-3.097464	9.218224	8564.5	-7.178596E-12	-1.39303E+11	3.709463E+16	0	0	0.607566	0.029757	0	0
0	0	0	-0.135121	9.218397	-3.09768	9.218397	8563.5	-5.917722E-12	-1.689839E+11	3.709463E+16	0	0	0.599808	0.029502	0	0
0	0	0	-0.135203	9.218121	-3.097672	9.218121	8563	-8.205022E-12	-1.218766E+11	3.709463E+16	0	0	0.567285	0.029318	0	0
0	0	0	-0.134843	9.218469	-3.09743	9.218469	8565	-5.519767E-12	-1.811671E+11	3.709463E+16	0	0	0.556028	0.029087	0	0
0	0	0	-0.134941	9.218019	-3.097382	9.218019	8564.5	-9.57786E-12	-1.044075E+11	3.709463E+16	0	0	0.541236	0.028895	0	0
0	0	0	-0.135137	9.218193	-3.097631	9.218193	8563	-7.457558E-12	-1.340922E+11	3.709463E+16	0	0	0.508204	0.028831	0	0
0	0	0	-0.134827	9.218254	-3.097345	9.218254	8565	-6.919032E-12	-1.445289E+11	3.709463E+16	0	0	0.489521	0.028687	0	0
0	0	0	-0.134598	9.217937	-3.097019	9.217937	8566.5	-1.105851E-11	-9.042812E+10	3.709463E+16	0	0	0.480623	0.028424	0	0
0	0	0	-0.134353	9.218142	-3.096844	9.218142	8567.5	-7.980789E-12	-1.253009E+11	3.709463E+16	0	0	0	0	0	0
0	0	0	-0.133765	9.218213	-3.09629	9.218213	8571	-7.275166E-12	-1.374539E+11	3.709463E+16	0	0	0	0	0	0
0	0	0	-0.13437	9.218285	-3.096906	9.218285	8567.5	-6.679169E-12	-1.497192E+11	3.709463E+16	0	0	0	0	0	0
0	0	0	-0.133635	9.218111	-3.096128	9.218111	8571.5	-8.332475E-12	-1.200124E+11	3.709463E+16	0	0	0	0	0	0
0	0	0	-0.133831	9.218142	-3.096331	9.218142	8570.5	-7.983584E-12	-1.25257E+11	3.709463E+16	0	0	0	0	0	0
0	0	0	-0.133537	9.218367	-3.096114	9.218367	8572.5	-6.113326E-12	-1.635771E+11	3.709463E+16	0	0	0	0	0	0
0	0	0	-0.133863	9.217886	-3.096281	9.217886	8570.5	-1.224468E-11	-8.166814E+10	3.709463E+16	0	0	0	0	0	0
0	0	0	-0.133373	9.218244	-3.095914	9.218244	8573	-7.010117E-12	-1.42651E+11	3.709463E+16	0	0	0	0	0	0
0	0	0	-0.132818	9.218275	-3.095379	9.218275	8576	-6.764601E-12	-1.478284E+11	3.709463E+16	0	0	0	0	0	0
0	0	0	-0.132981	9.218172	-3.095506	9.218172	8575.5	-7.668029E-12	-1.304116E+11	3.709463E+16	0	0	0	0	0	0
