Vload_(V)	ILoad_(A)	RsLoad_(ohm)	SunsVoc_Voltage_(V)	SunsVoc_Current_(A)	Model_Voltage_(V)	Model_Current_(A)	Carrier_Density_(cm-3)	Lifetime_(s)	Inverse_Lifetime_(s-1)	(Carrier_Density+Doping)/qWni^2_(cm^2/C)	Carrier_Density_at_Vmp_(cm-3)	Lifetime_at_Vmp_(s)	Efficiency_(%)	Intensity_(suns)	Dark_IV_Voltage_(V)	Dark_IV_Current_(A)
3.595449	6.279724	0	64.458363	0.010898	64.453823	0.010898	3.027522E+15	0.00019	5254.845225	2.762092E+16	3.567911E+14	0.000306	19.053086	1.136863	0	0
3.466019	6.282595	-0.585741	64.281296	0.435452	64.096744	0.435452	2.880488E+15	0.000193	5170.58791	2.693135E+16	0	0	18.967097	1.135123	0	0
5.820756	6.272618	5.715421	64.103412	0.836907	63.742688	0.836907	2.74549E+15	0.000197	5058.393299	2.629823E+16	0	0	18.923031	1.130861	0	0
11.697505	6.259872	5.863517	63.926998	1.201182	63.400682	1.201182	2.615214E+15	0.000202	4946.475366	2.568725E+16	0	0	19.013357	1.127173	0	0
17.055233	6.251632	5.224609	63.752625	1.532795	63.070186	1.532795	2.491131E+15	0.000206	4846.132757	2.510531E+16	0	0	19.019524	1.125018	0	0
21.881103	6.239737	4.64822	63.584174	1.838112	62.753262	1.838112	2.373327E+15	0.00021	4755.291288	2.455283E+16	0	0	18.89648	1.120707	0	0
28.071036	6.198932	4.018549	63.413763	2.12807	62.437091	2.12807	2.263949E+15	0.000214	4665.064847	2.403986E+16	0	0	18.943709	1.111951	0	0
33.878548	6.188406	3.143057	63.242781	2.403182	62.123207	2.403182	2.157584E+15	0.000218	4576.103184	2.354102E+16	0	0	19.007106	1.104048	0	0
39.426263	6.202568	2.164245	63.070205	2.657107	61.813766	2.657107	2.055057E+15	0.000223	4486.602818	2.306018E+16	0	0	18.937756	1.099003	0	0
45.275502	6.177315	1.355669	62.899182	2.891228	61.512012	2.891228	1.955701E+15	0.000227	4406.255063	2.259422E+16	0	0	18.893556	1.091085	0	0
46.720236	6.169893	1.15469	62.729832	3.106353	61.218147	3.106353	1.861199E+15	0.000231	4331.2484	2.215101E+16	0	0	18.933474	1.079926	0	0
48.195138	6.147016	1.004509	62.563382	3.304604	60.932945	3.304604	1.771382E+15	0.000234	4262.392133	2.172978E+16	0	0	18.96899	1.070531	0	0
49.632575	6.10411	0.901128	62.398688	3.488334	60.654337	3.488334	1.686635E+15	0.000238	4197.30074	2.133233E+16	0	0	18.901649	1.063434	0	0
51.066242	6.026585	0.838069	62.237792	3.657598	60.384969	3.657598	1.606121E+15	0.000242	4135.879983	2.095473E+16	0	0	18.878976	1.053912	0	0
52.470386	5.933634	0.75582	62.078529	3.817337	60.120169	3.817337	1.530573E+15	0.000245	4077.186407	2.060042E+16	0	0	18.965908	1.041818	0	0
53.896803	5.792363	0.683915	61.917919	3.968032	59.856442	3.968032	1.458726E+15	0.000249	4017.686154	2.026347E+16	0	0	18.922496	1.032375	0	0
55.280994	5.549563	0.653846	61.757227	4.107832	59.59639	4.107832	1.389138E+15	0.000252	3961.035442	1.993711E+16	0	0	18.846181	1.02385	0	0
56.665607	5.238431	0.604071	61.598904	4.23869	59.342057	4.23869	1.322308E+15	0.000256	3909.835218	1.962368E+16	0	0	18.891592	1.012595	0	0
58.058884	4.834477	0.542777	61.434536	4.3634	59.082245	4.3634	1.259112E+15	0.000259	3858.911289	1.932731E+16	0	0	18.961529	1.001213	0	0
59.430249	4.208075	0.518372	61.2756	4.47873	58.83231	4.47873	1.196201E+15	0.000262	3813.901618	1.903226E+16	0	0	18.90355	0.991937	0	0
60.706137	3.435933	0.499919	61.115235	4.586953	58.583118	4.586953	1.137898E+15	0.000265	3768.218895	1.875883E+16	0	0	18.814743	0.982854	0	0
61.9475	2.499253	0.493291	60.957647	4.687417	58.340159	4.687417	1.081514E+15	0.000268	3726.616902	1.849439E+16	0	0	18.905103	0.971359	0	0
63.012157	1.553315	0.498055	60.801528	4.777949	58.103281	4.777949	1.028422E+15	0.000271	3686.582162	1.82454E+16	0	0	18.947939	0.961206	0	0
63.840419	0.687073	0.504146	60.652883	4.860774	57.878603	4.860774	9.780159E+14	0.000273	3656.331748	1.8009E+16	0	0	18.86743	0.953239	0	0
53.416818	5.843087	0.710427	60.501992	4.938485	57.653183	4.938485	9.319872E+14	0.000276	3625.431234	1.779313E+16	0	0	18.839253	0.943972	0	0
64.463827	0	0	60.357961	5.010899	57.438153	5.010899	8.871622E+14	0.000278	3600.150517	1.758291E+16	0	0	18.901568	0.932996	0	0
0	0	0	60.214298	5.078847	57.225351	5.078847	8.461056E+14	0.00028	3571.146679	1.739036E+16	0	0	18.91534	0.924256	0	0
0	0	0	60.07284	5.14286	57.016761	5.14286	8.06786E+14	0.000282	3544.727412	1.720595E+16	0	0	18.843461	0.916585	0	0
0	0	0	59.927217	5.203596	56.804361	5.203596	7.696148E+14	0.000284	3517.942316	1.703163E+16	0	0	18.855212	0.906607	0	0
0	0	0	59.783391	5.261312	56.595254	5.261312	7.329008E+14	0.000286	3496.899466	1.685944E+16	0	0	18.896228	0.895959	0	0
0	0	0	59.636175	5.316218	56.383075	5.316218	6.981372E+14	0.000288	3474.213701	1.66964E+16	0	0	18.849209	0.887825	0	0
0	0	0	59.49586	5.368255	56.180416	5.368255	6.640459E+14	0.000289	3455.726414	1.653652E+16	0	0	18.824514	0.879954	0	0
0	0	0	59.351176	5.417743	55.973425	5.417743	6.329122E+14	0.000291	3429.96356	1.639051E+16	0	0	18.849368	0.869489	0	0
0	0	0	59.210494	5.465545	55.771804	5.465545	6.021532E+14	0.000293	3409.48632	1.624625E+16	0	0	18.869865	0.859759	0	0
0	0	0	59.066341	5.508833	55.568258	5.508833	5.73511E+14	0.000296	3381.295791	1.611192E+16	0	0	18.803614	0.852559	0	0
0	0	0	58.928436	5.549946	55.373253	5.549946	5.454137E+14	0.000297	3366.496329	1.598015E+16	0	0	18.774846	0.845016	0	0
0	0	0	58.789469	5.587558	55.178749	5.587558	5.196804E+14	0.000299	3344.806851	1.585947E+16	0	0	18.822	0.834902	0	0
0	0	0	58.652789	5.623189	54.987921	5.623189	4.948444E+14	0.0003	3331.681512	1.574299E+16	0	0	18.816516	0.826313	0	0
0	0	0	58.513495	5.656798	54.794815	5.656798	4.714538E+14	0.000301	3317.002475	1.563329E+16	0	0	18.759061	0.819944	0	0
0	0	0	58.378571	5.688023	54.608286	5.688023	4.486374E+14	0.000302	3307.290415	1.552628E+16	0	0	18.763236	0.811969	0	0
0	0	0	58.242626	5.718116	54.420916	5.718116	4.27486E+14	0.000303	3296.976813	1.542709E+16	0	0	18.8096	0.802678	0	0
0	0	0	58.105089	5.74623	54.232584	5.74623	4.070864E+14	0.000304	3286.138023	1.533141E+16	0	0	18.77855	0.795414	0	0
0	0	0	57.97241	5.773012	54.05084	5.773012	3.873465E+14	0.000305	3280.742455	1.523884E+16	0	0	18.685497	0.789571	0	0
0	0	0	57.840263	5.79789	53.870767	5.79789	3.691302E+14	0.000306	3269.843757	1.51534E+16	0	0	18.727267	0.781445	0	0
0	0	0	57.709055	5.821267	53.692625	5.821267	3.517643E+14	0.000306	3262.823137	1.507196E+16	0	0	18.772751	0.77296	0	0
0	0	0	57.577235	5.843078	53.514565	5.843078	3.352623E+14	0.000307	3257.350201	1.499457E+16	0	0	18.691625	0.766949	0	0
0	0	0	57.451866	5.864106	53.344805	5.864106	3.193994E+14	0.000307	3256.479664	1.492017E+16	0	0	18.612849	0.760995	0	0
0	0	0	57.320373	5.883785	53.168199	5.883785	3.04955E+14	0.000308	3246.479371	1.485243E+16	0	0	18.668562	0.752717	0	0
0	0	0	57.192717	5.902596	52.996756	5.902596	2.90453E+14	0.000308	3247.196225	1.478442E+16	0	0	18.735791	0.744695	0	0
0	0	0	57.063592	5.920405	52.824014	5.920405	2.76986E+14	0.000308	3243.313413	1.472126E+16	0	0	18.61959	0.739179	0	0
0	0	0	56.940552	5.936969	52.659531	5.936969	2.639542E+14	0.000308	3242.737002	1.466014E+16	0	0	18.553401	0.733216	0	0
0	0	0	56.812896	5.952812	52.489679	5.952812	2.520683E+14	0.000309	3239.11712	1.46044E+16	0	0	18.633971	0.724484	0	0
0	0	0	56.685895	5.968147	52.320847	5.968147	2.402649E+14	0.000309	3241.177743	1.454904E+16	0	0	18.640561	0.717803	0	0
0	0	0	56.561425	5.982265	52.155898	5.982265	2.290356E+14	0.000309	3240.601369	1.449638E+16	0	0	18.498507	0.712295	0	0
0	0	0	56.435158	5.995906	51.988928	5.995906	2.185084E+14	0.000308	3242.823774	1.444701E+16	0	0	18.472242	0.705853	0	0
0	0	0	56.313628	6.008686	51.828351	6.008686	2.082944E+14	0.000308	3245.845395	1.439911E+16	0	0	18.587676	0.69748	0	0
0	0	0	56.187116	6.020983	51.661814	6.020983	1.988893E+14	0.000308	3246.278009	1.4355E+16	0	0	18.544014	0.691142	0	0
0	0	0	56.066077	6.032188	51.502786	6.032188	1.895249E+14	0.000307	3252.11359	1.431108E+16	0	0	18.427978	0.686344	0	0
0	0	0	55.944302	6.04333	51.342781	6.04333	1.809568E+14	0.000307	3258.606338	1.42709E+16	0	0	18.44794	0.678969	0	0
0	0	0	55.820649	6.053844	51.180809	6.053844	1.727078E+14	0.000307	3260.565716	1.423221E+16	0	0	18.483029	0.671122	0	0
0	0	0	55.701651	6.063783	51.024974	6.063783	1.646976E+14	0.000306	3267.078422	1.419464E+16	0	0	18.442047	0.66571	0	0
0	0	0	55.573873	6.073272	50.858453	6.073272	1.573235E+14	0.000306	3269.723026	1.416006E+16	0	0	18.331366	0.660594	0	0
0	0	0	55.452221	6.082281	50.699842	6.082281	1.497562E+14	0.000305	3284.01163	1.412457E+16	0	0	18.374375	0.653035	0	0
0	0	0	55.334816	6.09105	50.546627	6.09105	1.428755E+14	0.000304	3291.953653	1.40923E+16	0	0	18.426014	0.64617	0	0
0	0	0	55.212837	6.099275	50.388055	6.099275	1.365226E+14	0.000304	3292.136949	1.40625E+16	0	0	18.325069	0.641724	0	0
0	0	0	55.094534	6.107094	50.23431	6.107094	1.302093E+14	0.000303	3301.29025	1.40329E+16	0	0	18.264595	0.636168	0	0
0	0	0	54.973453	6.114339	50.077484	6.114339	1.243546E+14	0.000302	3306.942113	1.400544E+16	0	0	18.283031	0.628513	0	0
0	0	0	54.852618	6.121791	49.920726	6.121791	1.18625E+14	0.000301	3321.175282	1.397857E+16	0	0	18.338779	0.62271	0	0
0	0	0	54.734722	6.128606	49.768082	6.128606	1.13161E+14	0.000301	3324.672199	1.395294E+16	0	0	18.22862	0.618407	0	0
0	0	0	54.617603	6.135105	49.616599	6.135105	1.080644E+14	0.0003	3331.246217	1.392904E+16	0	0	18.12326	0.612588	0	0
0	0	0	54.4964	6.141148	49.460329	6.141148	1.032213E+14	0.0003	3337.56274	1.390633E+16	0	0	18.219603	0.605157	0	0
0	0	0	54.374258	6.146853	49.303105	6.146853	9.843062E+13	0.000298	3353.764388	1.388386E+16	0	0	18.202262	0.600535	0	0
0	0	0	54.256199	6.152607	49.150885	6.152607	9.382107E+13	0.000296	3373.679422	1.386224E+16	0	0	18.095962	0.596352	0	0
0	0	0	54.136058	6.158286	48.996071	6.158286	8.956506E+13	0.000296	3380.958783	1.384228E+16	0	0	18.095124	0.5894	0	0
0	0	0	54.018694	6.163267	48.845257	6.163267	8.542672E+13	0.000295	3386.366664	1.382287E+16	0	0	18.131925	0.583054	0	0
0	0	0	53.897205	6.168055	48.689404	6.168055	8.156391E+13	0.000294	3401.265777	1.380476E+16	0	0	18.00008	0.578919	0	0
0	0	0	53.776002	6.172932	48.533787	6.172932	7.774462E+13	0.000292	3421.641258	1.378684E+16	0	0	17.934643	0.574329	0	0
0	0	0	53.659005	6.177542	48.383608	6.177542	7.410828E+13	0.000291	3432.772419	1.376979E+16	0	0	18.064104	0.567137	0	0
0	0	0	53.534698	6.181787	48.224558	6.181787	7.075584E+13	0.000291	3440.230988	1.375407E+16	0	0	18.038337	0.562021	0	0
0	0	0	53.416803	6.18574	48.073735	6.18574	6.735632E+13	0.000289	3463.730138	1.373812E+16	0	0	17.859012	0.558413	0	0
0	0	0	53.291843	6.189537	47.914175	6.189537	6.428E+13	0.000287	3482.982258	1.37237E+16	0	0	17.84229	0.552602	0	0
0	0	0	53.166597	6.193311	47.75424	6.193311	6.116952E+13	0.000285	3512.224121	1.370911E+16	0	0	17.959401	0.546008	0	0
0	0	0	53.050295	6.197263	47.605296	6.197263	5.820006E+13	0.000283	3536.971162	1.369518E+16	0	0	17.886838	0.542177	0	0
0	0	0	52.927295	6.200524	47.448548	6.200524	5.55695E+13	0.000283	3534.960758	1.368285E+16	0	0	17.733618	0.538266	0	0
0	0	0	52.807644	6.203699	47.296032	6.203699	5.291445E+13	0.00028	3565.555305	1.367039E+16	0	0	17.729749	0.531888	0	0
0	0	0	52.687339	6.207119	47.14245	6.207119	5.045143E+13	0.000279	3589.695575	1.365884E+16	0	0	17.76047	0.526428	0	0
0	0	0	52.566259	6.210099	46.988259	6.210099	4.808869E+13	0.000278	3596.653859	1.364776E+16	0	0	17.625089	0.523506	0	0
0	0	0	52.446281	6.213071	46.835425	6.213071	4.582072E+13	0.000276	3619.751752	1.363713E+16	0	0	17.628479	0.518549	0	0
0	0	0	52.326589	6.215605	46.683319	6.215605	4.367739E+13	0.000275	3635.257351	1.362707E+16	0	0	17.69472	0.512052	0	0
0	0	0	52.205549	6.217897	46.529721	6.217897	4.163768E+13	0.000273	3668.405164	1.361751E+16	0	0	17.625698	0.508548	0	0
0	0	0	52.082631	6.220782	46.373205	6.220782	3.967057E+13	0.000269	3712.677747	1.360828E+16	0	0	17.44096	0.505203	0	0
0	0	0	51.961469	6.223124	46.21936	6.223124	3.77668E+13	0.000269	3717.809573	1.359935E+16	0	0	17.464947	0.499216	0	0
0	0	0	51.838306	6.225155	46.063275	6.225155	3.597859E+13	0.000267	3747.520945	1.359097E+16	0	0	17.518862	0.494004	0	0
0	0	0	51.715224	6.227409	45.907065	6.227409	3.42466E+13	0.000263	3795.802293	1.358284E+16	0	0	17.403437	0.491146	0	0
0	0	0	51.598922	6.229649	45.759333	6.229649	3.259813E+13	0.000262	3823.045373	1.357511E+16	0	0	17.340873	0.486804	0	0
0	0	0	51.470817	6.231708	45.596971	6.231708	3.111267E+13	0.000261	3834.047034	1.356815E+16	0	0	17.460426	0.480538	0	0
0	0	0	51.349533	6.23355	45.443335	6.23355	2.955391E+13	0.000258	3870.279695	1.356084E+16	0	0	17.361163	0.477018	0	0
0	0	0	51.224205	6.235208	45.284793	6.235208	2.814948E+13	0.000256	3907.513581	1.355425E+16	0	0	17.178776	0.474296	0	0
0	0	0	51.090751	6.237063	45.115865	6.237063	2.676768E+13	0.000252	3961.733216	1.354777E+16	0	0	17.275164	0.468285	0	0
0	0	0	50.964362	6.238515	44.956156	6.238515	2.537012E+13	0.00025	4005.72603	1.354121E+16	0	0	17.243297	0.463631	0	0
0	0	0	50.83393	6.240202	44.79114	6.240202	2.411333E+13	0.000246	4071.132277	1.353532E+16	0	0	17.039533	0.461388	0	0
0	0	0	50.709011	6.24207	44.632836	6.24207	2.288108E+13	0.000243	4114.709254	1.352954E+16	0	0	17.049557	0.456599	0	0
0	0	0	50.577313	6.243512	44.466437	6.243512	2.175955E+13	0.000243	4122.265189	1.352428E+16	0	0	17.150397	0.451035	0	0
0	0	0	50.447207	6.245127	44.301848	6.245127	2.063621E+13	0.000239	4180.205722	1.351901E+16	0	0	16.98787	0.448441	0	0
0	0	0	50.313672	6.246256	44.133424	6.246256	1.958303E+13	0.000238	4208.564837	1.351407E+16	0	0	16.9097	0.44516	0	0
0	0	0	50.181279	6.247499	43.966309	6.247499	1.85576E+13	0.000233	4296.163297	1.350926E+16	0	0	16.96304	0.439214	0	0
0	0	0	50.047254	6.24892	43.796954	6.24892	1.759364E+13	0.000229	4363.298078	1.350474E+16	0	0	16.929452	0.435654	0	0
0	0	0	49.908613	6.250366	43.621777	6.250366	1.666849E+13	0.000227	4402.313338	1.35004E+16	0	0	16.755157	0.433387	0	0
0	0	0	49.768626	6.251299	43.445413	6.251299	1.576237E+13	0.000225	4436.922225	1.349616E+16	0	0	16.773902	0.428206	0	0
0	0	0	49.626719	6.25219	43.266677	6.25219	1.489715E+13	0.00022	4545.384753	1.34921E+16	0	0	16.840447	0.423616	0	0
0	0	0	49.48428	6.253524	43.086811	6.253524	1.40683E+13	0.000214	4662.280269	1.348821E+16	0	0	16.677193	0.421804	0	0
0	0	0	49.337187	6.254465	42.901501	6.254465	1.328251E+13	0.000213	4698.823744	1.348453E+16	0	0	16.650529	0.417606	0	0
0	0	0	49.189154	6.255667	42.714731	6.255667	1.251688E+13	0.000208	4807.341831	1.348093E+16	0	0	16.701323	0.412298	0	0
0	0	0	49.035609	6.256659	42.521257	6.256659	1.179072E+13	0.000206	4860.368908	1.347753E+16	0	0	16.569193	0.410214	0	0
0	0	0	48.881124	6.25749	42.326761	6.25749	1.108183E+13	0.000202	4958.191244	1.34742E+16	0	0	16.411234	0.407205	0	0
0	0	0	48.718472	6.258478	42.121852	6.258478	1.041145E+13	0.000197	5087.349742	1.347106E+16	0	0	16.535655	0.401561	0	0
0	0	0	48.556187	6.259002	41.917883	6.259002	9.749269E+12	0.000193	5191.298863	1.346795E+16	0	0	16.49378	0.398927	0	0
0	0	0	48.391003	6.259982	41.709787	6.259982	9.130423E+12	0.000185	5406.608004	1.346505E+16	0	0	16.314588	0.396876	0	0
0	0	0	48.217039	6.260859	41.490781	6.260859	8.540727E+12	0.000182	5506.589892	1.346229E+16	0	0	16.349616	0.39148	0	0
0	0	0	48.044342	6.261493	41.273613	6.261493	7.960702E+12	0.000177	5645.201797	1.345957E+16	0	0	16.344207	0.388	0	0
0	0	0	47.862088	6.26231	41.044258	6.26231	7.423766E+12	0.000171	5850.117425	1.345705E+16	0	0	16.153427	0.386411	0	0
0	0	0	47.67865	6.262773	40.813795	6.262773	6.896254E+12	0.000166	6015.458787	1.345457E+16	0	0	16.133506	0.381702	0	0
0	0	0	47.488433	6.263472	40.574566	6.263472	6.403074E+12	0.000159	6306.580133	1.345226E+16	0	0	16.202788	0.377535	0	0
0	0	0	47.289845	6.264411	40.324563	6.264411	5.928807E+12	0.000153	6530.223356	1.345004E+16	0	0	16.021933	0.376178	0	0
0	0	0	47.082313	6.264976	40.063754	6.264976	5.471036E+12	0.00015	6667.471544	1.344789E+16	0	0	15.991468	0.372203	0	0
0	0	0	46.866247	6.265337	39.792463	6.265337	5.030308E+12	0.000143	6984.361502	1.344582E+16	0	0	16.077226	0.367429	0	0
0	0	0	46.640951	6.266073	39.50917	6.266073	4.609076E+12	0.000134	7435.854285	1.344385E+16	0	0	15.936405	0.365976	0	0
0	0	0	46.401322	6.26672	39.207994	6.26672	4.207316E+12	0.000129	7729.305268	1.344196E+16	0	0	15.855922	0.362808	0	0
0	0	0	46.14691	6.267202	38.888462	6.267202	3.818305E+12	0.000123	8112.832626	1.344014E+16	0	0	15.948285	0.357843	0	0
0	0	0	45.884494	6.267607	38.558975	6.267607	3.444537E+12	0.000115	8660.262288	1.343839E+16	0	0	15.760228	0.356454	0	0
0	0	0	45.604641	6.268285	38.207294	6.268285	3.097261E+12	0.000107	9319.703693	1.343676E+16	0	0	15.629375	0.353859	0	0
0	0	0	45.308617	6.268643	37.835702	6.268643	2.765363E+12	0.000101	9854.403236	1.34352E+16	0	0	15.737655	0.348487	0	0
0	0	0	44.996829	6.269282	37.443998	6.269282	2.452879E+12	9.291818E-5	10762.157023	1.343374E+16	0	0	15.580666	0.346987	0	0
0	0	0	44.670014	6.269636	37.033782	6.269636	2.161829E+12	8.690423E-5	11506.919086	1.343237E+16	0	0	15.454941	0.344808	0	0
0	0	0	44.330417	6.27026	36.607197	6.27026	1.893725E+12	7.879942E-5	12690.449493	1.343111E+16	0	0	15.617546	0.339539	0	0
0	0	0	43.973669	6.270612	36.159427	6.270612	1.650282E+12	7.319918E-5	13661.354888	1.342997E+16	0	0	15.488025	0.338023	0	0
0	0	0	43.594705	6.270915	35.683852	6.270915	1.428158E+12	6.579462E-5	15198.812133	1.342893E+16	0	0	15.348721	0.335963	0	0
0	0	0	43.199938	6.271412	35.188203	6.271412	1.224842E+12	5.83676E-5	17132.792743	1.342798E+16	0	0	15.383442	0.330687	0	0
0	0	0	42.784589	6.271853	34.666802	6.271853	1.043753E+12	5.27142E-5	18970.220455	1.342713E+16	0	0	15.26639	0.329114	0	0
0	0	0	42.353314	6.272227	34.125502	6.272227	8.820399E+11	4.70397E-5	21258.640383	1.342637E+16	0	0	15.184256	0.32727	0	0
0	0	0	41.894106	6.272642	33.549107	6.272642	7.405793E+11	4.146853E-5	24114.672282	1.34257E+16	0	0	15.274676	0.322146	0	0
0	0	0	41.39345	6.272612	32.92132	6.272612	6.148006E+11	3.644391E-5	27439.423127	1.342512E+16	0	0	15.073871	0.320988	0	0
0	0	0	40.868046	6.273305	32.261509	6.273305	5.018764E+11	2.962223E-5	33758.433697	1.342459E+16	0	0	14.966009	0.318793	0	0
0	0	0	40.313935	6.273572	31.566261	6.273572	4.056012E+11	2.652392E-5	37701.817163	1.342413E+16	0	0	15.10395	0.313876	0	0
0	0	0	39.73479	6.273915	30.839501	6.273915	3.239998E+11	2.210897E-5	45230.510475	1.342375E+16	0	0	14.911057	0.31291	0	0
0	0	0	39.131919	6.274061	30.083254	6.274061	2.562007E+11	1.851331E-5	54015.187495	1.342343E+16	0	0	14.803527	0.310396	0	0
0	0	0	38.51447	6.274406	29.308425	6.274406	2.006488E+11	1.487259E-5	67237.762761	1.342317E+16	0	0	14.918019	0.30571	0	0
0	0	0	37.88232	6.274583	28.515394	6.274583	1.562154E+11	1.233201E-5	81089.788706	1.342296E+16	0	0	14.74355	0.305263	0	0
0	0	0	37.237959	6.274862	27.706885	6.274862	1.208986E+11	9.871819E-6	101298.453873	1.34228E+16	0	0	14.667066	0.302278	0	0
0	0	0	36.566524	6.275314	26.86414	6.275314	9.31039E+10	8.038814E-6	124396.463781	1.342267E+16	0	0	14.754023	0.297848	0	0
0	0	0	35.882389	6.2755	26.005862	6.2755	7.091632E+10	6.750488E-6	148137.442709	1.342256E+16	0	0	14.496225	0.29792	0	0
0	0	0	35.180489	6.275831	25.125062	6.275831	5.373874E+10	5.340643E-6	187243.387967	1.342248E+16	0	0	14.489563	0.29424	0	0
0	0	0	34.457028	6.275821	24.217759	6.275821	4.042969E+10	4.359888E-6	229363.700447	1.342242E+16	0	0	14.555494	0.29072	0	0
0	0	0	33.72001	6.275997	23.293143	6.275997	3.015202E+10	3.242655E-6	308389.233191	1.342237E+16	0	0	14.291956	0.2906	0	0
0	0	0	32.976457	6.276229	22.360228	6.276229	2.236375E+10	2.519042E-6	396976.347594	1.342234E+16	0	0	14.38076	0.286098	0	0
0	0	0	32.220899	6.276272	21.412567	6.276272	1.65433E+10	1.986958E-6	503281.892056	1.342231E+16	0	0	14.327292	0.283983	0	0
0	0	0	31.449985	6.27658	20.445182	6.27658	1.217827E+10	1.48102E-6	675210.515529	1.342229E+16	0	0	14.101028	0.283456	0	0
0	0	0	30.671109	6.276929	19.467718	6.276929	8.909331E+9	1.18942E-6	840745.655773	1.342227E+16	0	0	14.196231	0.278515	0	0
0	0	0	29.878063	6.277055	18.472864	6.277055	6.496844E+9	9.756161E-7	1024993.341149	1.342226E+16	0	0	14.07264	0.277733	0	0
0	0	0	29.07738	6.277285	17.468231	6.277285	4.710473E+9	7.407379E-7	1350005.091778	1.342225E+16	0	0	13.941692	0.275921	0	0
0	0	0	28.272041	6.277424	16.457915	6.277424	3.404725E+9	5.85938E-7	1706665.184974	1.342225E+16	0	0	14.085394	0.271506	0	0
0	0	0	27.462864	6.277599	15.44271	6.277599	2.45629E+9	4.483765E-7	2230268.319689	1.342224E+16	0	0	13.818284	0.271554	0	0
0	0	0	26.650175	6.277613	14.4234	6.277613	1.7693E+9	3.494604E-7	2861554.295388	1.342224E+16	0	0	13.829092	0.268298	0	0
0	0	0	25.842264	6.27785	13.409641	6.27785	1.272638E+9	2.530434E-7	3951891.704024	1.342224E+16	0	0	13.835724	0.264977	0	0
0	0	0	25.033291	6.277926	12.394856	6.277926	9.17169E+8	2.054075E-7	4868371.11057	1.342224E+16	0	0	13.577251	0.265296	0	0
0	0	0	24.228688	6.277899	11.385761	6.277899	6.607041E+8	1.542818E-7	6481647.541009	1.342223E+16	0	0	13.716387	0.260635	0	0
0	0	0	23.428944	6.278052	10.382387	6.278052	4.767975E+8	1.096434E-7	9120478.63794	1.342223E+16	0	0	13.581185	0.259485	0	0
0	0	0	22.630997	6.278163	9.381344	6.278163	3.447598E+8	8.654401E-8	1.155481E+7	1.342223E+16	0	0	13.425309	0.258136	0	0
0	0	0	21.845914	6.278372	8.39622	6.278372	2.494685E+8	6.709403E-8	1.490446E+7	1.342223E+16	0	0	13.588093	0.253786	0	0
0	0	0	21.068671	6.278289	7.421552	6.278289	1.814595E+8	5.63436E-8	1.774824E+7	1.342223E+16	0	0	13.291675	0.254257	0	0
0	0	0	20.299963	6.278727	6.456442	6.278727	1.32411E+8	3.872167E-8	2.582533E+7	1.342223E+16	0	0	13.344298	0.250545	0	0
0	0	0	19.546773	6.278678	5.511858	6.278678	9.695531E+7	4.082865E-8	2.44926E+7	1.342223E+16	0	0	13.362947	0.248262	0	0
0	0	0	18.814042	6.278755	4.592655	6.278755	7.144162E+7	2.868268E-8	3.486424E+7	1.342223E+16	0	0	13.086431	0.248222	0	0
0	0	0	18.095931	6.278957	3.691496	6.278957	5.308031E+7	2.299532E-8	4.348711E+7	1.342223E+16	0	0	13.256054	0.243361	0	0
0	0	0	17.401586	6.278727	2.821137	6.278727	3.967252E+7	2.171053E-8	4.606059E+7	1.342223E+16	0	0	13.023814	0.243752	0	0
0	0	0	16.727293	6.278762	1.975319	6.278762	2.993856E+7	1.260768E-8	7.931672E+7	1.342223E+16	0	0	13.017281	0.240767	0	0
0	0	0	16.077052	6.278964	1.15927	6.278964	2.277731E+7	9.939055E-9	1.006132E+8	1.342223E+16	0	0	13.021583	0.238125	0	0
0	0	0	15.441512	6.279006	0.362034	6.279006	1.749884E+7	9.663938E-9	1.034775E+8	1.342223E+16	0	0	12.763448	0.238316	0	0
0	0	0	14.830351	6.278755	-0.403916	6.278755	1.352398E+7	7.903104E-9	1.265326E+8	1.342223E+16	0	0	12.948726	0.233583	0	0
0	0	0	14.24161	6.279152	-1.14332	6.279152	1.055584E+7	4.573045E-9	2.186727E+8	1.342223E+16	0	0	12.713531	0.234205	0	0
0	0	0	13.67635	6.279166	-1.852345	6.279166	8314349	6.100303E-9	1.639263E+8	1.342223E+16	0	0	12.724692	0.230853	0	0
0	0	0	13.121054	6.279444	-2.549532	6.279444	6611474.5	4.971895E-9	2.011306E+8	1.342223E+16	0	0	12.700124	0.228921	0	0
0	0	0	12.594712	6.27934	-3.209453	6.27934	5278650	7.921398E-9	1.262403E+8	1.342223E+16	0	0	12.489448	0.228618	0	0
0	0	0	12.08699	6.279166	-3.845836	6.279166	4264277	4.659652E-9	2.146083E+8	1.342223E+16	0	0	12.671298	0.224259	0	0
0	0	0	11.59789	6.279222	-4.459444	6.279222	3470937.75	2.610184E-9	3.831147E+8	1.342223E+16	0	0	12.345815	0.225321	0	0
0	0	0	11.130597	6.279284	-5.045719	6.279284	2846604	2.377938E-9	4.205323E+8	1.342223E+16	0	0	12.497763	0.220859	0	0
0	0	0	10.678741	6.279152	-5.61213	6.279152	2355304	2.247801E-9	4.448793E+8	1.342223E+16	0	0	12.294252	0.221098	0	0
0	0	0	10.247384	6.279333	-6.153642	6.279333	1961032.75	1.43883E-9	6.950093E+8	1.342223E+16	0	0	12.285138	0.218249	0	0
0	0	0	9.835628	6.279131	-6.669568	6.279131	1646388.5	1.767019E-9	5.659249E+8	1.342223E+16	0	0	12.294746	0.216293	0	0
0	0	0	9.436532	6.279222	-7.170382	6.279222	1393257	9.86244E-10	1.013948E+9	1.342223E+16	0	0	12.078821	0.215782	0	0
0	0	0	9.057691	6.27941	-7.646053	6.27941	1185111.5	9.899953E-10	1.010106E+9	1.342223E+16	0	0	12.210813	0.212118	0	0
0	0	0	8.688896	6.279674	-8.109334	6.279674	1016374	1.356432E-9	7.372282E+8	1.342223E+16	0	0	11.901205	0.212853	0	0
0	0	0	8.334026	6.279472	-8.553902	6.279472	875219	7.349909E-9	1.360561E+8	1.342223E+16	0	0	12.124606	0.208407	0	0
0	0	0	7.994837	6.279472	-8.979342	6.279472	757935	1.263148E-9	7.91673E+8	1.342223E+16	0	0	11.768801	0.209644	0	0
0	0	0	7.673698	6.279451	-9.382085	6.279451	660554	1.100856E-9	9.083839E+8	1.342223E+16	0	0	11.982595	0.204982	0	0
0	0	0	7.360727	6.279674	-9.775248	6.279674	579913	8.92461E-10	1.120497E+9	1.342223E+16	0	0	11.668432	0.206132	0	0
0	0	0	7.059435	6.27934	-10.152241	6.27934	510805.25	4.289644E-9	2.331196E+8	1.342223E+16	0	0	11.858937	0.201861	0	0
0	0	0	6.77023	6.279465	-10.51533	6.279465	452068.5	4.939847E-10	2.024354E+9	1.342223E+16	0	0	11.593939	0.202827	0	0
0	0	0	6.490499	6.279451	-10.866154	6.279451	402051.5	6.520234E-10	1.533687E+9	1.342223E+16	0	0	11.707786	0.198868	0	0
0	0	0	6.219058	6.279785	-11.207545	6.279785	358944.5	5.524002E-10	1.810282E+9	1.342223E+16	0	0	11.481216	0.19961	0	0
0	0	0	5.960808	6.279653	-11.5311	6.279653	321538.25	-2.19814E-9	-4.549301E+8	1.342223E+16	0	0	11.595016	0.195811	0	0
0	0	0	5.71248	6.279723	-11.84277	6.279723	289574.5	1.715155E-9	5.830378E+8	1.342223E+16	0	0	11.368381	0.196353	0	0
0	0	0	5.472525	6.279514	-12.143159	6.279514	261839.5	8.77088E-8	1.140136E+7	1.342223E+16	0	0	11.43821	0.192698	0	0
0	0	0	5.244493	6.279514	-12.429176	6.279514	237566	4.746309E-10	2.1069E+9	1.342223E+16	0	0	11.228586	0.193536	0	0
0	0	0	5.024506	6.279772	-12.70583	6.279772	216587.25	4.327176E-10	2.310976E+9	1.342223E+16	0	0	11.395594	0.189321	0	0
0	0	0	4.812565	6.279528	-12.970978	6.279528	198106.25	-1.751479E-9	-5.70946E+8	1.342223E+16	0	0	11.075241	0.190846	0	0
0	0	0	4.611689	6.279584	-13.223092	6.279584	181794	3.88982E-10	2.570813E+9	1.342223E+16	0	0	11.317451	0.186152	0	0
0	0	0	4.417348	6.279535	-13.466713	6.279535	167575.25	5.007024E-10	1.997194E+9	1.342223E+16	0	0	10.983534	0.187709	0	0
0	0	0	4.231133	6.279723	-13.700817	6.279723	154878.25	3.435832E-10	2.910503E+9	1.342223E+16	0	0	11.193943	0.18331	0	0
0	0	0	4.044142	6.279765	-13.935478	6.279765	143615.75	4.810788E-8	2.078662E+7	1.342223E+16	0	0	10.845043	0.184484	0	0
0	0	0	3.869811	6.279904	-14.154541	6.279904	133130.5	-1.379259E-9	-7.250272E+8	1.342223E+16	0	0	11.012777	0.181004	0	0
0	0	0	3.699645	6.279563	-14.367	6.279563	124045.5	-2.896782E-10	-3.452107E+9	1.342223E+16	0	0	10.855328	0.180788	0	0
0	0	0	3.53099	6.279785	-14.579185	6.279785	115776	3.011592E-10	3.320503E+9	1.342223E+16	0	0	10.837803	0.179223	0	0
0	0	0	3.365888	6.279772	-14.786232	6.279772	108124.25	-7.391721E-10	-1.352865E+9	1.342223E+16	0	0	10.860561	0.176669	0	0
0	0	0	3.203644	6.279848	-14.989956	6.279848	101123.5	-8.940438E-10	-1.118513E+9	1.342223E+16	0	0	10.61653	0.177523	0	0
0	0	0	3.04724	6.279994	-15.186558	6.279994	94685.75	-3.203819E-10	-3.121275E+9	1.342223E+16	0	0	10.835693	0.173285	0	0
0	0	0	2.893572	6.279785	-15.378697	6.279785	88867.75	-1.38032E-10	-7.244699E+9	1.342223E+16	0	0	10.527446	0.174618	0	0
0	0	0	2.748275	6.279897	-15.561267	6.279897	83500.25	-5.708345E-10	-1.751821E+9	1.342223E+16	0	0	10.661689	0.171736	0	0
0	0	0	2.60404	6.279709	-15.741632	6.279709	78723.5	-1.912466E-10	-5.228852E+9	1.342223E+16	0	0	10.585464	0.1701	0	0
0	0	0	2.470341	6.279904	-15.909901	6.279904	74251.75	2.053719E-9	4.869215E+8	1.342223E+16	0	0	10.374543	0.17069	0	0
0	0	0	2.338071	6.279883	-16.075746	6.279883	70334	-1.64248E-10	-6.088354E+9	1.342223E+16	0	0	10.580918	0.166612	0	0
0	0	0	2.209926	6.279869	-16.236438	6.279869	66661.5	-1.761369E-10	-5.677401E+9	1.342223E+16	0	0	10.294821	0.167394	0	0
0	0	0	2.082843	6.27989	-16.3959	6.27989	63286.75	-1.832834E-10	-5.456032E+9	1.342223E+16	0	0	10.27403	0.166165	0	0
0	0	0	1.963559	6.280134	-16.546236	6.280134	60108.5	-1.521546E-10	-6.572262E+9	1.342223E+16	0	0	10.416489	0.162844	0	0
0	0	0	1.845786	6.280238	-16.694268	6.280238	57270.75	-5.870821E-11	-1.703339E+10	1.342223E+16	0	0	10.116345	0.163874	0	0
0	0	0	1.720949	6.279716	-16.84931	6.279716	54600.25	-4.459761E-11	-2.242273E+10	1.342223E+16	0	0	10.182769	0.161942	0	0
0	0	0	1.60432	6.279855	-16.99601	6.279855	51905.5	2.652297E-9	3.770316E+8	1.342223E+16	0	0	10.240889	0.159132	0	0
0	0	0	1.484709	6.279799	-17.145872	6.279799	49508.25	-1.586167E-10	-6.304506E+9	1.342223E+16	0	0	9.98009	0.159898	0	0
0	0	0	1.372531	6.279966	-17.287073	6.279966	47164.75	-2.628338E-10	-3.804685E+9	1.342223E+16	0	0	10.008051	0.158454	0	0
0	0	0	1.258638	6.280161	-17.43051	6.280161	45067.75	-7.804195E-11	-1.281362E+10	1.342223E+16	0	0	10.12684	0.155293	0	0
0	0	0	1.142907	6.279681	-17.574241	6.279681	43034	-4.13052E-11	-2.421002E+10	1.342223E+16	0	0	9.901501	0.155668	0	0
0	0	0	1.033914	6.279876	-17.711532	6.279876	41061.5	4.006243E-10	2.496104E+9	1.342223E+16	0	0	9.802576	0.155269	0	0
0	0	0	0.917203	6.27998	-17.858235	6.27998	39286.5	-1.085624E-10	-9.211289E+9	1.342223E+16	0	0	9.915203	0.152307	0	0
0	0	0	0.804004	6.279848	-17.999825	6.279848	37470.75	-6.136201E-11	-1.629673E+10	1.342223E+16	0	0	9.888588	0.150855	0	0
0	0	0	0.684394	6.279953	-18.150166	6.279953	35790	-1.211002E-10	-8.257622E+9	1.342223E+16	0	0	9.668487	0.151246	0	0
0	0	0	0.563028	6.280168	-18.303045	6.280168	34095.75	-6.264013E-11	-1.596421E+10	1.342223E+16	0	0	9.63775	0.150447	0	0
0	0	0	0.439946	6.27998	-18.456862	6.27998	32458.5	-3.066639E-11	-3.260899E+10	1.342223E+16	0	0	9.74075	0.147845	0	0
0	0	0	0.310494	6.280127	-18.619675	6.280127	30878.5	-5.056656E-11	-1.977592E+10	1.342223E+16	0	0	9.768674	0.146233	0	0
0	0	0	0.202971	6.279925	-18.753933	6.279925	29299.75	-3.055462E-11	-3.272828E+10	1.342223E+16	0	0	9.604226	0.146105	0	0
0	0	0	0.133141	6.27998	-18.84169	6.27998	28050	-5.868537E-11	-1.704002E+10	1.342223E+16	0	0	9.451886	0.145834	0	0
0	0	0	0.096429	6.279904	-18.887506	6.279904	27267	-4.465238E-11	-2.239523E+10	1.342223E+16	0	0	9.504599	0.14411	0	0
0	0	0	0.055551	6.279855	-18.938632	6.279855	26864	-6.273435E-11	-1.594023E+10	1.342223E+16	0	0	9.541688	0.142154	0	0
0	0	0	0.03889	6.27989	-18.959635	6.27989	26422.5	-8.465357E-11	-1.181285E+10	1.342223E+16	0	0	9.56124	0.140749	0	0
0	0	0	0.014551	6.280022	-18.990564	6.280022	26244.75	-6.643419E-11	-1.505249E+10	1.342223E+16	0	0	9.436248	0.140126	0	0
0	0	0	-0.011094	6.279813	-19.022098	6.279813	25987	-3.659321E-11	-2.732748E+10	1.342223E+16	0	0	9.348186	0.139592	0	0
0	0	0	-0.025754	6.280057	-19.041225	6.280057	25718.25	-1.209607E-10	-8.267146E+9	1.342223E+16	0	0	9.28787	0.138945	0	0
0	0	0	-0.032411	6.279953	-19.049258	6.279953	25565.75	-3.223591E-11	-3.10213E+10	1.342223E+16	0	0	9.245747	0.137692	0	0
0	0	0	-0.04066	6.279918	-19.059499	6.279918	25497	-4.684265E-11	-2.134806E+10	1.342223E+16	0	0	9.28551	0.136415	0	0
0	0	0	-0.056831	6.279834	-19.07953	6.279834	25411.75	-5.507677E-11	-1.815648E+10	1.342223E+16	0	0	9.250221	0.135273	0	0
0	0	0	-0.074881	6.280043	-19.102802	6.280043	25245.5	-9.622069E-11	-1.039277E+10	1.342223E+16	0	0	9.228942	0.134092	0	0
0	0	0	-0.087989	6.280266	-19.11992	6.280266	25061.5	-3.297942E-11	-3.032194E+10	1.342223E+16	0	0	9.207974	0.133014	0	0
0	0	0	-0.097096	6.279737	-19.129738	6.279737	24928.75	-1.931525E-11	-5.177257E+10	1.342223E+16	0	0	9.222479	0.131969	0	0
0	0	0	-0.100812	6.28012	-19.13556	6.28012	24836.75	-8.228381E-10	-1.215306E+9	1.342223E+16	0	0	9.169951	0.13109	0	0
0	0	0	-0.104242	6.279883	-19.139145	6.279883	24799.5	-2.631678E-11	-3.799858E+10	1.342223E+16	0	0	9.087601	0.130188	0	0
0	0	0	-0.108326	6.279966	-19.144521	6.279966	24765	-6.543554E-11	-1.528222E+10	1.342223E+16	0	0	8.090608	0.128911	0	0
0	0	0	-0.114166	6.279862	-19.151529	6.279862	24724	-4.281352E-11	-2.335711E+10	1.342223E+16	0	0	4.313611	0.127642	0	0
0	0	0	-0.121067	6.279994	-19.160586	6.279994	24665.5	-7.503731E-11	-1.33267E+10	1.342223E+16	0	0	2.134028	0.127251	0	0
0	0	0	-0.131766	6.280231	-19.174724	6.280231	24596.75	-3.820438E-11	-2.617501E+10	1.342223E+16	0	0	1.730378	0.126022	0	0
0	0	0	-0.1383	6.279939	-19.182033	6.279939	24490.25	-2.027839E-11	-4.931357E+10	1.342223E+16	0	0	1.824429	0.125032	0	0
0	0	0	-0.146672	6.280078	-19.192956	6.280078	24425.25	-4.778564E-11	-2.092679E+10	1.342223E+16	0	0	2.044581	0.124114	0	0
0	0	0	-0.154921	6.279994	-19.203049	6.279994	24342.75	-2.888191E-11	-3.462374E+10	1.342223E+16	0	0	2.290785	0.12322	0	0
0	0	0	-0.159658	6.280196	-19.209603	6.280196	24261.25	-3.768327E-11	-2.653697E+10	1.342223E+16	0	0	2.49904	0.122302	0	0
0	0	0	-0.165211	6.280315	-19.216928	6.280315	24214.75	-2.152847E-11	-4.645012E+10	1.342223E+16	0	0	2.657367	0.121288	0	0
0	0	0	-0.168397	6.280349	-19.221029	6.280349	24160.25	-1.71749E-11	-5.822451E+10	1.342223E+16	0	0	2.761226	0.120362	0	0
0	0	0	-0.171949	6.280224	-19.225105	6.280224	24129	-1.619785E-11	-6.17366E+10	1.342223E+16	0	0	2.845381	0.119428	0	0
0	0	0	-0.17346	6.280168	-19.226832	6.280168	24094.5	-2.022849E-11	-4.943522E+10	1.342223E+16	0	0	2.86189	0.118614	0	0
0	0	0	-0.175584	6.280203	-19.229601	6.280203	24079.75	-2.275025E-11	-4.395556E+10	1.342223E+16	0	0	2.866079	0.117808	0	0
0	0	0	-0.176809	6.280022	-19.230588	6.280022	24059	-2.107919E-11	-4.744016E+10	1.342223E+16	0	0	2.8687	0.116866	0	0
0	0	0	-0.179014	6.280224	-19.233967	6.280224	24047	-3.386143E-11	-2.953213E+10	1.342223E+16	0	0	2.814586	0.115996	0	0
0	0	0	-0.180035	6.280363	-19.23567	6.280363	24025.5	-2.017056E-11	-4.95772E+10	1.342223E+16	0	0	2.809937	0.115022	0	0
0	0	0	-0.181669	6.28012	-19.236979	6.28012	24015.5	-1.57705E-11	-6.340955E+10	1.342223E+16	0	0	2.762436	0.11416	0	0
0	0	0	-0.184241	6.280182	-19.240396	6.280182	23999.75	-2.54681E-11	-3.926481E+10	1.342223E+16	0	0	2.722807	0.113346	0	0
0	0	0	-0.185425	6.280224	-19.242009	6.280224	23974.5	-2.196255E-11	-4.553206E+10	1.342223E+16	0	0	2.661247	0.1125	0	0
0	0	0	-0.187672	6.280043	-19.244277	6.280043	23963	-2.011809E-11	-4.97065E+10	1.342223E+16	0	0	2.611378	0.111582	0	0
0	0	0	-0.189142	6.280294	-19.246881	6.280294	23941.25	-3.150524E-11	-3.174076E+10	1.342223E+16	0	0	2.553371	0.110943	0	0
0	0	0	-0.191837	6.28021	-19.250008	6.28021	23927	-1.763274E-11	-5.671269E+10	1.342223E+16	0	0	2.513378	0.109929	0	0
0	0	0	-0.195716	6.280301	-19.255149	6.280301	23901	-2.064083E-11	-4.844766E+10	1.342223E+16	0	0	2.45735	0.109195	0	0
0	0	0	-0.196288	6.280092	-19.255232	6.280092	23863.5	-1.73736E-11	-5.755858E+10	1.342223E+16	0	0	2.384148	0.108277	0	0
0	0	0	-0.198861	6.279904	-19.257889	6.279904	23857.75	-2.723467E-11	-3.671791E+10	1.342223E+16	0	0	2.358517	0.107543	0	0
0	0	0	-0.200984	6.280127	-19.261228	6.280127	23833	-5.565619E-11	-1.796745E+10	1.342223E+16	0	0	2.299317	0.106705	0	0
0	0	0	-0.202699	6.280182	-19.263549	6.280182	23812.5	-2.483235E-11	-4.027004E+10	1.342223E+16	0	0	2.231206	0.106002	0	0
0	0	0	-0.204986	6.280301	-19.266776	6.280301	23796	-2.179903E-11	-4.587361E+10	1.342223E+16	0	0	2.188998	0.105108	0	0
0	0	0	-0.206824	6.279946	-19.268004	6.279946	23774	-1.730844E-11	-5.777527E+10	1.342223E+16	0	0	2.139395	0.104478	0	0
0	0	0	-0.208743	6.280106	-19.270897	6.280106	23756.25	-4.501619E-11	-2.221423E+10	1.342223E+16	0	0	2.087274	0.103552	0	0
0	0	0	-0.209437	6.280308	-19.272381	6.280308	23737.75	-2.610908E-11	-3.830086E+10	1.342223E+16	0	0	2.031112	0.102841	0	0
0	0	0	-0.210826	6.280106	-19.273509	6.280106	23731	-1.707102E-11	-5.857882E+10	1.342223E+16	0	0	1.948335	0.102115	0	0
0	0	0	-0.210663	6.280419	-19.274256	6.280419	23717.5	-2.60868E-11	-3.833356E+10	1.342223E+16	0	0	1.928498	0.101333	0	0
0	0	0	-0.212255	6.280148	-19.275429	6.280148	23719.25	-1.432763E-11	-6.979521E+10	1.342223E+16	0	0	1.870969	0.100558	0	0
0	0	0	-0.211561	6.280363	-19.275213	6.280363	23703.75	-2.349966E-11	-4.25538E+10	1.342223E+16	0	0	1.84276	0.099896	0	0
0	0	0	-0.213194	6.280168	-19.276671	6.280168	23710.5	-1.557021E-11	-6.422522E+10	1.342223E+16	0	0	1.791324	0.099034	0	0
0	0	0	-0.21397	6.27998	-19.277073	6.27998	23695	-2.238674E-11	-4.466929E+10	1.342223E+16	0	0	1.729409	0.098475	0	0
0	0	0	-0.212255	6.280175	-19.275514	6.280175	23687.5	-3.879059E-11	-2.577945E+10	1.342223E+16	0	0	1.681123	0.097653	0	0
0	0	0	-0.214664	6.280085	-19.278261	6.280085	23703.75	-2.204951E-11	-4.535247E+10	1.342223E+16	0	0	1.660744	0.097054	0	0
0	0	0	-0.214542	6.280064	-19.278044	6.280064	23680.75	-2.755428E-11	-3.629201E+10	1.342223E+16	0	0	1.615479	0.096144	0	0
0	0	0	-0.214705	6.280036	-19.278164	6.280036	23682	-2.924904E-11	-3.418916E+10	1.342223E+16	0	0	1.55542	0.095553	0	0
0	0	0	-0.215277	6.27998	-19.278712	6.27998	23680.25	-3.185704E-11	-3.139024E+10	1.342223E+16	0	0	1.517411	0.094915	0	0
0	0	0	-0.217605	6.280064	-19.281885	6.280064	23674.75	-3.876971E-11	-2.579333E+10	1.342223E+16	0	0	1.483339	0.094188	0	0
0	0	0	-0.216951	6.280161	-19.281362	6.280161	23652.5	-2.92126E-11	-3.42318E+10	1.342223E+16	0	0	1.419086	0.093542	0	0
0	0	0	-0.215563	6.279918	-19.278881	6.279918	23658.75	-2.270831E-11	-4.403674E+10	1.342223E+16	0	0	1.402591	0.092839	0	0
0	0	0	-0.21736	6.280335	-19.282402	6.280335	23672	-5.130608E-11	-1.949087E+10	1.342223E+16	0	0	1.371504	0.092281	0	0
0	0	0	-0.215277	6.279973	-19.278691	6.279973	23654.75	-1.624112E-11	-6.157212E+10	1.342223E+16	0	0	1.317106	0.091443	0	0
0	0	0	-0.217809	6.280433	-19.283262	6.280433	23674.75	-3.985206E-11	-2.50928E+10	1.342223E+16	0	0	1.292361	0.090716	0	0
0	0	0	-0.217891	6.280175	-19.282582	6.280175	23650.5	-1.400549E-11	-7.140059E+10	1.342223E+16	0	0	1.245047	0.090253	0	0
0	0	0	-0.217809	6.280064	-19.282142	6.280064	23649.75	-2.199928E-11	-4.545603E+10	1.342223E+16	0	0	1.198524	0.089567	0	0
0	0	0	-0.219116	6.280154	-19.284055	6.280154	23650.5	-2.921013E-11	-3.423469E+10	1.342223E+16	0	0	1.1714	0.088888	0	0
0	0	0	-0.220341	6.28005	-19.285275	6.28005	23638	-2.30554E-11	-4.337378E+10	1.342223E+16	0	0	1.126927	0.088322	0	0
0	0	0	-0.220953	6.279994	-19.285874	6.279994	23626.25	-3.042667E-11	-3.286591E+10	1.342223E+16	0	0	1.12077	0.087563	0	0
0	0	0	-0.221403	6.280203	-19.287072	6.280203	23620.5	-3.668804E-11	-2.725684E+10	1.342223E+16	0	0	1.070278	0.086901	0	0
0	0	0	-0.222628	6.280113	-19.288334	6.280113	23616	-2.069106E-11	-4.833006E+10	1.342223E+16	0	0	1.051636	0.086318	0	0
0	0	0	-0.223894	6.279987	-19.289541	6.279987	23604.5	-2.54974E-11	-3.921968E+10	1.342223E+16	0	0	1.029982	0.085679	0	0
0	0	0	-0.225037	6.28012	-19.291377	6.28012	23592.25	-3.761307E-11	-2.65865E+10	1.342223E+16	0	0	0.985011	0.085073	0	0
0	0	0	-0.225078	6.280203	-19.291682	6.280203	23581.5	-2.502426E-11	-3.996123E+10	1.342223E+16	0	0	0.958865	0.084498	0	0
0	0	0	-0.228141	6.280196	-19.295502	6.280196	23581	-2.066039E-11	-4.840179E+10	1.342223E+16	0	0	0.937013	0.083947	0	0
0	0	0	-0.228753	6.28021	-19.296313	6.28021	23551.75	-2.093902E-11	-4.775772E+10	1.342223E+16	0	0	0.921913	0.083205	0	0
0	0	0	-0.228916	6.27998	-19.29582	6.27998	23546	-2.033426E-11	-4.91781E+10	1.342223E+16	0	0	0.908593	0.082574	0	0
0	0	0	-0.230509	6.280217	-19.298537	6.280217	23544.25	-3.855601E-11	-2.593629E+10	1.342223E+16	0	0	0.858547	0.082047	0	0
0	0	0	-0.229447	6.280127	-19.29693	6.280127	23529	-2.003266E-11	-4.991849E+10	1.342223E+16	0	0	0.847885	0.081433	0	0
0	0	0	-0.231367	6.280196	-19.299549	6.280196	23539.25	-2.45474E-11	-4.073751E+10	1.342223E+16	0	0	0.795397	0.080898	0	0
0	0	0	-0.232183	6.280175	-19.30051	6.280175	23521	-2.091168E-11	-4.782016E+10	1.342223E+16	0	0	0.780114	0.080339	0	0
0	0	0	-0.23153	6.280008	-19.299183	6.280008	23513.25	-2.187231E-11	-4.571991E+10	1.342223E+16	0	0	0.75666	0.079701	0	0
0	0	0	-0.232755	6.28012	-19.301058	6.28012	23519.25	-3.474093E-11	-2.878449E+10	1.342223E+16	0	0	0.780591	0.079174	0	0
0	0	0	-0.234919	6.280141	-19.303836	6.280141	23507.75	-2.494599E-11	-4.00866E+10	1.342223E+16	0	0	0.690969	0.078655	0	0
0	0	0	-0.23349	6.28005	-19.301768	6.28005	23487	-2.367403E-11	-4.224039E+10	1.342223E+16	0	0	0.664635	0.078032	0	0
0	0	0	-0.233449	6.280168	-19.302077	6.280168	23500.75	-3.026504E-11	-3.304142E+10	1.342223E+16	0	0	0.687307	0.077442	0	0
0	0	0	-0.234184	6.280377	-19.303633	6.280377	23501	-2.220345E-11	-4.503804E+10	1.342223E+16	0	0	0.653666	0.076971	0	0
0	0	0	-0.234021	6.280224	-19.302963	6.280224	23494	-1.509915E-11	-6.622889E+10	1.342223E+16	0	0	0.629123	0.076444	0	0
0	0	0	-0.23545	6.280029	-19.304164	6.280029	23495.75	-1.972581E-11	-5.0695E+10	1.342223E+16	0	0	0.605374	0.075789	0	0
0	0	0	-0.234307	6.280057	-19.302814	6.280057	23482	-3.231125E-11	-3.094898E+10	1.342223E+16	0	0	0.602142	0.075271	0	0
0	0	0	-0.233776	6.280322	-19.302951	6.280322	23493	-2.962238E-11	-3.375826E+10	1.342223E+16	0	0	0.599624	0.074648	0	0
0	0	0	-0.23447	6.279904	-19.302554	6.279904	23498	-1.650948E-11	-6.057126E+10	1.342223E+16	0	0	0.54886	0.074249	0	0
0	0	0	-0.233286	6.280447	-19.302717	6.280447	23491.25	-5.485811E-11	-1.822884E+10	1.342223E+16	0	0	0.51327	0.073746	0	0
0	0	0	-0.231285	6.280175	-19.299383	6.280175	23502.75	-1.364987E-11	-7.326075E+10	1.342223E+16	0	0	0.524245	0.073243	0	0
0	0	0	-0.230754	6.280161	-19.298675	6.280161	23521.75	-2.188022E-11	-4.570339E+10	1.342223E+16	0	0	0.506987	0.07274	0	0
0	0	0	-0.23153	6.27996	-19.299035	6.27996	23526.75	-2.258161E-11	-4.428381E+10	1.342223E+16	0	0	0.485815	0.072205	0	0
0	0	0	-0.231367	6.280085	-19.299211	6.280085	23519.25	-4.193154E-11	-2.384839E+10	1.342223E+16	0	0	0.475979	0.071647	0	0
0	0	0	-0.231693	6.280092	-19.299641	6.280092	23521	-2.73684E-11	-3.653849E+10	1.342223E+16	0	0	0.45972	0.071176	0	0
0	0	0	-0.23202	6.280294	-19.300664	6.280294	23517.75	-2.684654E-11	-3.724874E+10	1.342223E+16	0	0	0.421892	0.070713	0	0
0	0	0	-0.230264	6.280273	-19.298398	6.280273	23514.75	-1.732894E-11	-5.770695E+10	1.342223E+16	0	0	0.422724	0.070226	0	0
0	0	0	-0.230101	6.279987	-19.297327	6.279987	23531.5	-1.800131E-11	-5.55515E+10	1.342223E+16	0	0	0.409349	0.069811	0	0
0	0	0	-0.22957	6.279994	-19.296682	6.279994	23533	-3.751861E-11	-2.665344E+10	1.342223E+16	0	0	0.420469	0.069244	0	0
0	0	0	-0.230877	6.280148	-19.298786	6.280148	23538	-3.65599E-11	-2.735237E+10	1.342223E+16	0	0	0.403598	0.068733	0	0
0	0	0	-0.228671	6.280148	-19.29602	6.280148	23525.75	-2.33232E-11	-4.287577E+10	1.342223E+16	0	0	0.371969	0.068294	0	0
0	0	0	-0.228794	6.280203	-19.296343	6.280203	23546.75	-2.334401E-11	-4.283753E+10	1.342223E+16	0	0	0.37424	0.067863	0	0
0	0	0	-0.230346	6.28037	-19.298797	6.28037	23545.5	-2.062929E-11	-4.847477E+10	1.342223E+16	0	0	0.352314	0.067384	0	0
0	0	0	-0.228998	6.280342	-19.297022	6.280342	23530.75	-1.52857E-11	-6.542064E+10	1.342223E+16	0	0	0.340446	0.066897	0	0
0	0	0	-0.226915	6.280335	-19.294388	6.280335	23543.5	-1.598274E-11	-6.256749E+10	1.342223E+16	0	0	0.336039	0.066546	0	0
0	0	0	-0.22859	6.280161	-19.29596	6.280161	23563.5	-1.617847E-11	-6.181056E+10	1.342223E+16	0	0	0.353351	0.065979	0	0
0	0	0	-0.226711	6.279939	-19.292927	6.279939	23547.5	-2.260153E-11	-4.424479E+10	1.342223E+16	0	0	0.299058	0.065572	0	0
0	0	0	-0.226507	6.28021	-19.293496	6.28021	23565.5	-4.610362E-11	-2.169027E+10	1.342223E+16	0	0	0.320104	0.065085	0	0
0	0	0	-0.227242	6.279932	-19.293572	6.279932	23567.25	-2.035261E-11	-4.913375E+10	1.342223E+16	0	0	0.267069	0.064678	0	0
0	0	0	-0.227651	6.280071	-19.294507	6.280071	23560.25	-4.763907E-11	-2.099118E+10	1.342223E+16	0	0	0.290144	0.064239	0	0
0	0	0	-0.227446	6.279987	-19.293997	6.279987	23556.5	-2.851005E-11	-3.507535E+10	1.342223E+16	0	0	0.283814	0.06372	0	0
0	0	0	-0.228222	6.280127	-19.295393	6.280127	23558.5	-3.755927E-11	-2.662459E+10	1.342223E+16	0	0	0.268539	0.063241	0	0
0	0	0	-0.2281	6.279966	-19.294754	6.279966	23551	-2.455965E-11	-4.071718E+10	1.342223E+16	0	0	0.259117	0.06289	0	0
0	0	0	-0.229488	6.280064	-19.296791	6.280064	23552	-4.078402E-11	-2.451941E+10	1.342223E+16	0	0	0.239146	0.062419	0	0
0	0	0	-0.229815	6.280078	-19.297243	6.280078	23538.75	-2.907211E-11	-3.439722E+10	1.342223E+16	0	0	0.224886	0.062108	0	0
0	0	0	-0.230999	6.280238	-19.299215	6.280238	23535.75	-2.792443E-11	-3.581093E+10	1.342223E+16	0	0	0.211346	0.061533	0	0
0	0	0	-0.231407	6.280315	-19.299959	6.280315	23524.5	-1.921487E-11	-5.204304E+10	1.342223E+16	0	0	0.241144	0.06127	0	0
0	0	0	-0.232347	6.280029	-19.300271	6.280029	23520.5	-1.672012E-11	-5.98082E+10	1.342223E+16	0	0	0.207204	0.060759	0	0
0	0	0	-0.231775	6.280175	-19.299998	6.280175	23511.5	-3.235184E-11	-3.091015E+10	1.342223E+16	0	0	0.197073	0.060408	0	0
0	0	0	-0.233531	6.280217	-19.302327	6.280217	23517	-2.18758E-11	-4.571262E+10	1.342223E+16	0	0	0.196039	0.060008	0	0
0	0	0	-0.234266	6.280294	-19.303482	6.280294	23500.25	-2.000818E-11	-4.997956E+10	1.342223E+16	0	0	0.181158	0.059641	0	0
0	0	0	-0.235736	6.280224	-19.305114	6.280224	23493.25	-1.731309E-11	-5.775976E+10	1.342223E+16	0	0	0.186952	0.059242	0	0
0	0	0	-0.235287	6.280301	-19.304783	6.280301	23479.25	-1.971196E-11	-5.073062E+10	1.342223E+16	0	0	0.174528	0.058763	0	0
0	0	0	-0.235532	6.280308	-19.305112	6.280308	23483.5	-1.709695E-11	-5.848997E+10	1.342223E+16	0	0	0.203809	0.058324	0	0
0	0	0	-0.235328	6.280252	-19.304686	6.280252	23481.25	-1.689136E-11	-5.920187E+10	1.342223E+16	0	0	0.186248	0.057949	0	0
0	0	0	-0.236553	6.280001	-19.305462	6.280001	23483.25	-1.867521E-11	-5.354693E+10	1.342223E+16	0	0	0.139714	0.057741	0	0
0	0	0	-0.237125	6.279987	-19.306137	6.279987	23471.5	-3.554108E-11	-2.813646E+10	1.342223E+16	0	0	0.140763	0.057302	0	0
0	0	0	-0.23639	6.280196	-19.305849	6.280196	23466	-3.741179E-11	-2.672954E+10	1.342223E+16	0	0	0.146609	0.056863	0	0
0	0	0	-0.237696	6.280161	-19.307382	6.280161	23473	-2.086901E-11	-4.791795E+10	1.342223E+16	0	0	0.190787	0.056504	0	0
0	0	0	-0.237206	6.280064	-19.306472	6.280064	23460.75	-2.251827E-11	-4.440839E+10	1.342223E+16	0	0	0.192212	0.056065	0	0
0	0	0	-0.237125	6.280057	-19.306348	6.280057	23465.25	-2.898134E-11	-3.450497E+10	1.342223E+16	0	0	0.161931	0.055626	0	0
0	0	0	-0.236798	6.280203	-19.306382	6.280203	23466	-2.958833E-11	-3.379711E+10	1.342223E+16	0	0	0.113558	0.055371	0	0
0	0	0	-0.237655	6.280085	-19.307099	6.280085	23469.25	-2.056248E-11	-4.863226E+10	1.342223E+16	0	0	0.136676	0.054932	0	0
0	0	0	-0.237206	6.280022	-19.306345	6.280022	23461	-2.729858E-11	-3.663194E+10	1.342223E+16	0	0	0.099851	0.054764	0	0
0	0	0	-0.2359	6.280259	-19.305425	6.280259	23465.25	-3.304224E-11	-3.026429E+10	1.342223E+16	0	0	0.120659	0.054309	0	0
0	0	0	-0.234389	6.280113	-19.303086	6.280113	23477.75	-1.842779E-11	-5.426588E+10	1.342223E+16	0	0	0.101323	0.05395	0	0
0	0	0	-0.235083	6.280203	-19.304231	6.280203	23492	-2.537588E-11	-3.94075E+10	1.342223E+16	0	0	0.119772	0.053551	0	0
0	0	0	-0.23545	6.280308	-19.305009	6.280308	23485.5	-2.057672E-11	-4.859861E+10	1.342223E+16	0	0	0.117945	0.053208	0	0
0	0	0	-0.233735	6.27996	-19.301801	6.27996	23482	-1.68919E-11	-5.919998E+10	1.342223E+16	0	0	0.108498	0.052824	0	0
0	0	0	-0.23251	6.280127	-19.300772	6.280127	23498.5	-4.189455E-11	-2.386945E+10	1.342223E+16	0	0	0.080609	0.052593	0	0
0	0	0	-0.233041	6.280071	-19.301268	6.280071	23510	-2.45169E-11	-4.078819E+10	1.342223E+16	0	0	0.104705	0.05213	0	0
0	0	0	-0.233449	6.280127	-19.30195	6.280127	23505	-2.844772E-11	-3.51522E+10	1.342223E+16	0	0	0.123437	0.051882	0	0
0	0	0	-0.232592	6.280182	-19.301043	6.280182	23501	-2.450751E-11	-4.080381E+10	1.342223E+16	0	0	0.0955	0.051435	0	0
0	0	0	-0.230917	6.280461	-19.299789	6.280461	23509.25	-2.153634E-11	-4.643315E+10	1.342223E+16	0	0	0.093591	0.051028	0	0
0	0	0	-0.232592	6.280266	-19.301297	6.280266	23525.25	-1.340471E-11	-7.460063E+10	1.342223E+16	0	0	0.067363	0.050789	0	0
0	0	0	-0.231612	6.28021	-19.299898	6.28021	23509.25	-1.821539E-11	-5.489862E+10	1.342223E+16	0	0	0.057056	0.050454	0	0
0	0	0	-0.230468	6.279799	-19.297217	6.279799	23518.5	-2.031051E-11	-4.92356E+10	1.342223E+16	0	0	0.108701	0.05011	0	0
0	0	0	-0.229897	6.280064	-19.297303	6.280064	23529.5	-1.311223E-10	-7.62647E+9	1.342223E+16	0	0	0.095627	0.049879	0	0
0	0	0	-0.231775	6.280085	-19.299723	6.280085	23535	-2.906748E-11	-3.44027E+10	1.342223E+16	0	0	0.107501	0.049392	0	0
0	0	0	-0.231326	6.280231	-19.299603	6.280231	23517	-2.736374E-11	-3.654471E+10	1.342223E+16	0	0	0.10006	0.048993	0	0
0	0	0	-0.22957	6.279953	-19.296555	6.279953	23521.25	-1.947604E-11	-5.134513E+10	1.342223E+16	0	0	0.078316	0.048769	0	0
0	0	0	-0.229121	6.280148	-19.296584	6.280148	23538	-4.324361E-11	-2.31248E+10	1.342223E+16	0	0	0.053479	0.048674	0	0
0	0	0	-0.228345	6.280342	-19.296202	6.280342	23542.25	-2.333955E-11	-4.284572E+10	1.342223E+16	0	0	0.067946	0.048243	0	0
0	0	0	-0.229243	6.280161	-19.29678	6.280161	23549.75	-1.598698E-11	-6.255089E+10	1.342223E+16	0	0	0.107758	0.047947	0	0
0	0	0	-0.229406	6.279876	-19.296118	6.279876	23541.25	-2.259553E-11	-4.425654E+10	1.342223E+16	0	0	0.114557	0.047436	0	0
0	0	0	-0.228222	6.279855	-19.294569	6.279855	23539.5	-6.504793E-11	-1.537328E+10	1.342223E+16	0	0	0.058001	0.047149	0	0
0	0	0	-0.227569	6.280175	-19.294722	6.280175	23551	-7.545373E-11	-1.325315E+10	1.342223E+16	0	0	0.095807	0.046838	0	0
0	0	0	-0.228018	6.280175	-19.295285	6.280175	23557.25	-2.191324E-11	-4.563452E+10	1.342223E+16	0	0	0.081744	0.046638	0	0
0	0	0	-0.22957	6.280022	-19.296767	6.280022	23553	-2.190928E-11	-4.564275E+10	1.342223E+16	0	0	0.070526	0.046391	0	0
0	0	0	-0.229611	6.280029	-19.296839	6.280029	23538	-3.314468E-11	-3.017075E+10	1.342223E+16	0	0	0.082635	0.046095	0	0
0	0	0	-0.232183	6.280113	-19.30032	6.280113	23537.75	-3.238796E-11	-3.087567E+10	1.342223E+16	0	0	0.094999	0.04576	0	0
0	0	0	-0.231122	6.280106	-19.298967	6.280106	23513.25	-2.539884E-11	-3.937188E+10	1.342223E+16	0	0	0.033379	0.045489	0	0
0	0	0	-0.231326	6.280161	-19.299392	6.280161	23523.25	-2.587315E-11	-3.865011E+10	1.342223E+16	0	0	0.063589	0.045042	0	0
0	0	0	-0.232551	6.279987	-19.3004	6.279987	23521.25	-2.257634E-11	-4.429417E+10	1.342223E+16	0	0	0.081787	0.044874	0	0
0	0	0	-0.233408	6.280036	-19.301624	6.280036	23509.5	-3.748115E-11	-2.668008E+10	1.342223E+16	0	0	0.052035	0.044659	0	0
0	0	0	-0.233858	6.280036	-19.302187	6.280036	23501.5	-3.161657E-11	-3.162899E+10	1.342223E+16	0	0	0.055477	0.044307	0	0
0	0	0	-0.236675	6.280419	-19.306884	6.280419	23497.25	-3.161085E-11	-3.163471E+10	1.342223E+16	0	0	0.055792	0.044044	0	0
0	0	0	-0.234389	6.28044	-19.304079	6.28044	23470.25	-1.417722E-11	-7.053568E+10	1.342223E+16	0	0	0.071409	0.043804	0	0
0	0	0	-0.235164	6.280141	-19.304143	6.280141	23492	-1.377633E-11	-7.25883E+10	1.342223E+16	0	0	0.068883	0.043445	0	0
0	0	0	-0.235859	6.280189	-19.305162	6.280189	23484.75	-2.367176E-11	-4.224443E+10	1.342223E+16	0	0	0.019524	0.043174	0	0
0	0	0	-0.23692	6.280308	-19.306853	6.280308	23478.25	-2.118606E-11	-4.720084E+10	1.342223E+16	0	0	0.000859	0.043014	0	0
0	0	0	-0.236471	6.280356	-19.306438	6.280356	23468	-1.688183E-11	-5.92353E+10	1.342223E+16	0	0	0.004013	0.042655	0	0
0	0	0	-0.237288	6.280182	-19.306934	6.280182	23472.25	-1.558347E-11	-6.417055E+10	1.342223E+16	0	0	0.038893	0.042352	0	0
0	0	0	-0.236798	6.280349	-19.306826	6.280349	23464.5	-2.149534E-11	-4.65217E+10	1.342223E+16	0	0	0.032729	0.04212	0	0
0	0	0	-0.237247	6.280273	-19.307157	6.280273	23469.25	-1.575495E-11	-6.34721E+10	1.342223E+16	0	0	0.045732	0.041873	0	0
0	0	0	-0.23741	6.280259	-19.30732	6.280259	23465	-1.795044E-11	-5.570894E+10	1.342223E+16	0	0	0.026742	0.041498	0	0
0	0	0	-0.238309	6.279994	-19.307643	6.279994	23463.5	-1.84166E-11	-5.429884E+10	1.342223E+16	0	0	0.039861	0.041274	0	0
0	0	0	-0.237901	6.280322	-19.308125	6.280322	23454.75	-3.64306E-11	-2.744946E+10	1.342223E+16	0	0	0.049947	0.040979	0	0
0	0	0	-0.237002	6.279904	-19.30573	6.279904	23458.75	-1.64819E-11	-6.067261E+10	1.342223E+16	0	0	0.033759	0.040779	0	0
0	0	0	-0.237696	6.279994	-19.306875	6.279994	23467.25	-5.480207E-11	-1.824749E+10	1.342223E+16	0	0	0.070344	0.040508	0	0
0	0	0	-0.236839	6.279932	-19.305609	6.279932	23460.75	-3.643991E-11	-2.744244E+10	1.342223E+16	0	0	0.084082	0.040244	0	0
0	0	0	-0.236308	6.280301	-19.306064	6.280301	23468.75	-4.745405E-11	-2.107302E+10	1.342223E+16	0	0	0.024362	0.039965	0	0
0	0	0	-0.234715	6.280001	-19.303157	6.280001	23473.75	-1.708985E-11	-5.851427E+10	1.342223E+16	0	0	0.064807	0.039797	0	0
0	0	0	-0.235001	6.280287	-19.304382	6.280287	23489	-3.556758E-11	-2.81155E+10	1.342223E+16	0	0	0.041561	0.03951	0	0
0	0	0	-0.234021	6.280078	-19.302519	6.280078	23486.25	-1.752209E-11	-5.707083E+10	1.342223E+16	0	0	0.024792	0.039239	0	0
0	0	0	-0.234674	6.280287	-19.303973	6.280287	23495.75	-2.787697E-11	-3.58719E+10	1.342223E+16	0	0	0.042044	0.039023	0	0
0	0	0	-0.234266	6.28005	-19.302742	6.28005	23489.5	-1.752451E-11	-5.706293E+10	1.342223E+16	0	0	0.014758	0.038712	0	0
0	0	0	-0.233817	6.280175	-19.302559	6.280175	23493.25	-3.025538E-11	-3.305197E+10	1.342223E+16	0	0	0.032211	0.038472	0	0
0	0	0	-0.231979	6.280022	-19.299789	6.280022	23497.5	-2.185766E-11	-4.575056E+10	1.342223E+16	0	0	0.011443	0.038225	0	0
0	0	0	-0.231775	6.279994	-19.299448	6.279994	23515	-3.31123E-11	-3.020026E+10	1.342223E+16	0	0	0.057234	0.037961	0	0
0	0	0	-0.232469	6.280141	-19.300763	6.280141	23517	-3.652728E-11	-2.73768E+10	1.342223E+16	0	0	-0.002565	0.037722	0	0
0	0	0	-0.233327	6.279869	-19.301014	6.279869	23510.5	-2.369771E-11	-4.219816E+10	1.342223E+16	0	0	-0.034521	0.037594	0	0
0	0	0	-0.232755	6.279869	-19.300297	6.279869	23502.25	-6.806435E-11	-1.469198E+10	1.342223E+16	0	0	0.022426	0.037331	0	0
0	0	0	-0.23153	6.280301	-19.300071	6.280301	23507.75	-6.808028E-11	-1.468854E+10	1.342223E+16	0	0	0.004597	0.036988	0	0
0	0	0	-0.230999	6.280127	-19.298876	6.280127	23519.25	-1.712298E-11	-5.840106E+10	1.342223E+16	0	0	0.022714	0.036828	0	0
0	0	0	-0.232061	6.280252	-19.300589	6.280252	23524.5	-2.453202E-11	-4.076305E+10	1.342223E+16	0	0	-0.002635	0.036668	0	0
0	0	0	-0.231938	6.280085	-19.299928	6.280085	23514.25	-1.869986E-11	-5.347634E+10	1.342223E+16	0	0	-0.020979	0.036365	0	0
0	0	0	-0.230427	6.27998	-19.297715	6.27998	23515.5	-2.7362E-11	-3.654704E+10	1.342223E+16	0	0	0.012065	0.036157	0	0
0	0	0	-0.229325	6.280036	-19.296502	6.280036	23529.75	-3.853226E-11	-2.595228E+10	1.342223E+16	0	0	0.023333	0.035806	0	0
0	0	0	-0.230713	6.280106	-19.298454	6.280106	23540.5	-3.166903E-11	-3.157659E+10	1.342223E+16	0	0	0.030916	0.035631	0	0
0	0	0	-0.229366	6.28012	-19.296806	6.28012	23527	-2.587727E-11	-3.864395E+10	1.342223E+16	0	0	0.042381	0.035407	0	0
0	0	0	-0.229937	6.280141	-19.297587	6.280141	23540	-2.498022E-11	-4.003168E+10	1.342223E+16	0	0	0.004816	0.035224	0	0
0	0	0	-0.230019	6.280189	-19.297837	6.280189	23534.5	-2.37219E-11	-4.215513E+10	1.342223E+16	0	0	-0.002755	0.034992	0	0
0	0	0	-0.229161	6.279869	-19.295789	6.279869	23533.75	-2.123614E-11	-4.708953E+10	1.342223E+16	0	0	0.054646	0.034729	0	0
0	0	0	-0.231448	6.27998	-19.298996	6.27998	23542	-6.817947E-11	-1.466717E+10	1.342223E+16	0	0	0.070322	0.034545	0	0
0	0	0	-0.230958	6.280329	-19.299438	6.280329	23520.25	-3.851671E-11	-2.596276E+10	1.342223E+16	0	0	0.039603	0.034481	0	0
0	0	0	-0.229978	6.280294	-19.298103	6.280294	23524.75	-1.63379E-11	-6.120738E+10	1.342223E+16	0	0	0.01663	0.034146	0	0
0	0	0	-0.232265	6.28037	-19.301204	6.28037	23534.25	-1.734331E-11	-5.765913E+10	1.342223E+16	0	0	0.020609	0.033986	0	0
0	0	0	-0.231489	6.28028	-19.299956	6.28028	23512.25	-1.527368E-11	-6.547212E+10	1.342223E+16	0	0	0.008946	0.033763	0	0
0	0	0	-0.233245	6.280141	-19.301736	6.280141	23519.75	-1.776691E-11	-5.62844E+10	1.342223E+16	0	0	0.024805	0.033579	0	0
0	0	0	-0.233286	6.280182	-19.301914	6.280182	23503	-2.369015E-11	-4.221163E+10	1.342223E+16	0	0	0.028948	0.033348	0	0
0	0	0	-0.234919	6.28021	-19.304047	6.28021	23502.75	-2.153038E-11	-4.644599E+10	1.342223E+16	0	0	0.061188	0.033108	0	0
0	0	0	-0.235981	6.280099	-19.305041	6.280099	23487	-2.02833E-11	-4.930163E+10	1.342223E+16	0	0	0.021331	0.032789	0	0
0	0	0	-0.235369	6.280148	-19.304421	6.280148	23477	-2.630207E-11	-3.801982E+10	1.342223E+16	0	0	0.017397	0.032573	0	0
0	0	0	-0.235205	6.280273	-19.304596	6.280273	23482.75	-2.328057E-11	-4.295428E+10	1.342223E+16	0	0	-0.02329	0.032573	0	0
0	0	0	-0.23643	6.28005	-19.305456	6.28005	23484.25	-1.796517E-11	-5.566327E+10	1.342223E+16	0	0	0.058593	0.03227	0	0
0	0	0	-0.237084	6.28021	-19.306762	6.28021	23472.75	-3.022898E-11	-3.308083E+10	1.342223E+16	0	0	0.02995	0.032166	0	0
0	0	0	-0.235328	6.279925	-19.303693	6.279925	23466.5	-2.02656E-11	-4.93447E+10	1.342223E+16	0	0	-0.007155	0.031919	0	0
0	0	0	-0.237206	6.280308	-19.307212	6.280308	23483.25	-4.913096E-11	-2.035377E+10	1.342223E+16	0	0	0.063913	0.031632	0	0
0	0	0	-0.237941	6.280238	-19.307922	6.280238	23465.25	-1.687985E-11	-5.924224E+10	1.342223E+16	0	0	0.02623	0.031647	0	0
0	0	0	-0.23786	6.28021	-19.307735	6.28021	23458.25	-1.916075E-11	-5.219002E+10	1.342223E+16	0	0	-0.066416	0.031312	0	0
0	0	0	-0.237941	6.27998	-19.30714	6.27998	23459	-2.025912E-11	-4.936048E+10	1.342223E+16	0	0	-0.007305	0.031224	0	0
0	0	0	-0.238758	6.280085	-19.308482	6.280085	23458.25	-3.841518E-11	-2.603138E+10	1.342223E+16	0	0	0.039509	0.031033	0	0
0	0	0	-0.238268	6.28005	-19.307761	6.28005	23450.5	-2.728637E-11	-3.664834E+10	1.342223E+16	0	0	0.014116	0.030658	0	0
0	0	0	-0.237819	6.280106	-19.307367	6.280106	23455.25	-3.020645E-11	-3.310552E+10	1.342223E+16	0	0	-0.003137	0.03053	0	0
0	0	0	-0.237329	6.280175	-19.306964	6.280175	23459.5	-2.580303E-11	-3.875514E+10	1.342223E+16	0	0	-0.003147	0.030426	0	0
0	0	0	-0.237084	6.279918	-19.305874	6.279918	23464.25	-2.182673E-11	-4.581539E+10	1.342223E+16	0	0	0.036149	0.030227	0	0
0	0	0	-0.237737	6.280238	-19.307666	6.280238	23466.5	-5.086068E-11	-1.966155E+10	1.342223E+16	0	0	0.005591	0.030099	0	0
0	0	0	-0.235124	6.280252	-19.30443	6.280252	23460.25	-1.916239E-11	-5.218557E+10	1.342223E+16	0	0	0.040938	0.029891	0	0
0	0	0	-0.234838	6.280363	-19.30441	6.280363	23485	-1.86766E-11	-5.354294E+10	1.342223E+16	0	0	0.054662	0.02962	0	0
0	0	0	-0.235328	6.280266	-19.304729	6.280266	23488	-1.54241E-11	-6.483362E+10	1.342223E+16	0	0	0.041544	0.029444	0	0
0	0	0	-0.233735	6.280182	-19.302477	6.280182	23483.25	-1.819525E-11	-5.495941E+10	1.342223E+16	0	0	0.05982	0.029261	0	0
0	0	0	-0.235124	6.280196	-19.304261	6.280196	23498.5	-2.152649E-11	-4.645439E+10	1.342223E+16	0	0	0.019414	0.029021	0	0
0	0	0	-0.23496	6.280057	-19.303634	6.280057	23485	-2.087968E-11	-4.789346E+10	1.342223E+16	0	0	0.010339	0.028989	0	0
0	0	0	-0.234715	6.280008	-19.303178	6.280008	23486.75	-2.96145E-11	-3.376725E+10	1.342223E+16	0	0	-0.003309	0.028862	0	0
0	0	0	-0.233939	6.279918	-19.30193	6.279918	23489	-3.469625E-11	-2.882156E+10	1.342223E+16	0	0	0.056538	0.02859	0	0
0	0	0	-0.233572	6.27989	-19.301385	6.27989	23496.5	-5.09257E-11	-1.963645E+10	1.342223E+16	0	0	0.079916	0.028455	0	0
0	0	0	-0.231938	6.280022	-19.299737	6.280022	23499.75	-5.948569E-11	-1.681077E+10	1.342223E+16	0	0	0.066438	0.028271	0	0
0	0	0	-0.233327	6.280405	-19.302642	6.280405	23515.5	-3.3113E-11	-3.019962E+10	1.342223E+16	0	0	0.048248	0.028016	0	0
0	0	0	-0.233939	6.280099	-19.30248	6.280099	23502.25	-1.448681E-11	-6.902831E+10	1.342223E+16	0	0	-0.00811	0.027976	0	0
0	0	0	-0.231979	6.280154	-19.30019	6.280154	23496.5	-2.632391E-11	-3.798827E+10	1.342223E+16	0	0	-0.036602	0.027752	0	0
0	0	0	-0.232428	6.279966	-19.300183	6.279966	23515	-2.293543E-11	-4.360066E+10	1.342223E+16	0	0	0.044066	0.027664	0	0
0	0	0	-0.231857	6.280085	-19.299825	6.280085	23510.75	-4.071259E-11	-2.456243E+10	1.342223E+16	0	0	0.087675	0.027385	0	0
0	0	0	-0.230346	6.280287	-19.298543	6.280287	23516.25	-2.736287E-11	-3.654587E+10	1.342223E+16	0	0	0	0	0	0
0	0	0	-0.229692	6.280329	-19.29785	6.280329	23530.75	-1.755529E-11	-5.69629E+10	1.342223E+16	0	0	0	0	0	0
0	0	0	-0.229937	6.279946	-19.296995	6.279946	23536.75	-1.634623E-11	-6.117617E+10	1.342223E+16	0	0	0	0	0	0
0	0	0	-0.230672	6.280252	-19.298847	6.280252	23534.5	-4.459599E-11	-2.242354E+10	1.342223E+16	0	0	0	0	0	0
0	0	0	-0.229529	6.280064	-19.296842	6.280064	23527.5	-1.87104E-11	-5.344622E+10	1.342223E+16	0	0	0	0	0	0
0	0	0	-0.230101	6.280134	-19.297771	6.280134	23538.5	-2.907181E-11	-3.439759E+10	1.342223E+16	0	0	0	0	0	0
0	0	0	-0.230427	6.280175	-19.298307	6.280175	23533	-2.412366E-11	-4.145307E+10	1.342223E+16	0	0	0	0	0	0
0	0	0	-0.231367	6.280322	-19.299929	6.280322	23529.75	-2.188766E-11	-4.568785E+10	1.342223E+16	0	0	0	0	0	0
0	0	0	-0.231693	6.280127	-19.299747	6.280127	23521	-1.652564E-11	-6.051203E+10	1.342223E+16	0	0	0	0	0	0
0	0	0	0	0	0	0	23517.75	-2.452498E-11	-4.077475E+10	1.342223E+16	0	0	0	0	0	0
