Vload_(V)	ILoad_(A)	RsLoad_(ohm)	SunsVoc_Voltage_(V)	SunsVoc_Current_(A)	Model_Voltage_(V)	Model_Current_(A)	Carrier_Density_(cm-3)	Lifetime_(s)	Inverse_Lifetime_(s-1)	(Carrier_Density+Doping)/qWni^2_(cm^2/C)	Carrier_Density_at_Vmp_(cm-3)	Lifetime_at_Vmp_(s)	Efficiency_(%)	Intensity_(suns)	Dark_IV_Voltage_(V)	Dark_IV_Current_(A)
3.832207	6.376807	0	65.45816	-0.018691	65.463328	-0.018691	3.930409E+15	0.000242	4099.385502	3.185534E+16	4.388048E+14	0.000411	19.539584	1.152161	0	0
4.064224	6.378192	-0.696336	65.27366	0.417717	65.15346	0.417717	3.751344E+15	0.000246	4037.915979	3.101555E+16	0	0	19.605907	1.150756	0	0
5.7698	6.376444	1.682831	65.094143	0.815435	64.850547	0.815435	3.575859E+15	0.000252	3948.629485	3.019255E+16	0	0	19.50277	1.145758	0	0
11.568647	6.370827	4.886806	64.920587	1.177976	64.556191	1.177976	3.411792E+15	0.000258	3863.740046	2.94231E+16	0	0	19.460432	1.141751	0	0
17.391101	6.36392	4.766054	64.742376	1.516849	64.256626	1.516849	3.259229E+15	0.000263	3782.211922	2.870759E+16	0	0	19.52904	1.138246	0	0
22.45143	6.360294	4.145035	64.571475	1.834383	63.964873	1.834383	3.108561E+15	0.000269	3708.290221	2.800098E+16	0	0	19.490907	1.133615	0	0
28.990635	6.357667	3.205804	64.399104	2.132585	63.671417	2.132585	2.969586E+15	0.000274	3629.264857	2.734921E+16	0	0	19.463886	1.1256	0	0
34.799709	6.351362	2.44768	64.224895	2.407018	63.377929	2.407018	2.834706E+15	0.00028	3553.349089	2.671664E+16	0	0	19.496037	1.116953	0	0
40.266933	6.342144	1.73954	64.057384	2.661036	63.093783	2.661036	2.703613E+15	0.000286	3485.689944	2.610183E+16	0	0	19.479912	1.10988	0	0
45.95304	6.305312	1.181923	63.885339	2.898583	62.805231	2.898583	2.582355E+15	0.000292	3416.6712	2.553315E+16	0	0	19.447089	1.101425	0	0
47.276091	6.288533	1.068734	63.715091	3.11576	62.521626	3.11576	2.462555E+15	0.000297	3354.635818	2.49713E+16	0	0	19.482381	1.09044	0	0
48.582607	6.264603	0.970205	63.546681	3.321828	62.240081	3.321828	2.348584E+15	0.000302	3298.543259	2.443679E+16	0	0	19.493516	1.07975	0	0
49.890645	6.226202	0.895944	63.379251	3.510239	61.962611	3.510239	2.240182E+15	0.000308	3240.297711	2.392839E+16	0	0	19.417338	1.06997	0	0
51.163971	6.156665	0.867988	63.214802	3.685776	61.690263	3.685776	2.136555E+15	0.000313	3188.544696	2.34424E+16	0	0	19.461268	1.060318	0	0
52.391269	6.081656	0.808267	63.049782	3.849149	61.418834	3.849149	2.038671E+15	0.000318	3137.56481	2.298334E+16	0	0	19.517174	1.050011	0	0
53.388679	6.010987	0.748444	62.890478	4.000303	61.156524	4.000303	1.944211E+15	0.000323	3090.788143	2.254033E+16	0	0	19.440672	1.040063	0	0
54.823607	5.864242	0.678453	62.730684	4.14147	60.895081	4.14147	1.856492E+15	0.000328	3043.722007	2.212894E+16	0	0	19.451179	1.029988	0	0
56.266197	5.634862	0.623611	62.568604	4.273267	60.632241	4.273267	1.771825E+15	0.000333	3000.15433	2.173186E+16	0	0	19.516662	1.020184	0	0
57.690332	5.300424	0.582098	62.4073	4.396139	60.371906	4.396139	1.689241E+15	0.000337	2961.694025	2.134456E+16	0	0	19.460982	1.010875	0	0
59.107673	4.812344	0.552289	62.247955	4.512607	60.114676	4.512607	1.61025E+15	0.000341	2925.869556	2.09741E+16	0	0	19.454069	1.000632	0	0
60.465832	4.174944	0.525919	62.088937	4.622666	59.858689	4.622666	1.535256E+15	0.000346	2888.677792	2.062238E+16	0	0	19.515726	0.990445	0	0
61.753491	3.376869	0.507381	61.931104	4.725215	59.605784	4.725215	1.463334E+15	0.00035	2852.037243	2.028508E+16	0	0	19.464951	0.981232	0	0
62.960258	2.45128	0.507152	61.773475	4.819957	59.355082	4.819957	1.394744E+15	0.000355	2817.643272	1.99634E+16	0	0	19.454136	0.971787	0	0
64.039626	1.458917	0.535579	61.62046	4.907512	59.112228	4.907512	1.328941E+15	0.000358	2787.789807	1.965479E+16	0	0	19.519134	0.961736	0	0
54.243339	5.929711	0.706127	61.466425	4.990298	58.868886	4.990298	1.267565E+15	0.000362	2758.634853	1.936695E+16	0	0	19.48677	0.95253	0	0
65.450497	0	0	61.315247	5.067233	58.630828	5.067233	1.208195E+15	0.000366	2731.340005	1.908851E+16	0	0	19.447167	0.943293	0	0
0	0	0	61.163907	5.139419	58.393694	5.139419	1.152213E+15	0.000369	2705.319987	1.882596E+16	0	0	19.505173	0.933793	0	0
0	0	0	61.014445	5.206307	58.160606	5.206307	1.098373E+15	0.000373	2681.680546	1.857346E+16	0	0	19.513143	0.925003	0	0
0	0	0	60.867638	5.268687	57.932316	5.268687	1.047298E+15	0.000376	2660.598817	1.833392E+16	0	0	19.437146	0.915997	0	0
0	0	0	60.717563	5.327983	57.700322	5.327983	9.990987E+14	0.000378	2640.46873	1.810788E+16	0	0	19.477564	0.906561	0	0
0	0	0	60.573982	5.382918	57.478379	5.382918	9.51784E+14	0.000381	2623.557656	1.788598E+16	0	0	19.50289	0.897858	0	0
0	0	0	60.426807	5.435186	57.25224	5.435186	9.083131E+14	0.000384	2605.248066	1.76821E+16	0	0	19.444665	0.88934	0	0
0	0	0	60.27808	5.485252	57.024396	5.485252	8.655227E+14	0.000386	2590.384864	1.748142E+16	0	0	19.491235	0.880095	0	0
0	0	0	60.133518	5.535081	56.801358	5.535081	8.240445E+14	0.000388	2576.219276	1.728689E+16	0	0	19.5134	0.871544	0	0
0	0	0	59.992101	5.578625	56.585495	5.578625	7.853745E+14	0.000392	2552.084478	1.710554E+16	0	0	19.431628	0.863361	0	0
0	0	0	59.851174	5.620161	56.370782	5.620161	7.490678E+14	0.000394	2537.444993	1.693526E+16	0	0	19.457268	0.854747	0	0
0	0	0	59.711105	5.659481	56.157898	5.659481	7.143385E+14	0.000396	2522.422869	1.677239E+16	0	0	19.503518	0.846396	0	0
0	0	0	59.57226	5.695639	55.948005	5.695639	6.812121E+14	0.000399	2507.702618	1.661703E+16	0	0	19.443736	0.838588	0	0
0	0	0	59.436234	5.729755	55.74262	5.729755	6.497023E+14	0.0004	2496.853418	1.646925E+16	0	0	19.433229	0.830053	0	0
0	0	0	59.299553	5.762116	55.536929	5.762116	6.200731E+14	0.000402	2485.190621	1.633029E+16	0	0	19.477005	0.822038	0	0
0	0	0	59.162792	5.792061	55.332185	5.792061	5.915003E+14	0.000404	2474.999589	1.619629E+16	0	0	19.411419	0.814517	0	0
0	0	0	59.026724	5.82174	55.12806	5.82174	5.640751E+14	0.000405	2468.952699	1.606767E+16	0	0	19.40863	0.80647	0	0
0	0	0	58.889677	5.849358	54.923507	5.849358	5.379081E+14	0.000407	2457.691719	1.594495E+16	0	0	19.465283	0.798318	0	0
0	0	0	58.756304	5.875095	54.724779	5.875095	5.126444E+14	0.000408	2450.540292	1.582647E+16	0	0	19.38857	0.790933	0	0
0	0	0	58.621829	5.89926	54.525222	5.89926	4.890757E+14	0.000409	2443.336356	1.571593E+16	0	0	19.349583	0.783054	0	0
0	0	0	58.491969	5.922442	54.332244	5.922442	4.662947E+14	0.00041	2439.305802	1.560909E+16	0	0	19.417723	0.774998	0	0
0	0	0	58.356555	5.943715	54.132682	5.943715	4.45201E+14	0.000411	2430.891772	1.551017E+16	0	0	19.388708	0.767909	0	0
0	0	0	58.225102	5.964297	53.938669	5.964297	4.24121E+14	0.000411	2432.276285	1.54113E+16	0	0	19.351832	0.7603	0	0
0	0	0	58.094792	5.983837	53.746645	5.983837	4.045217E+14	0.000412	2428.954448	1.531939E+16	0	0	19.390605	0.752915	0	0
0	0	0	57.95995	6.002163	53.549005	6.002163	3.859042E+14	0.000412	2425.554265	1.523207E+16	0	0	19.353907	0.746089	0	0
0	0	0	57.831274	6.019891	53.359943	6.019891	3.6746E+14	0.000412	2428.536426	1.514557E+16	0	0	19.282155	0.73904	0	0
0	0	0	57.701209	6.036729	53.169369	6.036729	3.506105E+14	0.000412	2424.82002	1.506655E+16	0	0	19.351482	0.731535	0	0
0	0	0	57.574248	6.052555	52.983548	6.052555	3.342983E+14	0.000413	2423.182338	1.499005E+16	0	0	19.332344	0.724973	0	0
0	0	0	57.444796	6.067313	52.794884	6.067313	3.190481E+14	0.000413	2420.870492	1.491853E+16	0	0	19.275084	0.718027	0	0
0	0	0	57.320204	6.081886	52.612797	6.081886	3.041586E+14	0.000413	2423.819406	1.48487E+16	0	0	19.320196	0.710746	0	0
0	0	0	57.189649	6.094891	52.423528	6.094891	2.904348E+14	0.000413	2418.844723	1.478433E+16	0	0	19.280783	0.704207	0	0
0	0	0	57.065261	6.107532	52.242809	6.107532	2.766696E+14	0.000412	2427.227679	1.471978E+16	0	0	19.2071	0.697397	0	0
0	0	0	56.938341	6.119895	52.05864	6.119895	2.641189E+14	0.000412	2428.571522	1.466092E+16	0	0	19.263103	0.69034	0	0
0	0	0	56.813136	6.131586	51.877178	6.131586	2.518594E+14	0.000412	2429.870092	1.460342E+16	0	0	19.229314	0.684096	0	0
0	0	0	56.688544	6.142673	51.696871	6.142673	2.402865E+14	0.000411	2431.013284	1.454914E+16	0	0	19.182154	0.677622	0	0
0	0	0	56.562154	6.152896	51.51463	6.152896	2.292647E+14	0.000411	2432.696543	1.449745E+16	0	0	19.234504	0.670899	0	0
0	0	0	56.441278	6.162801	51.340086	6.162801	2.185688E+14	0.00041	2440.329661	1.444729E+16	0	0	19.174589	0.665031	0	0
0	0	0	56.314235	6.172258	51.157275	6.172258	2.08779E+14	0.00041	2441.758902	1.440138E+16	0	0	19.103216	0.658708	0	0
0	0	0	56.193849	6.181419	50.983739	6.181419	1.989353E+14	0.000408	2449.343015	1.435521E+16	0	0	19.179532	0.65229	0	0
0	0	0	56.073463	6.189759	50.810766	6.189759	1.900125E+14	0.000408	2449.520449	1.431337E+16	0	0	19.145028	0.646366	0	0
0	0	0	55.94789	6.198046	50.630565	6.198046	1.81469E+14	0.000407	2455.363545	1.42733E+16	0	0	19.078339	0.640298	0	0
0	0	0	55.829138	6.20565	50.460235	6.20565	1.729457E+14	0.000406	2462.238695	1.423332E+16	0	0	19.123916	0.633919	0	0
0	0	0	55.707404	6.213003	50.2859	6.213003	1.65236E+14	0.000405	2467.507342	1.419717E+16	0	0	19.102118	0.628147	0	0
0	0	0	55.586487	6.220021	50.112877	6.220021	1.576727E+14	0.000404	2474.788666	1.41617E+16	0	0	19.021148	0.622279	0	0
0	0	0	55.460179	6.226592	49.932705	6.226592	1.504874E+14	0.000403	2481.852958	1.4128E+16	0	0	19.076641	0.616148	0	0
0	0	0	55.342937	6.233454	49.764692	6.233454	1.433162E+14	0.000401	2496.833073	1.409437E+16	0	0	19.029681	0.610655	0	0
0	0	0	55.222061	6.239485	49.592308	6.239485	1.369531E+14	0.000401	2493.479111	1.406452E+16	0	0	19.00541	0.604923	0	0
0	0	0	55.102001	6.245281	49.421179	6.245281	1.306767E+14	0.000399	2503.296714	1.403509E+16	0	0	19.053122	0.599095	0	0
0	0	0	54.984555	6.250972	49.253672	6.250972	1.247166E+14	0.000398	2512.233713	1.400714E+16	0	0	18.951308	0.594241	0	0
0	0	0	54.86176	6.256307	49.079017	6.256307	1.191396E+14	0.000397	2516.046589	1.398098E+16	0	0	18.930005	0.588404	0	0
0	0	0	54.745825	6.261282	48.914104	6.261282	1.135657E+14	0.000396	2527.626715	1.395484E+16	0	0	18.963405	0.582936	0	0
0	0	0	54.626582	6.266268	48.744536	6.266268	1.085347E+14	0.000394	2535.590244	1.393125E+16	0	0	18.876131	0.578026	0	0
0	0	0	54.506236	6.270875	48.573727	6.270875	1.03585E+14	0.000393	2542.099344	1.390803E+16	0	0	18.893809	0.572373	0	0
0	0	0	54.391077	6.275397	48.410108	6.275397	9.881124E+13	0.000392	2553.837439	1.388564E+16	0	0	18.899609	0.567368	0	0
0	0	0	54.267097	6.279647	48.23448	6.279647	9.444316E+13	0.000391	2557.895453	1.386516E+16	0	0	18.790522	0.562514	0	0
0	0	0	54.150345	6.28376	48.068924	6.28376	8.994995E+13	0.000389	2573.125102	1.384409E+16	0	0	18.831365	0.556965	0	0
0	0	0	54.033635	6.287582	47.90365	6.287582	8.590895E+13	0.000388	2580.101571	1.382513E+16	0	0	18.83234	0.552159	0	0
0	0	0	53.913493	6.291473	47.733505	6.291473	8.204604E+13	0.000386	2590.611141	1.380702E+16	0	0	18.715344	0.547289	0	0
0	0	0	53.798212	6.294917	47.570474	6.294917	7.824639E+13	0.000385	2597.954108	1.37892E+16	0	0	18.763941	0.5419	0	0
0	0	0	53.677784	6.298255	47.400373	6.298255	7.476196E+13	0.000383	2609.314905	1.377286E+16	0	0	18.730372	0.537453	0	0
0	0	0	53.561074	6.301631	47.235333	6.301631	7.128379E+13	0.000381	2625.080209	1.375654E+16	0	0	18.652295	0.532455	0	0
0	0	0	53.442647	6.304731	47.068148	6.304731	6.806401E+13	0.00038	2631.100718	1.374144E+16	0	0	18.71199	0.527465	0	0
0	0	0	53.322139	6.307628	46.898239	6.307628	6.494238E+13	0.000378	2643.850417	1.37268E+16	0	0	18.631462	0.523186	0	0
0	0	0	53.205673	6.310432	46.733985	6.310432	6.190981E+13	0.000376	2661.903584	1.371258E+16	0	0	18.591292	0.51814	0	0
0	0	0	53.078916	6.313083	46.555586	6.313083	5.9111E+13	0.000374	2674.950238	1.369945E+16	0	0	18.608656	0.513654	0	0
0	0	0	52.958366	6.315765	46.385717	6.315765	5.620582E+13	0.00037	2700.841426	1.368583E+16	0	0	18.499513	0.509414	0	0
0	0	0	52.841696	6.318203	46.221443	6.318203	5.357315E+13	0.000368	2714.293781	1.367348E+16	0	0	18.548927	0.504401	0	0
0	0	0	52.715715	6.320376	46.044506	6.320376	5.114069E+13	0.000366	2729.84435	1.366207E+16	0	0	18.529885	0.500185	0	0
0	0	0	52.598596	6.322886	45.879463	6.322886	4.863598E+13	0.000362	2764.010715	1.365033E+16	0	0	18.417402	0.495842	0	0
0	0	0	52.47482	6.325133	45.705435	6.325133	4.641592E+13	0.000361	2767.366324	1.363992E+16	0	0	18.488303	0.491028	0	0
0	0	0	52.349942	6.327282	45.52995	6.327282	4.41781E+13	0.000359	2786.380405	1.362942E+16	0	0	18.39726	0.487172	0	0
0	0	0	52.227881	6.329366	45.358412	6.329366	4.202813E+13	0.000356	2807.10289	1.361934E+16	0	0	18.369408	0.482382	0	0
0	0	0	52.104228	6.331249	45.184852	6.331249	4.002648E+13	0.000354	2823.49123	1.360995E+16	0	0	18.37758	0.478286	0	0
0	0	0	51.977104	6.333309	45.006254	6.333309	3.809465E+13	0.000351	2848.885242	1.360089E+16	0	0	18.259669	0.474087	0	0
0	0	0	51.850347	6.335075	44.82846	6.335075	3.620456E+13	0.000349	2862.121848	1.359203E+16	0	0	18.30663	0.469384	0	0
0	0	0	51.729471	6.33679	44.658854	6.33679	3.441223E+13	0.000346	2888.918718	1.358362E+16	0	0	18.218465	0.4656	0	0
0	0	0	51.600876	6.338603	44.478403	6.338603	3.278485E+13	0.000344	2907.720669	1.357599E+16	0	0	18.185934	0.461169	0	0
0	0	0	51.477387	6.340228	44.30522	6.340228	3.113708E+13	0.000342	2922.837361	1.356826E+16	0	0	18.241601	0.456874	0	0
0	0	0	51.354468	6.341697	44.132983	6.341697	2.963194E+13	0.00034	2940.668085	1.35612E+16	0	0	18.10016	0.453082	0	0
0	0	0	51.227058	6.343234	43.954413	6.343234	2.820533E+13	0.000337	2965.34447	1.355451E+16	0	0	18.166522	0.448531	0	0
0	0	0	51.097851	6.344617	43.773502	6.344617	2.679838E+13	0.000335	2984.460795	1.354791E+16	0	0	18.07545	0.44493	0	0
0	0	0	50.959701	6.345829	43.580356	6.345829	2.544262E+13	0.000332	3013.993225	1.354155E+16	0	0	18.034087	0.440571	0	0
0	0	0	50.827636	6.347287	43.395346	6.347287	2.406819E+13	0.000326	3066.169786	1.353511E+16	0	0	18.051029	0.436747	0	0
0	0	0	50.693651	6.348424	43.208027	6.348424	2.282322E+13	0.000325	3081.172952	1.352927E+16	0	0	17.919461	0.432987	0	0
0	0	0	50.560197	6.349607	43.021373	6.349607	2.162547E+13	0.00032	3126.579477	1.352365E+16	0	0	17.977162	0.428684	0	0
0	0	0	50.423517	6.350651	42.830385	6.350651	2.049451E+13	0.000316	3161.681175	1.351835E+16	0	0	17.847603	0.425403	0	0
0	0	0	50.286306	6.351726	42.638607	6.351726	1.939709E+13	0.000311	3212.237435	1.35132E+16	0	0	17.857615	0.421059	0	0
0	0	0	50.146359	6.353012	42.442756	6.353012	1.835413E+13	0.000307	3255.275705	1.350831E+16	0	0	17.84857	0.417547	0	0
0	0	0	50.004615	6.354081	42.244653	6.354081	1.734779E+13	0.000306	3267.536722	1.350359E+16	0	0	17.740624	0.413778	0	0
0	0	0	49.859931	6.355099	42.042511	6.355099	1.638443E+13	0.000303	3304.262854	1.349907E+16	0	0	17.805993	0.409842	0	0
0	0	0	49.716758	6.355919	41.842695	6.355919	1.545596E+13	0.000299	3345.850568	1.349472E+16	0	0	17.653189	0.406577	0	0
0	0	0	49.568889	6.356609	41.636505	6.356609	1.458872E+13	0.000293	3410.763159	1.349065E+16	0	0	17.737858	0.402529	0	0
0	0	0	49.417222	6.357287	41.425045	6.357287	1.374384E+13	0.000286	3500.853796	1.348669E+16	0	0	17.614257	0.399504	0	0
0	0	0	49.26241	6.358698	41.208277	6.358698	1.292785E+13	0.000278	3596.907706	1.348286E+16	0	0	17.615321	0.39532	0	0
0	0	0	49.104087	6.359225	40.987732	6.359225	1.214467E+13	0.000282	3552.210725	1.347919E+16	0	0	17.563438	0.392318	0	0
0	0	0	48.938004	6.359724	40.756438	6.359724	1.139258E+13	0.000272	3676.513705	1.347566E+16	0	0	17.500906	0.38855	0	0
0	0	0	48.770084	6.360387	40.522368	6.360387	1.065345E+13	0.000262	3819.916599	1.34722E+16	0	0	17.521581	0.385221	0	0
0	0	0	48.589709	6.361121	40.270894	6.361121	9.954714E+12	0.000254	3929.430445	1.346892E+16	0	0	17.387716	0.381924	0	0
0	0	0	48.407986	6.361896	40.017477	6.361896	9.254959E+12	0.000248	4037.559124	1.346564E+16	0	0	17.458748	0.378219	0	0
0	0	0	48.222384	6.362374	39.759049	6.362374	8.59956E+12	0.000242	4130.722045	1.346256E+16	0	0	17.331404	0.375042	0	0
0	0	0	48.028532	6.363174	39.488721	6.363174	7.977922E+12	0.000232	4309.688276	1.345965E+16	0	0	17.401747	0.371305	0	0
0	0	0	47.826351	6.363987	39.206785	6.363987	7.376457E+12	0.000227	4402.736278	1.345683E+16	0	0	17.244181	0.368687	0	0
0	0	0	47.617512	6.364212	38.916386	6.364212	6.797288E+12	0.000223	4493.040936	1.345411E+16	0	0	17.287125	0.364839	0	0
0	0	0	47.398873	6.365098	38.611452	6.365098	6.24665E+12	0.000208	4803.460382	1.345153E+16	0	0	17.188392	0.362204	0	0
0	0	0	47.167861	6.365394	38.290132	6.365394	5.71781E+12	0.000205	4878.248215	1.344905E+16	0	0	17.192038	0.358524	0	0
0	0	0	46.922473	6.365622	37.948927	6.365622	5.207518E+12	0.000192	5221.255263	1.344665E+16	0	0	17.132853	0.355913	0	0
0	0	0	46.670471	6.366292	37.597897	6.366292	4.715177E+12	0.000177	5650.911832	1.344435E+16	0	0	17.099808	0.352264	0	0
0	0	0	46.407728	6.366772	37.2322	6.366772	4.257897E+12	0.00017	5882.942552	1.34422E+16	0	0	17.072915	0.349678	0	0
0	0	0	46.136124	6.367243	36.854189	6.367243	3.828222E+12	0.00016	6244.629077	1.344019E+16	0	0	17.020139	0.346341	0	0
0	0	0	45.851248	6.367508	36.458028	6.367508	3.429525E+12	0.000151	6643.535532	1.343832E+16	0	0	17.004618	0.343714	0	0
0	0	0	45.555142	6.368005	36.045908	6.368005	3.055837E+12	0.000138	7249.628563	1.343656E+16	0	0	16.908015	0.340481	0	0
0	0	0	45.242987	6.368553	35.611397	6.368553	2.710471E+12	0.000129	7736.331185	1.343494E+16	0	0	16.883335	0.337798	0	0
0	0	0	44.919275	6.369009	35.160947	6.369009	2.388525E+12	0.000121	8232.841847	1.343343E+16	0	0	16.813437	0.334668	0	0
0	0	0	44.58315	6.369156	34.693712	6.369156	2.094961E+12	0.000113	8867.243334	1.343206E+16	0	0	16.832232	0.332002	0	0
0	0	0	44.240653	6.369689	34.217012	6.369689	1.828234E+12	0.0001	9969.645576	1.343081E+16	0	0	16.766702	0.32884	0	0
0	0	0	43.89297	6.36986	33.733661	6.36986	1.591335E+12	9.385067E-5	10655.225041	1.342969E+16	0	0	16.74422	0.326389	0	0
0	0	0	43.532751	6.370135	33.232716	6.370135	1.38221E+12	8.352384E-5	11972.62978	1.342871E+16	0	0	16.681143	0.323276	0	0
0	0	0	43.170081	6.370512	32.728187	6.370512	1.194471E+12	7.514898E-5	13306.900862	1.342783E+16	0	0	16.620024	0.320953	0	0
0	0	0	42.79708	6.370647	32.209687	6.370647	1.031199E+12	6.876027E-5	14543.282567	1.342707E+16	0	0	16.591173	0.317775	0	0
0	0	0	42.409132	6.371083	31.669906	6.371083	8.865166E+11	6.041102E-5	16553.270547	1.342639E+16	0	0	16.538724	0.315524	0	0
0	0	0	42.023757	6.371417	31.133854	6.371417	7.575257E+11	5.555314E-5	18000.783707	1.342578E+16	0	0	16.538623	0.312338	0	0
0	0	0	41.608817	6.371375	30.557355	6.371375	6.479745E+11	5.046115E-5	19817.227368	1.342527E+16	0	0	16.413917	0.310294	0	0
0	0	0	41.173744	6.371947	29.951802	6.371947	5.476602E+11	4.232234E-5	23628.181322	1.34248E+16	0	0	16.456855	0.307125	0	0
0	0	0	40.728706	6.372116	29.333095	6.372116	4.591111E+11	3.965576E-5	25217.018018	1.342438E+16	0	0	16.309719	0.305001	0	0
0	0	0	40.263047	6.372374	28.685558	6.372374	3.833257E+11	3.42967E-5	29157.322628	1.342403E+16	0	0	16.397818	0.301959	0	0
0	0	0	39.776928	6.372497	28.009827	6.372497	3.173844E+11	3.005431E-5	33273.096137	1.342372E+16	0	0	16.230651	0.299828	0	0
0	0	0	39.262877	6.372761	27.295009	6.372761	2.606149E+11	2.538315E-5	39396.209196	1.342345E+16	0	0	16.261169	0.297201	0	0
0	0	0	38.724528	6.37289	26.546668	6.37289	2.115892E+11	2.195179E-5	45554.376418	1.342322E+16	0	0	16.139279	0.294622	0	0
0	0	0	38.167231	6.373103	25.771824	6.373103	1.701016E+11	1.822739E-5	54862.486801	1.342303E+16	0	0	16.165361	0.292459	0	0
0	0	0	37.592334	6.373357	24.972426	6.373357	1.357019E+11	1.537627E-5	65035.268492	1.342287E+16	0	0	16.122936	0.289681	0	0
0	0	0	37.003062	6.373596	24.153064	6.373596	1.074888E+11	1.307644E-5	76473.385762	1.342274E+16	0	0	16.026178	0.287717	0	0
0	0	0	36.392963	6.373593	23.305238	6.373593	8.464647E+10	1.106379E-5	90384.925428	1.342263E+16	0	0	16.102752	0.284739	0	0
0	0	0	35.770655	6.373937	22.439722	6.373937	6.609775E+10	8.633207E-6	115831.805737	1.342254E+16	0	0	15.901057	0.282799	0	0
0	0	0	35.136381	6.37382	21.558532	6.37382	5.135869E+10	7.510492E-6	133147.073688	1.342247E+16	0	0	15.966802	0.280324	0	0
0	0	0	34.494225	6.374126	20.665479	6.374126	3.971311E+10	5.580161E-6	179206.306804	1.342242E+16	0	0	15.897348	0.277761	0	0
0	0	0	33.842514	6.374263	19.759499	6.374263	3.061018E+10	4.793098E-6	208633.316317	1.342238E+16	0	0	15.7744	0.276005	0	0
0	0	0	33.186229	6.374243	18.847502	6.374243	2.350254E+10	3.87752E-6	257896.825947	1.342234E+16	0	0	15.839628	0.273091	0	0
0	0	0	32.532803	6.374598	17.938623	6.374598	1.801185E+10	2.948949E-6	339103.830722	1.342232E+16	0	0	15.656605	0.271167	0	0
0	0	0	31.853977	6.374592	16.995256	6.374592	1.38199E+10	2.626015E-6	380805.174823	1.34223E+16	0	0	15.702309	0.268955	0	0
0	0	0	31.17613	6.374826	16.052682	6.374826	1.049491E+10	1.988751E-6	502828.119506	1.342228E+16	0	0	15.70459	0.266265	0	0
0	0	0	30.489626	6.374784	15.098724	6.374784	7.973065E+9	1.689402E-6	591925.538731	1.342227E+16	0	0	15.557288	0.264676	0	0
0	0	0	29.787523	6.374926	14.122638	6.374926	6.035973E+9	1.252513E-6	798394.755383	1.342226E+16	0	0	15.628578	0.262057	0	0
0	0	0	29.077088	6.374785	13.13567	6.374785	4.540696E+9	1.013301E-6	986874.075343	1.342225E+16	0	0	15.51826	0.259814	0	0
0	0	0	28.355792	6.375146	12.132341	6.375146	3.404323E+9	7.06714E-7	1414999.486496	1.342225E+16	0	0	15.432988	0.258113	0	0
0	0	0	27.625552	6.375387	11.116863	6.375387	2.541127E+9	6.421199E-7	1557341.557344	1.342224E+16	0	0	15.500294	0.255567	0	0
0	0	0	26.880366	6.375458	10.081038	6.375458	1.889936E+9	5.58461E-7	1790635.437652	1.342224E+16	0	0	15.381615	0.253523	0	0
0	0	0	26.145144	6.375535	9.059036	6.375535	1.397128E+9	4.345192E-7	2301394.229419	1.342224E+16	0	0	15.290611	0.251702	0	0
0	0	0	25.413556	6.375797	8.041577	6.375797	1.037003E+9	3.422726E-7	2921647.710648	1.342224E+16	0	0	15.369551	0.249259	0	0
0	0	0	24.690585	6.375833	7.036697	6.375833	7.708384E+8	3.203419E-7	3121664.345572	1.342224E+16	0	0	15.252376	0.247256	0	0
0	0	0	23.981091	6.375762	6.050841	6.375762	5.749949E+8	2.476385E-7	4038144.281899	1.342223E+16	0	0	15.144661	0.245571	0	0
0	0	0	23.281233	6.375826	5.078002	6.375826	4.312583E+8	1.7318E-7	5774340.229962	1.342223E+16	0	0	15.192102	0.243256	0	0
0	0	0	22.587297	6.375783	4.113694	6.375783	3.247192E+8	1.388551E-7	7201752.720106	1.342223E+16	0	0	15.162033	0.241092	0	0
0	0	0	21.909001	6.376066	3.17017	6.376066	2.450874E+8	1.004643E-7	9953780.186111	1.342223E+16	0	0	15.034337	0.239575	0	0
0	0	0	21.245121	6.376229	2.247017	6.376229	1.861607E+8	1.054295E-7	9485008.284705	1.342223E+16	0	0	15.036194	0.237627	0	0
0	0	0	20.591327	6.375967	1.339149	6.375967	1.422306E+8	1.031938E-7	9690506.011302	1.342223E+16	0	0	15.037239	0.235256	0	0
0	0	0	19.949376	6.376066	0.446659	6.376066	1.091125E+8	5.451559E-8	1.834338E+7	1.342223E+16	0	0	14.933879	0.233596	0	0
0	0	0	19.323351	6.376215	-0.423858	6.376215	8.410868E+7	4.763598E-8	2.099254E+7	1.342223E+16	0	0	14.853036	0.231911	0	0
0	0	0	18.712721	6.3762	-1.27248	6.3762	6.525466E+7	4.621714E-8	2.163699E+7	1.342223E+16	0	0	14.882259	0.229907	0	0
0	0	0	18.11663	6.376413	-2.101613	6.376413	5.0944E+7	3.524092E-8	2.83761E+7	1.342223E+16	0	0	14.86186	0.227799	0	0
0	0	0	17.532748	6.376505	-2.913406	6.376505	4.000685E+7	4.254862E-8	2.350253E+7	1.342223E+16	0	0	14.760784	0.225995	0	0
0	0	0	16.970673	6.376299	-3.693935	6.376299	3.157371E+7	4.377436E-8	2.284442E+7	1.342223E+16	0	0	14.70066	0.224462	0	0
0	0	0	16.422606	6.37637	-4.455886	6.37637	2.513949E+7	2.078063E-8	4.812174E+7	1.342223E+16	0	0	14.63629	0.222746	0	0
0	0	0	15.892873	6.376575	-5.192803	6.376575	2.013046E+7	1.933182E-8	5.172818E+7	1.342223E+16	0	0	14.662235	0.220846	0	0
0	0	0	15.375719	6.376575	-5.911566	6.376575	1.623976E+7	2.937559E-8	3.404187E+7	1.342223E+16	0	0	14.621296	0.218898	0	0
0	0	0	14.876614	6.376688	-6.605625	6.376688	1.3168E+7	2.381928E-8	4.19828E+7	1.342223E+16	0	0	14.566056	0.217181	0	0
0	0	0	14.39217	6.376441	-7.278089	6.376441	1.07557E+7	3.796265E-8	2.634168E+7	1.342223E+16	0	0	14.382642	0.215529	0	0
0	0	0	13.927735	6.376512	-7.923819	6.376512	8837683.25	1.012493E-8	9.876616E+7	1.342223E+16	0	0	13.411998	0.213908	0	0
0	0	0	13.471876	6.376611	-8.557732	6.376611	7320852.75	1.03927E-8	9.622137E+7	1.342223E+16	0	0	10.405205	0.212247	0	0
0	0	0	13.026022	6.376427	-9.17676	6.376427	6085481	1.298638E-8	7.700376E+7	1.342223E+16	0	0	8.16752	0.210467	0	0
0	0	0	12.597238	6.376766	-9.77389	6.376766	5079135.5	5.602709E-9	1.784851E+8	1.342223E+16	0	0	7.360827	0.208607	0	0
0	0	0	12.184584	6.376787	-10.347494	6.376787	4268647.5	4.354231E-8	2.296617E+7	1.342223E+16	0	0	7.359744	0.207273	0	0
0	0	0	11.77924	6.376547	-10.910008	6.376547	3611029.25	7.60186E-8	1.315468E+7	1.342223E+16	0	0	8.003004	0.205373	0	0
0	0	0	11.388557	6.376759	-11.453756	6.376759	3063788.75	4.940003E-9	2.02429E+8	1.342223E+16	0	0	9.223564	0.203793	0	0
0	0	0	11.007715	6.376695	-11.982842	6.376695	2614977.5	2.276315E-8	4.393064E+7	1.342223E+16	0	0	11.019791	0.20234	0	0
0	0	0	10.634223	6.376717	-12.502016	6.376717	2240835.75	8.409209E-9	1.189172E+8	1.342223E+16	0	0	13.213452	0.200559	0	0
0	0	0	10.275882	6.376865	-13.0006	6.376865	1925956	8.918872E-9	1.121218E+8	1.342223E+16	0	0	15.098352	0.199034	0	0
0	0	0	9.930405	6.376653	-13.479987	6.376653	1665522	-1.208794E-8	-8.272708E+7	1.342223E+16	0	0	16.300574	0.197462	0	0
0	0	0	9.592359	6.376886	-13.95068	6.376886	1447835.75	3.939282E-9	2.538534E+8	1.342223E+16	0	0	17.612036	0.195889	0	0
0	0	0	9.266565	6.376844	-14.403332	6.376844	1262400	-6.703621E-9	-1.491731E+8	1.342223E+16	0	0	17.052585	0.194148	0	0
0	0	0	8.948203	6.376872	-14.845916	6.376872	1106195	-1.267819E-8	-7.887564E+7	1.342223E+16	0	0	15.82599	0.192719	0	0
0	0	0	8.641643	6.376957	-15.27231	6.376957	972243.5	-6.287623E-9	-1.590426E+8	1.342223E+16	0	0	13.685099	0.191274	0	0
0	0	0	8.338227	6.376957	-15.694018	6.376957	858611.25	-2.406712E-9	-4.155046E+8	1.342223E+16	0	0	9.16086	0.189901	0	0
0	0	0	8.049226	6.377042	-16.096012	6.377042	759227	-2.128135E-9	-4.69895E+8	1.342223E+16	0	0	6.116801	0.188256	0	0
0	0	0	7.767985	6.376823	-16.486068	6.376823	675281.75	-1.208264E-9	-8.276335E+8	1.342223E+16	0	0	4.784528	0.186883	0	0
0	0	0	7.494298	6.377091	-16.86748	6.377091	602510.5	-1.64083E-8	-6.094478E+7	1.342223E+16	0	0	4.674905	0.185438	0	0
0	0	0	7.226206	6.376964	-17.239606	6.376964	539230.25	-7.967418E-10	-1.255112E+9	1.342223E+16	0	0	5.247103	0.183921	0	0
0	0	0	6.968364	6.376809	-17.597374	6.376809	483692.25	-1.294675E-9	-7.723943E+8	1.342223E+16	0	0	5.951471	0.182556	0	0
0	0	0	6.71534	6.376844	-17.949177	6.376844	435681	-1.437035E-7	-6958773.642558	1.342223E+16	0	0	6.575641	0.181039	0	0
0	0	0	6.468401	6.376773	-18.292113	6.376773	393203	-4.506515E-9	-2.21901E+8	1.342223E+16	0	0	7.018065	0.179594	0	0
0	0	0	6.228037	6.376809	-18.626322	6.376809	355743	4.381693E-9	2.282223E+8	1.342223E+16	0	0	7.312488	0.178317	0	0
0	0	0	5.984855	6.376936	-18.964808	6.376936	322710.75	-1.064404E-7	-9394926.175325	1.342223E+16	0	0	7.458392	0.176888	0	0
0	0	0	5.752944	6.377007	-19.287411	6.377007	292411.5	-9.548911E-10	-1.04724E+9	1.342223E+16	0	0	7.528443	0.175531	0	0
0	0	0	5.5272	6.376908	-19.600777	6.376908	266170.5	-5.607537E-10	-1.783314E+9	1.342223E+16	0	0	7.550548	0.174117	0	0
0	0	0	5.304313	6.376964	-19.910782	6.376964	242891	-1.016924E-9	-9.833577E+8	1.342223E+16	0	0	7.521027	0.172816	0	0
0	0	0	5.086899	6.377	-20.213099	6.377	221904.5	-5.939608E-10	-1.683613E+9	1.342223E+16	0	0	7.461227	0.171563	0	0
0	0	0	4.872262	6.377254	-20.51243	6.377254	203181.5	-4.438006E-10	-2.253264E+9	1.342223E+16	0	0	7.396697	0.170102	0	0
0	0	0	4.660484	6.377084	-20.8061	6.377084	186247.75	-1.750107E-10	-5.713936E+9	1.342223E+16	0	0	7.324138	0.168824	0	0
0	0	0	4.460221	6.377056	-21.084326	6.377056	170923.5	-2.589945E-10	-3.861086E+9	1.342223E+16	0	0	7.246902	0.167467	0	0
0	0	0	4.25759	6.377063	-21.365986	6.377063	157594	-2.659482E-10	-3.760131E+9	1.342223E+16	0	0	7.186786	0.166285	0	0
0	0	0	4.061329	6.377367	-21.639989	6.377367	145164.75	-2.382022E-10	-4.198114E+9	1.342223E+16	0	0	7.094102	0.165048	0	0
0	0	0	3.862047	6.377007	-21.915513	6.377007	134061.5	-1.005175E-10	-9.948515E+9	1.342223E+16	0	0	7.019918	0.163683	0	0
0	0	0	3.672361	6.377127	-22.179639	6.377127	123655.75	-2.605113E-10	-3.838606E+9	1.342223E+16	0	0	6.924118	0.162413	0	0
0	0	0	3.494558	6.377099	-22.426647	6.377099	114502.5	-1.504603E-10	-6.646272E+9	1.342223E+16	0	0	6.838198	0.16128	0	0
0	0	0	3.318185	6.377099	-22.671784	6.377099	106538.75	-1.535941E-10	-6.510668E+9	1.342223E+16	0	0	6.760981	0.15993	0	0
0	0	0	3.145977	6.37719	-22.911507	6.37719	99186.5	-1.429945E-10	-6.993275E+9	1.342223E+16	0	0	6.671926	0.158861	0	0
0	0	0	2.982059	6.377176	-23.139276	6.377176	92497.5	-1.013548E-10	-9.866334E+9	1.342223E+16	0	0	6.603321	0.157543	0	0
0	0	0	2.821612	6.377134	-23.362104	6.377134	86550.25	-9.847306E-11	-1.015506E+10	1.342223E+16	0	0	6.493422	0.15641	0	0
0	0	0	2.664187	6.377007	-23.580382	6.377007	81099.25	-1.042596E-10	-9.591442E+9	1.342223E+16	0	0	6.424658	0.155244	0	0
0	0	0	2.512275	6.377099	-23.791899	6.377099	76084.75	-1.602912E-10	-6.238644E+9	1.342223E+16	0	0	6.358929	0.153975	0	0
0	0	0	2.366243	6.377183	-23.995215	6.377183	71540	-1.031373E-10	-9.695813E+9	1.342223E+16	0	0	6.254428	0.152865	0	0
0	0	0	2.223275	6.377282	-24.194335	6.377282	67427.25	-7.527318E-11	-1.328494E+10	1.342223E+16	0	0	6.189957	0.151659	0	0
0	0	0	2.085533	6.377113	-24.385076	6.377113	63630	-5.623091E-11	-1.778381E+10	1.342223E+16	0	0	6.105901	0.150534	0	0
0	0	0	1.951262	6.37724	-24.572225	6.37724	60174	-8.273312E-11	-1.208706E+10	1.342223E+16	0	0	6.001441	0.149448	0	0
0	0	0	1.819932	6.377332	-24.755143	6.377332	56986	-5.529831E-11	-1.808373E+10	1.342223E+16	0	0	5.936251	0.148171	0	0
0	0	0	1.689336	6.377205	-24.936124	6.377205	54031	-4.324236E-11	-2.312547E+10	1.342223E+16	0	0	5.845893	0.147229	0	0
0	0	0	1.556127	6.377296	-25.121654	6.377296	51244.5	-5.415252E-11	-1.846636E+10	1.342223E+16	0	0	5.768318	0.146127	0	0
0	0	0	1.429248	6.377282	-25.297942	6.377282	48550.5	-4.166451E-11	-2.400124E+10	1.342223E+16	0	0	5.70231	0.144929	0	0
0	0	0	1.301266	6.377311	-25.475941	6.377311	46116	-4.075349E-11	-2.453778E+10	1.342223E+16	0	0	5.616587	0.143859	0	0
0	0	0	1.176674	6.377113	-25.648278	6.377113	43784.25	-3.651851E-11	-2.738337E+10	1.342223E+16	0	0	5.544697	0.14275	0	0
0	0	0	1.04812	6.377353	-25.827965	6.377353	41627.5	-5.723357E-11	-1.747226E+10	1.342223E+16	0	0	5.45722	0.141736	0	0
0	0	0	0.924058	6.37707	-25.999203	6.37707	39513.5	-3.039442E-11	-3.290077E+10	1.342223E+16	0	0	5.389672	0.140538	0	0
0	0	0	0.796485	6.37678	-26.175288	6.37678	37575	-5.999883E-11	-1.666699E+10	1.342223E+16	0	0	5.297684	0.139652	0	0
0	0	0	0.666135	6.376978	-26.357295	6.376978	35681	5.545322E-10	1.803322E+9	1.342223E+16	0	0	5.230005	0.138606	0	0
0	0	0	0.537009	6.377233	-26.537843	6.377233	33844.25	-8.309632E-11	-1.203423E+10	1.342223E+16	0	0	5.150624	0.137353	0	0
0	0	0	0.404413	6.377084	-26.721505	6.377084	32118	-3.168469E-11	-3.156098E+10	1.342223E+16	0	0	5.078529	0.136491	0	0
0	0	0	0.277819	6.377417	-26.89887	6.377417	30437	-4.612014E-11	-2.16825E+10	1.342223E+16	0	0	4.996279	0.135485	0	0
0	0	0	0.150328	6.377282	-27.075497	6.377282	28914.25	-1.991859E-11	-5.020436E+10	1.342223E+16	0	0	4.915154	0.134439	0	0
0	0	0	0.051748	6.377353	-27.212813	6.377353	27457.5	-2.426466E-11	-4.12122E+10	1.342223E+16	0	0	4.857733	0.133425	0	0
0	0	0	-0.016939	6.377134	-27.307343	6.377134	26381.75	-2.029327E-11	-4.927743E+10	1.342223E+16	0	0	4.791514	0.132259	0	0
0	0	0	-0.059858	6.377155	-27.367086	6.377155	25657.25	-3.298446E-11	-3.031731E+10	1.342223E+16	0	0	4.699014	0.131357	0	0
0	0	0	-0.101307	6.377141	-27.424635	6.377141	25214.75	-3.043822E-11	-3.285343E+10	1.342223E+16	0	0	4.616389	0.130239	0	0
0	0	0	-0.123604	6.376802	-27.45417	6.376802	24794.5	-3.119971E-11	-3.205158E+10	1.342223E+16	0	0	4.55947	0.129098	0	0
0	0	0	-0.158519	6.377261	-27.504668	6.377261	24571.5	1.77898E-9	5.6212E+8	1.342223E+16	0	0	4.483804	0.128116	0	0
0	0	0	-0.175181	6.377113	-27.527189	6.377113	24226	-2.240965E-11	-4.462362E+10	1.342223E+16	0	0	4.428035	0.127038	0	0
0	0	0	-0.182123	6.377113	-27.536838	6.377113	24062.75	-3.308383E-11	-3.022625E+10	1.342223E+16	0	0	4.344046	0.126128	0	0
0	0	0	-0.193884	6.377325	-27.554094	6.377325	23995.25	-3.299102E-11	-3.031127E+10	1.342223E+16	0	0	4.287101	0.12521	0	0
0	0	0	-0.20834	6.377254	-27.573883	6.377254	23881	-1.937373E-11	-5.161628E+10	1.342223E+16	0	0	4.197415	0.124299	0	0
0	0	0	-0.224062	6.377275	-27.595826	6.377275	23741.5	-2.230908E-11	-4.482479E+10	1.342223E+16	0	0	4.122036	0.123318	0	0
0	0	0	-0.237007	6.377261	-27.613758	6.377261	23590.75	-2.116256E-11	-4.725327E+10	1.342223E+16	0	0	4.059862	0.122399	0	0
0	0	0	-0.244644	6.377275	-27.624432	6.377275	23467.25	-2.170779E-11	-4.606641E+10	1.342223E+16	0	0	4.000564	0.121505	0	0
0	0	0	-0.249422	6.377275	-27.631073	6.377275	23394.75	-2.098673E-11	-4.764915E+10	1.342223E+16	0	0	3.93525	0.120603	0	0
0	0	0	-0.252321	6.377304	-27.635224	6.377304	23349.5	-2.094614E-11	-4.77415E+10	1.342223E+16	0	0	3.850342	0.119797	0	0
0	0	0	-0.254608	6.377219	-27.638038	6.377219	23322	-1.972902E-11	-5.068675E+10	1.342223E+16	0	0	3.797511	0.118927	0	0
0	0	0	-0.256772	6.37719	-27.640925	6.37719	23300.25	-2.377607E-11	-4.20591E+10	1.342223E+16	0	0	3.732133	0.117937	0	0
0	0	0	-0.260325	6.37712	-27.645559	6.37712	23279.75	-2.550894E-11	-3.920194E+10	1.342223E+16	0	0	3.658972	0.117122	0	0
0	0	0	-0.266246	6.377304	-27.654579	6.377304	23246.5	-3.123813E-11	-3.201216E+10	1.342223E+16	0	0	3.600853	0.116244	0	0
0	0	0	-0.271392	6.377374	-27.662034	6.377374	23190.75	-1.961799E-11	-5.097361E+10	1.342223E+16	0	0	3.535863	0.115358	0	0
0	0	0	-0.275598	6.37724	-27.667303	6.37724	23142.25	-1.713534E-11	-5.835893E+10	1.342223E+16	0	0	3.486014	0.114352	0	0
0	0	0	-0.282254	6.377106	-27.675977	6.377106	23103	-2.241878E-11	-4.460545E+10	1.342223E+16	0	0	3.397976	0.113585	0	0
0	0	0	-0.286828	6.377318	-27.683246	6.377318	23040.5	-3.242937E-11	-3.083625E+10	1.342223E+16	0	0	3.337409	0.112667	0	0
0	0	0	-0.293117	6.377353	-27.692138	6.377353	22998	-1.891587E-11	-5.286566E+10	1.342223E+16	0	0	3.275401	0.111861	0	0
0	0	0	-0.297976	6.377346	-27.698862	6.377346	22939.5	-1.764543E-11	-5.667189E+10	1.342223E+16	0	0	3.212756	0.110999	0	0
0	0	0	-0.302509	6.377339	-27.705132	6.377339	22894.25	-1.78418E-11	-5.604816E+10	1.342223E+16	0	0	3.14807	0.110176	0	0
0	0	0	-0.307818	6.377155	-27.71172	6.377155	22852.25	-1.804595E-11	-5.541409E+10	1.342223E+16	0	0	3.092389	0.109314	0	0
0	0	0	-0.310513	6.377275	-27.715983	6.377275	22803	-2.752686E-11	-3.632816E+10	1.342223E+16	0	0	3.030633	0.108588	0	0
0	0	0	-0.313168	6.377275	-27.719672	6.377275	22778.25	-2.043369E-11	-4.893879E+10	1.342223E+16	0	0	2.946979	0.107662	0	0
0	0	0	-0.314679	6.377162	-27.721286	6.377162	22753.75	-2.041171E-11	-4.899149E+10	1.342223E+16	0	0	2.896172	0.106951	0	0
0	0	0	-0.315822	6.377275	-27.723362	6.377275	22739.75	-2.690346E-11	-3.716994E+10	1.342223E+16	0	0	2.842804	0.106113	0	0
0	0	0	-0.316394	6.377091	-27.723366	6.377091	22729.25	-2.038973E-11	-4.904429E+10	1.342223E+16	0	0	2.77762	0.105346	0	0
0	0	0	-0.318027	6.377049	-27.725454	6.377049	22724	-3.357593E-11	-2.978324E+10	1.342223E+16	0	0	2.724946	0.104636	0	0
0	0	0	-0.319211	6.377247	-27.727951	6.377247	22708.75	-3.94434E-11	-2.535278E+10	1.342223E+16	0	0	2.645601	0.103869	0	0
0	0	0	-0.318395	6.377289	-27.726998	6.377289	22698	-2.167155E-11	-4.614344E+10	1.342223E+16	0	0	2.605569	0.103071	0	0
0	0	0	-0.320192	6.377417	-27.730043	6.377417	22705.5	-1.977094E-11	-5.057929E+10	1.342223E+16	0	0	2.54734	0.102416	0	0
0	0	0	-0.32158	6.377325	-27.731577	6.377325	22689	-1.563011E-11	-6.397908E+10	1.342223E+16	0	0	2.50331	0.101594	0	0
0	0	0	-0.322029	6.377219	-27.731746	6.377219	22676.25	-1.839636E-11	-5.435857E+10	1.342223E+16	0	0	2.428642	0.100979	0	0
0	0	0	-0.323377	6.37724	-27.73371	6.37724	22672	-2.313499E-11	-4.322457E+10	1.342223E+16	0	0	2.37275	0.100085	0	0
0	0	0	-0.323091	6.377325	-27.733677	6.377325	22659.75	-2.198866E-11	-4.547798E+10	1.342223E+16	0	0	2.324818	0.099414	0	0
0	0	0	-0.323989	6.377099	-27.733953	6.377099	22662.25	-1.838501E-11	-5.439215E+10	1.342223E+16	0	0	2.249434	0.098672	0	0
0	0	0	-0.323663	6.377381	-27.734715	6.377381	22654	-3.265966E-11	-3.061881E+10	1.342223E+16	0	0	2.227729	0.098033	0	0
0	0	0	-0.325051	6.377473	-27.73704	6.377473	22657	-1.656939E-11	-6.035225E+10	1.342223E+16	0	0	2.146519	0.097323	0	0
0	0	0	-0.324724	6.377226	-27.735522	6.377226	22644.25	-1.427422E-11	-7.005636E+10	1.342223E+16	0	0	2.101914	0.096748	0	0
0	0	0	-0.324929	6.377106	-27.735289	6.377106	22647.25	-2.271923E-11	-4.401557E+10	1.342223E+16	0	0	2.061997	0.095934	0	0
0	0	0	-0.325786	6.377296	-27.737302	6.377296	22645.5	-3.187341E-11	-3.137412E+10	1.342223E+16	0	0	2.028076	0.095103	0	0
0	0	0	-0.325296	6.377403	-27.737077	6.377403	22637.5	-1.942679E-11	-5.147531E+10	1.342223E+16	0	0	1.96635	0.094505	0	0
0	0	0	-0.326276	6.37724	-27.73774	6.37724	22642	-1.596831E-11	-6.262402E+10	1.342223E+16	0	0	1.915051	0.093866	0	0
0	0	0	-0.326072	6.377084	-27.736787	6.377084	22633	-2.19627E-11	-4.553173E+10	1.342223E+16	0	0	1.869459	0.093195	0	0
0	0	0	-0.326644	6.377162	-27.737916	6.377162	22635	-3.429803E-11	-2.915619E+10	1.342223E+16	0	0	1.81794	0.092485	0	0
0	0	0	-0.326358	6.377367	-27.7384	6.377367	22629.75	-2.677332E-11	-3.735061E+10	1.342223E+16	0	0	1.794026	0.091894	0	0
0	0	0	-0.326235	6.377318	-27.738017	6.377318	22632.25	-1.696936E-11	-5.892975E+10	1.342223E+16	0	0	1.730664	0.091263	0	0
0	0	0	-0.327869	6.377183	-27.73971	6.377183	22633.5	-1.861607E-11	-5.371703E+10	1.342223E+16	0	0	1.721537	0.090513	0	0
0	0	0	-0.328032	6.37719	-27.739968	6.37719	22618.5	-2.525042E-11	-3.96033E+10	1.342223E+16	0	0	1.653072	0.089914	0	0
0	0	0	-0.328441	6.377134	-27.740292	6.377134	22617	-2.478273E-11	-4.035068E+10	1.342223E+16	0	0	1.612718	0.089355	0	0
0	0	0	-0.329543	6.377162	-27.741946	6.377162	22613.25	-2.907115E-11	-3.439836E+10	1.342223E+16	0	0	1.586591	0.088756	0	0
0	0	0	-0.330196	6.377148	-27.742793	6.377148	22603	-2.674167E-11	-3.739482E+10	1.342223E+16	0	0	1.543651	0.087926	0	0
0	0	0	-0.331422	6.377431	-27.745712	6.377431	22597	-2.784435E-11	-3.591392E+10	1.342223E+16	0	0	1.504449	0.087319	0	0
0	0	0	-0.332565	6.37741	-27.74721	6.37741	22586	-1.520626E-11	-6.576239E+10	1.342223E+16	0	0	1.441138	0.086768	0	0
0	0	0	-0.331585	6.377212	-27.744997	6.377212	22575.5	-1.57345E-11	-6.355462E+10	1.342223E+16	0	0	1.43931	0.086186	0	0
0	0	0	-0.33232	6.377275	-27.746292	6.377275	22584.5	-2.344874E-11	-4.264622E+10	1.342223E+16	0	0	1.371621	0.085603	0	0
0	0	0	-0.333627	6.377106	-27.747379	6.377106	22577.75	-2.025383E-11	-4.937339E+10	1.342223E+16	0	0	1.343306	0.084868	0	0
0	0	0	-0.33477	6.377099	-27.748938	6.377099	22565.75	-3.176116E-11	-3.1485E+10	1.342223E+16	0	0	1.308668	0.084309	0	0
0	0	0	-0.336363	6.37719	-27.751546	6.37719	22555.25	-3.25173E-11	-3.075286E+10	1.342223E+16	0	0	1.278409	0.083671	0	0
0	0	0	-0.336608	6.377219	-27.752008	6.377219	22540.75	-2.469918E-11	-4.048718E+10	1.342223E+16	0	0	1.24244	0.083152	0	0
0	0	0	-0.337833	6.377247	-27.753833	6.377247	22538.5	-2.299876E-11	-4.34806E+10	1.342223E+16	0	0	1.195515	0.082529	0	0
0	0	0	-0.339303	6.377395	-27.756514	6.377395	22527.25	-2.150852E-11	-4.649319E+10	1.342223E+16	0	0	1.180302	0.081787	0	0
0	0	0	-0.339793	6.377374	-27.757104	6.377374	22513.75	-1.606875E-11	-6.22326E+10	1.342223E+16	0	0	1.147538	0.081284	0	0
0	0	0	-0.339793	6.377367	-27.757074	6.377367	22509.5	-1.666683E-11	-5.999942E+10	1.342223E+16	0	0	1.131541	0.080685	0	0
0	0	0	-0.339017	6.377374	-27.756026	6.377374	22509.5	-1.687732E-11	-5.925111E+10	1.342223E+16	0	0	1.079575	0.080158	0	0
0	0	0	-0.340283	6.37707	-27.756478	6.37707	22516.5	-1.667201E-11	-5.998077E+10	1.342223E+16	0	0	1.048765	0.079559	0	0
0	0	0	-0.341672	6.377063	-27.758378	6.377063	22504.75	-3.593503E-11	-2.7828E+10	1.342223E+16	0	0	1.025258	0.07904	0	0
0	0	0	-0.344448	6.377247	-27.763028	6.377247	22492.25	-3.690774E-11	-2.709458E+10	1.342223E+16	0	0	1.000707	0.078433	0	0
0	0	0	-0.343346	6.377304	-27.761738	6.377304	22467	-2.1451E-11	-4.661787E+10	1.342223E+16	0	0	0.986336	0.077859	0	0
0	0	0	-0.345102	6.377113	-27.763358	6.377113	22477	-1.90142E-11	-5.259226E+10	1.342223E+16	0	0	0.947849	0.077324	0	0
0	0	0	-0.345796	6.377325	-27.765235	6.377325	22461	-3.088159E-11	-3.238176E+10	1.342223E+16	0	0	0.92303	0.076813	0	0
0	0	0	-0.345061	6.377261	-27.76394	6.377261	22454.5	-1.821647E-11	-5.489539E+10	1.342223E+16	0	0	0.89266	0.07627	0	0
0	0	0	-0.345429	6.377339	-27.764785	6.377339	22461.25	-2.077722E-11	-4.812964E+10	1.342223E+16	0	0	0.855833	0.075767	0	0
0	0	0	-0.346041	6.377275	-27.765363	6.377275	22458	-1.773462E-11	-5.638688E+10	1.342223E+16	0	0	0.832776	0.075336	0	0
0	0	0	-0.345674	6.377183	-27.764457	6.377183	22452.5	-2.014147E-11	-4.964882E+10	1.342223E+16	0	0	0.804464	0.074681	0	0
0	0	0	-0.347021	6.377388	-27.767211	6.377388	22455.75	-2.506873E-11	-3.989033E+10	1.342223E+16	0	0	0.788289	0.074258	0	0
0	0	0	-0.345674	6.377212	-27.764578	6.377212	22443.5	-1.621353E-11	-6.167688E+10	1.342223E+16	0	0	0.769082	0.073723	0	0
0	0	0	-0.345224	6.377353	-27.764562	6.377353	22455.75	-2.331506E-11	-4.289073E+10	1.342223E+16	0	0	0.755852	0.07314	0	0
0	0	0	-0.344693	6.377473	-27.764341	6.377473	22459.75	-1.72764E-11	-5.788242E+10	1.342223E+16	0	0	0.705935	0.072765	0	0
0	0	0	-0.34453	6.377304	-27.763384	6.377304	22464.75	-1.416107E-11	-7.061613E+10	1.342223E+16	0	0	0.686045	0.072222	0	0
0	0	0	-0.344653	6.377141	-27.762855	6.377141	22466.25	-1.900511E-11	-5.261743E+10	1.342223E+16	0	0	0.678655	0.071767	0	0
0	0	0	-0.343713	6.377205	-27.761823	6.377205	22465	-2.826843E-11	-3.537515E+10	1.342223E+16	0	0	0.661661	0.071264	0	0
0	0	0	-0.342284	6.377268	-27.760111	6.377268	22473.5	-2.374883E-11	-4.210734E+10	1.342223E+16	0	0	0.64523	0.070673	0	0
0	0	0	-0.343142	6.377388	-27.761819	6.377388	22486.75	-2.048168E-11	-4.882413E+10	1.342223E+16	0	0	0.635322	0.070226	0	0
0	0	0	-0.343918	6.377106	-27.761682	6.377106	22478.75	-1.6239E-11	-6.158016E+10	1.342223E+16	0	0	0.593157	0.069811	0	0
0	0	0	-0.343142	6.377325	-27.761546	6.377325	22471.75	-3.162886E-11	-3.16167E+10	1.342223E+16	0	0	0.60562	0.069284	0	0
0	0	0	-0.343223	6.377205	-27.761142	6.377205	22478.75	-1.823614E-11	-5.483617E+10	1.342223E+16	0	0	0.568602	0.068869	0	0
0	0	0	-0.341794	6.377254	-27.759369	6.377254	22478	-2.375358E-11	-4.209892E+10	1.342223E+16	0	0	0.560901	0.068294	0	0
0	0	0	-0.34306	6.377403	-27.761767	6.377403	22491	-2.113403E-11	-4.731705E+10	1.342223E+16	0	0	0.546574	0.067783	0	0
0	0	0	-0.344448	6.377169	-27.762693	6.377169	22479.5	-1.585371E-11	-6.307672E+10	1.342223E+16	0	0	0.553015	0.067488	0	0
0	0	0	-0.343836	6.377063	-27.761386	6.377063	22467	-2.606141E-11	-3.83709E+10	1.342223E+16	0	0	0.494791	0.066977	0	0
0	0	0	-0.344285	6.377388	-27.763408	6.377388	22472.5	-3.687534E-11	-2.71184E+10	1.342223E+16	0	0	0.481727	0.066458	0	0
0	0	0	-0.344326	6.377205	-27.762675	6.377205	22468.5	-1.623159E-11	-6.160825E+10	1.342223E+16	0	0	0.459612	0.066011	0	0
0	0	0	-0.345592	6.377282	-27.764769	6.377282	22468	-2.374301E-11	-4.211765E+10	1.342223E+16	0	0	0.453536	0.06566	0	0
0	0	0	-0.345347	6.377148	-27.763851	6.377148	22456.5	-1.984519E-11	-5.039005E+10	1.342223E+16	0	0	0.466882	0.06526	0	0
0	0	0	-0.346735	6.37748	-27.767209	6.37748	22458.75	-2.7674E-11	-3.6135E+10	1.342223E+16	0	0	0.445084	0.064686	0	0
0	0	0	-0.347838	6.377113	-27.767161	6.377113	22446	-1.400059E-11	-7.142555E+10	1.342223E+16	0	0	0.391786	0.064255	0	0
0	0	0	-0.349022	6.37724	-27.769354	6.37724	22436	-3.084721E-11	-3.241784E+10	1.342223E+16	0	0	0.413398	0.063895	0	0
0	0	0	-0.349798	6.377296	-27.770676	6.377296	22425.25	-2.176111E-11	-4.595354E+10	1.342223E+16	0	0	0.4158	0.06352	0	0
0	0	0	-0.351513	6.377346	-27.773272	6.377346	22418.25	-1.923864E-11	-5.197873E+10	1.342223E+16	0	0	0.378736	0.063129	0	0
0	0	0	-0.350941	6.377339	-27.772447	6.377339	22402.75	-1.745877E-11	-5.727782E+10	1.342223E+16	0	0	0.379399	0.062626	0	0
0	0	0	-0.354127	6.377162	-27.776114	6.377162	22407.75	-1.769494E-11	-5.651333E+10	1.342223E+16	0	0	0.370815	0.062187	0	0
0	0	0	-0.353065	6.377438	-27.775824	6.377438	22379	-2.647666E-11	-3.776912E+10	1.342223E+16	0	0	0.330425	0.061812	0	0
0	0	0	-0.354086	6.377381	-27.777	6.377381	22388.5	-1.490427E-11	-6.709487E+10	1.342223E+16	0	0	0.318828	0.061444	0	0
0	0	0	-0.356536	6.377091	-27.779159	6.377091	22379.25	-1.636627E-11	-6.110129E+10	1.342223E+16	0	0	0.323845	0.060901	0	0
0	0	0	-0.35723	6.377247	-27.780793	6.377247	22357	-3.303366E-11	-3.027215E+10	1.342223E+16	0	0	0.321155	0.060518	0	0
0	0	0	-0.359027	6.377275	-27.783412	6.377275	22350.75	-2.134001E-11	-4.686034E+10	1.342223E+16	0	0	0.321159	0.060071	0	0
0	0	0	-0.358945	6.377374	-27.783724	6.377374	22334.5	-2.003561E-11	-4.991113E+10	1.342223E+16	0	0	0.287978	0.059776	0	0
0	0	0	-0.360456	6.37748	-27.78628	6.37748	22335.25	-1.653781E-11	-6.046751E+10	1.342223E+16	0	0	0.28053	0.059377	0	0
0	0	0	-0.360579	6.377233	-27.785386	6.377233	22321.5	-1.392294E-11	-7.182393E+10	1.342223E+16	0	0	0.289065	0.059033	0	0
0	0	0	-0.362212	6.377318	-27.788021	6.377318	22320.5	-2.201937E-11	-4.541456E+10	1.342223E+16	0	0	0.26053	0.058578	0	0
0	0	0	-0.361436	6.377395	-27.787277	6.377395	22305.75	-1.83465E-11	-5.450632E+10	1.342223E+16	0	0	0.297409	0.058275	0	0
0	0	0	-0.361845	6.377431	-27.787997	6.377431	22312.75	-1.592529E-11	-6.279321E+10	1.342223E+16	0	0	0.263928	0.057804	0	0
0	0	0	-0.363437	6.377226	-27.789329	6.377226	22309	-1.501977E-11	-6.657893E+10	1.342223E+16	0	0	0.253717	0.057381	0	0
0	0	0	-0.364418	6.377424	-27.791542	6.377424	22294.5	-2.236536E-11	-4.4712E+10	1.342223E+16	0	0	0.223437	0.057101	0	0
0	0	0	-0.362988	6.377346	-27.789221	6.377346	22285.75	-1.517622E-11	-6.589257E+10	1.342223E+16	0	0	0.258893	0.056734	0	0
0	0	0	-0.363437	6.377183	-27.789146	6.377183	22298.5	-1.737752E-11	-5.75456E+10	1.342223E+16	0	0	0.223945	0.056335	0	0
0	0	0	-0.363846	6.377212	-27.789836	6.377212	22294.5	-2.488872E-11	-4.017884E+10	1.342223E+16	0	0	0.232872	0.055936	0	0
0	0	0	-0.363764	6.377296	-27.790087	6.377296	22291	-2.314401E-11	-4.320773E+10	1.342223E+16	0	0	0.221557	0.055656	0	0
0	0	0	-0.361641	6.377296	-27.787136	6.377296	22291.75	-1.913008E-11	-5.22737E+10	1.342223E+16	0	0	0.218472	0.055161	0	0
0	0	0	-0.363274	6.377275	-27.789315	6.377275	22310.75	-1.914638E-11	-5.222918E+10	1.342223E+16	0	0	0.219593	0.054874	0	0
0	0	0	-0.36209	6.377296	-27.78776	6.377296	22296	-2.000108E-11	-4.999731E+10	1.342223E+16	0	0	0.233488	0.054546	0	0
0	0	0	-0.361722	6.377127	-27.786519	6.377127	22306.75	-1.914295E-11	-5.223855E+10	1.342223E+16	0	0	0.181421	0.054227	0	0
0	0	0	-0.360783	6.377205	-27.785548	6.377205	22310.25	-2.931645E-11	-3.411054E+10	1.342223E+16	0	0	0.205661	0.053844	0	0
0	0	0	-0.360252	6.377134	-27.784506	6.377134	22318.5	-2.358503E-11	-4.239978E+10	1.342223E+16	0	0	0.183594	0.053556	0	0
0	0	0	-0.35915	6.377183	-27.783187	6.377183	22323.5	-2.869865E-11	-3.484484E+10	1.342223E+16	0	0	0.208482	0.053093	0	0
0	0	0	-0.3587	6.377381	-27.783414	6.377381	22333.5	-2.493226E-11	-4.010868E+10	1.342223E+16	0	0	0.178469	0.05275	0	0
0	0	0	-0.35723	6.377388	-27.781401	6.377388	22337.5	-1.633574E-11	-6.121549E+10	1.342223E+16	0	0	0.176801	0.052447	0	0
0	0	0	-0.357149	6.377332	-27.781044	6.377332	22350.75	-1.614653E-11	-6.193282E+10	1.342223E+16	0	0	0.143748	0.052056	0	0
0	0	0	-0.354535	6.377113	-27.776469	6.377113	22351.5	-1.788846E-11	-5.590195E+10	1.342223E+16	0	0	0.16853	0.051736	0	0
0	0	0	-0.354617	6.377169	-27.776826	6.377169	22375.25	-3.076369E-11	-3.250585E+10	1.342223E+16	0	0	0.140054	0.051441	0	0
0	0	0	-0.356822	6.377353	-27.780681	6.377353	22374.5	-2.595411E-11	-3.852954E+10	1.342223E+16	0	0	0.162577	0.051058	0	0
0	0	0	-0.354127	6.377233	-27.776418	6.377233	22354.5	-1.719544E-11	-5.815495E+10	1.342223E+16	0	0	0.125706	0.050714	0	0
0	0	0	-0.354168	6.377233	-27.776475	6.377233	22379	-2.207708E-11	-4.529584E+10	1.342223E+16	0	0	0.131643	0.050507	0	0
0	0	0	-0.356536	6.377346	-27.780254	6.377346	22378.5	-2.207659E-11	-4.529685E+10	1.342223E+16	0	0	0.146396	0.0501	0	0
0	0	0	-0.35478	6.377395	-27.778026	6.377395	22357	-1.742311E-11	-5.739503E+10	1.342223E+16	0	0	0.130505	0.049868	0	0
0	0	0	-0.353596	6.377247	-27.775741	6.377247	22373	-1.596829E-11	-6.26241E+10	1.342223E+16	0	0	0.12902	0.049357	0	0
0	0	0	-0.354862	6.377304	-27.777744	6.377304	22383.75	-2.137151E-11	-4.679126E+10	1.342223E+16	0	0	0.104441	0.049142	0	0
0	0	0	-0.354494	6.377042	-27.776108	6.377042	22372.25	-1.892559E-11	-5.283851E+10	1.342223E+16	0	0	0.116284	0.048846	0	0
0	0	0	-0.354127	6.377077	-27.775749	6.377077	22375.75	-4.003634E-11	-2.497731E+10	1.342223E+16	0	0	0.105732	0.048519	0	0
0	0	0	-0.355883	6.377275	-27.779041	6.377275	22379	-3.479829E-11	-2.873704E+10	1.342223E+16	0	0	0.126283	0.048199	0	0
0	0	0	-0.355352	6.377035	-27.77727	6.377035	22363	-2.006118E-11	-4.984752E+10	1.342223E+16	0	0	0.132591	0.04796	0	0
0	0	0	-0.357026	6.377197	-27.780296	6.377197	22367.75	-4.126572E-11	-2.423319E+10	1.342223E+16	0	0	0.124999	0.047577	0	0
0	0	0	-0.356985	6.377296	-27.780665	6.377296	22352.5	-2.404903E-11	-4.158172E+10	1.342223E+16	0	0	0.096679	0.047337	0	0
0	0	0	-0.358823	6.377212	-27.782854	6.377212	22353	-1.918264E-11	-5.213046E+10	1.342223E+16	0	0	0.082694	0.047042	0	0
0	0	0	-0.360416	6.37741	-27.785919	6.37741	22336.5	-2.319125E-11	-4.311971E+10	1.342223E+16	0	0	0.109316	0.046834	0	0
0	0	0	-0.359926	6.377275	-27.78466	6.377275	22322	-1.555782E-11	-6.427637E+10	1.342223E+16	0	0	0.101664	0.046315	0	0
0	0	0	-0.360048	6.377388	-27.785317	6.377388	22326.25	-2.002821E-11	-4.992957E+10	1.342223E+16	0	0	0.093388	0.04602	0	0
0	0	0	-0.361477	6.377304	-27.786939	6.377304	22325.25	-1.612811E-11	-6.200356E+10	1.342223E+16	0	0	0.075776	0.045868	0	0
0	0	0	-0.364213	6.377282	-27.790651	6.377282	22312.25	-1.887484E-11	-5.29806E+10	1.342223E+16	0	0	0.109209	0.045573	0	0
0	0	0	-0.36503	6.377339	-27.792029	6.377339	22287.5	-1.969584E-11	-5.077214E+10	1.342223E+16	0	0	0.058663	0.045238	0	0
0	0	0	-0.365438	6.377289	-27.792384	6.377289	22280.25	-1.759426E-11	-5.683673E+10	1.342223E+16	0	0	0.077245	0.044958	0	0
0	0	0	-0.366133	6.377325	-27.793501	6.377325	22276.5	-1.939738E-11	-5.155335E+10	1.342223E+16	0	0	0.071709	0.044607	0	0
0	0	0	-0.369971	6.377608	-27.800052	6.377608	22270.25	-1.806699E-11	-5.534956E+10	1.342223E+16	0	0	0.075089	0.044399	0	0
0	0	0	-0.368297	6.377311	-27.796448	6.377311	22235.5	-1.166354E-11	-8.573727E+10	1.342223E+16	0	0	0.097156	0.044136	0	0
0	0	0	-0.366786	6.377148	-27.793648	6.377148	22250.75	-1.855837E-11	-5.388404E+10	1.342223E+16	0	0	0.066662	0.043848	0	0
0	0	0	-0.368787	6.37741	-27.797555	6.37741	22264.5	-2.743464E-11	-3.645026E+10	1.342223E+16	0	0	0.082745	0.043561	0	0
0	0	0	-0.368379	6.377318	-27.796592	6.377318	22246.25	-1.550502E-11	-6.449524E+10	1.342223E+16	0	0	0.061099	0.043345	0	0
0	0	0	-0.370788	6.377091	-27.798967	6.377091	22250	-1.830064E-11	-5.464289E+10	1.342223E+16	0	0	0.055182	0.043034	0	0
0	0	0	-0.36993	6.377247	-27.798445	6.377247	22228.25	-3.284343E-11	-3.044749E+10	1.342223E+16	0	0	0.109691	0.042763	0	0
0	0	0	-0.370421	6.377325	-27.79946	6.377325	22236	-2.123045E-11	-4.710217E+10	1.342223E+16	0	0	0.081544	0.042475	0	0
0	0	0	-0.370421	6.37736	-27.799612	6.37736	22231.5	-1.803556E-11	-5.544603E+10	1.342223E+16	0	0	0.027168	0.042228	0	0
0	0	0	-0.371768	6.377219	-27.800877	6.377219	22231.5	-1.688209E-11	-5.923436E+10	1.342223E+16	0	0	0.063058	0.041932	0	0
0	0	0	-0.370216	6.37712	-27.798294	6.37712	22219.5	-2.267325E-11	-4.410484E+10	1.342223E+16	0	0	0.063391	0.041701	0	0
0	0	0	-0.370094	6.377282	-27.798824	6.377282	22233.5	-2.987688E-11	-3.347069E+10	1.342223E+16	0	0	0.021091	0.041453	0	0
0	0	0	-0.368583	6.377261	-27.796632	6.377261	22234.5	-1.9649E-11	-5.089317E+10	1.342223E+16	0	0	0.087423	0.041118	0	0
0	0	0	-0.368705	6.377261	-27.796803	6.377261	22248.25	-2.058019E-11	-4.859042E+10	1.342223E+16	0	0	0.077915	0.040878	0	0
0	0	0	-0.368542	6.377275	-27.796636	6.377275	22247	-2.057903E-11	-4.859315E+10	1.342223E+16	0	0	0.071603	0.040671	0	0
0	0	0	-0.366949	6.377516	-27.795457	6.377516	22248.5	-1.995846E-11	-5.010405E+10	1.342223E+16	0	0	0.018253	0.040391	0	0
0	0	0	-0.367154	6.377113	-27.794007	6.377113	22263	-1.319337E-11	-7.579563E+10	1.342223E+16	0	0	0.068992	0.040224	0	0
0	0	0	-0.364989	6.377452	-27.792459	6.377452	22261	-3.060661E-11	-3.267268E+10	1.342223E+16	0	0	0.079699	0.03992	0	0
0	0	0	-0.36552	6.377226	-27.792223	6.377226	22280.5	-1.450703E-11	-6.89321E+10	1.342223E+16	0	0	0.069884	0.039681	0	0
0	0	0	-0.362988	6.377127	-27.788279	6.377127	22275.75	-2.234655E-11	-4.474963E+10	1.342223E+16	0	0	0.073689	0.039465	0	0
0	0	0	-0.364295	6.377367	-27.791129	6.377367	22298.5	-2.930101E-11	-3.412852E+10	1.342223E+16	0	0	0.039552	0.039202	0	0
0	0	0	-0.362253	6.377395	-27.788413	6.377395	22286.75	-1.671031E-11	-5.984331E+10	1.342223E+16	0	0	0.06076	0.038906	0	0
0	0	0	-0.361927	6.377268	-27.787411	6.377268	22305.25	-1.591994E-11	-6.281432E+10	1.342223E+16	0	0	0.068126	0.038667	0	0
0	0	0	-0.359599	6.377099	-27.783446	6.377099	22308.25	-2.031909E-11	-4.92148E+10	1.342223E+16	0	0	0.019096	0.038515	0	0
0	0	0	-0.360906	6.37707	-27.785141	6.37707	22329.25	-3.219148E-11	-3.106412E+10	1.342223E+16	0	0	0.058167	0.038276	0	0
0	0	0	-0.360701	6.377106	-27.785009	6.377106	22317.5	-3.563603E-11	-2.806149E+10	1.342223E+16	0	0	0.083631	0.037956	0	0
0	0	0	-0.359395	6.377162	-27.783436	6.377162	22319.25	-3.141421E-11	-3.183272E+10	1.342223E+16	0	0	0.041019	0.037725	0	0
0	0	0	-0.359354	6.377169	-27.78341	6.377169	22331.25	-2.642017E-11	-3.784988E+10	1.342223E+16	0	0	0.026813	0.037493	0	0
0	0	0	-0.359885	6.377233	-27.784421	6.377233	22331.5	-2.590424E-11	-3.860373E+10	1.342223E+16	0	0	0.03795	0.03719	0	0
0	0	0	-0.358415	6.377226	-27.782348	6.377226	22326.75	-2.202554E-11	-4.540185E+10	1.342223E+16	0	0	0.049178	0.03695	0	0
0	0	0	-0.358088	6.377395	-27.782623	6.377395	22340	-2.241101E-11	-4.462093E+10	1.342223E+16	0	0	0.053078	0.036767	0	0
0	0	0	-0.358864	6.377176	-27.782759	6.377176	22343	-1.594688E-11	-6.270819E+10	1.342223E+16	0	0	0.105058	0.036591	0	0
0	0	0	-0.357434	6.377247	-27.781077	6.377247	22336	-2.541292E-11	-3.935007E+10	1.342223E+16	0	0	0.046226	0.036344	0	0
0	0	0	-0.358496	6.377289	-27.782735	6.377289	22349	-2.133834E-11	-4.686401E+10	1.342223E+16	0	0	0.020342	0.036056	0	0
0	0	0	-0.359926	6.377169	-27.784204	6.377169	22339.25	-1.945202E-11	-5.140854E+10	1.342223E+16	0	0	-0.028444	0.035992	0	0
0	0	0	-0.359354	6.377141	-27.783288	6.377141	22326.25	-2.589815E-11	-3.86128E+10	1.342223E+16	0	0	0.050817	0.035689	0	0
0	0	0	-0.361763	6.377282	-27.787245	6.377282	22331.5	-2.810044E-11	-3.558663E+10	1.342223E+16	0	0	0.054976	0.035434	0	0
0	0	0	-0.362294	6.37724	-27.7878	6.37724	22309.75	-1.97155E-11	-5.072151E+10	1.342223E+16	0	0	0.066836	0.035202	0	0
0	0	0	-0.362457	6.377395	-27.788696	6.377395	22305	-2.164442E-11	-4.620129E+10	1.342223E+16	0	0	0.055645	0.034994	0	0
0	0	0	-0.363764	6.377424	-27.790634	6.377424	22303.5	-1.591869E-11	-6.281925E+10	1.342223E+16	0	0	0.059901	0.034747	0	0
0	0	0	-0.364458	6.377169	-27.790505	6.377169	22291.75	-1.51803E-11	-6.587483E+10	1.342223E+16	0	0	0.07195	0.034539	0	0
0	0	0	-0.364418	6.377296	-27.790995	6.377296	22285.25	-2.585059E-11	-3.868384E+10	1.342223E+16	0	0	0.029125	0.03438	0	0
0	0	0	-0.367235	6.377162	-27.794334	6.377162	22285.75	-1.912493E-11	-5.228777E+10	1.342223E+16	0	0	0.021434	0.034124	0	0
0	0	0	-0.367276	6.37719	-27.794512	6.37719	22260.25	-2.633617E-11	-3.79706E+10	1.342223E+16	0	0	-0.026094	0.033957	0	0
0	0	0	-0.367317	6.377318	-27.795116	6.377318	22260	-2.439155E-11	-4.099781E+10	1.342223E+16	0	0	0.065672	0.033693	0	0
0	0	0	-0.370747	6.377367	-27.800097	6.377367	22259.5	-1.830845E-11	-5.461957E+10	1.342223E+16	0	0	0.053895	0.033549	0	0
0	0	0	-0.370625	6.377282	-27.799562	6.377282	22228.5	-1.666663E-11	-6.000013E+10	1.342223E+16	0	0	-0.002319	0.033398	0	0
0	0	0	-0.369155	6.377367	-27.797883	6.377367	22229.75	-1.964481E-11	-5.090404E+10	1.342223E+16	0	0	0.0585	0.033198	0	0
0	0	0	-0.369767	6.377445	-27.799069	6.377445	22243	-1.66775E-11	-5.996101E+10	1.342223E+16	0	0	0.001736	0.032943	0	0
0	0	0	-0.369522	6.377261	-27.797938	6.377261	22237.5	-1.463959E-11	-6.830793E+10	1.342223E+16	0	0	0.034629	0.032727	0	0
0	0	0	-0.371972	6.377247	-27.801283	6.377247	22239.75	-2.057232E-11	-4.8609E+10	1.342223E+16	0	0	0.038944	0.032551	0	0
0	0	0	-0.371278	6.377268	-27.800409	6.377268	22217.5	-2.121278E-11	-4.714139E+10	1.342223E+16	0	0	0.06846	0.032264	0	0
0	0	0	-0.372789	6.377261	-27.802478	6.377261	22224	-2.024235E-11	-4.940137E+10	1.342223E+16	0	0	0.056169	0.032128	0	0
0	0	0	-0.374423	6.377346	-27.805114	6.377346	22210.25	-2.054504E-11	-4.867356E+10	1.342223E+16	0	0	0.001785	0.031985	0	0
0	0	0	-0.3743	6.377268	-27.804609	6.377268	22195.5	-1.729725E-11	-5.781265E+10	1.342223E+16	0	0	-0.00665	0.031817	0	0
0	0	0	-0.373197	6.377431	-27.803776	6.377431	22196.75	-2.021753E-11	-4.946201E+10	1.342223E+16	0	0	0.01033	0.03153	0	0
0	0	0	-0.374341	6.377325	-27.804909	6.377325	22206.5	-1.495076E-11	-6.688625E+10	1.342223E+16	0	0	0.044692	0.031322	0	0
0	0	0	-0.372177	6.377494	-27.802631	6.377494	22196.25	-1.800696E-11	-5.553409E+10	1.342223E+16	0	0	0.010444	0.031162	0	0
0	0	0	-0.371686	6.377247	-27.800885	6.377247	22215.75	-1.357179E-11	-7.368223E+10	1.342223E+16	0	0	0.006173	0.030971	0	0
0	0	0	-0.36993	6.377134	-27.797958	6.377134	22220.25	-2.121541E-11	-4.713555E+10	1.342223E+16	0	0	0.001849	0.030843	0	0
0	0	0	-0.369114	6.377374	-27.797857	6.377374	22236	-2.858617E-11	-3.498196E+10	1.342223E+16	0	0	0.023762	0.030619	0	0
0	0	0	-0.369726	6.377155	-27.797765	6.377155	22243.25	-1.646969E-11	-6.071761E+10	1.342223E+16	0	0	0.054638	0.030484	0	0
0	0	0	-0.368828	6.377099	-27.796273	6.377099	22237.75	-2.684451E-11	-3.725156E+10	1.342223E+16	0	0	0.0463	0.030172	0	0
0	0	0	-0.368787	6.377424	-27.797616	6.377424	22246	-3.207146E-11	-3.118037E+10	1.342223E+16	0	0	0.019744	0.030029	0	0
0	0	0	-0.366378	6.377113	-27.792929	6.377113	22246.25	-1.514932E-11	-6.600957E+10	1.342223E+16	0	0	-0.020502	0.029893	0	0
0	0	0	-0.366786	6.377247	-27.794074	6.377247	22268	-3.061623E-11	-3.266241E+10	1.342223E+16	0	0	0.028974	0.029693	0	0
0	0	0	-0.365357	6.377339	-27.792483	6.377339	22264.5	-2.125766E-11	-4.704187E+10	1.342223E+16	0	0	0.060923	0.029494	0	0
0	0	0	-0.364908	6.377233	-27.791403	6.377233	22277.25	-1.759189E-11	-5.684439E+10	1.342223E+16	0	0	0.001938	0.029342	0	0
0	0	0	-0.365398	6.377296	-27.792357	6.377296	22281.25	-2.198065E-11	-4.549456E+10	1.342223E+16	0	0	0.066136	0.029182	0	0
0	0	0	-0.362212	6.377367	-27.788234	6.377367	22277	-1.911742E-11	-5.230831E+10	1.342223E+16	0	0	0.089749	0.028951	0	0
0	0	0	-0.363315	6.377226	-27.789159	6.377226	22305.75	-1.672455E-11	-5.979233E+10	1.342223E+16	0	0	0.015892	0.028815	0	0
0	0	0	-0.3616	6.377558	-27.788204	6.377558	22295.75	-2.236662E-11	-4.470949E+10	1.342223E+16	0	0	0.025352	0.0286	0	0
0	0	0	-0.362457	6.377254	-27.788088	6.377254	22311.25	-1.247482E-11	-8.016147E+10	1.342223E+16	0	0	0.067778	0.02844	0	0
0	0	0	-0.361518	6.377388	-27.787361	6.377388	22303.5	-2.095784E-11	-4.771484E+10	1.342223E+16	0	0	0.058686	0.028288	0	0
0	0	0	-0.360211	6.377282	-27.785088	6.377282	22312	-1.611853E-11	-6.204038E+10	1.342223E+16	0	0	0	0	0	0
0	0	0	-0.359476	6.37719	-27.783671	6.37719	22323.75	-1.972788E-11	-5.06897E+10	1.342223E+16	0	0	0	0	0	0
0	0	0	-0.358823	6.377205	-27.782824	6.377205	22330.5	-2.44688E-11	-4.086838E+10	1.342223E+16	0	0	0	0	0	0
0	0	0	-0.360579	6.376992	-27.784352	6.376992	22336.5	-2.360405E-11	-4.236561E+10	1.342223E+16	0	0	0	0	0	0
0	0	0	-0.360661	6.377176	-27.785256	6.377176	22320.5	-5.061596E-11	-1.975662E+10	1.342223E+16	0	0	0	0	0	0
0	0	0	-0.358374	6.377289	-27.782564	6.377289	22319.75	-2.539443E-11	-3.937872E+10	1.342223E+16	0	0	0	0	0	0
0	0	0	-0.360171	6.377346	-27.785305	6.377346	22340.5	-1.945311E-11	-5.140566E+10	1.342223E+16	0	0	0	0	0	0
0	0	0	-0.360252	6.377254	-27.785023	6.377254	22324.25	-1.739759E-11	-5.747923E+10	1.342223E+16	0	0	0	0	0	0
0	0	0	-0.361232	6.377183	-27.786081	6.377183	22323.5	-2.097664E-11	-4.767209E+10	1.342223E+16	0	0	0	0	0	0
0	0	0	0	0	0	0	22314.5	-2.491105E-11	-4.014283E+10	1.342223E+16	0	0	0	0	0	0
