Vload_(V)	ILoad_(A)	RsLoad_(ohm)	SunsVoc_Voltage_(V)	SunsVoc_Current_(A)	Model_Voltage_(V)	Model_Current_(A)	Carrier_Density_(cm-3)	Lifetime_(s)	Inverse_Lifetime_(s-1)	(Carrier_Density+Doping)/qWni^2_(cm^2/C)	Carrier_Density_at_Vmp_(cm-3)	Lifetime_at_Vmp_(s)	Efficiency_(%)	Intensity_(suns)	Dark_IV_Voltage_(V)	Dark_IV_Current_(A)
3.569283	6.36295	0	65.42765	0.099951	65.378367	0.099951	3.90131E+15	0.000246	4041.290386	3.171887E+16	3.347655E+14	0.000415	19.641388	1.122418	0	0
3.609474	6.36501	-0.613451	65.247519	0.525166	64.988622	0.525166	3.721834E+15	0.000249	3985.67659	3.087715E+16	0	0	19.709034	1.119147	0	0
5.976659	6.362514	1.074447	65.064081	0.928751	64.606299	0.928751	3.551563E+15	0.000255	3894.708573	3.00786E+16	0	0	19.694951	1.114201	0	0
11.610421	6.339365	6.071285	64.879418	1.293159	64.242126	1.293159	3.384946E+15	0.000261	3805.339999	2.929719E+16	0	0	19.582275	1.111633	0	0
16.775641	6.33665	5.313358	64.709048	1.615774	63.912887	1.615774	3.223891E+15	0.000267	3728.893414	2.854186E+16	0	0	19.668011	1.109176	0	0
21.553231	6.332714	4.631919	64.537657	1.919544	63.591963	1.919544	3.08104E+15	0.000272	3654.638002	2.787191E+16	0	0	19.66202	1.103807	0	0
27.73804	6.308272	3.947513	64.367042	2.210397	63.278222	2.210397	2.94271E+15	0.000278	3582.651294	2.722316E+16	0	0	19.594825	1.095575	0	0
33.559507	6.307092	3.034863	64.194017	2.482141	62.971531	2.482141	2.81019E+15	0.000284	3506.987564	2.660166E+16	0	0	19.650061	1.08759	0	0
39.302772	6.315757	2.043738	64.021523	2.72792	62.678198	2.72792	2.680912E+15	0.00029	3436.445446	2.599536E+16	0	0	19.581374	1.080737	0	0
45.10165	6.293382	1.308385	63.854665	2.957687	62.398414	2.957687	2.556994E+15	0.000295	3375.66462	2.54142E+16	0	0	19.695362	1.07201	0	0
46.533603	6.301335	1.024175	63.681926	3.171215	62.120787	3.171215	2.441688E+15	0.000301	3312.376956	2.487344E+16	0	0	19.655957	1.061791	0	0
48.01991	6.329454	0.502145	63.517477	3.3688	61.859317	3.3688	2.326899E+15	0.000306	3258.577595	2.433509E+16	0	0	19.575542	1.051573	0	0
49.44918	6.232968	0.903006	63.353682	3.550801	61.606198	3.550801	2.221813E+15	0.000312	3202.072	2.384225E+16	0	0	19.634247	1.042479	0	0
50.907507	6.210557	0.742504	63.192132	3.71978	61.361756	3.71978	2.121085E+15	0.000317	3150.845367	2.336985E+16	0	0	19.581275	1.033113	0	0
52.374879	6.179146	0.591835	63.030828	3.879373	61.1222	3.879373	2.025474E+15	0.000322	3101.852338	2.292144E+16	0	0	19.63387	1.022823	0	0
53.833363	6.092503	0.534204	62.867971	4.027768	60.886627	4.027768	1.933598E+15	0.000327	3053.54798	2.249056E+16	0	0	19.593074	1.012141	0	0
55.282319	5.949671	0.497243	62.706258	4.168865	60.655806	4.168865	1.844368E+15	0.000332	3010.469515	2.207208E+16	0	0	19.58608	1.002369	0	0
56.715996	5.69829	0.490423	62.537277	4.299889	60.422704	4.299889	1.759169E+15	0.000337	2965.987875	2.167251E+16	0	0	19.643286	0.992685	0	0
58.207322	5.254686	0.507484	62.38026	4.421985	60.205954	4.421985	1.673654E+15	0.000341	2931.791786	2.127145E+16	0	0	19.590788	0.98273	0	0
59.494703	4.804326	0.475845	62.219813	4.535489	59.990022	4.535489	1.597314E+15	0.000345	2890.456632	2.091343E+16	0	0	19.627271	0.972678	0	0
60.858572	4.032594	0.490399	62.065206	4.640207	59.784251	4.640207	1.522318E+15	0.00035	2855.836348	2.05617E+16	0	0	19.640031	0.963186	0	0
62.132388	3.220171	0.459283	61.908148	4.739233	59.578848	4.739233	1.452845E+15	0.000354	2821.221222	2.023589E+16	0	0	19.571819	0.954131	0	0
63.297571	2.176738	0.512321	61.755583	4.830374	59.381817	4.830374	1.384995E+15	0.000358	2789.597621	1.991768E+16	0	0	19.625362	0.944958	0	0
64.272357	1.209455	0.571151	61.601751	4.916491	59.186002	4.916491	1.321638E+15	0.000362	2759.487401	1.962054E+16	0	0	19.615223	0.935561	0	0
54.733808	6.026122	0.489609	61.449839	4.996951	58.994895	4.996951	1.260226E+15	0.000366	2731.577911	1.933253E+16	0	0	19.606658	0.926443	0	0
65.470524	0	0	61.298295	5.072098	58.806774	5.072098	1.201944E+15	0.000369	2704.931341	1.905919E+16	0	0	19.650704	0.91758	0	0
0	0	0	61.148833	5.142287	58.623177	5.142287	1.146074E+15	0.000373	2680.930343	1.879717E+16	0	0	19.572098	0.908805	0	0
0	0	0	61.000187	5.207917	58.442642	5.207917	1.093128E+15	0.000376	2658.128411	1.854886E+16	0	0	19.649215	0.899711	0	0
0	0	0	60.851787	5.269778	58.264212	5.269778	1.042532E+15	0.000379	2637.441389	1.831157E+16	0	0	19.596172	0.890785	0	0
0	0	0	60.705511	5.327744	58.08982	5.327744	9.940091E+14	0.000382	2618.189084	1.808401E+16	0	0	19.582469	0.881922	0	0
0	0	0	60.560459	5.382249	57.918358	5.382249	9.480682E+14	0.000384	2599.637912	1.786855E+16	0	0	19.632483	0.873466	0	0
0	0	0	60.409282	5.4334	57.742437	5.4334	9.043076E+14	0.000387	2582.065304	1.766332E+16	0	0	19.548418	0.864955	0	0
0	0	0	60.26615	5.4831	57.575261	5.4831	8.605442E+14	0.000389	2571.974919	1.745807E+16	0	0	19.643183	0.856371	0	0
0	0	0	60.125427	5.531232	57.411264	5.531232	8.207925E+14	0.000392	2552.464904	1.727164E+16	0	0	19.606891	0.848075	0	0
0	0	0	59.983928	5.573924	57.249169	5.573924	7.83257E+14	0.000395	2528.551462	1.709561E+16	0	0	19.576465	0.83989	0	0
0	0	0	59.845615	5.614478	57.091304	5.614478	7.470145E+14	0.000397	2515.226673	1.692563E+16	0	0	19.615622	0.831897	0	0
0	0	0	59.705831	5.652853	56.933047	5.652853	7.129975E+14	0.0004	2499.859681	1.67661E+16	0	0	19.550845	0.824159	0	0
0	0	0	59.565476	5.6888	56.775416	5.6888	6.799914E+14	0.000402	2486.880968	1.66113E+16	0	0	19.566999	0.816366	0	0
0	0	0	59.428877	5.722425	56.622675	5.722425	6.481957E+14	0.000404	2476.867822	1.646219E+16	0	0	19.595473	0.808691	0	0
0	0	0	59.292605	5.754324	56.47111	5.754324	6.185051E+14	0.000405	2466.355971	1.632294E+16	0	0	19.539237	0.801057	0	0
0	0	0	59.155721	5.78419	56.319935	5.78419	5.900793E+14	0.000407	2456.477068	1.618963E+16	0	0	19.589072	0.793391	0	0
0	0	0	59.018061	5.813457	56.168284	5.813457	5.626882E+14	0.000408	2449.696892	1.606117E+16	0	0	19.557274	0.785805	0	0
0	0	0	58.88477	5.840601	56.022034	5.840601	5.362791E+14	0.00041	2440.400619	1.593731E+16	0	0	19.537322	0.77841	0	0
0	0	0	58.750051	5.865925	55.875254	5.865925	5.117599E+14	0.000411	2431.035405	1.582232E+16	0	0	19.633687	0.770888	0	0
0	0	0	58.61676	5.889899	55.730565	5.889899	4.879947E+14	0.000412	2425.868534	1.571086E+16	0	0	19.54331	0.763596	0	0
0	0	0	58.485389	5.912399	55.588514	5.912399	4.654548E+14	0.000413	2420.696121	1.560515E+16	0	0	19.522348	0.756361	0	0
0	0	0	58.355406	5.933738	55.44842	5.933738	4.441553E+14	0.000414	2416.154631	1.550526E+16	0	0	19.542438	0.749086	0	0
0	0	0	58.223912	5.954125	55.307288	5.954125	4.23946E+14	0.000415	2411.474123	1.541048E+16	0	0	19.497695	0.74197	0	0
0	0	0	58.089968	5.972981	55.164464	5.972981	4.043481E+14	0.000415	2408.28205	1.531857E+16	0	0	19.56772	0.734998	0	0
0	0	0	57.959454	5.991131	55.02541	5.991131	3.852301E+14	0.000415	2411.240823	1.522891E+16	0	0	19.4898	0.72817	0	0
0	0	0	57.829471	6.008806	54.887119	6.008806	3.673937E+14	0.000415	2410.653129	1.514526E+16	0	0	19.496847	0.721222	0	0
0	0	0	57.702429	6.02537	54.752307	6.02537	3.503795E+14	0.000415	2407.571421	1.506547E+16	0	0	19.554187	0.714664	0	0
0	0	0	57.573671	6.040407	54.616534	6.040407	3.344479E+14	0.000416	2404.301179	1.499075E+16	0	0	19.441623	0.708043	0	0
0	0	0	57.447935	6.055235	54.483879	6.055235	3.189802E+14	0.000415	2408.618462	1.491821E+16	0	0	19.4769	0.701422	0	0
0	0	0	57.322608	6.06934	54.351986	6.06934	3.045119E+14	0.000415	2407.08473	1.485035E+16	0	0	19.431916	0.694889	0	0
0	0	0	57.197688	6.082349	54.221039	6.082349	2.906941E+14	0.000416	2405.934696	1.478555E+16	0	0	19.406044	0.688212	0	0
0	0	0	57.071708	6.094491	54.089458	6.094491	2.774995E+14	0.000415	2408.678337	1.472367E+16	0	0	19.502086	0.681623	0	0
0	0	0	56.947809	6.10671	53.959918	6.10671	2.647562E+14	0.000414	2415.379156	1.46639E+16	0	0	19.447784	0.675361	0	0
0	0	0	56.827505	6.118398	53.834223	6.118398	2.527554E+14	0.000414	2414.913777	1.460762E+16	0	0	19.444911	0.66929	0	0
0	0	0	56.701524	6.128957	53.703421	6.128957	2.41589E+14	0.000415	2411.295596	1.455525E+16	0	0	19.405372	0.663244	0	0
0	0	0	56.580239	6.13907	53.577522	6.13907	2.303905E+14	0.000413	2419.33826	1.450273E+16	0	0	19.372621	0.657037	0	0
0	0	0	56.457729	6.149026	53.450479	6.149026	2.2007E+14	0.000413	2423.345301	1.445433E+16	0	0	19.454601	0.650999	0	0
0	0	0	56.334689	6.158257	53.323262	6.158257	2.100867E+14	0.000412	2425.616184	1.440751E+16	0	0	19.361622	0.644737	0	0
0	0	0	56.214915	6.167196	53.199446	6.167196	2.0049E+14	0.000411	2432.051484	1.43625E+16	0	0	19.366376	0.638466	0	0
0	0	0	56.092732	6.175728	53.073428	6.175728	1.915461E+14	0.000411	2434.452957	1.432056E+16	0	0	19.38761	0.63238	0	0
0	0	0	55.972346	6.183949	52.949355	6.183949	1.828116E+14	0.00041	2439.595965	1.427959E+16	0	0	19.344461	0.626285	0	0
0	0	0	55.853062	6.191445	52.826736	6.191445	1.745752E+14	0.000409	2442.525234	1.424097E+16	0	0	19.450307	0.620454	0	0
0	0	0	55.73386	6.198684	52.704325	6.198684	1.667624E+14	0.000408	2449.874331	1.420433E+16	0	0	19.338832	0.614671	0	0
0	0	0	55.610983	6.205565	52.578425	6.205565	1.592878E+14	0.000407	2456.588825	1.416927E+16	0	0	19.318334	0.608919	0	0
0	0	0	55.489616	6.212452	52.454029	6.212452	1.519173E+14	0.000405	2467.883341	1.41347E+16	0	0	19.366301	0.60312	0	0
0	0	0	55.371885	6.218437	52.3337	6.218437	1.449577E+14	0.000404	2473.182784	1.410206E+16	0	0	19.24348	0.597496	0	0
0	0	0	55.253213	6.224854	52.212223	6.224854	1.384986E+14	0.000402	2485.601022	1.407177E+16	0	0	19.349696	0.591768	0	0
0	0	0	55.135931	6.230592	52.092463	6.230592	1.322674E+14	0.000402	2487.118032	1.404255E+16	0	0	19.300374	0.5862	0	0
0	0	0	55.017791	6.236036	51.971992	6.236036	1.263739E+14	0.000401	2494.942796	1.401491E+16	0	0	19.226665	0.580568	0	0
0	0	0	54.899814	6.24144	51.851705	6.24144	1.20693E+14	0.000399	2504.937154	1.398827E+16	0	0	19.333727	0.575415	0	0
0	0	0	54.784491	6.246493	51.734236	6.246493	1.152656E+14	0.000398	2511.199787	1.396281E+16	0	0	19.214987	0.570102	0	0
0	0	0	54.669822	6.25107	51.617651	6.25107	1.101883E+14	0.000397	2517.674134	1.3939E+16	0	0	19.27246	0.564805	0	0
0	0	0	54.552743	6.256017	51.498484	6.256017	1.053541E+14	0.000395	2529.703152	1.391633E+16	0	0	19.198964	0.559644	0	0
0	0	0	54.437993	6.260344	51.381942	6.260344	1.006302E+14	0.000395	2531.354098	1.389417E+16	0	0	19.198566	0.554172	0	0
0	0	0	54.322303	6.264155	51.264715	6.264155	9.619962E+13	0.000394	2540.80548	1.38734E+16	0	0	19.276177	0.549154	0	0
0	0	0	54.206531	6.268251	51.147267	6.268251	9.192444E+13	0.000391	2560.214259	1.385335E+16	0	0	19.143249	0.544041	0	0
0	0	0	54.092801	6.272024	51.032014	6.272024	8.783111E+13	0.000389	2568.4434	1.383415E+16	0	0	19.257532	0.539143	0	0
0	0	0	53.976376	6.275754	50.914095	6.275754	8.398273E+13	0.000388	2579.108674	1.38161E+16	0	0	19.155677	0.534324	0	0
0	0	0	53.863871	6.279376	50.800137	6.279376	8.021325E+13	0.000386	2589.543485	1.379842E+16	0	0	19.141045	0.529434	0	0
0	0	0	53.748058	6.282748	50.683005	6.282748	7.672755E+13	0.000385	2594.711484	1.378207E+16	0	0	19.104078	0.524656	0	0
0	0	0	53.633471	6.285757	50.56727	6.285757	7.329376E+13	0.000384	2606.707125	1.376597E+16	0	0	19.036996	0.51963	0	0
0	0	0	53.520231	6.289101	50.452717	6.289101	7.004413E+13	0.000381	2625.289611	1.375073E+16	0	0	19.128578	0.514764	0	0
0	0	0	53.402254	6.291892	50.33371	6.291892	6.69712E+13	0.000381	2626.815524	1.373632E+16	0	0	19.081053	0.510074	0	0
0	0	0	53.289994	6.294525	50.220481	6.294525	6.391004E+13	0.000378	2648.587509	1.372196E+16	0	0	19.07345	0.50579	0	0
0	0	0	53.168261	6.297367	50.097704	6.297367	6.112463E+13	0.000375	2666.674629	1.37089E+16	0	0	19.071217	0.501243	0	0
0	0	0	53.054	6.299836	49.98256	6.299836	5.823855E+13	0.000373	2682.591369	1.369536E+16	0	0	19.032225	0.496728	0	0
0	0	0	52.940147	6.30247	49.867744	6.30247	5.565147E+13	0.00037	2701.580189	1.368323E+16	0	0	19.02964	0.492221	0	0
0	0	0	52.823886	6.304685	49.750729	6.304685	5.318595E+13	0.000369	2708.858434	1.367167E+16	0	0	18.913237	0.487786	0	0
0	0	0	52.71183	6.307157	49.637784	6.307157	5.077904E+13	0.000366	2733.371452	1.366038E+16	0	0	18.958324	0.483167	0	0
0	0	0	52.594139	6.309321	49.51937	6.309321	4.856069E+13	0.000365	2736.930483	1.364998E+16	0	0	18.904956	0.478819	0	0
0	0	0	52.479837	6.311253	49.404448	6.311253	4.633343E+13	0.000363	2757.275242	1.363953E+16	0	0	18.963119	0.474615	0	0
0	0	0	52.365046	6.313096	49.289082	6.313096	4.42667E+13	0.000359	2782.018601	1.362984E+16	0	0	18.923453	0.470427	0	0
0	0	0	52.249233	6.31526	49.172541	6.31526	4.228258E+13	0.000356	2808.757269	1.362053E+16	0	0	18.866603	0.466199	0	0
0	0	0	52.134891	6.317089	49.05763	6.317089	4.036971E+13	0.000355	2814.129759	1.361156E+16	0	0	18.947402	0.462091	0	0
0	0	0	52.017894	6.3188	48.940129	6.3188	3.856493E+13	0.000353	2832.839381	1.36031E+16	0	0	18.828362	0.457847	0	0
0	0	0	51.901469	6.32056	48.823175	6.32056	3.680071E+13	0.00035	2857.912104	1.359482E+16	0	0	18.868177	0.4535	0	0
0	0	0	51.785248	6.322223	48.706472	6.322223	3.512429E+13	0.000348	2874.903634	1.358696E+16	0	0	18.749243	0.449495	0	0
0	0	0	51.670538	6.323914	48.591262	6.323914	3.352611E+13	0.000346	2893.81749	1.357946E+16	0	0	18.851331	0.445459	0	0
0	0	0	51.554194	6.325438	48.474505	6.325438	3.201926E+13	0.000344	2904.201462	1.35724E+16	0	0	18.751147	0.441693	0	0
0	0	0	51.43879	6.326967	48.358682	6.326967	3.055941E+13	0.000342	2924.147004	1.356555E+16	0	0	18.782054	0.437777	0	0
0	0	0	51.32065	6.327979	48.240383	6.327979	2.917645E+13	0.00034	2937.893023	1.355907E+16	0	0	18.678574	0.433956	0	0
0	0	0	51.202632	6.329736	48.121843	6.329736	2.78249E+13	0.000334	2993.952876	1.355273E+16	0	0	18.703085	0.429791	0	0
0	0	0	51.079918	6.330875	47.998922	6.330875	2.65367E+13	0.000335	2981.557201	1.354669E+16	0	0	18.664277	0.425803	0	0
0	0	0	50.95602	6.331926	47.874862	6.331926	2.52599E+13	0.000331	3024.892581	1.35407E+16	0	0	18.698692	0.422038	0	0
0	0	0	50.832939	6.333095	47.751559	6.333095	2.403259E+13	0.000325	3075.134693	1.353494E+16	0	0	18.655771	0.418432	0	0
0	0	0	50.712838	6.334199	47.631261	6.334199	2.287196E+13	0.000322	3109.498759	1.35295E+16	0	0	18.624979	0.414842	0	0
0	0	0	50.589308	6.335401	47.507495	6.335401	2.179309E+13	0.000318	3142.68254	1.352444E+16	0	0	18.502506	0.411085	0	0
0	0	0	50.462102	6.336597	47.380067	6.336597	2.073609E+13	0.000316	3164.866735	1.351948E+16	0	0	18.584318	0.407264	0	0
0	0	0	50.338244	6.337589	47.256077	6.337589	1.970084E+13	0.000314	3186.504184	1.351463E+16	0	0	18.57631	0.403435	0	0
0	0	0	50.20773	6.338695	47.125394	6.338695	1.87422E+13	0.00031	3223.459782	1.351013E+16	0	0	18.574121	0.399917	0	0
0	0	0	50.076441	6.339682	46.993996	6.339682	1.778217E+13	0.000308	3249.271221	1.350563E+16	0	0	18.462297	0.396519	0	0
0	0	0	49.943681	6.34057	46.86118	6.34057	1.686575E+13	0.000304	3286.422544	1.350133E+16	0	0	18.426878	0.393104	0	0
0	0	0	49.808104	6.341453	46.725557	6.341453	1.598683E+13	0.0003	3334.837181	1.349721E+16	0	0	18.478153	0.38973	0	0
0	0	0	49.67126	6.342177	46.588749	6.342177	1.513626E+13	0.000296	3383.240964	1.349322E+16	0	0	18.446944	0.386156	0	0
0	0	0	49.53066	6.343174	46.448062	6.343174	1.43234E+13	0.000289	3454.715863	1.348941E+16	0	0	18.323363	0.382662	0	0
0	0	0	49.386997	6.343797	46.304503	6.343797	1.353345E+13	0.000287	3480.926909	1.34857E+16	0	0	18.447316	0.37936	0	0
0	0	0	49.238678	6.344694	46.156168	6.344694	1.277109E+13	0.00028	3572.539221	1.348213E+16	0	0	18.430794	0.376129	0	0
0	0	0	49.08893	6.345271	46.006564	6.345271	1.202886E+13	0.000277	3615.291213	1.347865E+16	0	0	18.351836	0.373058	0	0
0	0	0	48.933221	6.346084	45.8509	6.346084	1.132306E+13	0.000269	3719.292982	1.347534E+16	0	0	18.310532	0.369843	0	0
0	0	0	48.772161	6.346693	45.690001	6.346693	1.063288E+13	0.000265	3778.612236	1.34721E+16	0	0	18.294052	0.3667	0	0
0	0	0	48.603057	6.347188	45.521134	6.347188	9.963071E+12	0.000257	3887.099743	1.346896E+16	0	0	18.228243	0.363278	0	0
0	0	0	48.431951	6.348036	45.350102	6.348036	9.305017E+12	0.000248	4035.023963	1.346587E+16	0	0	18.313172	0.360135	0	0
0	0	0	48.258314	6.348525	45.176719	6.348525	8.68327E+12	0.000244	4091.43777	1.346296E+16	0	0	18.208685	0.357143	0	0
0	0	0	48.07553	6.349333	44.99406	6.349333	8.094661E+12	0.000236	4245.008014	1.346019E+16	0	0	18.253879	0.354327	0	0
0	0	0	47.889723	6.349531	44.808684	6.349531	7.517987E+12	0.000232	4314.515571	1.345749E+16	0	0	18.137346	0.351408	0	0
0	0	0	47.692809	6.350223	44.611992	6.350223	6.973768E+12	0.000218	4583.813701	1.345494E+16	0	0	18.127207	0.348241	0	0
0	0	0	47.48638	6.350764	44.405886	6.350764	6.439855E+12	0.000212	4707.750027	1.345243E+16	0	0	18.144122	0.34505	0	0
0	0	0	47.271416	6.351096	44.19137	6.351096	5.923885E+12	0.000204	4900.267523	1.345001E+16	0	0	18.111633	0.342098	0	0
0	0	0	47.04167	6.351671	43.961996	6.351671	5.430389E+12	0.000192	5200.115905	1.34477E+16	0	0	18.077562	0.339258	0	0
0	0	0	46.802204	6.352081	43.72301	6.352081	4.948238E+12	0.000184	5429.820795	1.344544E+16	0	0	18.01817	0.336674	0	0
0	0	0	46.554326	6.352633	43.475567	6.352633	4.491125E+12	0.000173	5764.949766	1.344329E+16	0	0	18.012625	0.333866	0	0
0	0	0	46.299261	6.35293	43.22108	6.35293	4.062321E+12	0.000165	6049.923843	1.344128E+16	0	0	17.982408	0.330723	0	0
0	0	0	46.027575	6.353458	42.949908	6.353458	3.663728E+12	0.000153	6514.981656	1.343941E+16	0	0	18.029586	0.327843	0	0
0	0	0	45.746782	6.353836	42.669729	6.353836	3.282034E+12	0.000145	6889.04603	1.343762E+16	0	0	17.928774	0.324971	0	0
0	0	0	45.448879	6.354101	42.372542	6.354101	2.929242E+12	0.000135	7411.340832	1.343597E+16	0	0	17.899424	0.322403	0	0
0	0	0	45.132927	6.354697	42.057197	6.354697	2.59628E+12	0.000123	8119.157691	1.343441E+16	0	0	17.887054	0.319682	0	0
0	0	0	44.79333	6.354936	41.718447	6.354936	2.28437E+12	0.000116	8606.226584	1.343295E+16	0	0	17.846073	0.317042	0	0
0	0	0	44.438868	6.355606	41.364666	6.355606	1.990744E+12	0.000104	9589.543431	1.343157E+16	0	0	17.871262	0.31413	0	0
0	0	0	44.065703	6.355614	40.992556	6.355614	1.724419E+12	9.856784E-5	10145.2968	1.343032E+16	0	0	17.754645	0.311338	0	0
0	0	0	43.672978	6.35613	40.600694	6.35613	1.482427E+12	8.483171E-5	11788.045242	1.342918E+16	0	0	17.772407	0.308698	0	0
0	0	0	43.265347	6.356187	40.194192	6.356187	1.264317E+12	7.782599E-5	12849.178798	1.342816E+16	0	0	17.709009	0.306241	0	0
0	0	0	42.847017	6.356694	39.776803	6.356694	1.071792E+12	6.65311E-5	15030.563814	1.342726E+16	0	0	17.679429	0.303784	0	0
0	0	0	42.413373	6.35683	39.344324	6.35683	9.046426E+11	6.070372E-5	16473.455806	1.342647E+16	0	0	17.652912	0.30112	0	0
0	0	0	41.971603	6.357372	38.903545	6.357372	7.588291E+11	5.20542E-5	19210.745864	1.342579E+16	0	0	17.634867	0.298359	0	0
0	0	0	41.49602	6.357595	38.429203	6.357595	6.344199E+11	4.774785E-5	20943.350245	1.342521E+16	0	0	17.677928	0.295727	0	0
0	0	0	41.002306	6.357782	37.936799	6.357782	5.231834E+11	4.101883E-5	24379.046007	1.342469E+16	0	0	17.625398	0.293406	0	0
0	0	0	40.488173	6.358157	37.423944	6.358157	4.282881E+11	3.478822E-5	28745.364303	1.342424E+16	0	0	17.537648	0.2911	0	0
0	0	0	39.950274	6.358523	36.887394	6.358523	3.477129E+11	3.045402E-5	32836.387649	1.342386E+16	0	0	17.528771	0.288723	0	0
0	0	0	39.386443	6.358881	36.32499	6.358881	2.795881E+11	2.651285E-5	37717.56305	1.342354E+16	0	0	17.511264	0.286003	0	0
0	0	0	38.792516	6.359018	35.732682	6.359018	2.224586E+11	2.294945E-5	43574.03524	1.342328E+16	0	0	17.488873	0.28349	0	0
0	0	0	38.177639	6.359056	35.119531	6.359056	1.748553E+11	1.867127E-5	53558.219586	1.342305E+16	0	0	17.495332	0.28124	0	0
0	0	0	37.543733	6.359177	34.487365	6.359177	1.362757E+11	1.469318E-5	68058.775382	1.342287E+16	0	0	17.375963	0.279079	0	0
0	0	0	36.897126	6.359579	33.8424	6.359579	1.053916E+11	1.17279E-5	85266.737875	1.342273E+16	0	0	17.253818	0.276949	0	0
0	0	0	36.234716	6.359718	33.181802	6.359718	8.108797E+10	1.009842E-5	99025.407814	1.342261E+16	0	0	17.337794	0.274484	0	0
0	0	0	35.561116	6.359913	32.510021	6.359913	6.199024E+10	8.053319E-6	124172.40183	1.342252E+16	0	0	17.287848	0.271963	0	0
0	0	0	34.878982	6.359938	31.82981	6.359938	4.717582E+10	6.521868E-6	153330.307244	1.342245E+16	0	0	17.328157	0.269721	0	0
0	0	0	34.189538	6.36006	31.142263	6.36006	3.577769E+10	4.986628E-6	200536.31314	1.34224E+16	0	0	17.287038	0.267647	0	0
0	0	0	33.495928	6.360429	30.450445	6.360429	2.705313E+10	3.930627E-6	254412.365279	1.342236E+16	0	0	17.199587	0.265629	0	0
0	0	0	32.803258	6.360635	29.759642	6.360635	2.042157E+10	3.401126E-6	294020.258732	1.342233E+16	0	0	17.173813	0.263443	0	0
0	0	0	32.093069	6.360784	29.051397	6.360784	1.542147E+10	2.797015E-6	357523.946886	1.34223E+16	0	0	17.101771	0.260931	0	0
0	0	0	31.374468	6.360658	28.334895	6.360658	1.156319E+10	2.241826E-6	446064.991165	1.342229E+16	0	0	17.155146	0.258809	0	0
0	0	0	30.649455	6.360821	27.611862	6.360821	8.640684E+9	1.583127E-6	631661.280024	1.342227E+16	0	0	17.128239	0.256846	0	0
0	0	0	29.909822	6.361097	26.874197	6.361097	6.440055E+9	1.270225E-6	787262.354142	1.342226E+16	0	0	16.990892	0.25494	0	0
0	0	0	29.156428	6.361316	26.122836	6.361316	4.77152E+9	1.081061E-6	925016.980775	1.342225E+16	0	0	16.949846	0.25281	0	0
0	0	0	28.392825	6.361316	25.3614	6.361316	3.51561E+9	9.032621E-7	1107098.3212	1.342225E+16	0	0	17.026259	0.250353	0	0
0	0	0	27.612683	6.361373	24.583445	6.361373	2.579568E+9	6.628957E-7	1508532.862397	1.342224E+16	0	0	16.959812	0.248279	0	0
0	0	0	26.821964	6.36131	23.795	6.36131	1.880101E+9	5.005029E-7	1997990.364884	1.342224E+16	0	0	16.91691	0.24646	0	0
0	0	0	26.037248	6.361479	23.012431	6.361479	1.364435E+9	3.492177E-7	2863543.077362	1.342224E+16	0	0	16.868101	0.244737	0	0
0	0	0	25.260863	6.361486	22.238246	6.361486	9.92617E+8	2.833026E-7	3529794.86059	1.342224E+16	0	0	16.76843	0.242479	0	0
0	0	0	24.491828	6.361564	21.471357	6.361564	7.245649E+8	2.078083E-7	4812126.204536	1.342224E+16	0	0	16.761263	0.24031	0	0
0	0	0	23.736964	6.361662	20.718588	6.361662	5.304777E+8	1.606636E-7	6224184.344376	1.342223E+16	0	0	16.871997	0.238379	0	0
0	0	0	22.987898	6.361888	19.971542	6.361888	3.906179E+8	1.273801E-7	7850519.575086	1.342223E+16	0	0	16.766308	0.236696	0	0
0	0	0	22.247653	6.36198	19.233354	6.36198	2.883089E+8	1.139985E-7	8772047.624401	1.342223E+16	0	0	16.662732	0.234917	0	0
0	0	0	21.526275	6.361959	18.514033	6.361959	2.135586E+8	9.242266E-8	1.081986E+7	1.342223E+16	0	0	16.62484	0.232827	0	0
0	0	0	20.816821	6.362233	17.806463	6.362233	1.594036E+8	6.751505E-8	1.481151E+7	1.342223E+16	0	0	16.656154	0.230617	0	0
0	0	0	20.114432	6.362078	17.106141	6.362078	1.195581E+8	7.008034E-8	1.426934E+7	1.342223E+16	0	0	16.637378	0.228886	0	0
0	0	0	19.43389	6.362085	16.427527	6.362085	8.992978E+7	4.333016E-8	2.307861E+7	1.342223E+16	0	0	16.527367	0.227219	0	0
0	0	0	18.767437	6.3621	15.762959	6.3621	6.824566E+7	3.315081E-8	3.016518E+7	1.342223E+16	0	0	16.479423	0.225496	0	0
0	0	0	18.116502	6.362191	15.113828	6.362191	5.208674E+7	2.572132E-8	3.887825E+7	1.342223E+16	0	0	16.427855	0.223478	0	0
0	0	0	17.479124	6.362318	14.4782	6.362318	4.000477E+7	2.214231E-8	4.516241E+7	1.342223E+16	0	0	16.509202	0.221443	0	0
0	0	0	16.867474	6.362276	13.868306	6.362276	3.089467E+7	2.0536E-8	4.869497E+7	1.342223E+16	0	0	16.447078	0.21972	0	0
0	0	0	16.274526	6.362241	13.277058	6.362241	2.410934E+7	1.501978E-8	6.657889E+7	1.342223E+16	0	0	16.372719	0.218245	0	0
0	0	0	15.697138	6.362353	12.701255	6.362353	1.895747E+7	1.122316E-8	8.910149E+7	1.342223E+16	0	0	16.280562	0.216522	0	0
0	0	0	15.136206	6.362445	12.141873	6.362445	1.500081E+7	1.056073E-8	9.469046E+7	1.342223E+16	0	0	16.268534	0.214519	0	0
0	0	0	14.596755	6.362297	11.604023	6.362297	1.194943E+7	9.940364E-9	1.005999E+8	1.342223E+16	0	0	16.293545	0.212557	0	0
0	0	0	14.073067	6.362367	11.081787	6.362367	9601994.75	6.175787E-9	1.619227E+8	1.342223E+16	0	0	16.302643	0.211057	0	0
0	0	0	13.56608	6.362713	10.576078	6.362713	7765177.75	5.599184E-9	1.785975E+8	1.342223E+16	0	0	16.209503	0.209526	0	0
0	0	0	13.067017	6.36248	10.07854	6.36248	6322403.75	1.12111E-8	8.919728E+7	1.342223E+16	0	0	16.094159	0.207834	0	0
0	0	0	12.590004	6.362621	9.602816	6.362621	5164258.75	4.618625E-9	2.165146E+8	1.342223E+16	0	0	16.16787	0.20572	0	0
0	0	0	12.126142	6.362544	9.140306	6.362544	4256146.5	5.440834E-9	1.837954E+8	1.342223E+16	0	0	16.168069	0.204237	0	0
0	0	0	11.678123	6.362283	8.693682	6.362283	3526472.5	3.646848E-9	2.742094E+8	1.342223E+16	0	0	16.04456	0.202825	0	0
0	0	0	11.239334	6.36272	8.255933	6.36272	2940724.25	1.851417E-9	5.401269E+8	1.342223E+16	0	0	15.94143	0.201421	0	0
0	0	0	10.813613	6.362649	7.831453	6.362649	2461462	4.498738E-9	2.222845E+8	1.342223E+16	0	0	15.973047	0.199355	0	0
0	0	0	10.402715	6.362692	7.421702	6.362692	2071251.75	2.896518E-9	3.452421E+8	1.342223E+16	0	0	15.966064	0.197743	0	0
0	0	0	10.007253	6.362699	7.02736	6.362699	1753407.25	2.854225E-9	3.503578E+8	1.342223E+16	0	0	15.936133	0.196315	0	0
0	0	0	9.625717	6.362635	6.646936	6.362635	1493656.25	2.499734E-9	4.000425E+8	1.342223E+16	0	0	15.836368	0.194951	0	0
0	0	0	9.254431	6.36284	6.276608	6.36284	1279589	1.709148E-9	5.850867E+8	1.342223E+16	0	0	15.768249	0.193348	0	0
0	0	0	8.894293	6.362875	5.917476	6.362875	1100766.25	4.207039E-9	2.376969E+8	1.342223E+16	0	0	15.859494	0.19137	0	0
0	0	0	8.5471	6.363009	5.571207	6.363009	951223.75	5.353598E-9	1.867903E+8	1.342223E+16	0	0	15.766246	0.190125	0	0
0	0	0	8.208688	6.362847	5.23383	6.362847	826322.75	-5.843704E-9	-1.711243E+8	1.342223E+16	0	0	15.716829	0.188857	0	0
0	0	0	7.881219	6.36303	4.907205	6.36303	720381.5	2.942078E-9	3.398958E+8	1.342223E+16	0	0	15.62604	0.187317	0	0
0	0	0	7.565021	6.362819	4.592004	6.362819	630815.75	-3.289172E-9	-3.040279E+8	1.342223E+16	0	0	15.624878	0.185562	0	0
0	0	0	7.257113	6.363072	4.284852	6.363072	554915.75	1.778405E-9	5.623016E+8	1.342223E+16	0	0	15.646172	0.184031	0	0
0	0	0	6.959006	6.363037	3.987607	6.363037	489791.5	-1.674222E-9	-5.972925E+8	1.342223E+16	0	0	15.59714	0.18293	0	0
0	0	0	6.666453	6.36272	3.696033	6.36272	434031.5	-2.080892E-9	-4.805631E+8	1.342223E+16	0	0	15.503685	0.181597	0	0
0	0	0	6.385048	6.362805	3.415387	6.362805	385486.25	7.045427E-10	1.41936E+9	1.342223E+16	0	0	15.500541	0.179795	0	0
0	0	0	6.103806	6.362974	3.134865	6.362974	343921.75	9.950932E-10	1.004931E+9	1.342223E+16	0	0	15.54359	0.178287	0	0
0	0	0	5.833713	6.362854	2.865594	6.362854	306859.25	-5.342733E-9	-1.871701E+8	1.342223E+16	0	0	15.426123	0.177194	0	0
0	0	0	5.570154	6.362931	2.602747	6.362931	275031	1.205956E-9	8.292179E+8	1.342223E+16	0	0	15.315799	0.175934	0	0
0	0	0	5.314027	6.363143	2.347248	6.363143	247158	5.70432E-9	1.753057E+8	1.342223E+16	0	0	15.287969	0.174418	0	0
0	0	0	5.063004	6.363206	2.096909	6.363206	222780	-4.837917E-10	-2.067005E+9	1.342223E+16	0	0	15.376197	0.172751	0	0
0	0	0	4.81631	6.362868	1.851073	6.362868	201222.5	-3.289927E-10	-3.039581E+9	1.342223E+16	0	0	15.354781	0.17173	0	0
0	0	0	4.581582	6.363094	1.616906	6.363094	182070.25	9.362244E-10	1.06812E+9	1.342223E+16	0	0	15.171996	0.170597	0	0
0	0	0	4.349507	6.363101	1.385487	6.363101	165542.25	-4.827283E-10	-2.071558E+9	1.342223E+16	0	0	15.17554	0.169009	0	0
0	0	0	4.118495	6.363094	1.155133	6.363094	150676.5	-4.188666E-10	-2.387395E+9	1.342223E+16	0	0	15.230169	0.167494	0	0
0	0	0	3.889606	6.362988	0.926943	6.362988	137204.75	-4.00095E-10	-2.499407E+9	1.342223E+16	0	0	15.177694	0.166425	0	0
0	0	0	3.669415	6.363065	0.707341	6.363065	125045.25	-1.373782E-9	-7.279177E+8	1.342223E+16	0	0	14.994062	0.16534	0	0
0	0	0	3.452777	6.363009	0.491345	6.363009	114365.75	-4.147367E-10	-2.411168E+9	1.342223E+16	0	0	15.019588	0.16384	0	0
0	0	0	3.242223	6.363256	0.281274	6.363256	104749.25	-7.407788E-10	-1.349931E+9	1.342223E+16	0	0	15.019818	0.162372	0	0
0	0	0	3.034365	6.363129	0.074065	6.363129	96178.25	-1.318975E-10	-7.581643E+9	1.342223E+16	0	0	14.993146	0.161359	0	0
0	0	0	2.830305	6.36308	-0.129393	6.36308	88405.25	-2.070867E-10	-4.828896E+9	1.342223E+16	0	0	14.868428	0.160378	0	0
0	0	0	2.629511	6.363072	-0.329613	6.363072	81385.5	-2.630916E-10	-3.800957E+9	1.342223E+16	0	0	14.910683	0.158711	0	0
0	0	0	2.43419	6.363178	-0.52443	6.363178	75022.5	-2.564443E-10	-3.899482E+9	1.342223E+16	0	0	14.979332	0.157459	0	0
0	0	0	2.24381	6.362988	-0.714181	6.362988	69310.75	-1.273026E-10	-7.8553E+9	1.342223E+16	0	0	14.770577	0.156557	0	0
0	0	0	2.055716	6.363087	-0.901786	6.363087	64162	-7.049013E-10	-1.418638E+9	1.342223E+16	0	0	14.709562	0.155321	0	0
0	0	0	1.875096	6.363178	-1.081936	6.363178	59451	-1.822886E-10	-5.485806E+9	1.342223E+16	0	0	14.780326	0.153813	0	0
0	0	0	1.694353	6.363037	-1.2621	6.363037	55253	-1.014828E-10	-9.853885E+9	1.342223E+16	0	0	14.800528	0.152975	0	0
0	0	0	1.521982	6.363101	-1.434012	6.363101	51349	-2.461841E-10	-4.062E+9	1.342223E+16	0	0	14.606999	0.152066	0	0
0	0	0	1.354103	6.363157	-1.60144	6.363157	47883	-1.331103E-10	-7.512569E+9	1.342223E+16	0	0	14.673835	0.150351	0	0
0	0	0	1.194391	6.362882	-1.760571	6.362882	44732.25	-9.053734E-11	-1.104517E+10	1.342223E+16	0	0	14.710454	0.149306	0	0
0	0	0	1.039416	6.363157	-1.915234	6.363157	41927.5	2.606052E-10	3.837222E+9	1.342223E+16	0	0	14.531144	0.148588	0	0
0	0	0	0.89171	6.363171	-2.062527	6.363171	39374	-7.969233E-11	-1.254826E+10	1.342223E+16	0	0	14.440841	0.147112	0	0
0	0	0	0.749926	6.363037	-2.203847	6.363037	37085.5	-7.028256E-11	-1.422828E+10	1.342223E+16	0	0	14.559095	0.145716	0	0
0	0	0	0.616431	6.36308	-2.336982	6.36308	35013.75	-1.678675E-10	-5.957079E+9	1.342223E+16	0	0	14.415422	0.145126	0	0
0	0	0	0.488245	6.363023	-2.464778	6.363023	33169	-1.072241E-10	-9.326262E+9	1.342223E+16	0	0	14.358796	0.143802	0	0
0	0	0	0.374106	6.363044	-2.578603	6.363044	31489.25	-1.799468E-10	-5.557197E+9	1.342223E+16	0	0	14.491905	0.14239	0	0
0	0	0	0.262337	6.363213	-2.690133	6.363213	30065.25	-1.334019E-10	-7.496146E+9	1.342223E+16	0	0	14.344582	0.141759	0	0
0	0	0	0.169964	6.363023	-2.782155	6.363023	28733.25	-4.572257E-11	-2.187104E+10	1.342223E+16	0	0	14.271142	0.140778	0	0
0	0	0	0.09944	6.363051	-2.852493	6.363051	27677	-1.581616E-10	-6.322649E+9	1.342223E+16	0	0	14.321256	0.139055	0	0
0	0	0	0.046311	6.363326	-2.905598	6.363326	26897	-1.110678E-10	-9.003509E+9	1.342223E+16	0	0	14.257156	0.138481	0	0
0	0	0	-0.001427	6.363164	-2.953125	6.363164	26323.75	-2.934226E-11	-3.408054E+10	1.342223E+16	0	0	14.184579	0.137436	0	0
0	0	0	-0.029237	6.363312	-2.980925	6.363312	25819.25	-5.053986E-11	-1.978636E+10	1.342223E+16	0	0	14.202477	0.135816	0	0
0	0	0	-0.063213	6.363051	-3.014683	6.363051	25529.75	-2.956406E-11	-3.382485E+10	1.342223E+16	0	0	14.130905	0.135386	0	0
0	0	0	-0.086735	6.363221	-3.038217	6.363221	25180.5	-1.039797E-10	-9.617258E+9	1.342223E+16	0	0	14.059386	0.134325	0	0
0	0	0	-0.096862	6.363171	-3.048293	6.363171	24941.5	-3.865582E-11	-2.586933E+10	1.342223E+16	0	0	14.159564	0.13265	0	0
0	0	0	-0.111073	6.36334	-3.062542	6.36334	24839.25	-4.707409E-11	-2.124311E+10	1.342223E+16	0	0	14.06384	0.13237	0	0
0	0	0	-0.128551	6.363249	-3.079928	6.363249	24696.5	-2.653496E-11	-3.768613E+10	1.342223E+16	0	0	14.000495	0.131174	0	0
0	0	0	-0.146764	6.363319	-3.098122	6.363319	24522.25	-3.442225E-11	-2.905098E+10	1.342223E+16	0	0	14.030574	0.129897	0	0
0	0	0	-0.157423	6.363192	-3.108691	6.363192	24341.75	-2.765059E-11	-3.616559E+10	1.342223E+16	0	0	13.853391	0.129507	0	0
0	0	0	-0.162691	6.36339	-3.114036	6.36339	24236.75	-4.192887E-11	-2.384992E+10	1.342223E+16	0	0	13.967224	0.127935	0	0
0	0	0	-0.165631	6.363249	-3.116902	6.363249	24185	-2.307129E-11	-4.334391E+10	1.342223E+16	0	0	13.963183	0.127201	0	0
0	0	0	-0.169265	6.363206	-3.120507	6.363206	24156.25	-3.390849E-11	-2.949114E+10	1.342223E+16	0	0	13.742768	0.126547	0	0
0	0	0	-0.171675	6.363072	-3.122847	6.363072	24120.75	-3.943669E-11	-2.53571E+10	1.342223E+16	0	0	13.830401	0.124888	0	0
0	0	0	-0.176657	6.363319	-3.12793	6.363319	24097.25	-8.236998E-11	-1.214035E+10	1.342223E+16	0	0	13.742239	0.124632	0	0
0	0	0	-0.182374	6.36308	-3.133519	6.36308	24048.5	-2.731748E-11	-3.66066E+10	1.342223E+16	0	0	13.689697	0.1235	0	0
0	0	0	-0.187478	6.363213	-3.138672	6.363213	23992.75	-7.75604E-11	-1.289318E+10	1.342223E+16	0	0	13.817302	0.122303	0	0
0	0	0	-0.19295	6.363608	-3.144311	6.363608	23943.25	-3.810035E-11	-2.624648E+10	1.342223E+16	0	0	13.621999	0.121976	0	0
0	0	0	-0.197116	6.363171	-3.148262	6.363171	23890.25	-1.522756E-11	-6.567038E+10	1.342223E+16	0	0	13.679219	0.120237	0	0
0	0	0	-0.202098	6.36303	-3.153164	6.36303	23849.75	-4.519884E-11	-2.212446E+10	1.342223E+16	0	0	13.597163	0.119974	0	0
0	0	0	-0.206182	6.36346	-3.157436	6.36346	23801.75	-1.241059E-10	-8.057635E+9	1.342223E+16	0	0	13.523748	0.118785	0	0
0	0	0	-0.208468	6.363291	-3.159638	6.363291	23762.25	-1.953794E-11	-5.118248E+10	1.342223E+16	0	0	13.63605	0.117748	0	0
0	0	0	-0.214104	6.363129	-3.165182	6.363129	23740.25	-2.919511E-11	-3.425231E+10	1.342223E+16	0	0	13.388161	0.117397	0	0
0	0	0	-0.216554	6.363164	-3.167642	6.363164	23686.25	-5.548434E-11	-1.80231E+10	1.342223E+16	0	0	13.573857	0.115762	0	0
0	0	0	-0.219372	6.363206	-3.170471	6.363206	23662.75	-4.631862E-11	-2.158959E+10	1.342223E+16	0	0	13.411099	0.115658	0	0
0	0	0	-0.223905	6.363277	-3.175024	6.363277	23635.5	-3.864332E-11	-2.587769E+10	1.342223E+16	0	0	13.456034	0.114134	0	0
0	0	0	-0.224068	6.363157	-3.175131	6.363157	23592.25	-3.026313E-11	-3.304351E+10	1.342223E+16	0	0	13.376325	0.113728	0	0
0	0	0	-0.225783	6.363453	-3.176979	6.363453	23590.75	-4.774729E-11	-2.09436E+10	1.342223E+16	0	0	13.270332	0.112786	0	0
0	0	0	-0.227866	6.363432	-3.179046	6.363432	23574.25	-1.965476E-11	-5.087827E+10	1.342223E+16	0	0	13.387475	0.111861	0	0
0	0	0	-0.230112	6.363383	-3.181262	6.363383	23554.25	-2.049915E-11	-4.878251E+10	1.342223E+16	0	0	13.147147	0.111271	0	0
0	0	0	-0.231419	6.36339	-3.182569	6.36339	23533	-2.281482E-11	-4.383115E+10	1.342223E+16	0	0	13.373701	0.10997	0	0
0	0	0	-0.233379	6.363411	-3.184533	6.363411	23520.5	-2.243739E-11	-4.456846E+10	1.342223E+16	0	0	13.078463	0.109723	0	0
0	0	0	-0.234032	6.363122	-3.185051	6.363122	23501.75	-2.13914E-11	-4.674775E+10	1.342223E+16	0	0	13.237709	0.108327	0	0
0	0	0	-0.234563	6.363235	-3.185632	6.363235	23495.5	-5.72913E-11	-1.745466E+10	1.342223E+16	0	0	13.036536	0.108191	0	0
0	0	0	-0.235135	6.363362	-3.186261	6.363362	23490.5	-3.460554E-11	-2.889711E+10	1.342223E+16	0	0	13.218358	0.106724	0	0
0	0	0	-0.236319	6.363263	-3.187396	6.363263	23485	-2.393749E-11	-4.177547E+10	1.342223E+16	0	0	13.015348	0.106716	0	0
0	0	0	-0.236972	6.363256	-3.188045	6.363256	23473.75	-3.146687E-11	-3.177946E+10	1.342223E+16	0	0	13.102682	0.105208	0	0
0	0	0	-0.237176	6.363094	-3.188173	6.363094	23467.5	-3.218301E-11	-3.10723E+10	1.342223E+16	0	0	12.915468	0.105176	0	0
0	0	0	-0.238483	6.363213	-3.189532	6.363213	23465.5	-6.84264E-11	-1.461424E+10	1.342223E+16	0	0	13.049908	0.103732	0	0
0	0	0	-0.239668	6.363347	-3.190775	6.363347	23453.25	-3.732062E-11	-2.679484E+10	1.342223E+16	0	0	12.800898	0.10366	0	0
0	0	0	-0.239586	6.363305	-3.190674	6.363305	23442	-2.474066E-11	-4.04193E+10	1.342223E+16	0	0	12.998264	0.102153	0	0
0	0	0	-0.241669	6.363199	-3.192701	6.363199	23442.75	-2.768569E-11	-3.611974E+10	1.342223E+16	0	0	12.769662	0.102169	0	0
0	0	0	-0.242118	6.363369	-3.193228	6.363369	23422.75	-3.937667E-11	-2.539575E+10	1.342223E+16	0	0	12.920766	0.100725	0	0
0	0	0	-0.243547	6.363228	-3.194588	6.363228	23418.75	-2.346825E-11	-4.261076E+10	1.342223E+16	0	0	12.652396	0.100621	0	0
0	0	0	-0.24465	6.363354	-3.195746	6.363354	23405	-3.535425E-11	-2.828514E+10	1.342223E+16	0	0	12.904943	0.099353	0	0
0	0	0	-0.245589	6.363347	-3.196679	6.363347	23394.75	-2.426078E-11	-4.121878E+10	1.342223E+16	0	0	12.645839	0.098954	0	0
0	0	0	-0.247508	6.363333	-3.198586	6.363333	23385.75	-2.468129E-11	-4.051652E+10	1.342223E+16	0	0	12.823744	0.098092	0	0
0	0	0	-0.247957	6.363362	-3.199047	6.363362	23367.5	-2.556839E-11	-3.91108E+10	1.342223E+16	0	0	12.668312	0.09739	0	0
0	0	0	-0.248774	6.363228	-3.1998	6.363228	23363.25	-2.38134E-11	-4.199317E+10	1.342223E+16	0	0	12.676161	0.096936	0	0
0	0	0	-0.249591	6.363333	-3.200663	6.363333	23355.5	-3.527948E-11	-2.834509E+10	1.342223E+16	0	0	12.703495	0.095659	0	0
0	0	0	-0.250203	6.363277	-3.201248	6.363277	23347.75	-2.554678E-11	-3.914388E+10	1.342223E+16	0	0	12.459327	0.095739	0	0
0	0	0	-0.253389	6.363263	-3.204418	6.363263	23342	-2.994212E-11	-3.339777E+10	1.342223E+16	0	0	12.683355	0.094319	0	0
0	0	0	-0.252123	6.363249	-3.203149	6.363249	23311.75	-3.124971E-11	-3.20003E+10	1.342223E+16	0	0	12.438373	0.094024	0	0
0	0	0	-0.254369	6.363446	-3.20548	6.363446	23323.75	-3.27399E-11	-3.054377E+10	1.342223E+16	0	0	12.556825	0.093434	0	0
0	0	0	-0.254165	6.363362	-3.205237	6.363362	23302.5	-1.970408E-11	-5.075091E+10	1.342223E+16	0	0	12.486277	0.092405	0	0
0	0	0	-0.256002	6.36339	-3.207083	6.36339	23304.5	-2.375351E-11	-4.209903E+10	1.342223E+16	0	0	12.360831	0.092317	0	0
0	0	0	-0.257595	6.363333	-3.208644	6.363333	23287.25	-2.221488E-11	-4.501486E+10	1.342223E+16	0	0	12.562193	0.091041	0	0
0	0	0	-0.258412	6.363376	-3.209478	6.363376	23272	-2.546389E-11	-3.927129E+10	1.342223E+16	0	0	12.295356	0.090658	0	0
0	0	0	-0.259065	6.363432	-3.210156	6.363432	23264.5	-2.292781E-11	-4.361515E+10	1.342223E+16	0	0	12.311228	0.090402	0	0
0	0	0	-0.260739	6.363305	-3.211767	6.363305	23258.25	-2.024154E-11	-4.940335E+10	1.342223E+16	0	0	12.472043	0.089126	0	0
0	0	0	-0.261801	6.363354	-3.212848	6.363354	23242.5	-2.74492E-11	-3.643094E+10	1.342223E+16	0	0	12.257302	0.088911	0	0
0	0	0	-0.262373	6.363249	-3.21337	6.363249	23232.5	-2.409253E-11	-4.150664E+10	1.342223E+16	0	0	12.310573	0.088432	0	0
0	0	0	-0.261923	6.363242	-3.212918	6.363242	23227.25	-3.260444E-11	-3.067067E+10	1.342223E+16	0	0	12.415514	0.087243	0	0
0	0	0	-0.263026	6.36351	-3.214142	6.36351	23231.5	-3.339772E-11	-2.994217E+10	1.342223E+16	0	0	12.161681	0.086908	0	0
0	0	0	-0.263475	6.363319	-3.214502	6.363319	23221	-1.741008E-11	-5.7438E+10	1.342223E+16	0	0	12.174226	0.086565	0	0
0	0	0	-0.263189	6.36339	-3.214249	6.36339	23216.75	-2.637267E-11	-3.791805E+10	1.342223E+16	0	0	12.323871	0.085337	0	0
0	0	0	-0.262577	6.363235	-3.213567	6.363235	23219.5	-2.215025E-11	-4.514621E+10	1.342223E+16	0	0	12.144844	0.084994	0	0
0	0	0	-0.262781	6.363213	-3.21376	6.363213	23225.25	-3.421478E-11	-2.922714E+10	1.342223E+16	0	0	12.034794	0.084786	0	0
0	0	0	-0.26372	6.363249	-3.214713	6.363249	23223.25	-3.695463E-11	-2.706021E+10	1.342223E+16	0	0	12.186542	0.083917	0	0
0	0	0	-0.263353	6.363235	-3.21434	6.363235	23214.5	-3.258654E-11	-3.068751E+10	1.342223E+16	0	0	12.222835	0.082968	0	0
0	0	0	-0.263067	6.363291	-3.214081	6.363291	23218	-3.42041E-11	-2.923626E+10	1.342223E+16	0	0	12.037585	0.082752	0	0
0	0	0	-0.263271	6.363277	-3.214278	6.363277	23220.5	-2.855594E-11	-3.501899E+10	1.342223E+16	0	0	12.041166	0.082361	0	0
0	0	0	-0.262536	6.363383	-3.213595	6.363383	23218.75	-2.978402E-11	-3.357505E+10	1.342223E+16	0	0	12.096248	0.081572	0	0
0	0	0	-0.262087	6.363263	-3.213091	6.363263	23225.5	-2.251671E-11	-4.441147E+10	1.342223E+16	0	0	12.146761	0.080742	0	0
0	0	0	-0.263598	6.363305	-3.214617	6.363305	23229.75	-3.113978E-11	-3.211326E+10	1.342223E+16	0	0	12.01823	0.080351	0	0
0	0	0	-0.264047	6.363312	-3.215069	6.363312	23215.5	-2.741731E-11	-3.647331E+10	1.342223E+16	0	0	11.914119	0.080032	0	0
0	0	0	-0.262454	6.363312	-3.21348	6.363312	23211.25	-2.687918E-11	-3.720351E+10	1.342223E+16	0	0	11.922026	0.079537	0	0
0	0	0	-0.261066	6.363228	-3.212057	6.363228	23226.25	-2.689655E-11	-3.717948E+10	1.342223E+16	0	0	12.046771	0.078708	0	0
0	0	0	-0.263475	6.363277	-3.214482	6.363277	23239.5	-3.510426E-11	-2.848657E+10	1.342223E+16	0	0	12.028234	0.078038	0	0
0	0	0	-0.263639	6.363249	-3.214632	6.363249	23216.75	-2.978146E-11	-3.357794E+10	1.342223E+16	0	0	12.022383	0.077463	0	0
0	0	0	-0.263394	6.363291	-3.214407	6.363291	23215.25	-3.25876E-11	-3.068652E+10	1.342223E+16	0	0	11.937839	0.077065	0	0
0	0	0	-0.263434	6.363277	-3.214441	6.363277	23217.5	-2.855225E-11	-3.502351E+10	1.342223E+16	0	0	11.90436	0.076674	0	0
0	0	0	-0.264537	6.36334	-3.21557	6.36334	23217	-2.978178E-11	-3.357758E+10	1.342223E+16	0	0	11.875906	0.076155	0	0
0	0	0	-0.264864	6.363397	-3.215922	6.363397	23206.75	-2.493431E-11	-4.010537E+10	1.342223E+16	0	0	11.831463	0.075677	0	0
0	0	0	-0.265844	6.363242	-3.216828	6.363242	23203.75	-2.17862E-11	-4.590061E+10	1.342223E+16	0	0	11.770218	0.075014	0	0
0	0	0	-0.267722	6.36334	-3.218746	6.36334	23194.5	-3.334453E-11	-2.998993E+10	1.342223E+16	0	0	8.809738	0.074424	0	0
0	0	0	-0.268784	6.362981	-3.219638	6.362981	23176.75	-2.490208E-11	-4.015729E+10	1.342223E+16	0	0	3.55053	0.073961	0	0
0	0	0	-0.269437	6.36315	-3.220368	6.36315	23166.75	-3.120991E-10	-3.204111E+9	1.342223E+16	0	0	1.911411	0.073483	0	0
0	0	0	-0.27103	6.363277	-3.222015	6.363277	23160.75	-4.852641E-11	-2.060733E+10	1.342223E+16	0	0	1.83611	0.072956	0	0
0	0	0	-0.272541	6.36327	-3.223519	6.36327	23145.75	-2.969038E-11	-3.368094E+10	1.342223E+16	0	0	2.107353	0.07251	0	0
0	0	0	-0.273766	6.363517	-3.224855	6.363517	23131.5	-3.032538E-11	-3.297568E+10	1.342223E+16	0	0	2.542389	0.072023	0	0
0	0	0	-0.275277	6.363263	-3.226244	6.363263	23120	-1.71188E-11	-5.84153E+10	1.342223E+16	0	0	3.005542	0.071433	0	0
0	0	0	-0.275808	6.36334	-3.226809	6.36334	23106	-3.09739E-11	-3.228525E+10	1.342223E+16	0	0	3.441508	0.070922	0	0
0	0	0	-0.27834	6.363305	-3.229317	6.363305	23101	-2.482069E-11	-4.028897E+10	1.342223E+16	0	0	3.830941	0.070483	0	0
0	0	0	-0.279075	6.363432	-3.230109	6.363432	23077.25	-2.725404E-11	-3.669181E+10	1.342223E+16	0	0	4.156536	0.070077	0	0
0	0	0	-0.280708	6.363453	-3.231748	6.363453	23070.5	-2.007814E-11	-4.98054E+10	1.342223E+16	0	0	4.386335	0.06955	0	0
0	0	0	-0.28128	6.363376	-3.232282	6.363376	23055	-1.922184E-11	-5.202416E+10	1.342223E+16	0	0	4.610187	0.068976	0	0
0	0	0	-0.281688	6.363263	-3.232637	6.363263	23049.75	-2.271617E-11	-4.40215E+10	1.342223E+16	0	0	4.758626	0.068481	0	0
0	0	0	-0.281852	6.363362	-3.232846	6.363362	23046	-3.089347E-11	-3.23693E+10	1.342223E+16	0	0	4.830039	0.068042	0	0
0	0	0	-0.283118	6.363347	-3.234101	6.363347	23044.5	-2.34885E-11	-4.257402E+10	1.342223E+16	0	0	4.858623	0.067588	0	0
0	0	0	-0.285037	6.363263	-3.235976	6.363263	23032.5	-2.430847E-11	-4.113792E+10	1.342223E+16	0	0	4.91352	0.067197	0	0
0	0	0	-0.286385	6.363333	-3.237353	6.363333	23014.5	-3.085124E-11	-3.241361E+10	1.342223E+16	0	0	4.910954	0.066782	0	0
0	0	0	-0.285772	6.363347	-3.236748	6.363347	23002	-2.516846E-11	-3.973226E+10	1.342223E+16	0	0	4.920412	0.066208	0	0
0	0	0	-0.285241	6.363411	-3.236248	6.363411	23007.75	-2.428235E-11	-4.118218E+10	1.342223E+16	0	0	4.915542	0.065849	0	0
0	0	0	-0.286262	6.363383	-3.237253	6.363383	23012.75	-2.094631E-11	-4.77411E+10	1.342223E+16	0	0	4.881135	0.065434	0	0
0	0	0	-0.286711	6.363213	-3.237623	6.363213	23003.25	-2.230124E-11	-4.484056E+10	1.342223E+16	0	0	4.842285	0.065019	0	0
0	0	0	-0.287446	6.363242	-3.238369	6.363242	22999	-3.659778E-11	-2.732406E+10	1.342223E+16	0	0	4.754632	0.064588	0	0
0	0	0	-0.288712	6.363397	-3.239703	6.363397	22992.25	-3.305377E-11	-3.025373E+10	1.342223E+16	0	0	4.731987	0.064078	0	0
0	0	0	-0.288263	6.363453	-3.239281	6.363453	22980.5	-2.157659E-11	-4.634652E+10	1.342223E+16	0	0	4.665412	0.063719	0	0
0	0	0	-0.286507	6.363418	-3.237514	6.363418	22984.5	-1.916306E-11	-5.218373E+10	1.342223E+16	0	0	4.645278	0.063272	0	0
0	0	0	-0.285609	6.36346	-3.236638	6.36346	23001	-2.062042E-11	-4.849562E+10	1.342223E+16	0	0	4.60089	0.062777	0	0
0	0	0	-0.284016	6.363425	-3.235033	6.363425	23009.25	-1.89188E-11	-5.285748E+10	1.342223E+16	0	0	4.519085	0.062426	0	0
0	0	0	-0.284547	6.363291	-3.2355	6.363291	23024.25	-2.03351E-11	-4.917605E+10	1.342223E+16	0	0	4.455833	0.061988	0	0
0	0	0	-0.283771	6.363326	-3.234743	6.363326	23019.25	-2.830844E-11	-3.532515E+10	1.342223E+16	0	0	4.394859	0.061501	0	0
0	0	0	-0.282913	6.363298	-3.233875	6.363298	23026.5	-2.566692E-11	-3.896066E+10	1.342223E+16	0	0	4.358616	0.061094	0	0
0	0	0	-0.283608	6.363094	-3.234472	6.363094	23034.5	-2.775401E-11	-3.603083E+10	1.342223E+16	0	0	4.329455	0.060671	0	0
0	0	0	-0.282219	6.36334	-3.233202	6.36334	23028	-6.715063E-11	-1.489189E+10	1.342223E+16	0	0	4.237559	0.06036	0	0
0	0	0	-0.281566	6.363397	-3.232577	6.363397	23041	-2.475623E-11	-4.039388E+10	1.342223E+16	0	0	4.162748	0.059977	0	0
0	0	0	-0.280014	6.363206	-3.230941	6.363206	23047	-2.163903E-11	-4.621279E+10	1.342223E+16	0	0	4.135838	0.059467	0	0
0	0	0	-0.281239	6.363157	-3.23214	6.363157	23061.5	-3.770485E-11	-2.652179E+10	1.342223E+16	0	0	4.0634	0.059172	0	0
0	0	0	-0.279442	6.363354	-3.23044	6.363354	23050	-4.665282E-11	-2.143493E+10	1.342223E+16	0	0	4.089742	0.058685	0	0
0	0	0	-0.280055	6.363658	-3.231191	6.363658	23067	-2.39209E-11	-4.180444E+10	1.342223E+16	0	0	3.942667	0.058374	0	0
0	0	0	-0.281321	6.363143	-3.232215	6.363143	23061.25	-1.367453E-11	-7.312868E+10	1.342223E+16	0	0	3.893406	0.057951	0	0
0	0	0	-0.280953	6.363333	-3.231937	6.363333	23049.25	-5.005402E-11	-1.997841E+10	1.342223E+16	0	0	3.843494	0.057624	0	0
0	0	0	-0.280096	6.363221	-3.231029	6.363221	23052.75	-2.522399E-11	-3.964479E+10	1.342223E+16	0	0	3.804439	0.057233	0	0
0	0	0	-0.279932	6.363256	-3.230883	6.363256	23060.75	-3.574092E-11	-2.797914E+10	1.342223E+16	0	0	3.725751	0.05681	0	0
0	0	0	-0.279973	6.363347	-3.230966	6.363347	23062.25	-3.162725E-11	-3.16183E+10	1.342223E+16	0	0	3.664451	0.056483	0	0
0	0	0	-0.278136	6.363383	-3.22915	6.363383	23062	-2.43396E-11	-4.10853E+10	1.342223E+16	0	0	3.612994	0.056069	0	0
0	0	0	-0.279279	6.363249	-3.230228	6.363249	23079.25	-2.237492E-11	-4.46929E+10	1.342223E+16	0	0	3.569611	0.05567	0	0
0	0	0	-0.279361	6.363122	-3.23025	6.363122	23068.5	-3.23816E-11	-3.088173E+10	1.342223E+16	0	0	3.517419	0.055367	0	0
0	0	0	-0.278748	6.363129	-3.229643	6.363129	23067.75	-5.624827E-11	-1.777832E+10	1.342223E+16	0	0	3.461067	0.055	0	0
0	0	0	-0.281648	6.363369	-3.232645	6.363369	23073.5	-5.404899E-11	-1.850173E+10	1.342223E+16	0	0	3.431216	0.054633	0	0
0	0	0	-0.280708	6.363199	-3.23163	6.363199	23046.25	-2.309496E-11	-4.329949E+10	1.342223E+16	0	0	3.380586	0.054226	0	0
0	0	0	-0.283118	6.363206	-3.234036	6.363206	23055	-3.875843E-11	-2.580084E+10	1.342223E+16	0	0	3.305025	0.053843	0	0
0	0	0	-0.283526	6.363199	-3.23444	6.363199	23032.5	-3.765744E-11	-2.655518E+10	1.342223E+16	0	0	3.239798	0.053564	0	0
0	0	0	-0.283608	6.363178	-3.234512	6.363178	23028.75	-3.87143E-11	-2.583025E+10	1.342223E+16	0	0	3.233255	0.053197	0	0
0	0	0	-0.286344	6.363312	-3.237302	6.363312	23028	-4.229537E-11	-2.364325E+10	1.342223E+16	0	0	3.145101	0.052862	0	0
0	0	0	-0.287446	6.363235	-3.238365	6.363235	23002.5	-2.663745E-11	-3.754114E+10	1.342223E+16	0	0	3.15326	0.052415	0	0
0	0	0	-0.287038	6.36334	-3.238007	6.36334	22992.25	-3.387153E-11	-2.952332E+10	1.342223E+16	0	0	3.049661	0.052176	0	0
0	0	0	-0.289611	6.36339	-3.240596	6.36339	22996	-2.470788E-11	-4.047293E+10	1.342223E+16	0	0	3.004932	0.051809	0	0
0	0	0	-0.28908	6.363467	-3.240102	6.363467	22972	-2.191415E-11	-4.563261E+10	1.342223E+16	0	0	2.962316	0.051434	0	0
0	0	0	-0.290101	6.363298	-3.241042	6.363298	22977	-1.863496E-11	-5.366257E+10	1.342223E+16	0	0	2.932869	0.051147	0	0
0	0	0	-0.292755	6.363192	-3.24364	6.363192	22967.5	-2.767328E-11	-3.613594E+10	1.342223E+16	0	0	2.878806	0.05082	0	0
0	0	0	-0.291081	6.363312	-3.242026	6.363312	22942.75	-3.969029E-11	-2.519508E+10	1.342223E+16	0	0	2.845821	0.050445	0	0
0	0	0	-0.291489	6.363474	-3.242508	6.363474	22958.25	-2.65862E-11	-3.761349E+10	1.342223E+16	0	0	2.817813	0.05007	0	0
0	0	0	-0.293082	6.363383	-3.244054	6.363383	22954.5	-1.836656E-11	-5.444678E+10	1.342223E+16	0	0	2.729704	0.049735	0	0
0	0	0	-0.293572	6.363242	-3.244477	6.363242	22939.75	-2.223968E-11	-4.496468E+10	1.342223E+16	0	0	2.671479	0.049535	0	0
0	0	0	-0.294348	6.363369	-3.245309	6.363369	22935.25	-3.297183E-11	-3.032892E+10	1.342223E+16	0	0	2.649736	0.049208	0	0
0	0	0	-0.295818	6.363192	-3.246694	6.363192	22928	-2.297646E-11	-4.35228E+10	1.342223E+16	0	0	2.623483	0.048961	0	0
0	0	0	-0.295124	6.36339	-3.246093	6.36339	22914.25	-3.964098E-11	-2.522642E+10	1.342223E+16	0	0	2.563485	0.048554	0	0
0	0	0	-0.29496	6.363418	-3.245943	6.363418	22920.75	-2.186526E-11	-4.573464E+10	1.342223E+16	0	0	2.488633	0.048259	0	0
0	0	0	-0.295409	6.363284	-3.246329	6.363284	22922.25	-2.054982E-11	-4.866223E+10	1.342223E+16	0	0	2.482922	0.04798	0	0
0	0	0	-0.29496	6.363362	-3.245917	6.363362	22918	-2.877828E-11	-3.474843E+10	1.342223E+16	0	0	2.405056	0.047661	0	0
0	0	0	-0.294919	6.363206	-3.245804	6.363206	22922.25	-2.33639E-11	-4.280108E+10	1.342223E+16	0	0	2.395661	0.047214	0	0
0	0	0	-0.295491	6.363425	-3.246476	6.363425	22922.75	-3.7478E-11	-2.668232E+10	1.342223E+16	0	0	2.361049	0.04703	0	0
0	0	0	-0.29349	6.36339	-3.244464	6.36339	22917.25	-2.02406E-11	-4.940565E+10	1.342223E+16	0	0	2.344502	0.046711	0	0
0	0	0	-0.292143	6.363108	-3.24299	6.363108	22936	-2.187981E-11	-4.570424E+10	1.342223E+16	0	0	2.262034	0.04636	0	0
0	0	0	-0.292102	6.363411	-3.243089	6.363411	22948.5	-6.094924E-11	-1.640709E+10	1.342223E+16	0	0	2.205566	0.046121	0	0
0	0	0	-0.291938	6.363277	-3.242864	6.363277	22948.75	-2.088806E-11	-4.787424E+10	1.342223E+16	0	0	2.205898	0.045802	0	0
0	0	0	-0.291407	6.36334	-3.242364	6.36334	22950.5	-2.943992E-11	-3.396748E+10	1.342223E+16	0	0	2.167283	0.045419	0	0
0	0	0	-0.290346	6.363256	-3.241266	6.363256	22955.25	-2.466409E-11	-4.054477E+10	1.342223E+16	0	0	2.160561	0.045299	0	0
0	0	0	-0.290264	6.363333	-3.241221	6.363333	22965.25	-3.149423E-11	-3.175185E+10	1.342223E+16	0	0	2.106567	0.044901	0	0
0	0	0	-0.290754	6.363326	-3.241706	6.363326	22966	-2.512907E-11	-3.979455E+10	1.342223E+16	0	0	2.005732	0.044637	0	0
0	0	0	-0.288876	6.363178	-3.239765	6.363178	22961.5	-2.559446E-11	-3.907095E+10	1.342223E+16	0	0	2.015393	0.044414	0	0
0	0	0	-0.288222	6.36346	-3.239244	6.36346	22978.75	-4.220491E-11	-2.369392E+10	1.342223E+16	0	0	1.92872	0.044151	0	0
0	0	0	-0.287773	6.363228	-3.238688	6.363228	22985	-1.889886E-11	-5.291324E+10	1.342223E+16	0	0	1.94894	0.04376	0	0
0	0	0	-0.28712	6.363319	-3.238079	6.363319	22989.25	-3.472624E-11	-2.879666E+10	1.342223E+16	0	0	1.937393	0.04352	0	0
0	0	0	-0.286262	6.363333	-3.23723	6.363333	22995.25	-2.612106E-11	-3.828329E+10	1.342223E+16	0	0	1.860355	0.043193	0	0
0	0	0	-0.285976	6.363192	-3.23688	6.363192	23003.25	-2.516983E-11	-3.97301E+10	1.342223E+16	0	0	1.813775	0.043018	0	0
0	0	0	-0.285935	6.363298	-3.236888	6.363298	23005.75	-3.979927E-11	-2.512609E+10	1.342223E+16	0	0	1.793122	0.042595	0	0
0	0	0	-0.287242	6.363291	-3.238188	6.363291	23006.25	-2.771997E-11	-3.607508E+10	1.342223E+16	0	0	1.718882	0.04246	0	0
0	0	0	-0.286058	6.363235	-3.236981	6.363235	22994	-2.827739E-11	-3.536394E+10	1.342223E+16	0	0	1.756613	0.042085	0	0
0	0	0	-0.284669	6.363369	-3.235659	6.363369	23005.25	-3.389068E-11	-2.950664E+10	1.342223E+16	0	0	1.663867	0.041813	0	0
0	0	0	-0.285119	6.363164	-3.236012	6.363164	23018	-2.306665E-11	-4.335263E+10	1.342223E+16	0	0	1.635161	0.041542	0	0
0	0	0	-0.284751	6.363221	-3.235671	6.363221	23014	-4.504873E-11	-2.219819E+10	1.342223E+16	0	0	1.581716	0.041391	0	0
0	0	0	-0.284588	6.363418	-3.2356	6.363418	23017.25	-3.56735E-11	-2.803201E+10	1.342223E+16	0	0	1.64993	0.041064	0	0
0	0	0	-0.285731	6.363037	-3.236564	6.363037	23018.75	-2.063633E-11	-4.845823E+10	1.342223E+16	0	0	1.542694	0.04084	0	0
0	0	0	-0.285159	6.363157	-3.236049	6.363157	23008	-1.10308E-10	-9.065528E+9	1.342223E+16	0	0	1.513398	0.040553	0	0
0	0	0	-0.28716	6.363369	-3.238143	6.363369	23013.5	-4.657894E-11	-2.146893E+10	1.342223E+16	0	0	1.527964	0.040338	0	0
0	0	0	-0.2881	6.363362	-3.239076	6.363362	22994.75	-2.304335E-11	-4.339646E+10	1.342223E+16	0	0	1.42942	0.040074	0	0
0	0	0	-0.287651	6.363115	-3.238514	6.363115	22986	-2.342888E-11	-4.268237E+10	1.342223E+16	0	0	1.399395	0.039859	0	0
0	0	0	-0.288835	6.363228	-3.239747	6.363228	22990.25	-5.845295E-11	-1.710778E+10	1.342223E+16	0	0	1.425379	0.0395	0	0
0	0	0	-0.288957	6.363411	-3.239954	6.363411	22979.25	-3.471114E-11	-2.88092E+10	1.342223E+16	0	0	1.403786	0.039237	0	0
0	0	0	-0.289774	6.363178	-3.24066	6.363178	22978.25	-2.091491E-11	-4.781278E+10	1.342223E+16	0	0	1.353274	0.038997	0	0
0	0	0	-0.290019	6.363404	-3.241009	6.363404	22970.5	-4.218976E-11	-2.370243E+10	1.342223E+16	0	0	1.320543	0.03883	0	0
0	0	0	-0.291898	6.363369	-3.242866	6.363369	22968.25	-2.123033E-11	-4.710242E+10	1.342223E+16	0	0	1.297937	0.038559	0	0
0	0	0	-0.291979	6.363376	-3.242951	6.363376	22950.75	-2.299926E-11	-4.347966E+10	1.342223E+16	0	0	1.24022	0.038375	0	0
0	0	0	-0.29349	6.363136	-3.244346	6.363136	22950	-2.261786E-11	-4.421284E+10	1.342223E+16	0	0	1.219114	0.038144	0	0
0	0	0	-0.294593	6.363221	-3.245485	6.363221	22936	-5.169333E-11	-1.934486E+10	1.342223E+16	0	0	1.23324	0.037921	0	0
0	0	0	-0.29447	6.363298	-3.245399	6.363298	22925.75	-3.553169E-11	-2.814389E+10	1.342223E+16	0	0	1.235569	0.037625	0	0
0	0	0	-0.294593	6.363298	-3.245521	6.363298	22926.75	-2.762418E-11	-3.620017E+10	1.342223E+16	0	0	1.150948	0.03733	0	0
0	0	0	-0.294593	6.363397	-3.245567	6.363397	22925.75	-2.762297E-11	-3.620175E+10	1.342223E+16	0	0	1.11169	0.037179	0	0
0	0	0	-0.294634	6.363256	-3.245542	6.363256	22925.75	-2.152519E-11	-4.64572E+10	1.342223E+16	0	0	1.074578	0.036947	0	0
0	0	0	-0.298023	6.363319	-3.248951	6.363319	22925.25	-3.143937E-11	-3.180725E+10	1.342223E+16	0	0	1.082507	0.036668	0	0
0	0	0	-0.296104	6.363354	-3.247054	6.363354	22893.75	-2.600576E-11	-3.845302E+10	1.342223E+16	0	0	1.053831	0.036381	0	0
0	0	0	-0.296185	6.36327	-3.247096	6.36327	22911.75	-2.375991E-11	-4.208771E+10	1.342223E+16	0	0	1.105188	0.03615	0	0
0	0	0	-0.297533	6.363319	-3.248463	6.363319	22910.75	-3.003598E-11	-3.32934E+10	1.342223E+16	0	0	1.011424	0.036022	0	0
0	0	0	-0.296961	6.363319	-3.247893	6.363319	22898.25	-2.601087E-11	-3.844546E+10	1.342223E+16	0	0	0.979917	0.035791	0	0
0	0	0	-0.298391	6.36334	-3.249328	6.36334	22903.75	-2.601712E-11	-3.843623E+10	1.342223E+16	0	0	0.9489	0.035535	0	0
0	0	0	-0.297533	6.363397	-3.248499	6.363397	22890.5	-2.459452E-11	-4.065946E+10	1.342223E+16	0	0	0.945549	0.035368	0	0
0	0	0	-0.296961	6.363213	-3.247844	6.363213	22898.25	-2.149937E-11	-4.6513E+10	1.342223E+16	0	0	0.942953	0.035033	0	0
0	0	0	-0.297737	6.363199	-3.248611	6.363199	22903.75	-3.644622E-11	-2.743769E+10	1.342223E+16	0	0	0.905001	0.034857	0	0
0	0	0	-0.296553	6.363199	-3.24743	6.363199	22896.5	-3.849197E-11	-2.597944E+10	1.342223E+16	0	0	0.8594	0.034658	0	0
0	0	0	-0.295042	6.36339	-3.246011	6.36339	22907.5	-3.851047E-11	-2.596697E+10	1.342223E+16	0	0	0.871494	0.034474	0	0
0	0	0	-0.295654	6.363101	-3.246488	6.363101	22921.5	-2.186598E-11	-4.573315E+10	1.342223E+16	0	0	0.870454	0.034355	0	0
0	0	0	-0.292796	6.363312	-3.243736	6.363312	22915.75	-6.370364E-11	-1.569769E+10	1.342223E+16	0	0	0.792072	0.034012	0	0
0	0	0	-0.293572	6.363192	-3.244454	6.363192	22942.25	-2.656768E-11	-3.763972E+10	1.342223E+16	0	0	0.799817	0.033844	0	0
0	0	0	-0.293368	6.363277	-3.24429	6.363277	22935.25	-3.967731E-11	-2.520332E+10	1.342223E+16	0	0	0.814243	0.033565	0	0
0	0	0	-0.292673	6.363249	-3.243584	6.363249	22937	-2.94226E-11	-3.398747E+10	1.342223E+16	0	0	0.723897	0.033469	0	0
0	0	0	-0.290672	6.363199	-3.241566	6.363199	22943.5	-3.220614E-11	-3.104998E+10	1.342223E+16	0	0	0.721517	0.033198	0	0
0	0	0	-0.290713	6.363474	-3.241734	6.363474	22962	-3.860209E-11	-2.590534E+10	1.342223E+16	0	0	0.766686	0.032991	0	0
0	0	0	-0.290713	6.363347	-3.241675	6.363347	22961.75	-1.837236E-11	-5.442959E+10	1.342223E+16	0	0	0.701005	0.032815	0	0
0	0	0	-0.290142	6.363284	-3.241076	6.363284	22961.75	-2.42338E-11	-4.126468E+10	1.342223E+16	0	0	0.704733	0.032632	0	0
0	0	0	-0.289325	6.363221	-3.240232	6.363221	22967	-2.883981E-11	-3.46743E+10	1.342223E+16	0	0	0.705892	0.032376	0	0
0	0	0	-0.288671	6.363178	-3.239561	6.363178	22974.75	-3.560763E-11	-2.808387E+10	1.342223E+16	0	0	0.659715	0.032193	0	0
0	0	0	-0.287855	6.363312	-3.238809	6.363312	22980.75	-4.220859E-11	-2.369186E+10	1.342223E+16	0	0	0.646655	0.032009	0	0
0	0	0	-0.287365	6.363263	-3.238297	6.363263	22988.25	-2.662094E-11	-3.756441E+10	1.342223E+16	0	0	0.641494	0.031842	0	0
0	0	0	-0.287814	6.363235	-3.238732	6.363235	22993	-3.082242E-11	-3.244392E+10	1.342223E+16	0	0	0.608558	0.031571	0	0
0	0	0	-0.286956	6.363383	-3.237945	6.363383	22988.75	-3.386637E-11	-2.952782E+10	1.342223E+16	0	0	0.628705	0.031403	0	0
0	0	0	-0.286875	6.363108	-3.237737	6.363108	22996.75	-2.229494E-11	-4.485323E+10	1.342223E+16	0	0	0.528325	0.031268	0	0
0	0	0	-0.28618	6.363347	-3.237155	6.363347	22997.5	-6.107938E-11	-1.637214E+10	1.342223E+16	0	0	0.562275	0.031044	0	0
0	0	0	-0.285609	6.363157	-3.236497	6.363157	23004	-2.427839E-11	-4.118889E+10	1.342223E+16	0	0	0.572066	0.030741	0	0
0	0	0	-0.285935	6.363178	-3.236833	6.363178	23009.25	-4.657034E-11	-2.147289E+10	1.342223E+16	0	0	0.55144	0.030669	0	0
0	0	0	-0.28565	6.363192	-3.236554	6.363192	23006.25	-4.225542E-11	-2.36656E+10	1.342223E+16	0	0	0.5777	0.030422	0	0
0	0	0	-0.286834	6.363347	-3.237807	6.363347	23009	-3.98049E-11	-2.512254E+10	1.342223E+16	0	0	0.5271	0.030286	0	0
0	0	0	-0.288345	6.363376	-3.239327	6.363376	22998	-2.427206E-11	-4.119964E+10	1.342223E+16	0	0	0.506104	0.030215	0	0
0	0	0	-0.289652	6.363115	-3.240509	6.363115	22983.75	-2.265113E-11	-4.414792E+10	1.342223E+16	0	0	0.506671	0.029911	0	0
0	0	0	-0.289325	6.363122	-3.240186	6.363122	22971.75	-5.840591E-11	-1.712155E+10	1.342223E+16	0	0	0.490497	0.0298	0	0
0	0	0	-0.290142	6.363481	-3.241167	6.363481	22974.75	-5.60215E-11	-1.785029E+10	1.342223E+16	0	0	0.468363	0.029481	0	0
0	0	0	-0.293531	6.363305	-3.244466	6.363305	22967	-1.81329E-11	-5.514836E+10	1.342223E+16	0	0	0.446655	0.029409	0	0
0	0	0	-0.293939	6.363291	-3.244866	6.363291	22935.5	-2.708663E-11	-3.691858E+10	1.342223E+16	0	0	0.454048	0.029217	0	0
0	0	0	-0.293163	6.363439	-3.244161	6.363439	22931.75	-2.820084E-11	-3.545994E+10	1.342223E+16	0	0	0.405883	0.029058	0	0
0	0	0	-0.294797	6.363362	-3.245754	6.363362	22939	-1.967612E-11	-5.082302E+10	1.342223E+16	0	0	0.33958	0.028819	0	0
0	0	0	-0.294919	6.363354	-3.245873	6.363354	22923.75	-2.336543E-11	-4.279827E+10	1.342223E+16	0	0	0.406442	0.028667	0	0
0	0	0	-0.295409	6.363362	-3.246365	6.363362	22922.75	-2.377131E-11	-4.206751E+10	1.342223E+16	0	0	0.410119	0.028404	0	0
0	0	0	-0.296145	6.363305	-3.247072	6.363305	22918	-2.335957E-11	-4.280901E+10	1.342223E+16	0	0	0.464865	0.028212	0	0
0	0	0	-0.294838	6.363326	-3.245778	6.363326	22911.25	-2.705799E-11	-3.695766E+10	1.342223E+16	0	0	0.424112	0.028085	0	0
0	0	0	-0.295369	6.363545	-3.246409	6.363545	22923.25	-2.555183E-11	-3.913615E+10	1.342223E+16	0	0	0.415435	0.028021	0	0
0	0	0	-0.298513	6.363326	-3.249443	6.363326	22918.5	-1.616555E-11	-6.185995E+10	1.342223E+16	0	0	0.351452	0.027797	0	0
0	0	0	-0.297819	6.363502	-3.248833	6.363502	22889.25	-2.551393E-11	-3.919428E+10	1.342223E+16	0	0	0.381656	0.027686	0	0
0	0	0	-0.298636	6.363411	-3.249605	6.363411	22895.75	-1.738512E-11	-5.752046E+10	1.342223E+16	0	0	0	0	0	0
0	0	0	-0.297574	6.363143	-3.248422	6.363143	22888.25	-2.083299E-11	-4.800078E+10	1.342223E+16	0	0	0	0	0	0
0	0	0	-0.298227	6.363481	-3.24923	6.363481	22898	-4.972557E-11	-2.011038E+10	1.342223E+16	0	0	0	0	0	0
0	0	0	-0.298309	6.363552	-3.249344	6.363552	22891.75	-1.807349E-11	-5.532965E+10	1.342223E+16	0	0	0	0	0	0
0	0	0	-0.298105	6.363474	-3.249105	6.363474	22891.25	-1.595731E-11	-6.266722E+10	1.342223E+16	0	0	0	0	0	0
0	0	0	-0.297043	6.363256	-3.247945	6.363256	22893	-1.831735E-11	-5.459305E+10	1.342223E+16	0	0	0	0	0	0
0	0	0	-0.298309	6.363277	-3.249217	6.363277	22903	-3.140886E-11	-3.183815E+10	1.342223E+16	0	0	0	0	0	0
0	0	0	-0.296798	6.36327	-3.247707	6.36327	22891.25	-2.936392E-11	-3.40554E+10	1.342223E+16	0	0	0	0	0	0
0	0	0	-0.296635	6.363256	-3.247537	6.363256	22905.25	-3.002877E-11	-3.33014E+10	1.342223E+16	0	0	0	0	0	0
0	0	0	0	0	0	0	22906.75	-3.1414E-11	-3.183294E+10	1.342223E+16	0	0	0	0	0	0
