Vload_(V)	ILoad_(A)	RsLoad_(ohm)	SunsVoc_Voltage_(V)	SunsVoc_Current_(A)	Model_Voltage_(V)	Model_Current_(A)	Carrier_Density_(cm-3)	Lifetime_(s)	Inverse_Lifetime_(s-1)	(Carrier_Density+Doping)/qWni^2_(cm^2/C)	Carrier_Density_at_Vmp_(cm-3)	Lifetime_at_Vmp_(s)	Efficiency_(%)	Intensity_(suns)	Dark_IV_Voltage_(V)	Dark_IV_Current_(A)
3.138364	5.986766	0	52.143374	0.420949	51.753154	0.420949	8.472102E+15	0.000685	1340.31477	7.564355E+16	3.960349E+14	0.000692	18.720844	1.107945	0	0
3.078869	5.984384	4.030649	52.030624	0.697908	51.388454	0.697908	8.41561E+15	0.000654	1411.224318	7.537861E+16	0	0	18.809471	1.104899	0	0
3.764125	5.981991	4.480854	51.916771	1.003989	50.999927	1.003989	8.157317E+15	0.000652	1423.357364	7.416725E+16	0	0	18.871241	1.101398	0	0
7.788152	5.980021	4.095902	51.793077	1.316283	50.600958	1.316283	7.834771E+15	0.000659	1415.599012	7.265455E+16	0	0	18.882712	1.100263	0	0
12.34351	5.958217	4.366785	51.673671	1.601073	50.235267	1.601073	7.519935E+15	0.000671	1395.658226	7.117801E+16	0	0	18.901569	1.097961	0	0
16.328424	5.954676	3.772358	51.554469	1.87492	49.883648	1.87492	7.189897E+15	0.000685	1374.449787	6.963018E+16	0	0	18.932806	1.092756	0	0
20.097052	5.949969	3.225898	51.429877	2.129204	49.548606	2.129204	6.882818E+15	0.000698	1353.759181	6.819002E+16	0	0	19.002604	1.085818	0	0
23.750262	5.946811	2.663252	51.306142	2.36537	49.234026	2.36537	6.587213E+15	0.000713	1331.19455	6.680366E+16	0	0	19.05902	1.079351	0	0
27.957645	5.942185	2.022484	51.177425	2.585124	48.93306	2.585124	6.289581E+15	0.000725	1313.074764	6.540781E+16	0	0	19.090956	1.073331	0	0
32.368416	5.935096	1.36918	51.048871	2.791559	48.647134	2.791559	6.005123E+15	0.000738	1295.783338	6.407374E+16	0	0	19.133974	1.065145	0	0
36.750517	5.937055	0.60817	50.925055	2.987464	48.377291	2.987464	5.720612E+15	0.000748	1282.388402	6.273942E+16	0	0	19.196819	1.055528	0	0
37.877517	5.955791	0.131901	50.801769	3.166785	48.124849	3.166785	5.447701E+15	0.000758	1269.227803	6.14595E+16	0	0	19.218472	1.046255	0	0
39.003197	5.956666	-0.07461	50.678973	3.333857	47.885753	3.333857	5.195133E+15	0.000771	1253.020458	6.027499E+16	0	0	19.222785	1.037502	0	0
40.113134	5.92184	0.196011	50.554626	3.489214	47.657661	3.489214	4.953365E+15	0.000781	1239.057645	5.914113E+16	0	0	19.238011	1.028285	0	0
41.241679	5.858956	0.365503	50.435342	3.635305	47.443486	3.635305	4.721902E+15	0.000792	1225.970333	5.80556E+16	0	0	19.268832	1.018101	0	0
42.362979	5.732981	0.509252	50.30977	3.772819	47.233586	3.772819	4.496727E+15	0.000801	1214.995753	5.699956E+16	0	0	19.275535	1.008108	0	0
43.472616	5.542865	0.5811	50.188118	3.8992	47.03777	3.8992	4.289168E+15	0.000811	1201.87529	5.602613E+16	0	0	19.28448	0.998787	0	0
44.57524	5.17737	0.680806	50.064669	4.02024	46.846746	4.02024	4.079328E+15	0.00082	1192.406473	5.504201E+16	0	0	19.260994	0.989162	0	0
45.595982	4.782644	0.709984	49.940566	4.13167	46.664672	4.13167	3.884253E+15	0.000828	1183.115369	5.412713E+16	0	0	19.263612	0.979362	0	0
46.58292	4.36532	0.699089	49.818587	4.23666	46.490916	4.23666	3.694303E+15	0.000836	1173.972538	5.323629E+16	0	0	19.279345	0.969361	0	0
47.552762	3.773028	0.725099	49.694362	4.334527	46.322608	4.334527	3.511224E+15	0.000842	1167.215337	5.237767E+16	0	0	19.266803	0.959793	0	0
48.4458	3.036143	0.799312	49.574589	4.425921	46.164018	4.425921	3.338731E+15	0.000849	1159.847527	5.15687E+16	0	0	19.251281	0.950743	0	0
49.295419	2.302564	0.891484	49.450364	4.511521	46.007955	4.511521	3.170416E+15	0.000854	1154.831583	5.077933E+16	0	0	19.251062	0.941374	0	0
50.039275	1.567921	1.072173	49.330386	4.590629	45.861151	4.590629	3.014938E+15	0.000859	1148.697279	5.005016E+16	0	0	19.249074	0.932101	0	0
50.662128	0.910323	1.43158	49.209755	4.667191	45.716942	4.667191	2.860515E+15	0.000863	1145.760262	4.932593E+16	0	0	19.248895	0.922788	0	0
51.202209	0.395123	2.269714	49.088756	4.736536	45.578943	4.736536	2.717764E+15	0.000866	1142.542685	4.865645E+16	0	0	19.261571	0.913851	0	0
42.73139	5.621678	0.618891	48.972331	4.800698	45.449005	4.800698	2.580365E+15	0.00087	1138.542758	4.801206E+16	0	0	19.264891	0.90469	0	0
52.279242	0	0	48.84929	4.862426	45.317089	4.862426	2.44852E+15	0.000871	1137.880346	4.739373E+16	0	0	19.244533	0.895665	0	0
0	0	0	48.726821	4.920503	45.189124	4.920503	2.327122E+15	0.000873	1136.740733	4.682439E+16	0	0	19.249745	0.886528	0	0
0	0	0	48.608967	4.976774	45.066525	4.976774	2.204457E+15	0.000872	1138.470585	4.62491E+16	0	0	19.240591	0.877726	0	0
0	0	0	48.487805	5.029282	44.945091	5.029282	2.087913E+15	0.000871	1140.769003	4.570253E+16	0	0	19.212112	0.869173	0	0
0	0	0	48.371175	5.07919	44.829375	5.07919	1.980812E+15	0.000872	1139.703661	4.520024E+16	0	0	19.21645	0.860595	0	0
0	0	0	48.250381	5.128708	44.711772	5.128708	1.875689E+15	0.000871	1141.685601	4.470723E+16	0	0	19.214385	0.851994	0	0
0	0	0	48.131669	5.171782	44.600723	5.171782	1.779108E+15	0.000872	1141.506309	4.425427E+16	0	0	19.192802	0.843656	0	0
0	0	0	48.01312	5.214276	44.490801	5.214276	1.683674E+15	0.000873	1140.940973	4.38067E+16	0	0	19.184168	0.83555	0	0
0	0	0	47.890406	5.25376	44.38067	5.25376	1.594279E+15	0.00087	1144.930831	4.338745E+16	0	0	19.187163	0.827364	0	0
0	0	0	47.772797	5.290733	44.276248	5.290733	1.509194E+15	0.000869	1146.860472	4.298841E+16	0	0	19.186682	0.819178	0	0
0	0	0	47.65139	5.325903	44.170969	5.325903	1.425364E+15	0.000865	1152.669814	4.259526E+16	0	0	19.179914	0.811088	0	0
0	0	0	47.53378	5.358693	44.070306	5.358693	1.348917E+15	0.000862	1156.921699	4.223673E+16	0	0	19.186229	0.80303	0	0
0	0	0	47.4127	5.389819	43.968843	5.389819	1.273848E+15	0.000857	1163.541205	4.188467E+16	0	0	19.178582	0.795116	0	0
0	0	0	47.292314	5.419592	43.86916	5.419592	1.204708E+15	0.000853	1169.572114	4.156041E+16	0	0	19.176918	0.787346	0	0
0	0	0	47.173724	5.448048	43.771936	5.448048	1.13706E+15	0.000847	1178.022336	4.124315E+16	0	0	19.183134	0.779672	0	0
0	0	0	47.052889	5.474264	43.675008	5.474264	1.073211E+15	0.000842	1186.106785	4.094371E+16	0	0	19.146688	0.772086	0	0
0	0	0	46.934789	5.499181	43.581078	5.499181	1.013501E+15	0.000837	1193.189205	4.066368E+16	0	0	19.150232	0.764699	0	0
0	0	0	46.813872	5.522614	43.48653	5.522614	9.55777E+14	0.00083	1203.883275	4.039296E+16	0	0	19.128254	0.757289	0	0
0	0	0	46.694956	5.544931	43.394317	5.544931	9.022704E+14	0.000823	1213.450392	4.014202E+16	0	0	19.111665	0.749855	0	0
0	0	0	46.574161	5.566397	43.301685	5.566397	8.503386E+14	0.000815	1225.845184	3.989847E+16	0	0	19.103873	0.742836	0	0
0	0	0	46.454469	5.585833	43.211276	5.585833	8.019565E+14	0.000807	1237.449164	3.967156E+16	0	0	19.121883	0.735721	0	0
0	0	0	46.332	5.604834	43.119569	5.604834	7.554186E+14	0.000799	1249.98926	3.94533E+16	0	0	19.129212	0.728654	0	0
0	0	0	46.205734	5.623161	43.026031	5.623161	7.117806E+14	0.00079	1265.4042	3.924865E+16	0	0	19.115237	0.721548	0	0
0	0	0	46.08645	5.640463	42.93793	5.640463	6.695615E+14	0.00078	1281.548905	3.905064E+16	0	0	19.078107	0.714681	0	0
0	0	0	45.965737	5.657051	42.849537	5.657051	6.284844E+14	0.000769	1299.896433	3.8858E+16	0	0	19.080105	0.707638	0	0
0	0	0	45.842329	5.672331	42.760335	5.672331	5.918539E+14	0.00076	1314.747463	3.86862E+16	0	0	19.099098	0.701027	0	0
0	0	0	45.723453	5.687065	42.674618	5.687065	5.568299E+14	0.000751	1330.576384	3.852195E+16	0	0	19.117119	0.694328	0	0
0	0	0	45.599596	5.700947	42.586312	5.700947	5.230459E+14	0.00074	1350.945609	3.83635E+16	0	0	19.088969	0.687813	0	0
0	0	0	45.479087	5.71391	42.500878	5.71391	4.923395E+14	0.000731	1368.006906	3.82195E+16	0	0	19.093958	0.681482	0	0
0	0	0	45.356087	5.726727	42.414086	5.726727	4.621656E+14	0.000719	1389.871102	3.807798E+16	0	0	19.076089	0.674991	0	0
0	0	0	45.233333	5.738422	42.328215	5.738422	4.344983E+14	0.000708	1411.372669	3.794823E+16	0	0	19.061316	0.668899	0	0
0	0	0	45.11213	5.74988	42.243644	5.74988	4.078889E+14	0.000698	1432.86192	3.782343E+16	0	0	19.045626	0.662568	0	0
0	0	0	44.985822	5.760437	42.156372	5.760437	3.828874E+14	0.000686	1457.816459	3.770618E+16	0	0	19.052138	0.656221	0	0
0	0	0	44.863108	5.770649	42.071759	5.770649	3.596445E+14	0.000675	1480.455731	3.759717E+16	0	0	19.044716	0.649938	0	0
0	0	0	44.736719	5.780672	41.985008	5.780672	3.368651E+14	0.000662	1510.156905	3.749034E+16	0	0	19.029194	0.64375	0	0
0	0	0	44.611351	5.789767	41.899506	5.789767	3.16066E+14	0.000651	1536.937327	3.73928E+16	0	0	19.042042	0.637443	0	0
0	0	0	44.488963	5.798902	41.816054	5.798902	2.959395E+14	0.000639	1565.364252	3.72984E+16	0	0	19.057144	0.631256	0	0
0	0	0	44.360655	5.80757	41.729122	5.80757	2.772009E+14	0.000626	1597.445943	3.721052E+16	0	0	19.042827	0.62506	0	0
0	0	0	44.236062	5.815138	41.645215	5.815138	2.600179E+14	0.000616	1624.062594	3.712994E+16	0	0	19.073037	0.619225	0	0
0	0	0	44.109265	5.822347	41.560157	5.822347	2.431131E+14	0.000604	1656.867434	3.705066E+16	0	0	19.066492	0.613733	0	0
0	0	0	43.98165	5.829796	41.474581	5.829796	2.277218E+14	0.00059	1694.159675	3.697847E+16	0	0	19.071515	0.608201	0	0
0	0	0	43.847094	5.836871	41.384803	5.836871	2.130326E+14	0.000576	1734.915818	3.690958E+16	0	0	19.040942	0.602741	0	0
0	0	0	43.717969	5.843613	41.298777	5.843613	1.991824E+14	0.000564	1771.499973	3.684463E+16	0	0	19.001832	0.597337	0	0
0	0	0	43.589047	5.850003	41.213132	5.850003	1.855309E+14	0.000551	1816.143977	3.67806E+16	0	0	18.978887	0.591957	0	0
0	0	0	43.462127	5.855942	41.129055	5.855942	1.732925E+14	0.000539	1856.954988	3.672321E+16	0	0	19.022355	0.586553	0	0
0	0	0	43.329449	5.86161	41.041472	5.86161	1.618629E+14	0.000526	1899.342063	3.66696E+16	0	0	19.030219	0.581133	0	0
0	0	0	43.198527	5.867227	40.955129	5.867227	1.513336E+14	0.000515	1943.28981	3.662022E+16	0	0	18.978827	0.575809	0	0
0	0	0	43.067768	5.87228	40.869191	5.87228	1.410454E+14	0.000501	1994.709676	3.657197E+16	0	0	18.985447	0.57047	0	0
0	0	0	42.935989	5.87697	40.782812	5.87697	1.31568E+14	0.00049	2042.429882	3.652752E+16	0	0	19.032061	0.565082	0	0
0	0	0	42.803842	5.881922	40.696178	5.881922	1.227284E+14	0.000477	2096.978774	3.648607E+16	0	0	19.020151	0.559933	0	0
0	0	0	42.668346	5.886368	40.607652	5.886368	1.14412E+14	0.000464	2157.256799	3.644706E+16	0	0	19.006214	0.554809	0	0
0	0	0	42.534851	5.890732	40.520511	5.890732	1.066308E+14	0.000452	2210.290891	3.641057E+16	0	0	19.041308	0.549629	0	0
0	0	0	42.403153	5.895304	40.434524	5.895304	9.919464E+13	0.00044	2275.227731	3.63757E+16	0	0	19.015975	0.544593	0	0
0	0	0	42.276845	5.898898	40.352383	5.898898	9.236976E+13	0.000428	2337.135909	3.634369E+16	0	0	18.94877	0.539589	0	0
0	0	0	42.142125	5.902692	40.264844	5.902692	8.609203E+13	0.000419	2388.179987	3.631425E+16	0	0	18.943476	0.534608	0	0
0	0	0	42.003404	5.905957	40.174969	5.905957	8.046836E+13	0.000407	2454.678926	3.628787E+16	0	0	18.960086	0.52974	0	0
0	0	0	41.869051	5.909207	40.087951	5.909207	7.487057E+13	0.000396	2524.290617	3.626162E+16	0	0	18.957697	0.52472	0	0
0	0	0	41.725388	5.912505	39.995013	5.912505	6.950956E+13	0.000383	2613.394614	3.623648E+16	0	0	18.941912	0.519732	0	0
0	0	0	41.587156	5.915454	39.905707	5.915454	6.46806E+13	0.000371	2695.560151	3.621383E+16	0	0	18.980999	0.514951	0	0
0	0	0	41.445657	5.918464	39.814344	5.918464	5.988471E+13	0.000359	2787.627028	3.619134E+16	0	0	18.954691	0.510299	0	0
0	0	0	41.308692	5.921363	39.725961	5.921363	5.560375E+13	0.000347	2883.059915	3.617126E+16	0	0	18.940913	0.505606	0	0
0	0	0	41.167724	5.924177	39.63509	5.924177	5.153632E+13	0.000336	2979.295254	3.615219E+16	0	0	18.965092	0.501042	0	0
0	0	0	41.031983	5.926353	39.547768	5.926353	4.788107E+13	0.000326	3070.617243	3.613504E+16	0	0	18.955133	0.496573	0	0
0	0	0	40.887789	5.928931	39.454983	5.928931	4.4388E+13	0.000315	3169.759429	3.611866E+16	0	0	18.934468	0.492184	0	0
0	0	0	40.746494	5.931266	39.364152	5.931266	4.126424E+13	0.000304	3291.186383	3.610401E+16	0	0	18.90437	0.487836	0	0
0	0	0	40.602994	5.933677	39.271936	5.933677	3.818519E+13	0.000294	3404.759445	3.608957E+16	0	0	18.887791	0.483439	0	0
0	0	0	40.461046	5.935638	39.18085	5.935638	3.539003E+13	0.000284	3525.383073	3.607646E+16	0	0	18.879525	0.47913	0	0
0	0	0	40.314647	5.937907	39.086892	5.937907	3.27597E+13	0.000274	3642.999951	3.606413E+16	0	0	18.893688	0.474766	0	0
0	0	0	40.170821	5.93971	38.994709	5.93971	3.034945E+13	0.000264	3787.08618	3.605282E+16	0	0	18.907166	0.470521	0	0
0	0	0	40.023482	5.941653	38.90029	5.941653	2.804856E+13	0.000255	3915.901273	3.604203E+16	0	0	18.914098	0.46634	0	0
0	0	0	39.880269	5.943475	38.808559	5.943475	2.595748E+13	0.000245	4075.163965	3.603222E+16	0	0	18.906827	0.462239	0	0
0	0	0	39.732603	5.945043	38.714064	5.945043	2.397639E+13	0.000236	4229.734921	3.602293E+16	0	0	18.907995	0.458386	0	0
0	0	0	39.587266	5.947042	38.621012	5.947042	2.219535E+13	0.000228	4384.592859	3.601458E+16	0	0	18.871564	0.454341	0	0
0	0	0	39.438784	5.948621	38.526054	5.948621	2.049701E+13	0.000219	4575.964031	3.600662E+16	0	0	18.872278	0.450456	0	0
0	0	0	39.286137	5.950157	38.428475	5.950157	1.895209E+13	0.000212	4711.790084	3.599937E+16	0	0	18.861429	0.446587	0	0
0	0	0	39.136267	5.951645	38.332701	5.951645	1.749365E+13	0.000204	4901.695309	3.599253E+16	0	0	18.815203	0.442694	0	0
0	0	0	38.986478	5.952958	38.237029	5.952958	1.611096E+13	0.000196	5108.125591	3.598605E+16	0	0	18.833186	0.438833	0	0
0	0	0	38.836689	5.954144	38.141395	5.954144	1.48596E+13	0.000188	5313.1729	3.598018E+16	0	0	18.863983	0.434916	0	0
0	0	0	38.688044	5.955788	38.046462	5.955788	1.370587E+13	0.00018	5545.129002	3.597477E+16	0	0	18.853127	0.431174	0	0
0	0	0	38.535601	5.956919	37.94919	5.956919	1.264156E+13	0.000172	5801.068512	3.596977E+16	0	0	18.823103	0.427329	0	0
0	0	0	38.385731	5.958121	37.853571	5.958121	1.166698E+13	0.000168	5968.912588	3.59652E+16	0	0	18.859197	0.423756	0	0
0	0	0	38.233778	5.959106	37.756665	5.959106	1.074537E+13	0.00016	6244.070881	3.596088E+16	0	0	18.842393	0.420127	0	0
0	0	0	38.080763	5.960459	37.659075	5.960459	9.910226E+12	0.000154	6497.658404	3.595696E+16	0	0	18.817847	0.416521	0	0
0	0	0	37.92636	5.961475	37.560646	5.961475	9.12964E+12	0.000147	6810.624723	3.59533E+16	0	0	18.796165	0.412932	0	0
0	0	0	37.774734	5.962346	37.464013	5.962346	8.405649E+12	0.000142	7035.384534	3.594991E+16	0	0	18.766793	0.409511	0	0
0	0	0	37.618289	5.963292	37.364323	5.963292	7.733214E+12	0.000136	7352.046099	3.594675E+16	0	0	18.789469	0.405841	0	0
0	0	0	37.464294	5.964473	37.266204	5.964473	7.1252E+12	0.00013	7704.515785	3.59439E+16	0	0	18.782452	0.402124	0	0
0	0	0	37.306338	5.965254	37.165594	5.965254	6.547885E+12	0.000124	8059.077353	3.59412E+16	0	0	18.784487	0.398583	0	0
0	0	0	37.151731	5.96615	37.06713	5.96615	6.025279E+12	0.00012	8317.459489	3.593874E+16	0	0	18.831355	0.395145	0	0
0	0	0	36.993775	5.966782	36.966552	5.966782	5.532503E+12	0.000114	8740.940594	3.593643E+16	0	0	18.807724	0.39186	0	0
0	0	0	36.829489	5.967665	36.861957	5.967665	5.0892E+12	0.00011	9106.273751	3.593435E+16	0	0	18.759995	0.388566	0	0
0	0	0	36.670758	5.968327	36.760913	5.968327	4.672934E+12	0.000104	9613.423383	3.59324E+16	0	0	18.759003	0.385233	0	0
0	0	0	36.510515	5.969198	36.658924	5.969198	4.276049E+12	9.958633E-5	10041.538595	3.593054E+16	0	0	18.718756	0.381915	0	0
0	0	0	36.348026	5.969753	36.555512	5.969753	3.924615E+12	9.467883E-5	10562.023444	3.592889E+16	0	0	18.769101	0.378654	0	0
0	0	0	36.182801	5.970419	36.450375	5.970419	3.59911E+12	9.113158E-5	10973.14474	3.592737E+16	0	0	18.739694	0.375296	0	0
0	0	0	36.021578	5.971176	36.347803	5.971176	3.296588E+12	8.619724E-5	11601.299195	3.592595E+16	0	0	18.721039	0.371867	0	0
0	0	0	35.853536	5.971737	36.240893	5.971737	3.015023E+12	8.204582E-5	12188.31195	3.592463E+16	0	0	18.77212	0.368629	0	0
0	0	0	35.687413	5.972369	36.135221	5.972369	2.763468E+12	7.885111E-5	12682.130305	3.592345E+16	0	0	18.761696	0.365472	0	0
0	0	0	35.515001	5.972875	36.02555	5.972875	2.523577E+12	7.469689E-5	13387.438069	3.592232E+16	0	0	18.777111	0.362514	0	0
0	0	0	35.342466	5.973426	35.915815	5.973426	2.306896E+12	7.127836E-5	14029.502882	3.592131E+16	0	0	18.737446	0.35958	0	0
0	0	0	35.16887	5.974209	35.805442	5.974209	2.101659E+12	6.730245E-5	14858.301171	3.592034E+16	0	0	18.678377	0.35655	0	0
0	0	0	34.993231	5.974478	35.693725	5.974478	1.914551E+12	6.384095E-5	15663.926763	3.591947E+16	0	0	18.685733	0.353425	0	0
0	0	0	34.816858	5.975016	35.581582	5.975016	1.743096E+12	6.17478E-5	16194.909497	3.591866E+16	0	0	18.712798	0.350307	0	0
0	0	0	34.636197	5.975456	35.466708	5.975456	1.585242E+12	5.738505E-5	17426.141512	3.591792E+16	0	0	18.729309	0.347229	0	0
0	0	0	34.44888	5.975968	35.347621	5.975968	1.441107E+12	5.456042E-5	18328.306289	3.591725E+16	0	0	18.706336	0.344216	0	0
0	0	0	34.267075	5.976591	35.23207	5.976591	1.307043E+12	5.140748E-5	19452.422826	3.591662E+16	0	0	18.724197	0.341354	0	0
0	0	0	34.07792	5.977002	35.11182	5.977002	1.181192E+12	4.86591E-5	20551.140947	3.591603E+16	0	0	18.727512	0.338492	0	0
0	0	0	33.886887	5.977146	34.990336	5.977146	1.070642E+12	4.680784E-5	21363.940921	3.591551E+16	0	0	18.676148	0.335782	0	0
0	0	0	33.699732	5.977893	34.871442	5.977893	9.665897E+11	4.40386E-5	22707.351217	3.591502E+16	0	0	18.660596	0.333064	0	0
0	0	0	33.505146	5.977935	34.74769	5.977935	8.71763E+11	4.031052E-5	24807.418565	3.591458E+16	0	0	18.63447	0.33029	0	0
0	0	0	33.307538	5.978728	34.622184	5.978728	7.878887E+11	3.950094E-5	25315.851731	3.591418E+16	0	0	18.631768	0.327428	0	0
0	0	0	33.106254	5.97861	34.494147	5.97861	7.092284E+11	3.572587E-5	27990.918243	3.591381E+16	0	0	18.682513	0.324439	0	0
0	0	0	32.91371	5.979135	34.371822	5.979135	6.373787E+11	3.527398E-5	28349.50927	3.591348E+16	0	0	18.674527	0.321689	0	0
0	0	0	32.709976	5.979373	34.242321	5.979373	5.716705E+11	3.117925E-5	32072.614999	3.591317E+16	0	0	18.690573	0.319035	0	0
0	0	0	32.50077	5.979883	34.109419	5.979883	5.151636E+11	3.003059E-5	33299.374826	3.59129E+16	0	0	18.67078	0.316453	0	0
0	0	0	32.280988	5.980175	33.969743	5.980175	4.614424E+11	2.776569E-5	36015.66744	3.591265E+16	0	0	18.613356	0.314094	0	0
0	0	0	32.063492	5.980373	33.831502	5.980373	4.121021E+11	2.663476E-5	37544.920271	3.591242E+16	0	0	18.605748	0.3116	0	0
0	0	0	31.845956	5.980438	33.693198	5.980438	3.659392E+11	2.469719E-5	40490.438081	3.59122E+16	0	0	18.583435	0.30885	0	0
0	0	0	31.624703	5.980821	33.552636	5.980821	3.253491E+11	2.263836E-5	44172.814186	3.591201E+16	0	0	18.609014	0.306132	0	0
0	0	0	31.399407	5.980991	33.409442	5.980991	2.892547E+11	2.033297E-5	49181.201675	3.591184E+16	0	0	18.637694	0.303374	0	0
0	0	0	31.173377	5.981287	33.26583	5.981287	2.566484E+11	1.920394E-5	52072.64998	3.591169E+16	0	0	18.65796	0.300872	0	0
0	0	0	30.94118	5.981756	33.118367	5.981756	2.272205E+11	1.750255E-5	57134.516355	3.591155E+16	0	0	18.614204	0.298498	0	0
0	0	0	30.703389	5.981891	32.967236	5.981891	2.010868E+11	1.632594E-5	61252.202867	3.591143E+16	0	0	18.606442	0.296076	0	0
0	0	0	30.465556	5.982226	32.816161	5.982226	1.773666E+11	1.574655E-5	63505.98075	3.591132E+16	0	0	18.529532	0.293654	0	0
0	0	0	30.218087	5.982375	32.658892	5.982375	1.55972E+11	1.423281E-5	70260.200732	3.591122E+16	0	0	18.558687	0.291128	0	0
0	0	0	29.969024	5.982829	32.500745	5.982829	1.37155E+11	1.34391E-5	74409.722216	3.591113E+16	0	0	18.602186	0.288522	0	0
0	0	0	29.714817	5.982519	32.339005	5.982519	1.199814E+11	1.215437E-5	82274.958351	3.591105E+16	0	0	18.552986	0.285908	0	0
0	0	0	29.459629	5.98288	32.176938	5.98288	1.048678E+11	1.184889E-5	84396.085205	3.591098E+16	0	0	18.593707	0.283557	0	0
0	0	0	29.199214	5.983187	32.011534	5.983187	9.140341E+10	9.572971E-6	104460.776809	3.591092E+16	0	0	18.621147	0.281335	0	0
0	0	0	28.934429	5.983381	31.843307	5.983381	7.962554E+10	9.113459E-6	109727.816436	3.591086E+16	0	0	18.55317	0.279153	0	0
0	0	0	28.668624	5.983522	31.67441	5.983522	6.916958E+10	8.596684E-6	116323.919845	3.591081E+16	0	0	18.480017	0.276946	0	0
0	0	0	28.397755	5.983663	31.502299	5.983663	5.994487E+10	7.87768E-6	126940.934621	3.591077E+16	0	0	18.505402	0.27454	0	0
0	0	0	28.12125	5.98383	31.326625	5.98383	5.192173E+10	7.119615E-6	140457.032223	3.591073E+16	0	0	18.490547	0.272062	0	0
0	0	0	27.842826	5.98419	31.149843	5.98419	4.484948E+10	6.428759E-6	155551.014551	3.59107E+16	0	0	18.5562	0.269664	0	0
0	0	0	27.559543	5.984171	30.969768	5.984171	3.862269E+10	5.851462E-6	170897.453331	3.591067E+16	0	0	18.52653	0.267497	0	0
0	0	0	27.269848	5.984557	30.785856	5.984557	3.322592E+10	5.736902E-6	174310.117027	3.591064E+16	0	0	18.544013	0.265419	0	0
0	0	0	26.980358	5.984458	30.601793	5.984458	2.850826E+10	4.886065E-6	204663.686083	3.591062E+16	0	0	18.523766	0.263365	0	0
0	0	0	26.687682	5.984605	30.415855	5.984605	2.437581E+10	4.908231E-6	203739.376598	3.59106E+16	0	0	18.459398	0.26131	0	0
0	0	0	26.392393	5.984884	30.228347	5.984884	2.084468E+10	4.017092E-6	248936.274484	3.591058E+16	0	0	18.402181	0.259152	0	0
0	0	0	26.093346	5.984858	30.038259	5.984858	1.779441E+10	3.662157E-6	273063.120672	3.591057E+16	0	0	18.484486	0.256634	0	0
0	0	0	25.790788	5.984852	29.845952	5.984852	1.516905E+10	3.585777E-6	278879.594865	3.591056E+16	0	0	18.536839	0.254475	0	0
0	0	0	25.484922	5.984998	29.651648	5.984998	1.29048E+10	3.008699E-6	332369.565666	3.591055E+16	0	0	18.5027	0.252517	0	0
0	0	0	25.179056	5.985178	29.457373	5.985178	1.09577E+10	2.546366E-6	392716.586911	3.591054E+16	0	0	18.426484	0.250582	0	0
0	0	0	24.864573	5.985384	29.257649	5.985384	9.287765E+9	2.337233E-6	427856.407015	3.591053E+16	0	0	18.450069	0.24872	0	0
0	0	0	24.553153	5.985491	29.059803	5.985491	7.872322E+9	2.205275E-6	453458.139011	3.591052E+16	0	0	18.428417	0.246681	0	0
0	0	0	24.240999	5.985225	28.861208	5.985225	6.641583E+9	2.138303E-6	467660.480796	3.591052E+16	0	0	18.395997	0.244459	0	0
0	0	0	23.924597	5.985545	28.660365	5.985545	5.612539E+9	1.958E-6	510725.194416	3.591051E+16	0	0	18.417159	0.242316	0	0
0	0	0	23.606194	5.985618	28.458064	5.985618	4.74105E+9	1.368761E-6	730587.669408	3.591051E+16	0	0	18.446979	0.240366	0	0
0	0	0	23.289383	5.985718	28.2568	5.985718	3.995698E+9	1.455E-6	687285.326101	3.591051E+16	0	0	18.466372	0.238647	0	0
0	0	0	22.965018	5.985944	28.050846	5.985944	3.363884E+9	1.303057E-6	767426.254042	3.59105E+16	0	0	18.429288	0.236729	0	0
0	0	0	22.641266	5.985791	27.84496	5.985791	2.834414E+9	1.202472E-6	831619.976261	3.59105E+16	0	0	18.325269	0.234914	0	0
0	0	0	22.318289	5.985951	27.63984	5.985951	2.378548E+9	1.286462E-6	777325.61692	3.59105E+16	0	0	18.343947	0.232932	0	0
0	0	0	21.995149	5.985824	27.434362	5.985824	1.99666E+9	9.10721E-7	1098031.147661	3.59105E+16	0	0	18.415066	0.230717	0	0
0	0	0	21.670703	5.985838	27.228178	5.985838	1.67679E+9	9.144666E-7	1093533.672499	3.591049E+16	0	0	18.395416	0.228863	0	0
0	0	0	21.345562	5.985878	27.021579	5.985878	1.40804E+9	6.649856E-7	1503792.043288	3.591049E+16	0	0	18.428733	0.227064	0	0
0	0	0	21.020911	5.986057	26.815427	5.986057	1.181529E+9	5.660275E-7	1766698.639477	3.591049E+16	0	0	18.338299	0.225665	0	0
0	0	0	20.695198	5.986124	26.608497	5.986124	9.910847E+8	4.961227E-7	2015630.219627	3.591049E+16	0	0	18.279292	0.223698	0	0
0	0	0	20.366055	5.98623	26.399429	5.98623	8.315574E+8	5.216326E-7	1917058.092161	3.591049E+16	0	0	18.302557	0.22178	0	0
0	0	0	20.041486	5.986416	26.193355	5.986416	6.973076E+8	4.826806E-7	2071763.229022	3.591049E+16	0	0	18.327457	0.219837	0	0
0	0	0	19.716835	5.986004	25.986609	5.986004	5.836484E+8	4.841445E-7	2065498.886472	3.591049E+16	0	0	18.36627	0.218031	0	0
0	0	0	19.389693	5.986237	25.778952	5.986237	4.897246E+8	6.22191E-7	1607223.528189	3.591049E+16	0	0	18.344101	0.216512	0	0
0	0	0	19.067003	5.986429	25.574089	5.986429	4.108974E+8	2.398035E-7	4170080.443944	3.591049E+16	0	0	18.285704	0.215033	0	0
0	0	0	18.74227	5.986562	25.36787	5.986562	3.442944E+8	2.892101E-7	3457694.422058	3.591049E+16	0	0	18.263685	0.213202	0	0
0	0	0	18.421621	5.986263	25.163765	5.986263	2.891822E+8	3.819537E-7	2618118.164878	3.591049E+16	0	0	18.23408	0.211348	0	0
0	0	0	18.097746	5.986456	24.958162	5.986456	2.426241E+8	5.294625E-7	1888707.873868	3.591049E+16	0	0	18.315033	0.209429	0	0
0	0	0	17.774116	5.986476	24.752521	5.986476	2.040116E+8	1.804411E-7	5541973.88282	3.591049E+16	0	0	18.323498	0.207742	0	0
0	0	0	17.450854	5.986476	24.54709	5.986476	1.712452E+8	2.455879E-7	4071861.444351	3.591049E+16	0	0	18.291089	0.206487	0	0
0	0	0	17.129919	5.986629	24.343323	5.986629	1.437605E+8	2.203406E-7	4538428.936012	3.591049E+16	0	0	18.219596	0.204905	0	0
0	0	0	16.808739	5.986715	24.139324	5.986715	1.207111E+8	1.850161E-7	5404936.34272	3.591049E+16	0	0	18.177741	0.203258	0	0
0	0	0	16.486049	5.986609	23.934129	5.986609	1.014848E+8	3.286901E-7	3042379.533603	3.591049E+16	0	0	18.248791	0.201283	0	0
0	0	0	16.164869	5.986669	23.7301	5.986669	8.530948E+7	7.450703E-7	1342155.309492	3.591049E+16	0	0	18.290142	0.199717	0	0
0	0	0	15.843362	5.986522	23.525601	5.986522	7.165375E+7	2.026594E-7	4934388.553866	3.591049E+16	0	0	18.253703	0.198222	0	0
0	0	0	15.516261	5.986609	23.317845	5.986609	6.023311E+7	2.74934E-7	3637236.709423	3.591049E+16	0	0	18.215285	0.196911	0	0
0	0	0	15.197736	5.986635	23.115462	5.986635	5.062383E+7	9.241193E-8	1.082111E+7	3.591049E+16	0	0	18.140218	0.195544	0	0
0	0	0	14.876556	5.986682	22.911421	5.986682	4.241907E+7	1.199793E-7	8334773.272718	3.591049E+16	0	0	18.14581	0.193729	0	0
0	0	0	14.557949	5.986675	22.708943	5.986675	3.570925E+7	1.215505E-7	8227033.560228	3.591049E+16	0	0	18.214933	0.192018	0	0
0	0	0	14.239138	5.986589	22.506226	5.986589	3.001768E+7	1.586702E-7	6302381.670424	3.591049E+16	0	0	18.287868	0.190467	0	0
0	0	0	13.92294	5.986895	22.305715	5.986895	2.526838E+7	1.237901E-7	8078189.013364	3.591049E+16	0	0	18.18168	0.18926	0	0
0	0	0	13.601148	5.986868	22.101189	5.986868	2.126816E+7	5.338799E-8	1.87308E+7	3.591049E+16	0	0	18.097539	0.187893	0	0
0	0	0	13.278171	5.986709	21.895718	5.986709	1.792651E+7	-6.203507E-8	-1.611991E+7	3.591049E+16	0	0	18.098505	0.186319	0	0
0	0	0	12.959401	5.986782	21.693253	5.986782	1.506428E+7	-6.572367E-8	-1.521522E+7	3.591049E+16	0	0	18.178173	0.18456	0	0
0	0	0	12.642264	5.986762	21.491691	5.986762	1.265094E+7	9.776189E-8	1.022893E+7	3.591049E+16	0	0	18.207935	0.183169	0	0
0	0	0	12.324147	5.986868	21.289695	5.986868	1.064841E+7	-3.045913E-7	-3283088.32433	3.591049E+16	0	0	18.163264	0.181954	0	0
0	0	0	12.008603	5.986662	21.088864	5.986662	8970785	9.092498E-7	1099807.742138	3.591049E+16	0	0	18.061455	0.180819	0	0
0	0	0	11.692609	5.986749	20.888189	5.986749	7553458.5	-3.295431E-8	-3.034504E+7	3.591049E+16	0	0	18.082469	0.179188	0	0
0	0	0	11.374941	5.986868	20.686505	5.986868	6368912	2.721779E-8	3.674068E+7	3.591049E+16	0	0	18.107306	0.177549	0	0
0	0	0	11.054292	5.986729	20.482523	5.986729	5368824.5	1.350687E-7	7403641.789361	3.591049E+16	0	0	18.149562	0.176126	0	0
0	0	0	10.736747	5.986968	20.281112	5.986968	4521682.5	-1.972712E-8	-5.069163E+7	3.591049E+16	0	0	18.114746	0.175015	0	0
0	0	0	10.422959	5.986848	20.081519	5.986848	3802078	4.495523E-8	2.224435E+7	3.591049E+16	0	0	18.036898	0.17388	0	0
0	0	0	10.106026	5.986981	19.880334	5.986981	3202364	-7.063852E-9	-1.415658E+8	3.591049E+16	0	0	17.988088	0.172417	0	0
0	0	0	9.791462	5.986941	19.680375	5.986941	2702728	-1.465802E-8	-6.822206E+7	3.591049E+16	0	0	18.065303	0.170842	0	0
0	0	0	9.476857	5.986881	19.480355	5.986881	2277172	-4.712396E-9	-2.122063E+8	3.591049E+16	0	0	18.087756	0.169499	0	0
0	0	0	9.161721	5.987134	19.280523	5.987134	1921079	-4.881075E-9	-2.048729E+8	3.591049E+16	0	0	18.087687	0.168308	0	0
0	0	0	8.847483	5.987028	19.080659	5.987028	1620635	-6.254929E-9	-1.598739E+8	3.591049E+16	0	0	17.966985	0.167301	0	0
0	0	0	8.528713	5.986755	18.877622	5.986755	1366786	-1.6529E-9	-6.049971E+8	3.591049E+16	0	0	17.948329	0.165982	0	0
0	0	0	8.21668	5.986862	18.679519	5.986862	1153258.5	-1.961904E-9	-5.09709E+8	3.591049E+16	0	0	18.082976	0.164191	0	0
0	0	0	7.90522	5.987187	18.482171	5.987187	970708.5	3.913431E-8	2.555302E+7	3.591049E+16	0	0	18.084047	0.163088	0	0
0	0	0	7.593146	5.986828	18.283224	5.986828	820035.5	-3.827095E-9	-2.612948E+8	3.591049E+16	0	0	17.984487	0.162041	0	0
0	0	0	7.283156	5.986848	18.08627	5.986848	692964	-7.321798E-10	-1.365785E+9	3.591049E+16	0	0	17.907204	0.160962	0	0
0	0	0	6.974962	5.987161	17.890992	5.987161	585389.5	-4.194536E-9	-2.384054E+8	3.591049E+16	0	0	17.909042	0.159507	0	0
0	0	0	6.668974	5.986981	17.696221	5.986981	495072	-2.684966E-9	-3.724442E+8	3.591049E+16	0	0	18.032378	0.158076	0	0
0	0	0	6.364864	5.987028	17.503057	5.987028	419096	-4.726624E-10	-2.115675E+9	3.591049E+16	0	0	18.001876	0.157053	0	0
0	0	0	6.060059	5.987034	17.309379	5.987034	355202.5	-7.350572E-10	-1.360438E+9	3.591049E+16	0	0	17.945869	0.156037	0	0
0	0	0	5.762565	5.986888	17.120056	5.986888	301356	-5.126613E-10	-1.950605E+9	3.591049E+16	0	0	17.850136	0.154886	0	0
0	0	0	5.467316	5.987014	16.932677	5.987014	255576.5	-4.240041E-10	-2.358468E+9	3.591049E+16	0	0	17.920081	0.15316	0	0
0	0	0	5.17415	5.986895	16.746151	5.986895	217609.5	-7.940789E-10	-1.259321E+9	3.591049E+16	0	0	18.015493	0.152128	0	0
0	0	0	4.885027	5.986735	16.562112	5.986735	185507.5	-3.324851E-10	-3.007653E+9	3.591049E+16	0	0	17.919338	0.151273	0	0
0	0	0	4.608278	5.986981	16.386728	5.986981	158319.5	-5.478517E-10	-1.825311E+9	3.591049E+16	0	0	17.826457	0.15037	0	0
0	0	0	4.326832	5.986788	16.207498	5.986788	135412	1.944715E-9	5.142143E+8	3.591049E+16	0	0	17.859828	0.148739	0	0
0	0	0	4.045019	5.986881	16.028599	5.986881	116596.5	-2.412851E-10	-4.144475E+9	3.591049E+16	0	0	17.938293	0.147356	0	0
0	0	0	3.76782	5.987014	15.852717	5.987014	100140.5	-2.006544E-9	-4.983694E+8	3.591049E+16	0	0	17.927957	0.146517	0	0
0	0	0	3.500259	5.986808	15.682273	5.986808	85990	-3.318822E-10	-3.013118E+9	3.591049E+16	0	0	17.817476	0.145661	0	0
0	0	0	3.236985	5.987081	15.515529	5.987081	74023.5	-1.326723E-10	-7.537367E+9	3.591049E+16	0	0	17.815353	0.144526	0	0
0	0	0	2.978449	5.987127	15.351337	5.987127	64055.5	-6.761643E-10	-1.47893E+9	3.591049E+16	0	0	17.882945	0.142911	0	0
0	0	0	2.727794	5.986968	15.191725	5.986968	55558	-7.854225E-11	-1.2732E+10	3.591049E+16	0	0	17.94356	0.141984	0	0
0	0	0	2.480038	5.987054	15.034467	5.987054	48311.5	-5.949985E-11	-1.680676E+10	3.591049E+16	0	0	17.827304	0.141145	0	0
0	0	0	2.243227	5.986941	14.883745	5.986941	42189.5	-9.30623E-11	-1.074549E+10	3.591049E+16	0	0	17.79289	0.139977	0	0
0	0	0	2.004945	5.987127	14.732722	5.987127	36901	-5.698155E-11	-1.754954E+10	3.591049E+16	0	0	17.857878	0.13861	0	0
0	0	0	1.78259	5.987181	14.591539	5.987181	32466.5	-8.249064E-11	-1.212259E+10	3.591049E+16	0	0	17.916025	0.137739	0	0
0	0	0	1.573792	5.987333	14.459188	5.987333	28543	-3.515321E-11	-2.844691E+10	3.591049E+16	0	0	17.809822	0.136988	0	0
0	0	0	1.388068	5.9872	14.340884	5.9872	25310	-2.717129E-11	-3.680355E+10	3.591049E+16	0	0	17.685666	0.13594	0	0
0	0	0	1.219168	5.987028	14.233181	5.987028	22609	-1.77302E-11	-5.640093E+10	3.591049E+16	0	0	17.8703	0.134438	0	0
0	0	0	1.069011	5.987021	14.137748	5.987021	20449	-2.094488E-11	-4.774436E+10	3.591049E+16	0	0	17.867537	0.13343	0	0
0	0	0	0.932576	5.986815	14.050598	5.986815	18664.5	-3.17517E-11	-3.149438E+10	3.591049E+16	0	0	17.741637	0.132991	0	0
0	0	0	0.814763	5.987161	13.976491	5.987161	17209.5	-3.004008E-11	-3.328886E+10	3.591049E+16	0	0	17.69266	0.131928	0	0
0	0	0	0.703361	5.986975	13.90529	5.986975	15986	-1.457568E-10	-6.860745E+9	3.591049E+16	0	0	17.784085	0.130545	0	0
0	0	0	0.609069	5.987227	13.845929	5.987227	14999.5	-1.691664E-11	-5.911338E+10	3.591049E+16	0	0	17.879954	0.129577	0	0
0	0	0	0.522291	5.986981	13.790242	5.986981	14123	-3.015872E-11	-3.31579E+10	3.591049E+16	0	0	17.710646	0.129138	0	0
0	0	0	0.448254	5.987081	13.743415	5.987081	13421	-1.295347E-11	-7.719941E+10	3.591049E+16	0	0	17.663103	0.127986	0	0
0	0	0	0.382262	5.986968	13.701229	5.986968	12806	-2.650077E-11	-3.773475E+10	3.591049E+16	0	0	17.779206	0.126492	0	0
0	0	0	0.323254	5.987147	13.664131	5.987147	12303.5	-1.739344E-11	-5.749295E+10	3.591049E+16	0	0	17.816922	0.125828	0	0
0	0	0	0.276782	5.986921	13.634096	5.986921	11872.5	-2.618856E-11	-3.818461E+10	3.591049E+16	0	0	17.650471	0.125237	0	0
0	0	0	0.232188	5.987101	13.60616	5.987101	11500	-1.342224E-11	-7.450319E+10	3.591049E+16	0	0	17.658867	0.124149	0	0
0	0	0	0.201234	5.987114	13.586519	5.987114	11214.5	-3.215615E-11	-3.109825E+10	3.591049E+16	0	0	17.806253	0.12275	0	0
0	0	0	0.167666	5.98722	13.565427	5.98722	10947	-1.455348E-11	-6.871208E+10	3.591049E+16	0	0	17.793338	0.122231	0	0
0	0	0	0.144022	5.986928	13.549747	5.986928	10766	-1.376593E-11	-7.26431E+10	3.591049E+16	0	0	17.5795	0.121711	0	0
0	0	0	0.118907	5.987034	13.534026	5.987034	10572	-1.035302E-11	-9.659015E+10	3.591049E+16	0	0	17.637468	0.120328	0	0
0	0	0	0.091179	5.987074	13.516495	5.987074	10438	-2.869999E-11	-3.484322E+10	3.591049E+16	0	0	17.790062	0.119329	0	0
0	0	0	0.071986	5.986881	13.503866	5.986881	10297	-1.708283E-11	-5.853831E+10	3.591049E+16	0	0	17.728748	0.118809	0	0
0	0	0	0.05316	5.987154	13.492515	5.987154	10144	-1.465002E-11	-6.82593E+10	3.591049E+16	0	0	17.544049	0.118058	0	0
0	0	0	0.03409	5.987094	13.480262	5.987094	10039	-3.874595E-11	-2.580915E+10	3.591049E+16	0	0	17.752583	0.116547	0	0
0	0	0	0.013386	5.987034	13.466971	5.987034	9937.5	-1.139976E-11	-8.772115E+10	3.591049E+16	0	0	17.763553	0.115924	0	0
0	0	0	0.001339	5.986862	13.458928	5.986862	9835.5	-1.334081E-11	-7.495795E+10	3.591049E+16	0	0	17.602735	0.115428	0	0
0	0	0	-0.009156	5.987087	13.452766	5.987087	9726	-1.613553E-11	-6.197502E+10	3.591049E+16	0	0	17.593573	0.114285	0	0
0	0	0	-0.020754	5.987001	13.445202	5.987001	9663	-4.509702E-11	-2.217442E+10	3.591049E+16	0	0	17.743756	0.113134	0	0
0	0	0	-0.035577	5.986941	13.435648	5.986941	9608.5	-1.330252E-11	-7.517372E+10	3.591049E+16	0	0	17.670374	0.112742	0	0
0	0	0	-0.048849	5.987028	13.427409	5.987028	9548.5	-1.80823E-11	-5.530271E+10	3.591049E+16	0	0	17.534246	0.112007	0	0
0	0	0	-0.058364	5.986935	13.421153	5.986935	9472	-2.406639E-11	-4.155173E+10	3.591049E+16	0	0	17.688145	0.1106	0	0
0	0	0	-0.067226	5.986868	13.415372	5.986868	9404	-1.599791E-11	-6.250817E+10	3.591049E+16	0	0	17.751326	0.110008	0	0
0	0	0	-0.074005	5.987127	13.411648	5.987127	9356	-2.470976E-11	-4.046983E+10	3.591049E+16	0	0	17.554345	0.109696	0	0
0	0	0	-0.076618	5.987021	13.409748	5.987021	9311	-4.06215E-11	-2.461751E+10	3.591049E+16	0	0	17.572348	0.108425	0	0
0	0	0	-0.082335	5.986881	13.4058	5.986881	9277.5	-1.142606E-11	-8.751927E+10	3.591049E+16	0	0	17.755655	0.107514	0	0
0	0	0	-0.086174	5.987101	13.403855	5.987101	9264	-1.61708E-11	-6.183987E+10	3.591049E+16	0	0	17.536888	0.107298	0	0
0	0	0	-0.094055	5.986908	13.398412	5.986908	9235.5	-3.564481E-11	-2.805458E+10	3.591049E+16	0	0	17.530862	0.106315	0	0
0	0	0	-0.100181	5.987034	13.394804	5.987034	9216.5	-1.225287E-11	-8.161354E+10	3.591049E+16	0	0	17.649711	0.105076	0	0
0	0	0	-0.105571	5.987061	13.391439	5.987061	9177	-2.878003E-11	-3.474631E+10	3.591049E+16	0	0	17.599285	0.104796	0	0
0	0	0	-0.111043	5.986935	13.387677	5.986935	9147	-1.517497E-11	-6.5898E+10	3.591049E+16	0	0	17.453429	0.104172	0	0
0	0	0	-0.116924	5.987048	13.384195	5.987048	9120.5	-1.376601E-11	-7.264271E+10	3.591049E+16	0	0	17.620775	0.102869	0	0
0	0	0	-0.122682	5.986895	13.380191	5.986895	9093.5	-2.401648E-11	-4.163807E+10	3.591049E+16	0	0	17.676574	0.102366	0	0
0	0	0	-0.127623	5.986981	13.377246	5.986981	9064.5	-1.432775E-11	-6.979463E+10	3.591049E+16	0	0	17.416137	0.101998	0	0
0	0	0	-0.132074	5.987333	13.375212	5.987333	9036.5	-3.127006E-11	-3.197947E+10	3.591049E+16	0	0	17.573269	0.100831	0	0
0	0	0	-0.13334	5.987161	13.374018	5.987161	9012	-1.864946E-11	-5.362087E+10	3.591049E+16	0	0	17.565073	0.100223	0	0
0	0	0	-0.139833	5.9872	13.369982	5.9872	8990.5	-7.05044E-12	-1.418351E+11	3.591049E+16	0	0	17.414265	0.1	0	0
0	0	0	-0.141712	5.987181	13.368743	5.987181	8984.5	-1.013284E-11	-9.868898E+10	3.591049E+16	0	0	17.514043	0.098617	0	0
0	0	0	-0.144039	5.987174	13.367249	5.987174	8953	-9.170108E-12	-1.0905E+11	3.591049E+16	0	0	17.628134	0.097945	0	0
0	0	0	-0.146653	5.987101	13.365423	5.987101	8944	-9.601741E-12	-1.041478E+11	3.591049E+16	0	0	17.416824	0.097721	0	0
0	0	0	-0.148041	5.987333	13.365066	5.987333	8933	-9.746272E-12	-1.026033E+11	3.591049E+16	0	0	17.5058	0.096538	0	0
0	0	0	-0.149471	5.987161	13.363768	5.987161	8920	-1.185869E-11	-8.432636E+10	3.591049E+16	0	0	17.599362	0.095787	0	0
0	0	0	-0.152452	5.986994	13.361499	5.986994	8913.5	-6.990055E-12	-1.430604E+11	3.591049E+16	0	0	17.397303	0.095731	0	0
0	0	0	-0.153799	5.987021	13.360702	5.987021	8906.5	-1.004487E-11	-9.955326E+10	3.591049E+16	0	0	17.42163	0.094548	0	0
0	0	0	-0.15531	5.986988	13.359667	5.986988	8892	-1.732942E-11	-5.770532E+10	3.591049E+16	0	0	17.672196	0.093756	0	0
0	0	0	-0.158536	5.987061	13.357782	5.987061	8885.5	-1.551011E-11	-6.447409E+10	3.591049E+16	0	0	17.317865	0.093612	0	0
0	0	0	-0.160701	5.987021	13.356317	5.987021	8878.5	-1.78221E-11	-5.61101E+10	3.591049E+16	0	0	17.533178	0.092341	0	0
0	0	0	-0.160946	5.987101	13.356341	5.987101	8863	-1.337735E-11	-7.475323E+10	3.591049E+16	0	0	17.539323	0.09187	0	0
0	0	0	-0.162906	5.987068	13.35502	5.987068	8852.5	-1.54525E-11	-6.471444E+10	3.591049E+16	0	0	17.314225	0.091814	0	0
0	0	0	-0.164376	5.987034	13.354011	5.987034	8851.5	-1.176762E-11	-8.497895E+10	3.591049E+16	0	0	17.471272	0.090455	0	0
0	0	0	-0.166173	5.987114	13.353049	5.987114	8842	-1.305131E-11	-7.662068E+10	3.591049E+16	0	0	17.497553	0.090135	0	0
0	0	0	-0.16748	5.987121	13.352234	5.987121	8835	-1.465736E-11	-6.822513E+10	3.591049E+16	0	0	17.286343	0.089759	0	0
0	0	0	-0.170093	5.987127	13.350588	5.987127	8826.5	-1.128599E-11	-8.86054E+10	3.591049E+16	0	0	17.515933	0.088408	0	0
0	0	0	-0.171032	5.987187	13.350127	5.987187	8820	-1.106625E-11	-9.036483E+10	3.591049E+16	0	0	17.423177	0.088328	0	0
0	0	0	-0.171277	5.986935	13.3494	5.986935	8808	-1.084782E-11	-9.218438E+10	3.591049E+16	0	0	17.192099	0.087777	0	0
0	0	0	-0.171972	5.986921	13.348929	5.986921	8803.5	-9.301699E-12	-1.075072E+11	3.591049E+16	0	0	17.551364	0.086658	0	0
0	0	0	-0.174054	5.986868	13.347486	5.986868	8802	-2.324662E-11	-4.301701E+10	3.591049E+16	0	0	17.275522	0.086738	0	0
0	0	0	-0.174054	5.987061	13.347921	5.987061	8798.5	-2.522858E-11	-3.963759E+10	3.591049E+16	0	0	17.260629	0.085778	0	0
0	0	0	-0.17385	5.987087	13.348111	5.987087	8789	-3.834415E-11	-2.60796E+10	3.591049E+16	0	0	17.515134	0.084915	0	0
0	0	0	-0.175484	5.987014	13.346908	5.987014	8789	-1.326566E-11	-7.538262E+10	3.591049E+16	0	0	17.153265	0.085059	0	0
0	0	0	-0.176586	5.986935	13.346027	5.986935	8790	-1.216935E-11	-8.217369E+10	3.591049E+16	0	0	17.370206	0.083804	0	0
0	0	0	-0.176055	5.987114	13.34677	5.987114	8782	-1.573998E-11	-6.353249E+10	3.591049E+16	0	0	17.315648	0.083604	0	0
0	0	0	-0.176913	5.987194	13.346405	5.987194	8777	-2.318059E-11	-4.313954E+10	3.591049E+16	0	0	17.154053	0.0831	0	0
0	0	0	-0.178097	5.987081	13.345397	5.987081	8779.5	-1.12259E-11	-8.907974E+10	3.591049E+16	0	0	17.433534	0.081949	0	0
0	0	0	-0.177689	5.987154	13.345822	5.987154	8775.5	-9.128004E-12	-1.09553E+11	3.591049E+16	0	0	17.166194	0.082077	0	0
0	0	0	-0.178261	5.987008	13.345128	5.987008	8769.5	-1.239743E-11	-8.06619E+10	3.591049E+16	0	0	17.284644	0.080982	0	0
0	0	0	-0.176423	5.987014	13.346311	5.987014	8771.5	-1.006219E-11	-9.938196E+10	3.591049E+16	0	0	17.350411	0.080534	0	0
0	0	0	-0.179281	5.987234	13.34499	5.987234	8769	-1.614917E-11	-6.19227E+10	3.591049E+16	0	0	17.067564	0.080374	0	0
0	0	0	-0.178546	5.987254	13.345502	5.987254	8777.5	-1.573191E-11	-6.356506E+10	3.591049E+16	0	0	17.373917	0.079063	0	0
0	0	0	-0.178506	5.987121	13.345228	5.987121	8764	-8.338443E-12	-1.199265E+11	3.591049E+16	0	0	17.118021	0.079327	0	0
0	0	0	-0.180792	5.987127	13.343789	5.987127	8767.5	-8.00055E-12	-1.249914E+11	3.591049E+16	0	0	17.193442	0.078192	0	0
0	0	0	-0.179567	5.987068	13.344433	5.987068	8768	-1.100101E-11	-9.090075E+10	3.591049E+16	0	0	17.295096	0.077832	0	0
0	0	0	-0.179404	5.986802	13.343936	5.986802	8757	-1.078501E-11	-9.272125E+10	3.591049E+16	0	0	17.029858	0.077552	0	0
0	0	0	-0.179935	5.987114	13.344304	5.987114	8763	-1.29347E-11	-7.731143E+10	3.591049E+16	0	0	17.353325	0.076417	0	0
0	0	0	-0.180752	5.986981	13.343485	5.986981	8763.5	-1.098301E-10	-9.104973E+9	3.591049E+16	0	0	17.010406	0.076753	0	0
0	0	0	-0.182712	5.987107	13.342525	5.987107	8761	-1.120224E-11	-8.926785E+10	3.591049E+16	0	0	17.22501	0.075402	0	0
0	0	0	-0.184141	5.9872	13.341827	5.9872	8757	-1.812176E-11	-5.518229E+10	3.591049E+16	0	0	17.213444	0.075322	0	0
0	0	0	-0.184672	5.986955	13.340934	5.986955	8748	-1.140349E-11	-8.769243E+10	3.591049E+16	0	0	17.004134	0.074826	0	0
0	0	0	-0.184345	5.987114	13.341502	5.987114	8741	-8.952967E-12	-1.116948E+11	3.591049E+16	0	0	17.297879	0.073979	0	0
0	0	0	-0.186224	5.987094	13.340263	5.987094	8738.5	-2.063583E-11	-4.845939E+10	3.591049E+16	0	0	16.89352	0.074147	0	0
0	0	0	-0.186918	5.987048	13.339717	5.987048	8740	-1.117539E-11	-8.948233E+10	3.591049E+16	0	0	17.311571	0.072796	0	0
0	0	0	-0.188388	5.987041	13.338768	5.987041	8731.5	-1.184335E-11	-8.443554E+10	3.591049E+16	0	0	16.978919	0.073132	0	0
0	0	0	-0.189123	5.987127	13.338496	5.987127	8728	-1.379586E-11	-7.24855E+10	3.591049E+16	0	0	17.137084	0.071877	0	0
0	0	0	-0.191247	5.987134	13.337161	5.987134	8721	-1.411825E-11	-7.083032E+10	3.591049E+16	0	0	17.157221	0.071821	0	0
0	0	0	-0.193207	5.987114	13.335871	5.987114	8717.5	-1.073637E-11	-9.314139E+10	3.591049E+16	0	0	16.987079	0.071125	0	0
0	0	0	-0.193166	5.987227	13.336152	5.987227	8707.5	-1.053027E-11	-9.496437E+10	3.591049E+16	0	0	17.150748	0.07071	0	0
0	0	0	-0.194187	5.987313	13.335699	5.987313	8698.5	-1.112233E-11	-8.990925E+10	3.591049E+16	0	0	16.923003	0.070422	0	0
0	0	0	-0.194187	5.987048	13.335098	5.987048	8698.5	-8.39548E-12	-1.191117E+11	3.591049E+16	0	0	17.201327	0.069614	0	0
0	0	0	-0.195167	5.987227	13.334881	5.987227	8693.5	-7.065921E-12	-1.415244E+11	3.591049E+16	0	0	16.78406	0.069686	0	0
0	0	0	-0.19631	5.98732	13.334364	5.98732	8693.5	-1.374133E-11	-7.277316E+10	3.591049E+16	0	0	17.232731	0.068463	0	0
0	0	0	-0.196024	5.98724	13.334366	5.98724	8689.5	-8.386793E-12	-1.192351E+11	3.591049E+16	0	0	16.809965	0.068791	0	0
0	0	0	-0.196433	5.987154	13.333911	5.987154	8683.5	-6.973106E-12	-1.434081E+11	3.591049E+16	0	0	17.144091	0.06748	0	0
0	0	0	-0.196719	5.987161	13.333744	5.987161	8685	-8.14745E-12	-1.227378E+11	3.591049E+16	0	0	16.82184	0.067968	0	0
0	0	0	-0.198107	5.987214	13.332982	5.987214	8683	-9.960666E-12	-1.003949E+11	3.591049E+16	0	0	17.077925	0.066601	0	0
0	0	0	-0.199373	5.987001	13.331697	5.987001	8682	-9.79168E-12	-1.021275E+11	3.591049E+16	0	0	16.849847	0.066872	0	0
0	0	0	-0.199414	5.987054	13.331791	5.987054	8675.5	-8.621968E-12	-1.159828E+11	3.591049E+16	0	0	17.063414	0.065729	0	0
0	0	0	-0.198025	5.987094	13.332764	5.987094	8669.5	-1.641771E-11	-6.090985E+10	3.591049E+16	0	0	16.845582	0.065977	0	0
0	0	0	-0.199046	5.987274	13.33252	5.987274	8669.5	-1.338721E-11	-7.469815E+10	3.591049E+16	0	0	16.983386	0.064882	0	0
0	0	0	-0.199659	5.987161	13.331876	5.987161	8675.5	-1.17674E-11	-8.498057E+10	3.591049E+16	0	0	16.859475	0.065034	0	0
0	0	0	-0.198148	5.987194	13.332911	5.987194	8671	-7.601548E-12	-1.315522E+11	3.591049E+16	0	0	16.927851	0.064051	0	0
0	0	0	-0.198597	5.987367	13.333016	5.987367	8668	-9.775891E-12	-1.022925E+11	3.591049E+16	0	0	16.820785	0.064242	0	0
0	0	0	-0.198556	5.987254	13.332787	5.987254	8675	-9.023467E-12	-1.108222E+11	3.591049E+16	0	0	16.998681	0.063091	0	0
0	0	0	-0.197658	5.987028	13.332847	5.987028	8673	-6.425016E-12	-1.556416E+11	3.591049E+16	0	0	16.722737	0.063419	0	0
0	0	0	-0.197576	5.987147	13.333169	5.987147	8673	-7.914317E-12	-1.263533E+11	3.591049E+16	0	0	16.94495	0.06222	0	0
0	0	0	-0.195698	5.987101	13.334258	5.987101	8677.5	-1.4762E-11	-6.774149E+10	3.591049E+16	0	0	16.746741	0.062588	0	0
0	0	0	-0.196433	5.987174	13.333956	5.987174	8678	-1.012854E-11	-9.873089E+10	3.591049E+16	0	0	17.003565	0.061365	0	0
0	0	0	-0.195085	5.986994	13.334407	5.986994	8686.5	-1.154826E-11	-8.659312E+10	3.591049E+16	0	0	16.640003	0.061836	0	0
0	0	0	-0.194881	5.987141	13.334867	5.987141	8683	-9.473512E-12	-1.055575E+11	3.591049E+16	0	0	17.012681	0.060565	0	0
0	0	0	-0.193043	5.986901	13.335494	5.986901	8689.5	-1.693478E-11	-5.905008E+10	3.591049E+16	0	0	16.514702	0.060973	0	0
0	0	0	-0.195616	5.987154	13.33443	5.987154	8690.5	-1.032317E-11	-9.686951E+10	3.591049E+16	0	0	16.969869	0.059958	0	0
0	0	0	-0.193738	5.987101	13.335503	5.987101	8699	-2.862222E-11	-3.493789E+10	3.591049E+16	0	0	16.572126	0.060022	0	0
0	0	0	-0.192676	5.9872	13.336403	5.9872	8687	-9.965254E-12	-1.003487E+11	3.591049E+16	0	0	16.837698	0.059294	0	0
0	0	0	-0.192308	5.987107	13.336427	5.987107	8695.5	-1.156023E-11	-8.65035E+10	3.591049E+16	0	0	16.690797	0.058894	0	0
0	0	0	-0.191124	5.987034	13.337014	5.987034	8700.5	-8.911485E-12	-1.122147E+11	3.591049E+16	0	0	16.767784	0.058759	0	0
0	0	0	-0.193084	5.987054	13.335813	5.987054	8702.5	-1.134418E-11	-8.815092E+10	3.591049E+16	0	0	16.814438	0.057847	0	0
0	0	0	-0.191818	5.987181	13.336903	5.987181	8708	-1.444666E-11	-6.922014E+10	3.591049E+16	0	0	16.525708	0.058247	0	0
0	0	0	-0.191532	5.987174	13.33707	5.987174	8699	-1.343276E-11	-7.444484E+10	3.591049E+16	0	0	16.915333	0.057072	0	0
0	0	0	-0.189736	5.987127	13.338107	5.987127	8705	-9.345165E-12	-1.070072E+11	3.591049E+16	0	0	16.439406	0.057392	0	0
0	0	0	-0.191165	5.987054	13.337033	5.987054	8706.5	-9.499152E-12	-1.052726E+11	3.591049E+16	0	0	16.811185	0.056576	0	0
0	0	0	-0.190879	5.987048	13.3372	5.987048	8714.5	-1.073267E-11	-9.317345E+10	3.591049E+16	0	0	16.592603	0.056288	0	0
0	0	0	-0.190757	5.986915	13.336977	5.986915	8708	-1.344666E-11	-7.43679E+10	3.591049E+16	0	0	16.574865	0.056312	0	0
0	0	0	-0.191451	5.987107	13.336972	5.987107	8709.5	-1.376662E-11	-7.263947E+10	3.591049E+16	0	0	16.779426	0.055209	0	0
0	0	0	-0.191532	5.987294	13.33734	5.987294	8710	-2.609276E-11	-3.832481E+10	3.591049E+16	0	0	16.427423	0.055465	0	0
0	0	0	-0.193288	5.987001	13.335563	5.987001	8706.5	-1.13494E-11	-8.811042E+10	3.591049E+16	0	0	16.719107	0.05473	0	0
0	0	0	-0.195249	5.987154	13.334663	5.987154	8706.5	-7.344063E-12	-1.361644E+11	3.591049E+16	0	0	16.508386	0.054458	0	0
0	0	0	-0.19533	5.986895	13.334026	5.986895	8698	-1.647168E-11	-6.071027E+10	3.591049E+16	0	0	16.470729	0.054466	0	0
0	0	0	-0.195412	5.987141	13.33453	5.987141	8688.5	-9.966975E-12	-1.003313E+11	3.591049E+16	0	0	16.758787	0.053491	0	0
0	0	0	-0.195004	5.986975	13.334414	5.986975	8688.5	-3.006584E-11	-3.326034E+10	3.591049E+16	0	0	16.388401	0.053523	0	0
0	0	0	-0.194799	5.987174	13.334994	5.987174	8688	-1.03202E-11	-9.689738E+10	3.591049E+16	0	0	16.543233	0.053275	0	0
0	0	0	-0.198107	5.987008	13.332516	5.987008	8690	-1.855691E-11	-5.388827E+10	3.591049E+16	0	0	16.621039	0.052427	0	0
0	0	0	-0.199781	5.987207	13.331903	5.987207	8690.5	-9.481695E-12	-1.054664E+11	3.591049E+16	0	0	16.27639	0.052691	0	0
0	0	0	-0.199128	5.987054	13.331973	5.987054	8675.5	-1.597698E-11	-6.259007E+10	3.591049E+16	0	0	16.471063	0.052275	0	0
0	0	0	-0.199577	5.987154	13.331913	5.987154	8667.5	-8.743863E-12	-1.143659E+11	3.591049E+16	0	0	16.626272	0.051452	0	0
0	0	0	-0.200598	5.987214	13.331399	5.987214	8670.5	-1.338876E-11	-7.468954E+10	3.591049E+16	0	0	16.25966	0.051668	0	0
0	0	0	-0.201782	5.987061	13.330301	5.987061	8668.5	-9.944032E-12	-1.005628E+11	3.591049E+16	0	0	16.473966	0.051236	0	0
0	0	0	-0.20166	5.987194	13.330679	5.987194	8663.5	-8.610042E-12	-1.161435E+11	3.591049E+16	0	0	16.605395	0.050461	0	0
0	0	0	-0.202558	5.987307	13.330364	5.987307	8658	-1.306793E-11	-7.65232E+10	3.591049E+16	0	0	16.19714	0.050557	0	0
0	0	0	-0.202109	5.987087	13.330154	5.987087	8658.5	-9.006304E-12	-1.110333E+11	3.591049E+16	0	0	16.323833	0.050437	0	0
0	0	0	-0.203212	5.987161	13.329618	5.987161	8654.5	-7.120702E-12	-1.404356E+11	3.591049E+16	0	0	16.572278	0.049494	0	0
0	0	0	-0.201374	5.987068	13.330576	5.987068	8656.5	-1.198452E-11	-8.344097E+10	3.591049E+16	0	0	16.337788	0.049278	0	0
0	0	0	-0.204682	5.986988	13.328293	5.986988	8651.5	-9.757282E-12	-1.024876E+11	3.591049E+16	0	0	16.06705	0.04943	0	0
0	0	0	-0.203579	5.986928	13.328859	5.986928	8660	-1.278266E-11	-7.823096E+10	3.591049E+16	0	0	16.318649	0.048838	0	0
0	0	0	-0.202517	5.987081	13.329879	5.987081	8644.5	-1.735239E-11	-5.762895E+10	3.591049E+16	0	0	16.511208	0.048119	0	0
0	0	0	-0.203457	5.987054	13.329222	5.987054	8650	-2.378376E-11	-4.20455E+10	3.591049E+16	0	0	16.231488	0.048143	0	0
0	0	0	-0.203048	5.9873	13.330038	5.9873	8654.5	-1.223485E-11	-8.173372E+10	3.591049E+16	0	0	16.023688	0.048231	0	0
0	0	0	-0.201129	5.987121	13.330852	5.987121	8650	-1.33571E-11	-7.486655E+10	3.591049E+16	0	0	15.265935	0.047647	0	0
0	0	0	-0.202109	5.987041	13.330048	5.987041	8652	-7.207251E-12	-1.387492E+11	3.591049E+16	0	0	11.655865	0.047207	0	0
0	0	0	-0.200639	5.986908	13.330682	5.986908	8661	-1.086676E-11	-9.202376E+10	3.591049E+16	0	0	8.997504	0.046943	0	0
0	0	0	-0.201905	5.987107	13.330328	5.987107	8656.5	-1.401383E-11	-7.135808E+10	3.591049E+16	0	0	8.749176	0.046592	0	0
0	0	0	-0.200925	5.987174	13.331101	5.987174	8663.5	-2.716964E-11	-3.680578E+10	3.591049E+16	0	0	10.40109	0.046336	0	0
0	0	0	-0.200231	5.987147	13.331482	5.987147	8657.5	-1.128552E-11	-8.860911E+10	3.591049E+16	0	0	14.330928	0.046232	0	0
0	0	0	-0.199455	5.987174	13.332036	5.987174	8662	-9.4506E-12	-1.058134E+11	3.591049E+16	0	0	24.116984	0.045577	0	0
0	0	0	-0.200149	5.986981	13.331159	5.986981	8665.5	-1.011395E-11	-9.887331E+10	3.591049E+16	0	0	23.233973	0.045664	0	0
0	0	0	-0.198025	5.987214	13.333034	5.987214	8669	-9.458238E-12	-1.057279E+11	3.591049E+16	0	0	16.57875	0.045169	0	0
0	0	0	-0.196351	5.987227	13.334128	5.987227	8665.5	-1.793241E-11	-5.576496E+10	3.591049E+16	0	0	14.244169	0.044849	0	0
0	0	0	-0.196923	5.987021	13.333299	5.987021	8675.5	-8.621968E-12	-1.159828E+11	3.591049E+16	0	0	12.599405	0.044537	0	0
0	0	0	-0.19725	5.987034	13.333121	5.987034	8683.5	-8.381002E-12	-1.193175E+11	3.591049E+16	0	0	12.724289	0.044281	0	0
0	0	0	-0.197168	5.987041	13.333188	5.987041	8681	-1.515314E-11	-6.599292E+10	3.591049E+16	0	0	14.392312	0.044034	0	0
0	0	0	-0.196719	5.987034	13.333459	5.987034	8679.5	-1.439938E-11	-6.944743E+10	3.591049E+16	0	0	17.55554	0.043818	0	0
0	0	0	-0.195779	5.986955	13.333875	5.986955	8680	-1.405187E-11	-7.116489E+10	3.591049E+16	0	0	20.867625	0.043674	0	0
0	0	0	-0.195004	5.987061	13.334609	5.987061	8682	-1.440353E-11	-6.942744E+10	3.591049E+16	0	0	18.223625	0.042851	0	0
0	0	0	-0.194432	5.987187	13.335257	5.987187	8686.5	-2.051304E-11	-4.874949E+10	3.591049E+16	0	0	13.849499	0.043114	0	0
0	0	0	-0.194759	5.987147	13.33496	5.987147	8690	-1.311623E-11	-7.624141E+10	3.591049E+16	0	0	10.838497	0.042827	0	0
0	0	0	-0.195453	5.987114	13.334444	5.987114	8692.5	-9.184418E-12	-1.088801E+11	3.591049E+16	0	0	9.789373	0.042507	0	0
0	0	0	-0.193574	5.987081	13.335562	5.987081	8691	-1.014372E-11	-9.858321E+10	3.591049E+16	0	0	10.204764	0.042075	0	0
0	0	0	-0.194513	5.986988	13.334755	5.986988	8688	-1.11089E-11	-9.001791E+10	3.591049E+16	0	0	11.805578	0.041779	0	0
0	0	0	-0.195044	5.987121	13.334718	5.987121	8696.5	-1.229423E-11	-8.133899E+10	3.591049E+16	0	0	15.233614	0.041603	0	0
0	0	0	-0.195167	5.987187	13.33479	5.987187	8692	-1.744774E-11	-5.731402E+10	3.591049E+16	0	0	21.900937	0.041284	0	0
0	0	0	-0.194963	5.986888	13.334244	5.986888	8690	-1.090314E-11	-9.171666E+10	3.591049E+16	0	0	22.854346	0.041492	0	0
0	0	0	-0.195371	5.98724	13.334781	5.98724	8689.5	-9.181248E-12	-1.089177E+11	3.591049E+16	0	0	15.242516	0.040756	0	0
0	0	0	-0.196433	5.987167	13.333941	5.987167	8690	-3.171067E-11	-3.153513E+10	3.591049E+16	0	0	11.674033	0.0405	0	0
0	0	0	-0.197127	5.987174	13.333515	5.987174	8688	-8.150264E-12	-1.226954E+11	3.591049E+16	0	0	10.823522	0.040308	0	0
0	0	0	-0.198311	5.987353	13.333168	5.987353	8683	-9.630514E-12	-1.038366E+11	3.591049E+16	0	0	11.103043	0.040029	0	0
0	0	0	-0.199986	5.987174	13.331698	5.987174	8680	-9.470239E-12	-1.05594E+11	3.591049E+16	0	0	12.507771	0.039797	0	0
0	0	0	-0.197903	5.987114	13.332887	5.987114	8674.5	-6.571614E-12	-1.521696E+11	3.591049E+16	0	0	15.622866	0.039645	0	0
0	0	0	-0.199822	5.987101	13.331637	5.987101	8666.5	-9.45551E-12	-1.057584E+11	3.591049E+16	0	0	20.164779	0.039349	0	0
0	0	0	-0.200802	5.987087	13.330984	5.987087	8676.5	-1.10942E-11	-9.013722E+10	3.591049E+16	0	0	22.53191	0.038742	0	0
0	0	0	-0.200802	5.987167	13.331164	5.987167	8667	-1.152234E-11	-8.678795E+10	3.591049E+16	0	0	15.684448	0.038846	0	0
0	0	0	-0.200271	5.986988	13.331096	5.986988	8663	-1.199352E-11	-8.337836E+10	3.591049E+16	0	0	11.11885	0.038742	0	0
0	0	0	-0.202436	5.98722	13.330246	5.98722	8663	-9.608332E-12	-1.040763E+11	3.591049E+16	0	0	9.82805	0.038366	0	0
0	0	0	-0.20362	5.987313	13.329704	5.987313	8665	-1.739354E-11	-5.749261E+10	3.591049E+16	0	0	9.578436	0.038022	0	0
0	0	0	-0.203783	5.987267	13.329495	5.987267	8655	-8.475729E-12	-1.179839E+11	3.591049E+16	0	0	10.420234	0.037862	0	0
0	0	0	-0.203498	5.987187	13.329497	5.987187	8649.5	-7.030159E-12	-1.422443E+11	3.591049E+16	0	0	11.800804	0.037599	0	0
0	0	0	-0.204845	5.987187	13.32864	5.987187	8648.5	-7.682457E-12	-1.301667E+11	3.591049E+16	0	0	13.621411	0.037487	0	0
0	0	0	-0.205008	5.987174	13.328506	5.987174	8650	-9.139513E-12	-1.09415E+11	3.591049E+16	0	0	16.897767	0.037047	0	0
0	0	0	-0.204355	5.986994	13.328516	5.986994	8643.5	-9.132645E-12	-1.094973E+11	3.591049E+16	0	0	21.546569	0.036903	0	0
0	0	0	-0.205499	5.9872	13.328255	5.9872	8643	-9.42987E-12	-1.06046E+11	3.591049E+16	0	0	22.762215	0.036735	0	0
0	0	0	-0.205376	5.9873	13.328558	5.9873	8646	-1.685E-11	-5.934718E+10	3.591049E+16	0	0	14.90893	0.036359	0	0
0	0	0	-0.204682	5.987227	13.328834	5.987227	8640.5	-8.85003E-12	-1.12994E+11	3.591049E+16	0	0	10.558973	0.036216	0	0
0	0	0	-0.203498	5.98724	13.329617	5.98724	8641.5	-7.198505E-12	-1.389177E+11	3.591049E+16	0	0	9.500318	0.036016	0	0
0	0	0	-0.204028	5.987041	13.328829	5.987041	8644.5	-8.343361E-12	-1.198558E+11	3.591049E+16	0	0	9.626502	0.035696	0	0
0	0	0	-0.205989	5.987127	13.327779	5.987127	8650	-8.114616E-12	-1.232344E+11	3.591049E+16	0	0	10.354121	0.035528	0	0
0	0	0	-0.202354	5.987061	13.329938	5.987061	8647.5	-1.399926E-11	-7.143235E+10	3.591049E+16	0	0	11.653271	0.035264	0	0
0	0	0	-0.203416	5.98722	13.329624	5.98722	8638.5	-1.063907E-11	-9.399317E+10	3.591049E+16	0	0	12.960747	0.035136	0	0
0	0	0	-0.203783	5.987254	13.329465	5.987254	8655.5	-1.306416E-11	-7.65453E+10	3.591049E+16	0	0	14.646632	0.034968	0	0
0	0	0	-0.202395	5.987141	13.330092	5.987141	8650.5	-8.471323E-12	-1.180453E+11	3.591049E+16	0	0	17.065627	0.034761	0	0
0	0	0	-0.201905	5.987227	13.330599	5.987227	8648.5	-7.89196E-12	-1.267112E+11	3.591049E+16	0	0	20.280807	0.034449	0	0
0	0	0	-0.202272	5.986921	13.329674	5.986921	8655	-1.0281E-11	-9.726684E+10	3.591049E+16	0	0	19.680163	0.034217	0	0
0	0	0	-0.200108	5.986935	13.33108	5.986935	8657.5	-8.355908E-12	-1.196758E+11	3.591049E+16	0	0	15.304056	0.033945	0	0
0	0	0	-0.1997	5.987214	13.33197	5.987214	8655.5	-2.481854E-11	-4.029245E+10	3.591049E+16	0	0	12.645504	0.033825	0	0
0	0	0	-0.199496	5.986895	13.331379	5.986895	8666	-2.288743E-11	-4.36921E+10	3.591049E+16	0	0	11.379838	0.033721	0	0
0	0	0	-0.198597	5.987127	13.332475	5.987127	8668	-8.614514E-12	-1.160832E+11	3.591049E+16	0	0	10.650277	0.033514	0	0
0	0	0	-0.198066	5.987167	13.332903	5.987167	8669	-2.999836E-11	-3.333516E+10	3.591049E+16	0	0	10.770703	0.033162	0	0
0	0	0	-0.197372	5.986928	13.332803	5.986928	8673	-1.068156E-11	-9.361928E+10	3.591049E+16	0	0	11.307919	0.032978	0	0
0	0	0	-0.197985	5.987187	13.333	5.987187	8675.5	-9.622196E-12	-1.039264E+11	3.591049E+16	0	0	11.976429	0.03285	0	0
0	0	0	-0.197127	5.98728	13.333755	5.98728	8678.5	-2.386212E-11	-4.190742E+10	3.591049E+16	0	0	12.521284	0.03265	0	0
0	0	0	-0.196719	5.987014	13.333414	5.987014	8676	-9.166984E-12	-1.090871E+11	3.591049E+16	0	0	13.148162	0.032474	0	0
0	0	0	-0.196351	5.987187	13.334038	5.987187	8680	-7.511048E-12	-1.331372E+11	3.591049E+16	0	0	13.548427	0.032235	0	0
0	0	0	-0.196923	5.987187	13.333675	5.987187	8682	-1.556075E-11	-6.426427E+10	3.591049E+16	0	0	14.161906	0.031971	0	0
0	0	0	-0.196188	5.987121	13.333991	5.987121	8683.5	-9.174908E-12	-1.089929E+11	3.591049E+16	0	0	15.011944	0.031707	0	0
0	0	0	-0.194146	5.987107	13.335259	5.987107	8681	-9.172267E-12	-1.090243E+11	3.591049E+16	0	0	16.210039	0.031555	0	0
0	0	0	-0.195085	5.98734	13.335188	5.98734	8684.5	-1.089624E-11	-9.177475E+10	3.591049E+16	0	0	16.945232	0.031459	0	0
0	0	0	-0.196514	5.987001	13.333513	5.987001	8694	-1.13331E-11	-8.82371E+10	3.591049E+16	0	0	16.590583	0.031275	0	0
0	0	0	-0.196474	5.986901	13.333314	5.986901	8689.5	-6.735467E-12	-1.484678E+11	3.591049E+16	0	0	15.028301	0.030924	0	0
0	0	0	-0.19725	5.986975	13.332986	5.986975	8683	-1.644327E-11	-6.081515E+10	3.591049E+16	0	0	12.964033	0.030684	0	0
0	0	0	-0.197331	5.987094	13.333205	5.987094	8683	-2.856958E-11	-3.500227E+10	3.591049E+16	0	0	11.45576	0.030644	0	0
0	0	0	-0.19827	5.987014	13.332428	5.987014	8679.5	-1.853449E-11	-5.395346E+10	3.591049E+16	0	0	10.508485	0.030452	0	0
0	0	0	-0.198311	5.987041	13.332462	5.987041	8679	-1.177214E-11	-8.49463E+10	3.591049E+16	0	0	10.433462	0.03026	0	0
0	0	0	-0.198352	5.987014	13.332376	5.987014	8674.5	-1.554731E-11	-6.431983E+10	3.591049E+16	0	0	10.896224	0.0301	0	0
0	0	0	-0.198597	5.987234	13.332716	5.987234	8674.5	-1.404297E-11	-7.121001E+10	3.591049E+16	0	0	11.620348	0.029844	0	0
0	0	0	-0.200271	5.987094	13.331336	5.987094	8674.5	-1.554731E-11	-6.431983E+10	3.591049E+16	0	0	12.104126	0.029748	0	0
0	0	0	-0.200802	5.986968	13.330714	5.986968	8673	-8.251862E-12	-1.211848E+11	3.591049E+16	0	0	12.376742	0.029605	0	0
0	0	0	-0.201456	5.987207	13.330839	5.987207	8665	-1.175315E-11	-8.508355E+10	3.591049E+16	0	0	12.626742	0.029309	0	0
0	0	0	-0.202926	5.987068	13.32959	5.987068	8663	-1.910899E-11	-5.233139E+10	3.591049E+16	0	0	12.616922	0.029181	0	0
0	0	0	-0.202599	5.987154	13.329992	5.987154	8659.5	-8.735793E-12	-1.144716E+11	3.591049E+16	0	0	12.589502	0.028973	0	0
0	0	0	-0.202395	5.987167	13.330152	5.987167	8653	-1.277233E-11	-7.829424E+10	3.591049E+16	0	0	12.571767	0.028933	0	0
0	0	0	-0.20411	5.987121	13.328957	5.987121	8654.5	-9.927972E-12	-1.007255E+11	3.591049E+16	0	0	12.629724	0.028693	0	0
0	0	0	-0.203007	5.987134	13.329688	5.987134	8655	-9.599459E-12	-1.041725E+11	3.591049E+16	0	0	12.643836	0.028445	0	0
0	0	0	-0.204763	5.987227	13.328782	5.987227	8647	-1.084919E-11	-9.217275E+10	3.591049E+16	0	0	12.638706	0.028294	0	0
0	0	0	-0.205008	5.987207	13.328582	5.987207	8652.5	-1.046375E-11	-9.556801E+10	3.591049E+16	0	0	12.653128	0.028134	0	0
0	0	0	-0.205294	5.987028	13.327994	5.987028	8644.5	-8.343361E-12	-1.198558E+11	3.591049E+16	0	0	12.56708	0.027958	0	0
0	0	0	-0.204233	5.987121	13.328879	5.987121	8643	-8.719148E-12	-1.146901E+11	3.591049E+16	0	0	0	0	0	0
0	0	0	-0.206764	5.98722	13.327496	5.98722	8641.5	-1.470076E-11	-6.80237E+10	3.591049E+16	0	0	0	0	0	0
0	0	0	-0.205335	5.987034	13.327983	5.987034	8646.5	-1.084857E-11	-9.217809E+10	3.591049E+16	0	0	0	0	0	0
0	0	0	-0.206601	5.9873	13.32778	5.9873	8635	-8.456144E-12	-1.182572E+11	3.591049E+16	0	0	0	0	0	0
0	0	0	-0.205703	5.987147	13.328005	5.987147	8641.5	-1.433634E-11	-6.975282E+10	3.591049E+16	0	0	0	0	0	0
0	0	0	-0.207091	5.987114	13.327048	5.987114	8635.5	-7.193507E-12	-1.390143E+11	3.591049E+16	0	0	0	0	0	0
0	0	0	-0.207377	5.987101	13.326836	5.987101	8640	-1.008419E-11	-9.916512E+10	3.591049E+16	0	0	0	0	0	0
0	0	0	-0.203906	5.987101	13.329042	5.987101	8633.5	-1.103921E-11	-9.058616E+10	3.591049E+16	0	0	0	0	0	0
0	0	0	0	0	0	0	8632	-1.147581E-11	-8.713985E+10	3.591049E+16	0	0	0	0	0	0
0	0	0	0	0	0	0	8648	-1.149708E-11	-8.697863E+10	3.591049E+16	0	0	0	0	0	0
