Vload_(V)	ILoad_(A)	RsLoad_(ohm)	SunsVoc_Voltage_(V)	SunsVoc_Current_(A)	Model_Voltage_(V)	Model_Current_(A)	Carrier_Density_(cm-3)	Lifetime_(s)	Inverse_Lifetime_(s-1)	(Carrier_Density+Doping)/qWni^2_(cm^2/C)	Carrier_Density_at_Vmp_(cm-3)	Lifetime_at_Vmp_(s)	Efficiency_(%)	Intensity_(suns)	Dark_IV_Voltage_(V)	Dark_IV_Current_(A)
3.387958	5.98375	0	52.178877	0.348541	51.780053	0.348541	8.594396E+15	0.000688	1330.134614	7.62171E+16	5.295339E+14	0.000748	17.148361	1.109371	0	0
3.241643	5.987917	-0.54935	52.059062	0.654353	51.312172	0.654353	8.520947E+15	0.000652	1412.298828	7.587263E+16	0	0	17.126264	1.106792	0	0
3.537432	5.985801	-0.624688	51.937696	0.974545	50.828147	0.974545	8.261147E+15	0.000652	1420.132608	7.46542E+16	0	0	17.147176	1.102942	0	0
4.584899	5.981484	3.757676	51.815758	1.285472	50.35594	1.285472	7.915104E+15	0.000661	1409.610776	7.30313E+16	0	0	17.175331	1.101744	0	0
8.004119	5.977149	4.057706	51.695371	1.576661	49.909386	1.576661	7.576993E+15	0.000673	1390.852291	7.14456E+16	0	0	17.175557	1.099515	0	0
12.367848	5.964087	4.120715	51.576904	1.851216	49.485131	1.851216	7.249493E+15	0.000686	1369.636156	6.990967E+16	0	0	17.211363	1.094555	0	0
16.574817	5.955001	3.665286	51.451128	2.108366	49.075097	2.108366	6.9378E+15	0.0007	1348.078783	6.844787E+16	0	0	17.203323	1.08791	0	0
20.431688	5.949561	3.129502	51.327148	2.343474	48.693074	2.343474	6.642029E+15	0.000715	1325.412	6.706074E+16	0	0	17.193568	1.081584	0	0
24.230878	6.012176	-2.31553	51.201943	2.570427	48.32043	2.570427	6.339541E+15	0.000728	1307.481434	6.564212E+16	0	0	17.280059	1.07541	0	0
28.446948	6.134383	44.727682	51.068121	2.779507	47.961074	2.779507	6.052648E+15	0.00074	1291.199634	6.429662E+16	0	0	17.320691	1.067719	0	0
32.613208	6.17174	71.239265	50.943815	2.975032	47.627	2.975032	5.773926E+15	0.000752	1273.576409	6.298946E+16	0	0	17.259083	1.058462	0	0
33.678597	6.154367	57.70446	50.817671	3.1586	47.305677	3.1586	5.487867E+15	0.000762	1262.550339	6.164788E+16	0	0	17.231198	1.049628	0	0
34.799654	6.128358	39.848142	50.69561	3.32723	47.005782	3.32723	5.232765E+15	0.000774	1247.081082	6.045148E+16	0	0	17.31863	1.040419	0	0
35.955442	6.057305	5.888509	50.569874	3.486437	46.713918	3.486437	4.984014E+15	0.000785	1233.013637	5.928487E+16	0	0	17.375265	1.031138	0	0
36.879593	6.058941	6.270684	50.44912	3.631429	46.443237	3.631429	4.752726E+15	0.000796	1219.002852	5.820016E+16	0	0	17.380264	1.02117	0	0
38.074113	5.918936	0.545081	50.32706	3.768383	46.181044	3.768383	4.52385E+15	0.000806	1206.984805	5.712676E+16	0	0	17.30038	1.011162	0	0
39.145615	5.813235	0.874778	50.201937	3.89472	45.928517	3.89472	4.312728E+15	0.000816	1195.254553	5.613662E+16	0	0	17.27108	1.001705	0	0
40.21594	5.669878	0.993699	50.078651	4.015341	45.684659	4.015341	4.107703E+15	0.000825	1184.369819	5.517509E+16	0	0	17.291541	0.991889	0	0
41.286126	5.474446	1.051697	49.95512	4.127918	45.450067	4.127918	3.906013E+15	0.000832	1176.946152	5.422918E+16	0	0	17.266459	0.981602	0	0
42.347152	5.269221	1.040841	49.832815	4.234234	45.224054	4.234234	3.71542E+15	0.00084	1168.050799	5.333533E+16	0	0	17.223617	0.971434	0	0
43.376832	4.992785	1.040309	49.705037	4.332862	45.002096	4.332862	3.532293E+15	0.000847	1160.35332	5.247649E+16	0	0	17.10634	0.961962	0	0
44.367206	4.675843	1.030409	49.584569	4.424639	44.794692	4.424639	3.358477E+15	0.000854	1152.305322	5.166131E+16	0	0	17.025002	0.952593	0	0
45.348928	4.287198	1.026749	49.460058	4.513452	44.587407	4.513452	3.184593E+15	0.000858	1148.512945	5.084582E+16	0	0	16.943178	0.943048	0	0
46.276507	3.890896	1.0049	49.335956	4.593983	44.38993	4.593983	3.027643E+15	0.000864	1142.39864	5.010974E+16	0	0	16.847709	0.933112	0	0
47.154839	3.429118	1.004421	49.21512	4.66992	44.200763	4.66992	2.87232E+15	0.000869	1137.010711	4.93813E+16	0	0	16.750514	0.923488	0	0
47.945672	2.951927	1.015133	49.091876	4.740818	44.015291	4.740818	2.724255E+15	0.000872	1134.476847	4.868689E+16	0	0	16.634666	0.914039	0	0
48.675494	2.458874	1.053292	48.968876	4.806288	43.836249	4.806288	2.586348E+15	0.000876	1130.838276	4.804013E+16	0	0	16.476192	0.904846	0	0
49.376129	1.951426	1.113883	48.848898	4.868392	43.663846	4.868392	2.451845E+15	0.000878	1129.604677	4.740933E+16	0	0	16.261269	0.895605	0	0
49.982259	1.460475	1.229842	48.726347	4.926309	43.493975	4.926309	2.323599E+15	0.000878	1130.178701	4.680787E+16	0	0	16.067493	0.886172	0	0
50.480184	1.033128	1.413173	48.60641	4.981535	43.329596	4.981535	2.204075E+15	0.000879	1129.510459	4.624731E+16	0	0	15.880111	0.877195	0	0
50.917968	0.630363	1.813134	48.484513	5.033752	43.166985	5.033752	2.087473E+15	0.000878	1131.513629	4.570047E+16	0	0	15.722782	0.868153	0	0
51.227007	0.350911	2.563514	48.364984	5.085199	43.00757	5.085199	1.978542E+15	0.000878	1132.197832	4.518959E+16	0	0	15.514522	0.859551	0	0
40.655768	5.580052	1.044003	48.242066	5.134276	42.847961	5.134276	1.872902E+15	0.000877	1134.426692	4.469416E+16	0	0	15.272406	0.851045	0	0
52.290311	0	0	48.125968	5.177453	42.700801	5.177453	1.774104E+15	0.000878	1133.335145	4.423081E+16	0	0	14.990752	0.842698	0	0
0	0	0	48.005173	5.220385	42.550023	5.220385	1.677272E+15	0.000878	1133.84481	4.377668E+16	0	0	14.707362	0.83432	0	0
0	0	0	47.879315	5.258689	42.399884	5.258689	1.590092E+15	0.000877	1135.697878	4.336781E+16	0	0	14.394867	0.826109	0	0
0	0	0	47.76195	5.295884	42.258551	5.295884	1.503636E+15	0.000876	1137.498679	4.296235E+16	0	0	14.093923	0.817675	0	0
0	0	0	47.638746	5.331224	42.114249	5.331224	1.417994E+15	0.00087	1146.118229	4.256069E+16	0	0	13.798566	0.80932	0	0
0	0	0	47.520443	5.363439	41.977658	5.363439	1.342054E+15	0.000868	1149.205354	4.220455E+16	0	0	13.448677	0.801389	0	0
0	0	0	47.398668	5.394933	41.838966	5.394933	1.266249E+15	0.000863	1155.771316	4.184903E+16	0	0	13.062596	0.793666	0	0
0	0	0	47.275219	5.42478	41.700691	5.42478	1.197083E+15	0.000858	1162.490406	4.152465E+16	0	0	12.68487	0.785974	0	0
0	0	0	47.156058	5.452977	41.568014	5.452977	1.129446E+15	0.000853	1169.826706	4.120744E+16	0	0	12.287407	0.778442	0	0
0	0	0	47.03461	5.479214	41.43551	5.479214	1.064412E+15	0.000847	1178.633427	4.090244E+16	0	0	11.884049	0.770806	0	0
0	0	0	46.914959	5.503531	41.306676	5.503531	1.004869E+15	0.000842	1185.709918	4.062319E+16	0	0	11.469257	0.763203	0	0
0	0	0	46.795634	5.527105	41.17902	5.527105	9.473106E+14	0.000835	1195.780408	4.035325E+16	0	0	11.080236	0.755759	0	0
0	0	0	46.672634	5.548943	41.050066	5.548943	8.935592E+14	0.000828	1206.789476	4.010116E+16	0	0	10.666202	0.748339	0	0
0	0	0	46.555597	5.569594	40.927611	5.569594	8.427482E+14	0.000821	1216.894767	3.986287E+16	0	0	10.211469	0.741278	0	0
0	0	0	46.433781	5.58889	40.802495	5.58889	7.931624E+14	0.000811	1231.286014	3.963032E+16	0	0	9.745623	0.734697	0	0
0	0	0	46.313191	5.607587	40.679153	5.607587	7.484917E+14	0.000804	1242.922522	3.942082E+16	0	0	9.282587	0.727876	0	0
0	0	0	46.187373	5.62576	40.551917	5.62576	7.044793E+14	0.000794	1259.16808	3.92144E+16	0	0	8.82242	0.720967	0	0
0	0	0	46.067681	5.642584	40.43144	5.642584	6.632876E+14	0.000784	1274.141085	3.902122E+16	0	0	8.365156	0.713994	0	0
0	0	0	45.945008	5.659199	40.308687	5.659199	6.227113E+14	0.000774	1291.69642	3.883092E+16	0	0	7.885376	0.70703	0	0
0	0	0	45.823397	5.674316	40.188437	5.674316	5.862757E+14	0.000764	1307.576514	3.866004E+16	0	0	7.430936	0.700576	0	0
0	0	0	45.701418	5.688755	40.068627	5.688755	5.510151E+14	0.000755	1323.569615	3.849468E+16	0	0	6.948439	0.694194	0	0
0	0	0	45.576499	5.702734	39.946816	5.702734	5.180374E+14	0.000745	1342.319478	3.834002E+16	0	0	6.429459	0.687956	0	0
0	0	0	45.454561	5.71589	39.828472	5.71589	4.868382E+14	0.000734	1361.747656	3.81937E+16	0	0	5.928585	0.681439	0	0
0	0	0	45.332868	5.728566	39.710887	5.728566	4.567363E+14	0.000723	1382.770284	3.805252E+16	0	0	5.494072	0.674698	0	0
0	0	0	45.20656	5.740126	39.590484	5.740126	4.290637E+14	0.000713	1403.08428	3.792274E+16	0	0	5.070368	0.668444	0	0
0	0	0	45.08405	5.75135	39.473756	5.75135	4.030432E+14	0.000703	1423.024958	3.780071E+16	0	0	4.628124	0.662533	0	0
0	0	0	44.956191	5.761935	39.353098	5.761935	3.776327E+14	0.00069	1450.016074	3.768154E+16	0	0	4.20369	0.656519	0	0
0	0	0	44.830537	5.772009	39.234903	5.772009	3.544561E+14	0.000678	1473.688059	3.757284E+16	0	0	3.834119	0.649634	0	0
0	0	0	44.703657	5.781946	39.115844	5.781946	3.317254E+14	0.000665	1502.975695	3.746624E+16	0	0	3.470475	0.643788	0	0
0	0	0	44.574287	5.791229	38.995326	5.791229	3.107565E+14	0.000653	1531.554319	3.736789E+16	0	0	3.092641	0.638277	0	0
0	0	0	44.450307	5.800105	38.879904	5.800105	2.908823E+14	0.000641	1559.434663	3.727469E+16	0	0	2.785776	0.631096	0	0
0	0	0	44.319263	5.808501	38.758905	5.808501	2.718844E+14	0.000628	1591.671605	3.718559E+16	0	0	2.469164	0.625921	0	0
0	0	0	44.192138	5.816237	38.641966	5.816237	2.548084E+14	0.000617	1620.052031	3.710551E+16	0	0	2.203083	0.619251	0	0
0	0	0	44.061747	5.823545	38.522666	5.823545	2.378909E+14	0.000604	1655.94894	3.702616E+16	0	0	1.968123	0.614012	0	0
0	0	0	43.931928	5.830883	38.403876	5.830883	2.22525E+14	0.000591	1692.160948	3.69541E+16	0	0	1.754647	0.607303	0	0
0	0	0	43.796513	5.837566	38.280932	5.837566	2.077691E+14	0.000577	1733.287295	3.68849E+16	0	0	1.238517	0.602207	0	0
0	0	0	43.667102	5.844461	38.163	5.844461	1.940272E+14	0.000565	1771.041584	3.682045E+16	0	0	0.343711	0.59652	0	0
0	0	0	43.533893	5.850593	38.042558	5.850593	1.806394E+14	0.00055	1819.141498	3.675766E+16	0	0	0.092644	0.590705	0	0
0	0	0	43.404401	5.856423	37.925636	5.856423	1.686915E+14	0.000539	1856.113268	3.670163E+16	0	0	0.04385	0.585114	0	0
0	0	0	43.27013	5.862333	37.804563	5.862333	1.572018E+14	0.000525	1904.106221	3.664774E+16	0	0	0.026898	0.579867	0	0
0	0	0	43.138268	5.867584	37.686213	5.867584	1.467698E+14	0.000513	1950.160461	3.659882E+16	0	0	0.018657	0.574492	0	0
0	0	0	43.003957	5.872396	37.566195	5.872396	1.366709E+14	0.000501	1997.053705	3.655146E+16	0	0	0.012192	0.569308	0	0
0	0	0	42.86842	5.877307	37.445063	5.877307	1.274192E+14	0.000488	2049.418784	3.650807E+16	0	0	0.008676	0.564053	0	0
0	0	0	42.735211	5.88198	37.326182	5.88198	1.186296E+14	0.000474	2110.088961	3.646684E+16	0	0	0.009043	0.558693	0	0
0	0	0	42.597102	5.886492	37.203266	5.886492	1.103659E+14	0.000461	2168.07266	3.642809E+16	0	0	0.003996	0.553741	0	0
0	0	0	42.462586	5.890907	37.083557	5.890907	1.02798E+14	0.000449	2225.483275	3.63926E+16	0	0	7.190044E-6	0.548725	0	0
0	0	0	42.329582	5.895098	36.965379	5.895098	9.549257E+13	0.000437	2289.541708	3.635833E+16	0	0	7.258239E-6	0.543614	0	0
0	0	0	42.198537	5.898946	36.849224	5.898946	8.887105E+13	0.000426	2348.43771	3.632728E+16	0	0	0.002938	0.53867	0	0
0	0	0	42.05859	5.902252	36.725931	5.902252	8.277074E+13	0.000415	2407.702236	3.629867E+16	0	0	0.002965	0.533797	0	0
0	0	0	41.918194	5.905655	36.602185	5.905655	7.7166E+13	0.000405	2470.477866	3.627239E+16	0	0	-0.002082	0.528861	0	0
0	0	0	41.78086	5.908865	36.481269	5.908865	7.159512E+13	0.000391	2558.930485	3.624626E+16	0	0	0.001514	0.523925	0	0
0	0	0	41.632746	5.912287	36.350919	5.912287	6.640704E+13	0.000378	2643.626593	3.622193E+16	0	0	0.00092	0.519205	0	0
0	0	0	41.490798	5.915255	36.226296	5.915255	6.169322E+13	0.000366	2728.666086	3.619982E+16	0	0	0.007062	0.514509	0	0
0	0	0	41.347584	5.918181	36.100642	5.918181	5.698095E+13	0.000355	2819.321199	3.617772E+16	0	0	-0.003088	0.509788	0	0
0	0	0	41.208454	5.921005	35.978607	5.921005	5.280072E+13	0.000343	2916.187683	3.615812E+16	0	0	0.00032	0.505236	0	0
0	0	0	41.066465	5.923395	35.854517	5.923395	4.889198E+13	0.000332	3014.77045	3.613978E+16	0	0	0.004735	0.500563	0	0
0	0	0	40.923741	5.926001	35.729622	5.926001	4.537038E+13	0.000322	3108.869149	3.612327E+16	0	0	-0.000628	0.496026	0	0
0	0	0	40.78016	5.928366	35.604218	5.928366	4.203641E+13	0.00031	3227.603196	3.610763E+16	0	0	-0.003841	0.491713	0	0
0	0	0	40.637517	5.930715	35.479652	5.930715	3.893081E+13	0.0003	3334.618699	3.609307E+16	0	0	0.001302	0.487352	0	0
0	0	0	40.495692	5.932671	35.356143	5.932671	3.603695E+13	0.000289	3454.849288	3.60795E+16	0	0	-0.000318	0.482936	0	0
0	0	0	40.353417	5.934509	35.232363	5.934509	3.337415E+13	0.00028	3572.311486	3.606701E+16	0	0	-0.002296	0.478766	0	0
0	0	0	40.206038	5.936868	35.103765	5.936868	3.092091E+13	0.000269	3713.543435	3.60555E+16	0	0	0.000341	0.474309	0	0
0	0	0	40.061599	5.938706	34.978154	5.938706	2.864041E+13	0.000259	3864.921894	3.604481E+16	0	0	8.379931E-6	0.469957	0	0
0	0	0	39.916915	5.940542	34.852346	5.940542	2.645467E+13	0.000251	3983.791166	3.603456E+16	0	0	0.002375	0.465867	0	0
0	0	0	39.773579	5.942133	34.727918	5.942133	2.447396E+13	0.000242	4137.415368	3.602527E+16	0	0	0.002738	0.461562	0	0
0	0	0	39.625791	5.943887	34.599539	5.943887	2.263813E+13	0.000233	4290.574424	3.601666E+16	0	0	0.001385	0.457449	0	0
0	0	0	39.480903	5.945543	34.473745	5.945543	2.095485E+13	0.000224	4464.64513	3.600876E+16	0	0	0.001397	0.453407	0	0
0	0	0	39.326459	5.947044	34.339889	5.947044	1.934991E+13	0.000216	4631.180967	3.600124E+16	0	0	0.001409	0.449238	0	0
0	0	0	39.178508	5.948212	34.211895	5.948212	1.789558E+13	0.000208	4799.416665	3.599441E+16	0	0	0.002128	0.445197	0	0
0	0	0	39.028352	5.949909	34.081577	5.949909	1.646523E+13	0.0002	5011.482435	3.598771E+16	0	0	0.000722	0.441203	0	0
0	0	0	38.881544	5.951119	33.954549	5.951119	1.520214E+13	0.00019	5255.092216	3.598178E+16	0	0	-0.00071	0.437241	0	0
0	0	0	38.729714	5.952345	33.823205	5.952345	1.401908E+13	0.000184	5426.45491	3.597623E+16	0	0	0.000372	0.433376	0	0
0	0	0	38.580007	5.953555	33.693705	5.953555	1.295131E+13	0.000177	5663.818503	3.597123E+16	0	0	-0.000722	0.429678	0	0
0	0	0	38.424134	5.954868	33.558837	5.954868	1.193235E+13	0.000169	5916.669189	3.596645E+16	0	0	-0.000359	0.425964	0	0
0	0	0	38.272058	5.956198	33.427225	5.956198	1.100606E+13	0.000162	6167.307542	3.59621E+16	0	0	9.29707E-6	0.422194	0	0
0	0	0	38.117451	5.957153	33.293753	5.957153	1.011783E+13	0.000156	6417.029391	3.595794E+16	0	0	-0.001116	0.418328	0	0
0	0	0	37.962394	5.958051	33.159948	5.958051	9.320299E+12	0.00015	6645.316563	3.59542E+16	0	0	0.00228	0.414598	0	0
0	0	0	37.803867	5.959254	33.022926	5.959254	8.57383E+12	0.000143	6973.542574	3.59507E+16	0	0	0.000773	0.411028	0	0
0	0	0	37.644236	5.960412	32.885003	5.960412	7.885171E+12	0.000136	7326.710283	3.594747E+16	0	0	-0.00538	0.407314	0	0
0	0	0	37.48575	5.961333	32.748259	5.961333	7.238192E+12	0.000131	7607.845817	3.594443E+16	0	0	0.000398	0.40372	0	0
0	0	0	37.322567	5.962346	32.607418	5.962346	6.640297E+12	0.000127	7900.918673	3.594163E+16	0	0	0.000401	0.400085	0	0
0	0	0	37.15775	5.963179	32.465325	5.963179	6.095513E+12	0.000121	8267.384015	3.593907E+16	0	0	0.004355	0.396603	0	0
0	0	0	36.995098	5.963931	32.32516	5.963931	5.581216E+12	0.000116	8621.096322	3.593666E+16	0	0	-0.001185	0.393057	0	0
0	0	0	36.823584	5.964804	32.177302	5.964804	5.105775E+12	0.00011	9057.217728	3.593443E+16	0	0	0.004029	0.389582	0	0
0	0	0	36.654929	5.965367	32.032144	5.965367	4.676275E+12	0.000105	9527.554658	3.593242E+16	0	0	0.002848	0.386044	0	0
0	0	0	36.487295	5.965976	31.887831	5.965976	4.262428E+12	0.0001	9992.439753	3.593048E+16	0	0	0.003691	0.382522	0	0
0	0	0	36.317088	5.966845	31.741116	5.966845	3.891194E+12	9.415807E-5	10620.438202	3.592874E+16	0	0	0.00166	0.379167	0	0
0	0	0	36.146718	5.967779	31.594219	5.967779	3.554237E+12	8.895161E-5	11242.067986	3.592716E+16	0	0	0.003754	0.375853	0	0
0	0	0	35.974755	5.96833	31.446253	5.96833	3.241936E+12	8.530936E-5	11722.043518	3.592569E+16	0	0	0.004625	0.372546	0	0
0	0	0	35.804181	5.968727	31.2996	5.968727	2.956805E+12	8.235452E-5	12142.6245	3.592435E+16	0	0	0.003395	0.369279	0	0
0	0	0	35.62499	5.96942	31.145334	5.96942	2.694422E+12	7.772829E-5	12865.328927	3.592312E+16	0	0	1.067217E-5	0.365877	0	0
0	0	0	35.450331	5.970271	30.994845	5.970271	2.457159E+12	7.275435E-5	13744.882348	3.592201E+16	0	0	0.003025	0.362658	0	0
0	0	0	35.269956	5.97065	30.839809	5.97065	2.230372E+12	6.923621E-5	14443.309023	3.592095E+16	0	0	0.000445	0.359367	0	0
0	0	0	35.091378	5.971378	30.686061	5.971378	2.029476E+12	6.697767E-5	14930.348413	3.592E+16	0	0	0.000449	0.356236	0	0
0	0	0	34.905898	5.971893	30.526553	5.971893	1.840975E+12	6.251359E-5	15996.521827	3.591912E+16	0	0	-0.001314	0.353113	0	0
0	0	0	34.720132	5.972392	30.366817	5.972392	1.6716E+12	6.009983E-5	16638.982301	3.591833E+16	0	0	-0.00088	0.350014	0	0
0	0	0	34.53306	5.972705	30.206099	5.972705	1.512155E+12	5.672935E-5	17627.560776	3.591758E+16	0	0	0.001359	0.347027	0	0
0	0	0	34.337044	5.973256	30.037539	5.973256	1.367704E+12	5.356447E-5	18669.092081	3.59169E+16	0	0	-0.000442	0.343944	0	0
0	0	0	34.142295	5.973574	29.870238	5.973574	1.236176E+12	4.978458E-5	20086.539783	3.591628E+16	0	0	0.003667	0.340861	0	0
0	0	0	33.94681	5.974138	29.702135	5.974138	1.111908E+12	4.713325E-5	21216.445728	3.59157E+16	0	0	-0.00137	0.338042	0	0
0	0	0	33.746874	5.974633	29.530266	5.974633	1.000814E+12	4.374991E-5	22857.18875	3.591518E+16	0	0	0.004195	0.334887	0	0
0	0	0	33.547387	5.9751	29.358807	5.9751	9.004613E+11	4.166996E-5	23998.10108	3.591471E+16	0	0	0.006105	0.332011	0	0
0	0	0	33.341326	5.975416	29.181819	5.975416	8.082229E+11	3.943329E-5	25359.283782	3.591428E+16	0	0	-0.001406	0.329216	0	0
0	0	0	33.132773	5.975683	29.00273	5.975683	7.256082E+11	3.731585E-5	26798.264633	3.591389E+16	0	0	0.004778	0.326237	0	0
0	0	0	32.930796	5.976188	28.82912	5.976188	6.491265E+11	3.46449E-5	28864.279334	3.591353E+16	0	0	0.001935	0.323433	0	0
0	0	0	32.719221	5.976487	28.647424	5.976487	5.799242E+11	3.1978E-5	31271.503193	3.591321E+16	0	0	0.003406	0.320574	0	0
0	0	0	32.502665	5.97697	28.461332	5.97697	5.199435E+11	3.05863E-5	32694.372837	3.591293E+16	0	0	0.003433	0.317898	0	0
0	0	0	32.275409	5.976936	28.266414	5.976936	4.637542E+11	2.840126E-5	35209.701916	3.591266E+16	0	0	-0.001466	0.315119	0	0
0	0	0	32.044928	5.977533	28.06831	5.977533	4.125244E+11	2.706445E-5	36948.835831	3.591242E+16	0	0	0.002	0.312459	0	0
0	0	0	31.81808	5.977631	27.873658	5.977631	3.648374E+11	2.381694E-5	41986.923151	3.59122E+16	0	0	0.001515	0.309903	0	0
0	0	0	31.589028	5.978087	27.676881	5.978087	3.221005E+11	2.304496E-5	43393.427329	3.5912E+16	0	0	-0.001502	0.307275	0	0
0	0	0	31.351645	5.97831	27.473115	5.97831	2.849288E+11	2.071277E-5	48279.40221	3.591182E+16	0	0	0.000522	0.304664	0	0
0	0	0	31.109116	5.978599	27.264896	5.978599	2.517465E+11	1.977376E-5	50572.071511	3.591167E+16	0	0	1.28248E-5	0.302196	0	0
0	0	0	30.866996	5.978895	27.057026	5.978895	2.21429E+11	1.810578E-5	55230.981944	3.591153E+16	0	0	-0.000504	0.299688	0	0
0	0	0	30.617852	5.979177	26.843143	5.979177	1.942216E+11	1.677262E-5	59620.990193	3.59114E+16	0	0	0.000534	0.297212	0	0
0	0	0	30.364624	5.979478	26.625748	5.979478	1.703947E+11	1.561046E-5	64059.618688	3.591129E+16	0	0	-0.003665	0.29476	0	0
0	0	0	30.105639	5.979627	26.403513	5.979627	1.489243E+11	1.448435E-5	69040.042017	3.591119E+16	0	0	-0.002635	0.292292	0	0
0	0	0	29.841099	5.979901	26.176439	5.979901	1.298722E+11	1.352251E-5	73950.746306	3.59111E+16	0	0	0.005354	0.289792	0	0
0	0	0	29.575131	5.979976	25.948264	5.979976	1.129054E+11	1.217953E-5	82104.950939	3.591102E+16	0	0	-0.001063	0.28738	0	0
0	0	0	29.305854	5.980363	25.717065	5.980363	9.786098E+10	1.130951E-5	88421.156113	3.591095E+16	0	0	0.003812	0.285007	0	0
0	0	0	29.031841	5.980418	25.482005	5.980418	8.475564E+10	9.989971E-6	100100.390141	3.591088E+16	0	0	-0.002721	0.282659	0	0
0	0	0	28.753825	5.980652	25.243409	5.980652	7.327418E+10	9.623149E-6	103916.088498	3.591083E+16	0	0	0.003876	0.280151	0	0
0	0	0	28.473033	5.980713	25.002534	5.980713	6.318605E+10	8.434659E-6	118558.44041	3.591078E+16	0	0	-0.008886	0.277811	0	0
0	0	0	28.188279	5.981039	24.75811	5.981039	5.436905E+10	7.805327E-6	128117.636288	3.591074E+16	0	0	0.00562	0.275527	0	0
0	0	0	27.89981	5.981186	24.510604	5.981186	4.67122E+10	6.840895E-6	146179.702998	3.591071E+16	0	0	0.009622	0.273154	0	0
0	0	0	27.605459	5.981161	24.258154	5.981161	4.004782E+10	6.571015E-6	152183.498528	3.591067E+16	0	0	0.006851	0.270886	0	0
0	0	0	27.304739	5.98144	24.000071	5.98144	3.426533E+10	5.944611E-6	168219.579216	3.591065E+16	0	0	0.008055	0.268674	0	0
0	0	0	27.004059	5.981653	23.742063	5.981653	2.922473E+10	5.019903E-6	199207.04752	3.591062E+16	0	0	0.003486	0.266589	0	0
0	0	0	26.700847	5.981488	23.48209	5.981488	2.483992E+10	4.783129E-6	209068.160315	3.59106E+16	0	0	-0.001152	0.264385	0	0
0	0	0	26.395145	5.981655	23.219802	5.981655	2.111347E+10	4.478753E-6	223276.436947	3.591059E+16	0	0	0.004718	0.262156	0	0
0	0	0	26.085195	5.981841	22.953864	5.981841	1.792151E+10	3.523833E-6	283781.891249	3.591057E+16	0	0	0.004758	0.259904	0	0
0	0	0	25.773653	5.98216	22.686494	5.98216	1.519164E+10	3.224327E-6	310142.27143	3.591056E+16	0	0	0.0036	0.257819	0	0
0	0	0	25.458231	5.982173	22.415956	5.982173	1.284806E+10	2.992979E-6	334115.312344	3.591055E+16	0	0	0.007242	0.255703	0	0
0	0	0	25.1404	5.982141	22.143376	5.982141	1.085667E+10	3.036316E-6	329346.468389	3.591054E+16	0	0	0.004264	0.253594	0	0
0	0	0	24.817056	5.982353	21.865946	5.982353	9.154718E+9	2.582426E-6	387232.767143	3.591053E+16	0	0	0.001238	0.251605	0	0
0	0	0	24.496202	5.982373	21.590748	5.982373	7.709524E+9	2.130316E-6	469414.032918	3.591052E+16	0	0	-0.000601	0.249465	0	0
0	0	0	24.173961	5.982686	21.314221	5.982686	6.473153E+9	2.060934E-6	485216.910477	3.591052E+16	0	0	0.007469	0.247572	0	0
0	0	0	23.848902	5.982566	21.035485	5.982566	5.442381E+9	1.758084E-6	568800.883825	3.591051E+16	0	0	0.01004	0.245335	0	0
0	0	0	23.523067	5.982659	20.755983	5.982659	4.572315E+9	1.909993E-6	523562.081488	3.591051E+16	0	0	0.003172	0.24345	0	0
0	0	0	23.195312	5.982547	20.474931	5.982547	3.835498E+9	1.44076E-6	694078.215377	3.59105E+16	0	0	0.001289	0.24139	0	0
0	0	0	22.864087	5.982706	20.190777	5.982706	3.216068E+9	1.311109E-6	762713.225794	3.59105E+16	0	0	0.005146	0.239481	0	0
0	0	0	22.529022	5.982898	19.90332	5.982898	2.693879E+9	9.953874E-7	1004633.934216	3.59105E+16	0	0	0.005185	0.237572	0	0
0	0	0	22.195632	5.982885	19.61739	5.982885	2.252247E+9	9.592081E-7	1042526.589846	3.59105E+16	0	0	0.004576	0.235575	0	0
0	0	0	21.863345	5.982726	19.332467	5.982726	1.879112E+9	9.812025E-7	1019157.613823	3.59105E+16	0	0	0.005267	0.233714	0	0
0	0	0	21.528975	5.982952	19.045596	5.982952	1.569215E+9	8.06877E-7	1239346.200141	3.591049E+16	0	0	0.000678	0.231829	0	0
0	0	0	21.198525	5.983144	18.762105	5.983144	1.311207E+9	5.693982E-7	1756240.079481	3.591049E+16	0	0	0.003349	0.230008	0	0
0	0	0	20.865993	5.983078	18.476933	5.983078	1.094387E+9	6.095698E-7	1640501.21016	3.591049E+16	0	0	0.001361	0.227979	0	0
0	0	0	20.532276	5.983131	18.190698	5.983131	9.153578E+8	6.71812E-7	1488511.652859	3.591049E+16	0	0	0.002049	0.226198	0	0
0	0	0	20.198478	5.983131	17.904414	5.983131	7.647545E+8	5.059024E-7	1976665.871664	3.591049E+16	0	0	1.706291E-5	0.224369	0	0
0	0	0	19.863414	5.983357	17.61696	5.983357	6.385209E+8	4.586326E-7	2180394.488767	3.591049E+16	0	0	0.000705	0.222604	0	0
0	0	0	19.533577	5.983151	17.334151	5.983151	5.331004E+8	3.829265E-7	2611467.229641	3.591049E+16	0	0	0.00279	0.220775	0	0
0	0	0	19.204311	5.98337	17.051676	5.98337	4.447805E+8	5.026976E-7	1989267.345862	3.591049E+16	0	0	0.004208	0.219026	0	0
0	0	0	18.872473	5.983304	16.767098	5.983304	3.721428E+8	2.762082E-7	3620457.074912	3.591049E+16	0	0	1.759921E-5	0.217269	0	0
0	0	0	18.545617	5.983364	16.486749	5.983364	3.114639E+8	3.643381E-7	2744703.639225	3.591049E+16	0	0	0.002855	0.21552	0	0
0	0	0	18.220395	5.983589	16.207746	5.983589	2.603166E+8	2.592618E-7	3857105.740719	3.591049E+16	0	0	0.009316	0.213659	0	0
0	0	0	17.893049	5.983483	15.927034	5.983483	2.181552E+8	2.508249E-7	3986845.329217	3.591049E+16	0	0	0.008664	0.212029	0	0
0	0	0	17.569051	5.983563	15.649133	5.983563	1.829838E+8	5.049344E-7	1980455.430552	3.591049E+16	0	0	0.002197	0.210288	0	0
0	0	0	17.245503	5.983762	15.371581	5.983762	1.533068E+8	2.550328E-7	3921063.733559	3.591049E+16	0	0	0.003678	0.208619	0	0
0	0	0	16.923465	5.983364	15.095511	5.983364	1.286756E+8	3.048812E-7	3279966.210463	3.591049E+16	0	0	-0.002194	0.20691	0	0
0	0	0	16.598815	5.983476	14.81704	5.983476	1.080281E+8	-4.217693E-6	-237096.437703	3.591049E+16	0	0	0.003733	0.20532	0	0
0	0	0	16.274858	5.983463	14.539204	5.983463	9.076776E+7	1.043682E-7	9581461.058574	3.591049E+16	0	0	0.010508	0.203547	0	0
0	0	0	15.953147	5.983456	14.263291	5.983456	7.615757E+7	1.236305E-7	8088620.99304	3.591049E+16	0	0	-0.001491	0.201942	0	0
0	0	0	15.626373	5.983642	13.982983	5.983642	6.392305E+7	9.897546E-8	1.010351E+7	3.591049E+16	0	0	-0.000742	0.200344	0	0
0	0	0	15.305847	5.983762	13.708054	5.983762	5.371916E+7	8.129853E-8	1.230035E+7	3.591049E+16	0	0	0.007681	0.198827	0	0
0	0	0	14.985198	5.983755	13.433054	5.983755	4.502069E+7	1.853092E-7	5396386.504068	3.591049E+16	0	0	0.005423	0.197293	0	0
0	0	0	14.670103	5.983516	13.162876	5.983516	3.785837E+7	-1.476115E-6	-677453.836124	3.591049E+16	0	0	0.00703	0.195464	0	0
0	0	0	14.353946	5.983802	12.891655	5.983802	3.183339E+7	-2.967178E-6	-337020.548055	3.591049E+16	0	0	0.011003	0.194002	0	0
0	0	0	14.043955	5.98345	12.625879	5.98345	2.684774E+7	5.099727E-8	1.960889E+7	3.591049E+16	0	0	0.004762	0.192485	0	0
0	0	0	13.735721	5.983795	12.361443	5.983795	2.262994E+7	-1.964646E-7	-5089975.621607	3.591049E+16	0	0	0.005594	0.191031	0	0
0	0	0	13.422586	5.983709	12.092905	5.983709	1.913844E+7	2.832518E-8	3.530428E+7	3.591049E+16	0	0	-0.000782	0.189578	0	0
0	0	0	13.112554	5.983609	11.82703	5.983609	1.620101E+7	-1.615786E-7	-6188939.330145	3.591049E+16	0	0	0.007296	0.18802	0	0
0	0	0	12.811139	5.983563	11.568533	5.983563	1.367815E+7	1.459541E-7	6851468.182864	3.591049E+16	0	0	0.012237	0.186558	0	0
0	0	0	12.509684	5.983788	11.309946	5.983788	1.156754E+7	3.642841E-8	2.74511E+7	3.591049E+16	0	0	0.009044	0.185129	0	0
0	0	0	12.212026	5.983576	11.054704	5.983576	9828278.5	2.329012E-8	4.293667E+7	3.591049E+16	0	0	-0.003286	0.183659	0	0
0	0	0	11.915593	5.983775	10.800433	5.983775	8350346	-9.783759E-8	-1.022102E+7	3.591049E+16	0	0	0.001688	0.182102	0	0
0	0	0	11.622427	5.983788	10.549	5.983788	7109238.5	1.812894E-8	5.516042E+7	3.591049E+16	0	0	-0.001657	0.180832	0	0
0	0	0	11.33065	5.983563	10.298799	5.983563	6056605.5	-1.091153E-7	-9164620.428247	3.591049E+16	0	0	-0.009277	0.179418	0	0
0	0	0	11.037606	5.983881	10.047419	5.983881	5168952.5	-6.056145E-8	-1.651215E+7	3.591049E+16	0	0	-0.004237	0.17802	0	0
0	0	0	10.748606	5.983981	9.799545	5.983981	4414705	1.046161E-8	9.558759E+7	3.591049E+16	0	0	0.002596	0.176614	0	0
0	0	0	10.462505	5.983968	9.554177	5.983968	3767937.5	-1.280494E-8	-7.809489E+7	3.591049E+16	0	0	0.004342	0.175345	0	0
0	0	0	10.176567	5.983709	9.308984	5.983709	3222959	-6.220917E-9	-1.60748E+8	3.591049E+16	0	0	0.003505	0.173947	0	0
0	0	0	9.894549	5.983815	9.067099	5.983815	2761128.5	-5.65526E-9	-1.768265E+8	3.591049E+16	0	0	-0.004366	0.172525	0	0
0	0	0	9.611633	5.983682	8.824477	5.983682	2365684	2.524472E-8	3.961224E+7	3.591049E+16	0	0	0.002674	0.171271	0	0
0	0	0	9.332597	5.98412	8.585109	5.98412	2031174.5	-1.400431E-8	-7.140658E+7	3.591049E+16	0	0	2.225841E-5	0.169945	0	0
0	0	0	9.053071	5.983768	8.34542	5.983768	1743118.5	1.136344E-8	8.80015E+7	3.591049E+16	0	0	0.016175	0.168555	0	0
0	0	0	8.774933	5.984087	8.106842	5.984087	1499054	-1.802954E-9	-5.546453E+8	3.591049E+16	0	0	-0.00359	0.167421	0	0
0	0	0	8.494385	5.983954	7.866249	5.983954	1288821	-3.175468E-8	-3.149143E+7	3.591049E+16	0	0	0.008223	0.165904	0	0
0	0	0	8.219392	5.98418	7.630383	5.98418	1108904	-1.465187E-9	-6.825066E+8	3.591049E+16	0	0	0.006448	0.164658	0	0
0	0	0	7.944521	5.983875	7.394673	5.983875	952861	-2.078677E-9	-4.810753E+8	3.591049E+16	0	0	0.003722	0.16338	0	0
0	0	0	7.670262	5.984007	7.159447	5.984007	821238	-8.503719E-10	-1.175956E+9	3.591049E+16	0	0	-0.005562	0.162214	0	0
0	0	0	7.401108	5.984047	6.928608	5.984047	707843.5	-2.53402E-9	-3.946299E+8	3.591049E+16	0	0	0.011282	0.16088	0	0
0	0	0	7.129994	5.983928	6.6961	5.983928	610308.5	-1.056313E-9	-9.466895E+8	3.591049E+16	0	0	0.006637	0.159714	0	0
0	0	0	6.86182	5.984007	6.466099	5.984007	527667	-7.90745E-10	-1.26463E+9	3.591049E+16	0	0	0.009545	0.158436	0	0
0	0	0	6.595811	5.983988	6.237962	5.983988	455733	-1.143016E-9	-8.748782E+8	3.591049E+16	0	0	0.001941	0.157286	0	0
0	0	0	6.325309	5.983948	6.005972	5.983948	394231	-6.823289E-10	-1.465569E+9	3.591049E+16	0	0	0.006785	0.156048	0	0
0	0	0	6.05395	5.983915	5.773246	5.983915	341428.5	-6.4057E-10	-1.56111E+9	3.591049E+16	0	0	0.012663	0.154985	0	0
0	0	0	5.7899	5.983782	5.546793	5.983782	294981	-6.651561E-10	-1.503407E+9	3.591049E+16	0	0	2.449965E-5	0.153699	0	0
0	0	0	5.522707	5.98412	5.317626	5.98412	254734	-6.905844E-10	-1.448049E+9	3.591049E+16	0	0	0.01188	0.152406	0	0
0	0	0	5.257269	5.983941	5.089983	5.983941	220849	-3.135683E-9	-3.189098E+8	3.591049E+16	0	0	0.009966	0.151415	0	0
0	0	0	4.990606	5.983954	4.861283	5.983954	191146.5	-2.298971E-10	-4.349772E+9	3.591049E+16	0	0	0.017056	0.150193	0	0
0	0	0	4.725046	5.983875	4.63353	5.983875	165595.5	-3.864047E-10	-2.58796E+9	3.591049E+16	0	0	-0.005018	0.149131	0	0
0	0	0	4.46214	5.983961	4.408051	5.983961	143365.5	-3.127532E-10	-3.19741E+9	3.591049E+16	0	0	0.006123	0.147957	0	0
0	0	0	4.188085	5.983861	4.173012	5.983861	124193.5	-4.446019E-10	-2.249203E+9	3.591049E+16	0	0	-0.000998	0.146871	0	0
0	0	0	3.90664	5.984061	3.931635	5.984061	107740	-2.276261E-10	-4.39317E+9	3.591049E+16	0	0	0.002088	0.145712	0	0
0	0	0	3.630135	5.984074	3.694495	5.984074	92904	-3.723715E-10	-2.68549E+9	3.591049E+16	0	0	-0.002051	0.144634	0	0
0	0	0	3.351956	5.983994	3.455919	5.983994	79792.5	-1.144557E-10	-8.737004E+9	3.591049E+16	0	0	0.008399	0.143484	0	0
0	0	0	3.073573	5.983954	3.217167	5.983954	68714	-9.451836E-11	-1.057996E+10	3.591049E+16	0	0	0.003187	0.142462	0	0
0	0	0	2.80201	5.983981	2.984265	5.983981	59120.5	-1.078981E-10	-9.268007E+9	3.591049E+16	0	0	0.004272	0.141383	0	0
0	0	0	2.532202	5.984007	2.75287	5.984007	50860.5	-1.109526E-10	-9.012855E+9	3.591049E+16	0	0	0.011785	0.140321	0	0
0	0	0	2.27436	5.984187	2.531743	5.984187	43916	-8.476592E-11	-1.179719E+10	3.591049E+16	0	0	0.003257	0.139251	0	0
0	0	0	2.02783	5.983954	2.3203	5.983954	37956.5	-6.56945E-11	-1.522197E+10	3.591049E+16	0	0	0.008697	0.138308	0	0
0	0	0	1.792774	5.983788	2.118699	5.983788	33018	-3.366909E-11	-2.970083E+10	3.591049E+16	0	0	-0.002157	0.137214	0	0
0	0	0	1.57536	5.984074	1.932253	5.984074	28898.5	-6.304234E-11	-1.586236E+10	3.591049E+16	0	0	-0.004373	0.136144	0	0
0	0	0	1.381795	5.983954	1.766237	5.983954	25450	-2.981742E-10	-3.353745E+9	3.591049E+16	0	0	-0.002188	0.135153	0	0
0	0	0	1.210281	5.983974	1.619142	5.983974	22628	-3.112555E-11	-3.212794E+10	3.591049E+16	0	0	0.010071	0.134123	0	0
0	0	0	1.057062	5.983921	1.487732	5.983921	20380	-4.445915E-11	-2.249256E+10	3.591049E+16	0	0	0.020262	0.133101	0	0
0	0	0	0.921444	5.984167	1.37144	5.984167	18575	-3.691641E-11	-2.708822E+10	3.591049E+16	0	0	-0.00337	0.132046	0	0
0	0	0	0.798158	5.984014	1.265694	5.984014	17099	-4.45531E-11	-2.244513E+10	3.591049E+16	0	0	0.006882	0.130912	0	0
0	0	0	0.689206	5.983715	1.172229	5.983715	15890	-1.697837E-11	-5.889846E+10	3.591049E+16	0	0	0.001179	0.129922	0	0
0	0	0	0.592505	5.983994	1.089317	5.983994	14865.5	-2.508121E-11	-3.987049E+10	3.591049E+16	0	0	0.004666	0.128908	0	0
0	0	0	0.508423	5.984014	1.017207	5.984014	14015.5	1.778905E-10	5.621434E+9	3.591049E+16	0	0	0.014056	0.127789	0	0
0	0	0	0.432916	5.984047	0.952453	5.984047	13301.5	-2.427594E-11	-4.119304E+10	3.591049E+16	0	0	-0.004684	0.126727	0	0
0	0	0	0.368272	5.983875	0.896996	5.983875	12710.5	-2.144527E-11	-4.663032E+10	3.591049E+16	0	0	0.010713	0.125769	0	0
0	0	0	0.31008	5.984107	0.847109	5.984107	12202	-1.828552E-11	-5.468807E+10	3.591049E+16	0	0	0.010788	0.124834	0	0
0	0	0	0.258544	5.983948	0.802896	5.983948	11783	-4.21821E-11	-2.370674E+10	3.591049E+16	0	0	0.007254	0.123892	0	0
0	0	0	0.218401	5.983988	0.768472	5.983988	11418	-1.424401E-11	-7.020496E+10	3.591049E+16	0	0	-0.001182	0.123029	0	0
0	0	0	0.181934	5.983762	0.737176	5.983762	11104.5	-2.503966E-11	-3.993665E+10	3.591049E+16	0	0	3.051601E-5	0.122134	0	0
0	0	0	0.155064	5.983709	0.714126	5.983709	10866	-2.038621E-11	-4.905277E+10	3.591049E+16	0	0	3.076138E-5	0.121104	0	0
0	0	0	0.122231	5.983954	0.68599	5.983954	10654	-4.151093E-10	-2.409004E+9	3.591049E+16	0	0	0.006224	0.120258	0	0
0	0	0	0.098954	5.984094	0.66604	5.984094	10500	1.12049E-10	8.92467E+9	3.591049E+16	0	0	3.117114E-5	0.119419	0	0
0	0	0	0.074902	5.983948	0.645398	5.983948	10315.5	-2.250335E-11	-4.443782E+10	3.591049E+16	0	0	0.010084	0.11846	0	0
0	0	0	0.047133	5.983828	0.621571	5.983828	10186.5	-1.319911E-11	-7.576268E+10	3.591049E+16	0	0	-0.002497	0.11771	0	0
0	0	0	0.028879	5.984094	0.605941	5.984094	10055	-2.267313E-11	-4.410507E+10	3.591049E+16	0	0	0.006397	0.116847	0	0
0	0	0	0.009726	5.984346	0.58954	5.984346	9905.5	-5.664049E-11	-1.765522E+10	3.591049E+16	0	0	0.015434	0.115865	0	0
0	0	0	-0.01306	5.983901	0.569954	5.983901	9808	-1.270867E-11	-7.868643E+10	3.591049E+16	0	0	0.02846	0.115042	0	0
0	0	0	-0.030661	5.984193	0.554888	5.984193	9707	-7.2506E-12	-1.379196E+11	3.591049E+16	0	0	0.006551	0.113996	0	0
0	0	0	-0.043484	5.984054	0.543877	5.984054	9588	-2.82812E-11	-3.535917E+10	3.591049E+16	0	0	0.005281	0.113229	0	0
0	0	0	-0.053448	5.984107	0.535337	5.984107	9497	-9.539126E-12	-1.048314E+11	3.591049E+16	0	0	0.005315	0.112446	0	0
0	0	0	-0.068843	5.983908	0.522113	5.983908	9431.5	-1.382461E-11	-7.23348E+10	3.591049E+16	0	0	0.021316	0.111599	0	0
0	0	0	-0.084565	5.98414	0.508653	5.98414	9381	-1.170284E-11	-8.544933E+10	3.591049E+16	0	0	0.012096	0.110729	0	0
0	0	0	-0.097388	5.984127	0.497654	5.984127	9303.5	-2.628511E-11	-3.804435E+10	3.591049E+16	0	0	0.002734	0.10989	0	0
0	0	0	-0.107434	5.984127	0.489038	5.984127	9224.5	-1.052774E-11	-9.498718E+10	3.591049E+16	0	0	3.40103E-5	0.109004	0	0
0	0	0	-0.113723	5.984014	0.483634	5.984014	9160.5	-1.082334E-11	-9.239295E+10	3.591049E+16	0	0	-0.006815	0.108213	0	0
0	0	0	-0.119726	5.984034	0.478487	5.984034	9111.5	-1.076544E-11	-9.288983E+10	3.591049E+16	0	0	0.013816	0.107518	0	0
0	0	0	-0.126014	5.983948	0.473085	5.983948	9080	-1.531986E-11	-6.527475E+10	3.591049E+16	0	0	3.471355E-5	0.106687	0	0
0	0	0	-0.132793	5.984187	0.467295	5.984187	9050.5	-1.419775E-11	-7.04337E+10	3.591049E+16	0	0	3.494634E-5	0.105929	0	0
0	0	0	-0.140144	5.98412	0.460985	5.98412	9020	-2.03393E-11	-4.916591E+10	3.591049E+16	0	0	-0.001373	0.105138	0	0
0	0	0	-0.146678	5.984134	0.455382	5.984134	8987	-9.164217E-12	-1.091201E+11	3.591049E+16	0	0	-0.004221	0.104299	0	0
0	0	0	-0.153375	5.984134	0.449639	5.984134	8951.5	-1.076621E-11	-9.288318E+10	3.591049E+16	0	0	0.020013	0.103676	0	0
0	0	0	-0.16044	5.984114	0.443578	5.984114	8920	-1.035659E-11	-9.655689E+10	3.591049E+16	0	0	0.010097	0.102886	0	0
0	0	0	-0.165299	5.984213	0.43942	5.984213	8888	-1.031943E-11	-9.690453E+10	3.591049E+16	0	0	-0.014445	0.102079	0	0
0	0	0	-0.169628	5.984027	0.435689	5.984027	8853.5	-1.084294E-11	-9.22259E+10	3.591049E+16	0	0	0.007322	0.101408	0	0
0	0	0	-0.173344	5.984054	0.432504	5.984054	8830.5	-8.488014E-12	-1.178132E+11	3.591049E+16	0	0	0.010318	0.100585	0	0
0	0	0	-0.174365	5.984233	0.431647	5.984233	8810	-1.415174E-11	-7.066269E+10	3.591049E+16	0	0	0.002995	0.09985	0	0
0	0	0	-0.179061	5.984107	0.427607	5.984107	8792	-1.288723E-11	-7.759618E+10	3.591049E+16	0	0	-0.008903	0.099068	0	0
0	0	0	-0.179878	5.984246	0.42692	5.984246	8787.5	-8.098222E-12	-1.234839E+11	3.591049E+16	0	0	0.016526	0.098445	0	0
0	0	0	-0.182287	5.984167	0.424846	5.984167	8765	-1.093438E-11	-9.145467E+10	3.591049E+16	0	0	-0.004488	0.097798	0	0
0	0	0	-0.185146	5.98408	0.422385	5.98408	8761.5	-7.858141E-12	-1.272566E+11	3.591049E+16	0	0	-0.001483	0.096991	0	0
0	0	0	-0.186861	5.984067	0.420913	5.984067	8750	-9.349324E-12	-1.069596E+11	3.591049E+16	0	0	0.026041	0.096376	0	0
0	0	0	-0.188821	5.984027	0.419228	5.984027	8736.5	-1.177564E-11	-8.492107E+10	3.591049E+16	0	0	0.021602	0.095665	0	0
0	0	0	-0.188413	5.984087	0.419584	5.984087	8728.5	-1.225794E-11	-8.15798E+10	3.591049E+16	0	0	0.001587	0.095122	0	0
0	0	0	-0.190455	5.983901	0.417814	5.983901	8719	-1.400556E-11	-7.14002E+10	3.591049E+16	0	0	-0.010889	0.094323	0	0
0	0	0	-0.191149	5.983994	0.417228	5.983994	8721	-1.152299E-11	-8.678302E+10	3.591049E+16	0	0	0.018915	0.093589	0	0
0	0	0	-0.192619	5.984233	0.415992	5.984233	8711.5	-2.569584E-11	-3.891681E+10	3.591049E+16	0	0	0.025394	0.09287	0	0
0	0	0	-0.193721	5.984007	0.415023	5.984007	8708	-1.589256E-11	-6.292251E+10	3.591049E+16	0	0	0.006415	0.092287	0	0
0	0	0	-0.194497	5.984027	0.41436	5.984027	8701	-8.018507E-12	-1.247115E+11	3.591049E+16	0	0	0.008075	0.091512	0	0
0	0	0	-0.197152	5.983934	0.412074	5.983934	8696	-1.50509E-11	-6.644122E+10	3.591049E+16	0	0	0.003274	0.090913	0	0
0	0	0	-0.19805	5.9842	0.41133	5.9842	8692	-1.396219E-11	-7.162199E+10	3.591049E+16	0	0	0.003296	0.090282	0	0
0	0	0	-0.198499	5.984021	0.410927	5.984021	8680	-2.098479E-11	-4.765355E+10	3.591049E+16	0	0	-0.021275	0.089587	0	0
0	0	0	-0.199643	5.983928	0.409937	5.983928	8675.5	-8.585306E-12	-1.164781E+11	3.591049E+16	0	0	0.02151	0.088916	0	0
0	0	0	-0.199684	5.984114	0.409921	5.984114	8673.5	-1.427463E-11	-7.005436E+10	3.591049E+16	0	0	0.008351	0.088325	0	0
0	0	0	-0.202461	5.983928	0.40752	5.983928	8668	-2.174006E-11	-4.599804E+10	3.591049E+16	0	0	-0.006657	0.087614	0	0
0	0	0	-0.202665	5.98412	0.407365	5.98412	8668	-1.061576E-11	-9.419959E+10	3.591049E+16	0	0	0.005094	0.087103	0	0
0	0	0	-0.20438	5.984134	0.405895	5.984134	8655	-2.170745E-11	-4.606713E+10	3.591049E+16	0	0	-0.006736	0.086544	0	0
0	0	0	-0.204339	5.984107	0.405927	5.984107	8654	-1.04084E-11	-9.607624E+10	3.591049E+16	0	0	0.02736	0.085857	0	0
0	0	0	-0.207647	5.983915	0.403071	5.983915	8646	-1.003846E-11	-9.961687E+10	3.591049E+16	0	0	-0.006826	0.085338	0	0
0	0	0	-0.208259	5.984021	0.402556	5.984021	8646	-1.078593E-11	-9.271341E+10	3.591049E+16	0	0	0.005242	0.084531	0	0
0	0	0	-0.211159	5.984067	0.400075	5.984067	8630.5	-2.33973E-11	-4.273998E+10	3.591049E+16	0	0	0.015722	0.084052	0	0
0	0	0	-0.214099	5.984054	0.397552	5.984054	8628	-1.419975E-11	-7.04238E+10	3.591049E+16	0	0	0.003557	0.083341	0	0
0	0	0	-0.214181	5.984286	0.397505	5.984286	8614.5	-1.209784E-11	-8.265938E+10	3.591049E+16	0	0	-0.001724	0.082758	0	0
0	0	0	-0.216222	5.984339	0.39576	5.984339	8600.5	-1.260653E-11	-7.932395E+10	3.591049E+16	0	0	0.007162	0.082199	0	0
0	0	0	-0.217325	5.984147	0.394794	5.984147	8600	-7.139955E-12	-1.400569E+11	3.591049E+16	0	0	0.003629	0.081584	0	0
0	0	0	-0.21806	5.984134	0.394163	5.984134	8590.5	-6.48896E-12	-1.541079E+11	3.591049E+16	0	0	0.030757	0.080905	0	0
0	0	0	-0.221205	5.983981	0.39145	5.983981	8585.5	-9.634385E-12	-1.037949E+11	3.591049E+16	0	0	0.005498	0.080394	0	0
0	0	0	-0.222797	5.9843	0.390117	5.9843	8582	-9.964153E-12	-1.003598E+11	3.591049E+16	0	0	0.018373	0.079691	0	0
0	0	0	-0.225166	5.983994	0.388054	5.983994	8568	-1.653781E-11	-6.046751E+10	3.591049E+16	0	0	-0.007328	0.079196	0	0
0	0	0	-0.223246	5.984293	0.389731	5.984293	8560.5	-6.935325E-12	-1.441894E+11	3.591049E+16	0	0	4.638156E-5	0.078669	0	0
0	0	0	-0.226023	5.984041	0.387324	5.984041	8549.5	-1.560329E-11	-6.408904E+10	3.591049E+16	0	0	0.018736	0.078078	0	0
0	0	0	-0.227657	5.984353	0.385955	5.984353	8558	-7.018142E-12	-1.424879E+11	3.591049E+16	0	0	0.001927	0.07759	0	0
0	0	0	-0.228963	5.984094	0.384807	5.984094	8545.5	-1.309892E-11	-7.634217E+10	3.591049E+16	0	0	0.0152	0.076975	0	0
0	0	0	-0.23076	5.984147	0.383272	5.984147	8538	-6.307123E-12	-1.585509E+11	3.591049E+16	0	0	-0.009485	0.076448	0	0
0	0	0	-0.231659	5.984319	0.382519	5.984319	8532	-1.10553E-11	-9.045435E+10	3.591049E+16	0	0	-0.005712	0.075889	0	0
0	0	0	-0.231536	5.984041	0.382595	5.984041	8523.5	-9.56481E-12	-1.045499E+11	3.591049E+16	0	0	-0.00381	0.075514	0	0
0	0	0	-0.232394	5.983948	0.38185	5.983948	8519.5	-6.660551E-12	-1.501377E+11	3.591049E+16	0	0	0.005881	0.074891	0	0
0	0	0	-0.233047	5.984233	0.381319	5.984233	8520	-1.305983E-11	-7.657066E+10	3.591049E+16	0	0	0.019638	0.074292	0	0
0	0	0	-0.233129	5.984213	0.381247	5.984213	8516	-1.920282E-11	-5.207568E+10	3.591049E+16	0	0	0.015824	0.073781	0	0
0	0	0	-0.233701	5.984007	0.380736	5.984007	8513	-7.845253E-12	-1.274656E+11	3.591049E+16	0	0	0.007981	0.073349	0	0
0	0	0	-0.235252	5.984054	0.37941	5.984054	8512.5	-8.182348E-12	-1.222143E+11	3.591049E+16	0	0	0.006043	0.072782	0	0
0	0	0	-0.235252	5.98408	0.379412	5.98408	8510	-1.472897E-11	-6.789341E+10	3.591049E+16	0	0	0.00608	0.072311	0	0
0	0	0	-0.235334	5.98412	0.379347	5.98412	8503	-1.246362E-11	-8.023352E+10	3.591049E+16	0	0	-0.012069	0.07192	0	0
0	0	0	-0.233537	5.98412	0.380888	5.98412	8503	-1.146091E-11	-8.725308E+10	3.591049E+16	0	0	-0.012162	0.071345	0	0
0	0	0	-0.233864	5.984021	0.380597	5.984021	8502.5	-1.022619E-11	-9.778816E+10	3.591049E+16	0	0	0.01851	0.070785	0	0
0	0	0	-0.234272	5.984001	0.380245	5.984001	8511	-1.023641E-11	-9.76905E+10	3.591049E+16	0	0	0.006239	0.070362	0	0
0	0	0	-0.233374	5.984014	0.381017	5.984014	8509.5	-1.400472E-11	-7.140449E+10	3.591049E+16	0	0	0.020849	0.069755	0	0
0	0	0	-0.232598	5.983954	0.381676	5.983954	8507.5	-1.511501E-11	-6.61594E+10	3.591049E+16	0	0	0.002143	0.069356	0	0
0	0	0	-0.230842	5.984207	0.383208	5.984207	8511.5	-1.436068E-11	-6.963458E+10	3.591049E+16	0	0	5.260575E-5	0.0689	0	0
0	0	0	-0.232353	5.984041	0.381895	5.984041	8515	-1.857555E-11	-5.383421E+10	3.591049E+16	0	0	0.01063	0.068509	0	0
0	0	0	-0.231087	5.983934	0.38297	5.983934	8523	-8.311655E-12	-1.20313E+11	3.591049E+16	0	0	0.006449	0.06795	0	0
0	0	0	-0.230066	5.984094	0.383862	5.984094	8516.5	-1.305447E-11	-7.660212E+10	3.591049E+16	0	0	0.012938	0.067439	0	0
0	0	0	-0.231087	5.983941	0.382971	5.983941	8522	-2.060281E-11	-4.853706E+10	3.591049E+16	0	0	0.010857	0.067008	0	0
0	0	0	-0.230229	5.98426	0.383739	5.98426	8526.5	-1.104817E-11	-9.05127E+10	3.591049E+16	0	0	0.004405	0.066536	0	0
0	0	0	-0.230719	5.983875	0.383279	5.983875	8522	-1.988544E-11	-5.028804E+10	3.591049E+16	0	0	0.004431	0.066105	0	0
0	0	0	-0.229208	5.983815	0.384569	5.983815	8526	-7.447576E-12	-1.342719E+11	3.591049E+16	0	0	0.013274	0.065634	0	0
0	0	0	-0.229984	5.98418	0.383941	5.98418	8523.5	-3.051338E-11	-3.277251E+10	3.591049E+16	0	0	0.017759	0.065322	0	0
0	0	0	-0.229004	5.984167	0.38478	5.984167	8531	-5.881822E-11	-1.700153E+10	3.591049E+16	0	0	0.029086	0.064707	0	0
0	0	0	-0.229331	5.9843	0.384513	5.9843	8527	-8.829497E-12	-1.132567E+11	3.591049E+16	0	0	0.009036	0.06434	0	0
0	0	0	-0.228963	5.983948	0.384792	5.983948	8531.5	-9.115858E-12	-1.096989E+11	3.591049E+16	0	0	0.00685	0.063757	0	0
0	0	0	-0.228923	5.983961	0.384829	5.983961	8530	-6.910615E-12	-1.447049E+11	3.591049E+16	0	0	0.015974	0.063477	0	0
0	0	0	-0.230352	5.984114	0.383619	5.984114	8532	-1.92389E-11	-5.197802E+10	3.591049E+16	0	0	-0.027387	0.063086	0	0
0	0	0	-0.230066	5.984061	0.383858	5.984061	8532	-1.802585E-11	-5.547587E+10	3.591049E+16	0	0	-0.02069	0.062567	0	0
0	0	0	-0.22929	5.984094	0.384527	5.984094	8525.5	-1.044124E-11	-9.577409E+10	3.591049E+16	0	0	-0.016152	0.062263	0	0
0	0	0	-0.231863	5.984041	0.382315	5.984041	8526.5	-1.223055E-11	-8.176244E+10	3.591049E+16	0	0	0.011723	0.061784	0	0
0	0	0	-0.232761	5.983941	0.381535	5.983941	8530.5	-1.105336E-11	-9.047026E+10	3.591049E+16	0	0	-0.006991	0.061321	0	0
0	0	0	-0.231863	5.984021	0.382313	5.984021	8518.5	-1.305753E-11	-7.658414E+10	3.591049E+16	0	0	-0.007028	0.060977	0	0
0	0	0	-0.232312	5.98414	0.38194	5.98414	8514.5	-1.986794E-11	-5.033234E+10	3.591049E+16	0	0	0.02864	0.06045	0	0
0	0	0	-0.234803	5.984027	0.379792	5.984027	8518.5	-1.401953E-11	-7.132905E+10	3.591049E+16	0	0	-0.007113	0.060187	0	0
0	0	0	-0.234966	5.984034	0.379653	5.984034	8516.5	-9.71971E-12	-1.028837E+11	3.591049E+16	0	0	0.029005	0.059651	0	0
0	0	0	-0.235783	5.984014	0.37895	5.984014	8505	-1.366181E-11	-7.319675E+10	3.591049E+16	0	0	0.002489	0.059236	0	0
0	0	0	-0.236845	5.9842	0.378059	5.9842	8504.5	-1.334123E-11	-7.495563E+10	3.591049E+16	0	0	0.002505	0.058821	0	0
0	0	0	-0.237049	5.984246	0.377889	5.984246	8500.5	-1.434212E-11	-6.972469E+10	3.591049E+16	0	0	-0.0073	0.058565	0	0
0	0	0	-0.237498	5.984213	0.3775	5.984213	8495.5	-8.407177E-12	-1.18946E+11	3.591049E+16	0	0	0.01243	0.058078	0	0
0	0	0	-0.239295	5.984173	0.375955	5.984173	8494.5	-7.61867E-12	-1.312565E+11	3.591049E+16	0	0	0.00504	0.057711	0	0
0	0	0	-0.238887	5.984226	0.37631	5.984226	8492.5	-8.163124E-12	-1.225021E+11	3.591049E+16	0	0	0.007581	0.057287	0	0
0	0	0	-0.239949	5.9841	0.375387	5.9841	8484.5	-8.923366E-12	-1.120653E+11	3.591049E+16	0	0	0.030387	0.056792	0	0
0	0	0	-0.239703	5.98412	0.375599	5.98412	8486	-7.929411E-12	-1.261128E+11	3.591049E+16	0	0	0.033079	0.056489	0	0
0	0	0	-0.241092	5.98418	0.374414	5.98418	8481.5	-1.078141E-11	-9.275227E+10	3.591049E+16	0	0	-0.022916	0.056169	0	0
0	0	0	-0.24101	5.983828	0.374448	5.983828	8482.5	-1.020213E-11	-9.801872E+10	3.591049E+16	0	0	0.015483	0.055786	0	0
0	0	0	-0.24052	5.98414	0.374901	5.98414	8476	-8.776688E-12	-1.139382E+11	3.591049E+16	0	0	0.018156	0.055442	0	0
0	0	0	-0.242154	5.984127	0.373498	5.984127	8476.5	-4.846935E-11	-2.06316E+10	3.591049E+16	0	0	0.049532	0.055019	0	0
0	0	0	-0.24293	5.984213	0.372842	5.984213	8478.5	-9.676341E-12	-1.033448E+11	3.591049E+16	0	0	6.542933E-5	0.054715	0	0
0	0	0	-0.242399	5.984326	0.373309	5.984326	8471.5	-1.000927E-11	-9.990741E+10	3.591049E+16	0	0	0.005342	0.054268	0	0
0	0	0	-0.243624	5.983994	0.372224	5.983994	8467.5	-8.139093E-12	-1.228638E+11	3.591049E+16	0	0	-0.002584	0.053989	0	0
0	0	0	-0.243052	5.984339	0.37275	5.984339	8470	-6.545493E-12	-1.527769E+11	3.591049E+16	0	0	6.666291E-5	0.053637	0	0
0	0	0	-0.242562	5.984054	0.373141	5.984054	8464.5	-1.544816E-11	-6.473262E+10	3.591049E+16	0	0	0.00275	0.053286	0	0
0	0	0	-0.242113	5.984246	0.373546	5.984246	8467	-6.395673E-12	-1.563557E+11	3.591049E+16	0	0	0.016287	0.05287	0	0
0	0	0	-0.242154	5.984193	0.373505	5.984193	8469.5	-1.241451E-11	-8.055087E+10	3.591049E+16	0	0	-0.008092	0.052535	0	0
0	0	0	-0.240888	5.98422	0.374594	5.98422	8471.5	-7.598041E-12	-1.316129E+11	3.591049E+16	0	0	-0.030085	0.052096	0	0
0	0	0	-0.241786	5.984034	0.373804	5.984034	8471.5	-8.509077E-12	-1.175216E+11	3.591049E+16	0	0	-0.043931	0.051912	0	0
0	0	0	-0.240357	5.984061	0.375033	5.984061	8477	-8.033007E-12	-1.244864E+11	3.591049E+16	0	0	0.013898	0.0516	0	0
0	0	0	-0.240234	5.984266	0.375159	5.984266	8473	-1.329181E-11	-7.523429E+10	3.591049E+16	0	0	0.041895	0.051161	0	0
0	0	0	-0.238928	5.984027	0.376255	5.984027	8479.5	-1.216314E-11	-8.221563E+10	3.591049E+16	0	0	0.04778	0.05081	0	0
0	0	0	-0.239418	5.984067	0.375839	5.984067	8480	-7.312085E-12	-1.367599E+11	3.591049E+16	0	0	0.005711	0.050546	0	0
0	0	0	-0.23856	5.984379	0.376606	5.984379	8486	-1.363129E-11	-7.336063E+10	3.591049E+16	0	0	0.019987	0.050091	0	0
0	0	0	-0.237417	5.984134	0.377562	5.984134	8483.5	-1.191387E-11	-8.393579E+10	3.591049E+16	0	0	-0.002786	0.049851	0	0
0	0	0	-0.236763	5.9842	0.378129	5.9842	8488	-6.005399E-12	-1.665168E+11	3.591049E+16	0	0	0.005815	0.049588	0	0
0	0	0	-0.237621	5.984067	0.37738	5.984067	8493	-9.860819E-12	-1.014115E+11	3.591049E+16	0	0	7.220053E-5	0.049284	0	0
0	0	0	-0.235416	5.98412	0.379276	5.98412	8496	-8.407672E-12	-1.18939E+11	3.591049E+16	0	0	0.032093	0.048885	0	0
0	0	0	-0.236437	5.983948	0.378383	5.983948	8492	-1.192581E-11	-8.385177E+10	3.591049E+16	0	0	0.023541	0.048493	0	0
0	0	0	-0.237743	5.984107	0.377279	5.984107	8502	-1.022559E-11	-9.779391E+10	3.591049E+16	0	0	0.005973	0.048206	0	0
0	0	0	-0.235171	5.984207	0.379495	5.984207	8497.5	-1.916111E-11	-5.218906E+10	3.591049E+16	0	0	-0.011779	0.047958	0	0
0	0	0	-0.234027	5.984067	0.380462	5.984067	8491.5	-1.059319E-11	-9.44003E+10	3.591049E+16	0	0	0.023959	0.047591	0	0
0	0	0	-0.233741	5.984273	0.380728	5.984273	8503	-8.292151E-12	-1.20596E+11	3.591049E+16	0	0	-0.023912	0.047375	0	0
0	0	0	-0.233864	5.983875	0.380582	5.983875	8508.5	-1.194898E-11	-8.368917E+10	3.591049E+16	0	0	-0.011994	0.047056	0	0
0	0	0	-0.23317	5.984134	0.381204	5.984134	8510	-7.244738E-12	-1.380312E+11	3.591049E+16	0	0	7.610437E-5	0.046624	0	0
0	0	0	-0.233578	5.984021	0.380842	5.984021	8509.5	-3.046326E-11	-3.282643E+10	3.591049E+16	0	0	0.027594	0.046401	0	0
0	0	0	-0.23513	5.984107	0.37952	5.984107	8512.5	-9.88346E-12	-1.011791E+11	3.591049E+16	0	0	-0.01527	0.046209	0	0
0	0	0	-0.23513	5.9841	0.37952	5.9841	8510.5	-1.400637E-11	-7.13961E+10	3.591049E+16	0	0	0.037183	0.04585	0	0
0	0	0	-0.234926	5.983835	0.379667	5.983835	8503.5	-1.060816E-11	-9.426709E+10	3.591049E+16	0	0	0.034337	0.045498	0	0
0	0	0	-0.235824	5.984134	0.378928	5.984134	8503.5	-1.080937E-11	-9.25123E+10	3.591049E+16	0	0	0.025102	0.045291	0	0
0	0	0	-0.235171	5.984187	0.379493	5.984187	8504.5	-4.480638E-11	-2.231825E+10	3.591049E+16	0	0	0.037906	0.044923	0	0
0	0	0	-0.235824	5.98422	0.378936	5.98422	8500	-9.868947E-12	-1.013279E+11	3.591049E+16	0	0	0.009604	0.044588	0	0
0	0	0	-0.237294	5.98418	0.377672	5.98418	8503	-8.670673E-12	-1.153313E+11	3.591049E+16	0	0	-0.028679	0.044284	0	0
0	0	0	-0.237743	5.984153	0.377284	5.984153	8500	-8.054802E-12	-1.241495E+11	3.591049E+16	0	0	-0.012783	0.043981	0	0
0	0	0	-0.238968	5.983974	0.376214	5.983974	8493.5	-8.794808E-12	-1.137034E+11	3.591049E+16	0	0	-0.006377	0.043797	0	0
0	0	0	-0.238928	5.984087	0.376261	5.984087	8491.5	-9.371969E-12	-1.067012E+11	3.591049E+16	0	0	0.009829	0.04351	0	0
0	0	0	-0.24003	5.984226	0.37533	5.984226	8486	-1.686528E-11	-5.92934E+10	3.591049E+16	0	0	0.029522	0.043198	0	0
0	0	0	-0.242358	5.984027	0.373313	5.984027	8486	-1.121249E-11	-8.918627E+10	3.591049E+16	0	0	0.059208	0.042998	0	0
0	0	0	-0.241704	5.9842	0.373891	5.9842	8481	-7.924739E-12	-1.261871E+11	3.591049E+16	0	0	0.033165	0.042679	0	0
0	0	0	-0.241623	5.984014	0.373942	5.984014	8470	-1.360559E-11	-7.349921E+10	3.591049E+16	0	0	-0.006571	0.042423	0	0
0	0	0	-0.241623	5.9843	0.373971	5.9843	8473.5	-8.385406E-12	-1.192548E+11	3.591049E+16	0	0	8.365617E-5	0.042168	0	0
0	0	0	-0.243134	5.98416	0.372661	5.98416	8473.5	-1.429657E-11	-6.994686E+10	3.591049E+16	0	0	-0.013405	0.041824	0	0
0	0	0	-0.243542	5.984386	0.372334	5.984386	8473.5	-6.864841E-12	-1.456698E+11	3.591049E+16	0	0	-0.020245	0.041609	0	0
0	0	0	-0.245094	5.98416	0.37098	5.98416	8466.5	-9.192977E-12	-1.087787E+11	3.591049E+16	0	0	0.027369	0.041321	0	0
0	0	0	-0.244236	5.984253	0.371725	5.984253	8465	-5.926557E-12	-1.68732E+11	3.591049E+16	0	0	0.0788	0.041161	0	0
0	0	0	-0.245543	5.984339	0.370613	5.984339	8458	-9.183748E-12	-1.08888E+11	3.591049E+16	0	0	0.024277	0.040746	0	0
0	0	0	-0.245625	5.984114	0.37052	5.984114	8461.5	-7.488847E-12	-1.335319E+11	3.591049E+16	0	0	0.020885	0.040602	0	0
0	0	0	-0.243624	5.984147	0.37224	5.984147	8456	-6.387364E-12	-1.565591E+11	3.591049E+16	0	0	0.056134	0.040171	0	0
0	0	0	-0.246319	5.984266	0.36994	5.984266	8455.5	-1.035551E-11	-9.656697E+10	3.591049E+16	0	0	-0.006929	0.040099	0	0
0	0	0	-0.24538	5.984173	0.370736	5.984173	8464.5	-9.498602E-12	-1.052786E+11	3.591049E+16	0	0	0.046237	0.039612	0	0
0	0	0	-0.244726	5.984213	0.371301	5.984213	8452	-7.287942E-12	-1.37213E+11	3.591049E+16	0	0	-0.021253	0.039516	0	0
0	0	0	-0.244686	5.984114	0.371326	5.984114	8456.5	-8.893917E-12	-1.124364E+11	3.591049E+16	0	0	0.028759	0.039204	0	0
0	0	0	-0.245502	5.984313	0.370646	5.984313	8459.5	-8.131404E-12	-1.2298E+11	3.591049E+16	0	0	-0.010705	0.039037	0	0
0	0	0	-0.24391	5.983921	0.371971	5.983921	8459.5	-1.036041E-11	-9.652131E+10	3.591049E+16	0	0	0.061695	0.038749	0	0
0	0	0	-0.244114	5.984167	0.371821	5.984167	8456	-6.688939E-12	-1.495005E+11	3.591049E+16	0	0	0.043893	0.038454	0	0
0	0	0	-0.24346	5.98408	0.372373	5.98408	8463	-2.205117E-11	-4.534907E+10	3.591049E+16	0	0	0.055091	0.038262	0	0
0	0	0	-0.241704	5.9842	0.373891	5.9842	8462	-9.041597E-12	-1.105999E+11	3.591049E+16	0	0	0.014865	0.037974	0	0
0	0	0	-0.24199	5.984226	0.373649	5.984226	8465	-1.14097E-11	-8.764476E+10	3.591049E+16	0	0	-0.022215	0.037711	0	0
0	0	0	-0.241214	5.984107	0.374302	5.984107	8473.5	-8.385406E-12	-1.192548E+11	3.591049E+16	0	0	0.007554	0.037567	0	0
0	0	0	-0.240234	5.9843	0.375162	5.9843	8472	-7.916329E-12	-1.263212E+11	3.591049E+16	0	0	0.037671	0.03728	0	0
0	0	0	-0.240969	5.984107	0.374512	5.984107	8475.5	-1.057323E-11	-9.457851E+10	3.591049E+16	0	0	0.045403	0.037088	0	0
0	0	0	-0.239458	5.984027	0.3758	5.984027	8480	-6.870107E-12	-1.455581E+11	3.591049E+16	0	0	0.015278	0.03688	0	0
0	0	0	-0.239418	5.984054	0.375837	5.984054	8476.5	-1.057447E-11	-9.456735E+10	3.591049E+16	0	0	0.022958	0.03672	0	0
0	0	0	-0.238683	5.98428	0.376491	5.98428	8483.5	-1.362727E-11	-7.338225E+10	3.591049E+16	0	0	9.616399E-5	0.036361	0	0
0	0	0	-0.238438	5.984207	0.376694	5.984207	8483.5	-1.243504E-11	-8.041794E+10	3.591049E+16	0	0	-0.023107	0.036153	0	0
0	0	0	-0.238683	5.984027	0.376465	5.984027	8487	-7.134526E-12	-1.401635E+11	3.591049E+16	0	0	0.046816	0.035906	0	0
0	0	0	-0.237253	5.984153	0.377704	5.984153	8488	-8.277523E-12	-1.208091E+11	3.591049E+16	0	0	0.054994	0.035634	0	0
0	0	0	-0.237702	5.98412	0.377315	5.98412	8487	-1.36329E-11	-7.335199E+10	3.591049E+16	0	0	0.007979	0.035443	0	0
0	0	0	-0.236722	5.984114	0.378155	5.984114	8493.5	-9.374176E-12	-1.06676E+11	3.591049E+16	0	0	0.047512	0.035331	0	0
0	0	0	-0.236477	5.984054	0.378359	5.984054	8491.5	-1.021296E-11	-9.791484E+10	3.591049E+16	0	0	-0.031775	0.035027	0	0
0	0	0	-0.235702	5.984153	0.379035	5.984153	8496	-1.040511E-11	-9.610664E+10	3.591049E+16	0	0	0.028111	0.034867	0	0
0	0	0	-0.235824	5.98416	0.37893	5.98416	8497	-1.245482E-11	-8.029018E+10	3.591049E+16	0	0	0.004125	0.034652	0	0
0	0	0	-0.235497	5.984087	0.379203	5.984087	8501	-9.382454E-12	-1.065819E+11	3.591049E+16	0	0	0.065142	0.034292	0	0
0	0	0	-0.236314	5.984021	0.378496	5.984021	8500	-9.229352E-12	-1.0835E+11	3.591049E+16	0	0	0.032746	0.034149	0	0
0	0	0	-0.237907	5.98412	0.37714	5.98412	8501.5	-1.123297E-11	-8.902367E+10	3.591049E+16	0	0	0.065725	0.033965	0	0
0	0	0	-0.235702	5.984127	0.379032	5.984127	8498	-1.398579E-11	-7.150112E+10	3.591049E+16	0	0	-0.00815	0.033741	0	0
0	0	0	-0.237539	5.9842	0.377463	5.9842	8491	-1.021236E-11	-9.79206E+10	3.591049E+16	0	0	-0.004038	0.033606	0	0
0	0	0	-0.238805	5.984286	0.376387	5.984286	8501	-1.004412E-11	-9.956072E+10	3.591049E+16	0	0	-0.01242	0.033326	0	0
0	0	0	-0.239009	5.983934	0.376175	5.983934	8492	-8.403713E-12	-1.18995E+11	3.591049E+16	0	0	0.050429	0.033166	0	0
0	0	0	-0.240561	5.984134	0.374865	5.984134	8486.5	-7.045725E-12	-1.4193E+11	3.591049E+16	0	0	0.050699	0.032975	0	0
0	0	0	-0.241051	5.984054	0.374437	5.984054	8486	-2.051578E-11	-4.874297E+10	3.591049E+16	0	0	0.059608	0.032695	0	0
0	0	0	-0.241623	5.984286	0.37397	5.984286	8478.5	-9.843984E-12	-1.015849E+11	3.591049E+16	0	0	0.025743	0.032511	0	0
0	0	0	-0.241909	5.984014	0.373697	5.984014	8476.5	-1.242478E-11	-8.048435E+10	3.591049E+16	0	0	-0.004187	0.032336	0	0
0	0	0	-0.242521	5.98426	0.373197	5.98426	8473.5	-7.034932E-12	-1.421478E+11	3.591049E+16	0	0	0.021703	0.032144	0	0
0	0	0	-0.243583	5.984047	0.372264	5.984047	8472	-1.429404E-11	-6.995924E+10	3.591049E+16	0	0	0.013173	0.031864	0	0
0	0	0	-0.243665	5.98424	0.372214	5.98424	8469.5	-7.398222E-12	-1.351676E+11	3.591049E+16	0	0	0.056836	0.031784	0	0
0	0	0	-0.244563	5.984313	0.371451	5.984313	8464.5	-1.268463E-11	-7.883558E+10	3.591049E+16	0	0	0.044098	0.031521	0	0
0	0	0	-0.24391	5.984067	0.371986	5.984067	8464.5	-7.694744E-12	-1.299588E+11	3.591049E+16	0	0	0.026609	0.031385	0	0
0	0	0	-0.246768	5.984452	0.369574	5.984452	8460	-6.692103E-12	-1.494299E+11	3.591049E+16	0	0	-0.026506	0.031233	0	0
0	0	0	-0.2444	5.984087	0.371568	5.984087	8463	-1.188508E-11	-8.413911E+10	3.591049E+16	0	0	0.018027	0.030922	0	0
0	0	0	-0.245094	5.984094	0.370973	5.984094	8450	-5.356459E-12	-1.866905E+11	3.591049E+16	0	0	0.004604	0.030818	0	0
0	0	0	-0.24538	5.98418	0.370737	5.98418	8461	-1.117946E-11	-8.94498E+10	3.591049E+16	0	0	0.013722	0.030507	0	0
0	0	0	-0.247095	5.98416	0.369264	5.98416	8458	-1.095941E-11	-9.124575E+10	3.591049E+16	0	0	0.009212	0.030411	0	0
0	0	0	-0.246891	5.984107	0.369434	5.984107	8456.5	-8.756496E-12	-1.142009E+11	3.591049E+16	0	0	-0.031871	0.030259	0	0
0	0	0	-0.245747	5.984087	0.370412	5.984087	8448.5	-9.173433E-12	-1.090104E+11	3.591049E+16	0	0	0.032346	0.030019	0	0
0	0	0	-0.247626	5.984107	0.368803	5.984107	8449.5	-1.054079E-11	-9.486954E+10	3.591049E+16	0	0	0.032526	0.029844	0	0
0	0	0	-0.244767	5.984173	0.371262	5.984173	8455	-1.117153E-11	-8.951327E+10	3.591049E+16	0	0	0.046652	0.029684	0	0
0	0	0	-0.244849	5.984134	0.371188	5.984134	8446	-1.053642E-11	-9.490885E+10	3.591049E+16	0	0	0.014141	0.029532	0	0
0	0	0	-0.244645	5.983981	0.371347	5.983981	8459.5	-8.897072E-12	-1.123965E+11	3.591049E+16	0	0	0.000118	0.029261	0	0
0	0	0	-0.245911	5.984266	0.370291	5.984266	8459	-9.821343E-12	-1.018191E+11	3.591049E+16	0	0	0.03335	0.029061	0	0
0	0	0	-0.243869	5.984054	0.37202	5.984054	8460	-1.632935E-11	-6.123943E+10	3.591049E+16	0	0	0.071793	0.028861	0	0
0	0	0	-0.243215	5.984153	0.372591	5.984153	8454	-7.289666E-12	-1.371805E+11	3.591049E+16	0	0	0.033591	0.028829	0	0
0	0	0	-0.244359	5.9841	0.371604	5.9841	8463.5	-1.240572E-11	-8.060798E+10	3.591049E+16	0	0	0.004934	0.02863	0	0
0	0	0	-0.243052	5.984021	0.372717	5.984021	8466.5	-9.344377E-12	-1.070162E+11	3.591049E+16	0	0	0.072921	0.028382	0	0
0	0	0	-0.242848	5.984233	0.372914	5.984233	8461	-1.075535E-11	-9.2977E+10	3.591049E+16	0	0	0.009867	0.028262	0	0
0	0	0	-0.242685	5.984021	0.373032	5.984021	8467	-1.393478E-11	-7.176291E+10	3.591049E+16	0	0	0.029502	0.02811	0	0
0	0	0	-0.241745	5.984047	0.37384	5.984047	8468	-7.803783E-12	-1.28143E+11	3.591049E+16	0	0	0.019846	0.027903	0	0
0	0	0	-0.239989	5.984021	0.375344	5.984021	8468.5	-1.393724E-11	-7.175019E+10	3.591049E+16	0	0	-0.004841	0.027703	0	0
0	0	0	-0.2415	5.984061	0.374052	5.984061	8473	-1.269737E-11	-7.87565E+10	3.591049E+16	0	0	-0.004861	0.027583	0	0
0	0	0	-0.239744	5.98418	0.37557	5.98418	8481	-1.395782E-11	-7.164444E+10	3.591049E+16	0	0	0.045161	0.027463	0	0
0	0	0	-0.240071	5.984087	0.37528	5.984087	8474.5	-1.215597E-11	-8.226414E+10	3.591049E+16	0	0	0.09108	0.027184	0	0
0	0	0	-0.238764	5.98418	0.376411	5.98418	8482	-8.7829E-12	-1.138576E+11	3.591049E+16	0	0	0.000127	0.027112	0	0
0	0	0	-0.238723	5.984014	0.376429	5.984014	8481	-1.120588E-11	-8.923885E+10	3.591049E+16	0	0	0	0	0	0
0	0	0	-0.23856	5.983954	0.376563	5.983954	8486.5	-8.78756E-12	-1.137972E+11	3.591049E+16	0	0	0	0	0	0
0	0	0	-0.238397	5.984127	0.376721	5.984127	8487	-1.431935E-11	-6.98356E+10	3.591049E+16	0	0	0	0	0	0
0	0	0	-0.236151	5.984021	0.378636	5.984021	8488	-1.851665E-11	-5.400546E+10	3.591049E+16	0	0	0	0	0	0
0	0	0	-0.237784	5.98428	0.377262	5.98428	8488.5	-1.002935E-11	-9.970733E+10	3.591049E+16	0	0	0	0	0	0
0	0	0	-0.237131	5.983875	0.37778	5.983875	8498.5	-1.398662E-11	-7.149691E+10	3.591049E+16	0	0	0	0	0	0
0	0	0	-0.237049	5.984147	0.377878	5.984147	8491.5	-7.138309E-12	-1.400892E+11	3.591049E+16	0	0	0	0	0	0
0	0	0	-0.236763	5.983768	0.378085	5.983768	8494.5	-3.040956E-11	-3.288439E+10	3.591049E+16	0	0	0	0	0	0
0	0	0	0	0	0	0	8494.5	-9.532267E-12	-1.049068E+11	3.591049E+16	0	0	0	0	0	0
0	0	0	0	0	0	0	8496	-2.093263E-10	-4.777231E+9	3.591049E+16	0	0	0	0	0	0
