Vload_(V)	ILoad_(A)	RsLoad (ohm)	SunsVoc_Voltage_(V)	SunsVoc_Current_(A)	Model_Voltage_(V)	Model_Current_(A)	Carrier_Density_(cm-3)	Lifetime_(s)	Inverse_Lifetime_(s-1)	Efficiency_(%)	Intensity_(suns)	Dark_IV_Voltage_(V)	Dark_IV_Current_(A)
3.311696	7.261974	0	29.446498	-0.894915	29.587836	-0.894915	4.175858E+13	5.988278E-6	166992.913052	12.015163	1.1039	0	0
3.314174	7.265107	-0.478708	29.400924	-0.613581	29.49895	-0.613581	4.024506E+13	5.977398E-6	167296.879103	12.067125	1.10287	0	0
3.358283	7.263927	-0.484752	29.309597	-0.097987	29.32561	-0.097987	3.737501E+13	5.940002E-6	168350.12244	12.011707	1.103108	0	0
4.30915	7.250476	1.487569	29.209825	0.41708	29.139997	0.41708	3.447279E+13	5.89102E-6	169749.900497	12.064573	1.101484	0	0
6.738302	7.240406	1.488118	29.112797	0.893579	28.959718	0.893579	3.186653E+13	5.853095E-6	170849.765776	12.006401	1.101564	0	0
9.401049	7.214525	1.477385	29.017599	1.327719	28.78508	1.327719	2.950088E+13	5.814998E-6	171969.107444	12.052869	1.100019	0	0
11.83794	7.169824	1.399867	28.922891	1.725282	28.614198	1.725282	2.732157E+13	5.772131E-6	173246.247086	12.004619	1.099979	0	0
14.2667	7.13516	1.176779	28.829914	2.091181	28.44796	2.091181	2.533869E+13	5.732022E-6	174458.511686	12.055612	1.098356	0	0
16.63492	7.025704	1.052193	28.736872	2.435829	28.282884	2.435829	2.349839E+13	5.695326E-6	175582.577266	12.001801	1.098435	0	0
18.993495	6.878199	0.862165	28.643079	2.759513	28.118388	2.759513	2.177841E+13	5.657923E-6	176743.289819	12.060529	1.096574	0	0
19.713341	6.85604	0.774127	28.548517	3.057289	27.955619	3.057289	2.017171E+13	5.611643E-6	178200.918999	12.021452	1.096693	0	0
20.437021	6.829417	0.686535	28.454332	3.33572	27.794844	3.33572	1.868918E+13	5.567916E-6	179600.396729	12.072076	1.095623	0	0
21.145934	6.807061	0.597103	28.361208	3.588959	27.638257	3.588959	1.733048E+13	5.519104E-6	181188.841465	12.027416	1.095782	0	0
21.874021	6.782328	0.50496	28.270093	3.82067	27.486513	3.82067	1.60967E+13	5.471351E-6	182770.219133	12.073961	1.095148	0	0
22.574116	6.747196	0.421358	28.178832	4.038098	27.335888	4.038098	1.494895E+13	5.423917E-6	184368.588274	12.023858	1.095663	0	0
23.285641	6.67397	0.351472	28.087864	4.239611	27.187395	4.239611	1.388631E+13	5.374291E-6	186071.070567	12.070104	1.094198	0	0
23.987821	6.548163	0.29842	27.99167	4.428389	27.03403	4.428389	1.284465E+13	5.302332E-6	188596.25188	12.022468	1.094752	0	0
24.683565	6.311007	0.268851	27.899346	4.606493	26.886144	4.606493	1.191845E+13	5.249977E-6	190477.041068	12.065366	1.093287	0	0
25.351937	5.922384	0.260274	27.805242	4.773583	26.737283	4.773583	1.104307E+13	5.191012E-6	192640.661615	12.012399	1.093881	0	0
25.999052	5.399143	0.25535	27.711596	4.932445	26.58958	4.932445	1.023576E+13	5.139641E-6	194566.122675	12.045753	1.092535	0	0
26.637909	4.707913	0.253592	27.619403	5.079235	26.445226	5.079235	9.498645E+12	5.090268E-6	196453.302215	12.003547	1.092257	0	0
27.242019	3.896457	0.250345	27.529024	5.212007	26.305271	5.212007	8.827567E+12	5.037033E-6	198529.567201	12.038226	1.090634	0	0
27.81727	2.972553	0.25005	27.440735	5.334339	26.169381	5.334339	8.217808E+12	4.986685E-6	200534.007937	12.000049	1.090198	0	0
28.336912	2.011532	0.261796	27.352136	5.446872	26.034618	5.446872	7.648236E+12	4.928797E-6	202889.265062	12.039333	1.088297	0	0
28.79784	1.064058	0.287365	27.267082	5.550631	25.905541	5.550631	7.138619E+12	4.879306E-6	204947.188757	12.008138	1.087743	0	0
23.644265	6.618342	0.322568	27.182615	5.646471	25.778448	5.646471	6.666131E+12	4.826663E-6	207182.496483	12.045474	1.085565	0	0
29.30592	0	0	27.099063	5.736638	25.653261	5.736638	6.229529E+12	4.777167E-6	209329.089605	12.009209	1.084892	0	0
0	0	0	27.014287	5.821567	25.527297	5.821567	5.815739E+12	4.722809E-6	211738.38499	12.047953	1.082674	0	0
0	0	0	26.929249	5.901906	25.401621	5.901906	5.428281E+12	4.668554E-6	214199.09656	12.016203	1.081684	0	0
0	0	0	26.844423	5.977729	25.276844	5.977729	5.067505E+12	4.615589E-6	216657.080473	12.059298	1.079229	0	0
0	0	0	26.759074	6.048963	25.152121	6.048963	4.7287E+12	4.559925E-6	219301.859381	12.018533	1.078714	0	0
0	0	0	26.672321	6.116834	25.026066	6.116834	4.407522E+12	4.502114E-6	222117.893207	12.059289	1.076299	0	0
0	0	0	26.586189	6.180465	24.90147	6.180465	4.110224E+12	4.445454E-6	224948.915802	12.018699	1.075665	0	0
0	0	0	26.500824	6.240243	24.778458	6.240243	3.835365E+12	4.390874E-6	227745.104204	12.052094	1.073725	0	0
0	0	0	26.413874	6.296562	24.654019	6.296562	3.57429E+12	4.330695E-6	230909.822897	12.018238	1.073091	0	0
0	0	0	26.32833	6.350892	24.531512	6.350892	3.334781E+12	4.281446E-6	233565.967578	12.058373	1.070913	0	0
0	0	0	26.243112	6.399781	24.410601	6.399781	3.112144E+12	4.222171E-6	236844.99249	12.026235	1.070636	0	0
0	0	0	26.158956	6.446212	24.291405	6.446212	2.906871E+12	4.168149E-6	239914.663917	12.063607	1.068735	0	0
0	0	0	26.0748	6.488907	24.172991	6.488907	2.715137E+12	4.108233E-6	243413.674192	12.028853	1.068458	0	0
0	0	0	25.991461	6.52931	24.055998	6.52931	2.537729E+12	4.051546E-6	246819.347864	12.062097	1.066596	0	0
0	0	0	25.91049	6.566431	23.942711	6.566431	2.376471E+12	3.996589E-6	250213.372714	12.025826	1.066121	0	0
0	0	0	25.829258	6.601147	23.829582	6.601147	2.224988E+12	3.938407E-6	253909.785717	12.058162	1.064339	0	0
0	0	0	25.746441	6.634519	23.714631	6.634519	2.080486E+12	3.878495E-6	257831.957564	12.02624	1.063706	0	0
0	0	0	25.664311	6.665885	23.60095	6.665885	1.946451E+12	3.81956E-6	261810.257568	12.063747	1.06125	0	0
0	0	0	25.581952	6.69582	23.48722	6.69582	1.820713E+12	3.761728E-6	265835.255769	12.02172	1.060775	0	0
0	0	0	25.498629	6.723684	23.372723	6.723684	1.701767E+12	3.697982E-6	270417.754996	12.050261	1.058399	0	0
0	0	0	25.414799	6.750253	23.257811	6.750253	1.589939E+12	3.634357E-6	275151.856693	12.019186	1.05733	0	0
0	0	0	25.332309	6.775726	23.144777	6.775726	1.487072E+12	3.577293E-6	279540.9894	12.052619	1.054756	0	0
0	0	0	25.248431	6.799481	23.030368	6.799481	1.389296E+12	3.513749E-6	284596.288593	12.021562	1.053647	0	0
0	0	0	25.164716	6.822045	22.9164	6.822045	1.298121E+12	3.451543E-6	289725.498866	12.057598	1.050954	0	0
0	0	0	25.080282	6.843137	22.801855	6.843137	1.212222E+12	3.385461E-6	295380.737844	12.031459	1.049529	0	0
0	0	0	24.99758	6.863467	22.689631	6.863467	1.133598E+12	3.327389E-6	300535.966091	12.06213	1.047074	0	0
0	0	0	24.915025	6.882142	22.578022	6.882142	1.060199E+12	3.264949E-6	306283.544646	12.028422	1.046044	0	0
0	0	0	24.831702	6.899921	22.465616	6.899921	9.909356E+11	3.201506E-6	312352.96832	12.063685	1.043589	0	0
0	0	0	24.747889	6.916582	22.352853	6.916582	9.258292E+11	3.135446E-6	318933.894294	12.036767	1.042361	0	0
0	0	0	24.663569	6.932635	22.239544	6.932635	8.646452E+11	3.070964E-6	325630.69064	12.06943	1.040144	0	0
0	0	0	24.578499	6.948103	22.125371	6.948103	8.070127E+11	3.007532E-6	332498.488549	12.039009	1.038916	0	0
0	0	0	24.492627	6.96223	22.010548	6.96223	7.527329E+11	2.937452E-6	340431.08959	12.068333	1.036619	0	0
0	0	0	24.406969	6.975971	21.896038	6.975971	7.022248E+11	2.872013E-6	348187.85572	12.035509	1.035629	0	0
0	0	0	24.319154	6.988619	21.779071	6.988619	6.539614E+11	2.79837E-6	357350.858315	12.06259	1.033451	0	0
0	0	0	24.231927	7.001018	21.662859	7.001018	6.093055E+11	2.731162E-6	366144.517044	12.031702	1.032184	0	0
0	0	0	24.14403	7.012545	21.546025	7.012545	5.673907E+11	2.660826E-6	375823.14729	12.061277	1.029808	0	0
0	0	0	24.052817	7.02385	21.424944	7.02385	5.269405E+11	2.588442E-6	386332.78974	12.034389	1.028778	0	0
0	0	0	23.963957	7.034129	21.307182	7.034129	4.903083E+11	2.517159E-6	397273.24115	12.064986	1.026006	0	0
0	0	0	23.872761	7.044289	21.186398	7.044289	4.553594E+11	2.446847E-6	408689.257788	12.039906	1.024897	0	0
0	0	0	23.781483	7.053778	21.065693	7.053778	4.228736E+11	2.375846E-6	420902.629167	12.06073	1.022521	0	0
0	0	0	23.689127	7.062843	20.9437	7.062843	3.923623E+11	2.304778E-6	433881.243437	12.040774	1.021135	0	0
0	0	0	23.592605	7.071541	20.816438	7.071541	3.628248E+11	2.228618E-6	448708.498676	12.06402	1.018759	0	0
0	0	0	23.497587	7.079679	20.69126	7.079679	3.3592E+11	2.155469E-6	463936.080937	12.040252	1.017492	0	0
0	0	0	23.401131	7.087881	20.564149	7.087881	3.10648E+11	2.087215E-6	479107.282442	12.06514	1.014958	0	0
0	0	0	23.303989	7.095044	20.436512	7.095044	2.871175E+11	2.011891E-6	497044.710347	12.046143	1.013493	0	0
0	0	0	23.205425	7.102518	20.306868	7.102518	2.650638E+11	1.944414E-6	514293.814305	12.067209	1.010839	0	0
0	0	0	23.105964	7.109288	20.176299	7.109288	2.445257E+11	1.873298E-6	533817.949776	12.042236	1.009572	0	0
0	0	0	23.006127	7.115819	20.045294	7.115819	2.255104E+11	1.804819E-6	554072.284335	12.062218	1.006919	0	0
0	0	0	22.904182	7.12211	19.911629	7.12211	2.076186E+11	1.736366E-6	575915.349088	12.048724	1.005414	0	0
0	0	0	22.801405	7.127914	19.777047	7.127914	1.910173E+11	1.666683E-6	599994.003062	12.068667	1.002721	0	0
0	0	0	22.698202	7.133709	19.641875	7.133709	1.75683E+11	1.602146E-6	624162.943213	12.056256	1.001494	0	0
0	0	0	22.592811	7.139233	19.503958	7.139233	1.612931E+11	1.537113E-6	650570.346586	12.073814	0.998999	0	0
0	0	0	22.487289	7.144469	19.365952	7.144469	1.480662E+11	1.473936E-6	678455.494216	12.050696	0.998048	0	0
0	0	0	22.381131	7.149449	19.227194	7.149449	1.358537E+11	1.412217E-6	708106.467281	12.069852	0.995356	0	0
0	0	0	22.274008	7.154357	19.087186	7.154357	1.245512E+11	1.35377E-6	738677.732975	12.05436	0.994405	0	0
0	0	0	22.168029	7.158865	18.948788	7.158865	1.142949E+11	1.296607E-6	771243.747563	12.07104	0.991831	0	0
0	0	0	22.061201	7.163229	18.809323	7.163229	1.048109E+11	1.241566E-6	805434.613607	12.05723	0.990683	0	0
0	0	0	21.953163	7.167241	18.668426	7.167241	9.601978E+10	1.185605E-6	843451.505369	12.075917	0.987911	0	0
0	0	0	21.844848	7.171261	18.527133	7.171261	8.794619E+10	1.134043E-6	881800.753673	12.05649	0.986881	0	0
0	0	0	21.736239	7.174754	18.385672	7.174754	8.053225E+10	1.080029E-6	925901.017629	12.066189	0.984545	0	0
0	0	0	21.625735	7.178527	18.24161	7.178527	7.363009E+10	1.032104E-6	968894.591139	12.049419	0.983238	0	0
0	0	0	21.516832	7.181708	18.099857	7.181708	6.740693E+10	9.823176E-7	1018000.742024	12.07216	0.980347	0	0
0	0	0	21.407178	7.184849	17.957128	7.184849	6.167216E+10	9.353463E-7	1069122.770267	12.059165	0.97908	0	0
0	0	0	21.296576	7.188237	17.813031	7.188237	5.638196E+10	8.944073E-7	1118058.859415	12.073278	0.976744	0	0
0	0	0	21.187216	7.191002	17.670808	7.191002	5.159746E+10	8.503991E-7	1175918.413457	12.057722	0.975397	0	0
0	0	0	21.075961	7.193951	17.526028	7.193951	4.714647E+10	8.10726E-7	1233462.381454	12.068926	0.972744	0	0
0	0	0	20.962974	7.196676	17.379103	7.196676	4.3019E+10	7.706217E-7	1297653.537272	12.050376	0.971516	0	0
0	0	0	20.848958	7.199449	17.230804	7.199449	3.922013E+10	7.337287E-7	1362901.539325	12.07121	0.968507	0	0
0	0	0	20.734126	7.202014	17.081531	7.202014	3.573305E+10	6.970914E-7	1434532.017713	12.057898	0.967517	0	0
0	0	0	20.618918	7.204476	16.931805	7.204476	3.25461E+10	6.620978E-7	1510350.891552	12.073215	0.964586	0	0
0	0	0	20.497437	7.206897	16.773991	7.206897	2.949299E+10	6.26365E-7	1596513.23877	12.064842	0.96324	0	0
0	0	0	20.378749	7.208895	16.619975	7.208895	2.67869E+10	5.903062E-7	1694035.992579	12.071835	0.960587	0	0
0	0	0	20.257661	7.21142	16.462567	7.21142	2.428177E+10	5.61827E-7	1779907.431475	12.055514	0.959636	0	0
0	0	0	20.137781	7.21313	16.307126	7.21313	2.203251E+10	5.276326E-7	1895258.036902	12.071227	0.956864	0	0
0	0	0	20.017313	7.215184	16.150727	7.215184	1.998207E+10	4.995308E-7	2001878.417029	12.058519	0.955637	0	0
0	0	0	19.894836	7.217309	15.991678	7.217309	1.809295E+10	4.738281E-7	2110469.854274	12.070266	0.952983	0	0
0	0	0	19.77115	7.218995	15.83129	7.218995	1.636639E+10	4.454259E-7	2245042.575738	12.057377	0.951875	0	0
0	0	0	19.64784	7.220905	15.671246	7.220905	1.480909E+10	4.217833E-7	2370885.534769	12.069488	0.949142	0	0
0	0	0	19.521769	7.222295	15.507912	7.222295	1.337002E+10	3.941399E-7	2537170.428221	12.055765	0.94835	0	0
0	0	0	19.394375	7.224213	15.342562	7.224213	1.205784E+10	3.735081E-7	2677318.052734	12.060621	0.945618	0	0
0	0	0	19.266573	7.225491	15.177028	7.225491	1.087084E+10	3.485395E-7	2869114.890732	12.061455	0.944232	0	0
0	0	0	19.137203	7.227161	15.009235	7.227161	9.788241E+9	3.288827E-7	3040597.681013	12.06036	0.941737	0	0
0	0	0	19.005742	7.228503	14.838916	7.228503	8.798525E+9	3.074846E-7	3252195.626141	12.05954	0.94043	0	0
0	0	0	18.8717	7.229686	14.665347	7.229686	7.892348E+9	2.859179E-7	3497507.184379	12.058664	0.938054	0	0
0	0	0	18.736857	7.230812	14.490767	7.230812	7.074906E+9	2.655706E-7	3765476.934227	12.057951	0.936431	0	0
0	0	0	18.601459	7.23237	14.315202	7.23237	6.339274E+9	2.504801E-7	3992333.615701	12.053044	0.934094	0	0
0	0	0	18.464869	7.233649	14.138249	7.233649	5.674643E+9	2.343379E-7	4267342.986997	12.052704	0.93251	0	0
0	0	0	18.327822	7.234831	13.96075	7.234831	5.07781E+9	2.188262E-7	4569837.350189	12.048176	0.929817	0	0
0	0	0	18.187932	7.235774	13.779717	7.235774	4.533289E+9	2.023901E-7	4940952.471855	12.05079	0.928471	0	0
0	0	0	18.046278	7.236932	13.596266	7.236932	4.041375E+9	1.887753E-7	5297303.327908	12.0459	0.925857	0	0
0	0	0	17.901814	7.237907	13.40929	7.237907	3.594641E+9	1.747083E-7	5723824.966414	12.052075	0.924471	0	0
0	0	0	17.755309	7.238914	13.219649	7.238914	3.191999E+9	1.619113E-7	6176221.675527	12.047196	0.921937	0	0
0	0	0	17.607481	7.239769	13.028385	7.239769	2.831419E+9	1.491503E-7	6704646.804845	12.046517	0.920788	0	0
0	0	0	17.458313	7.240959	12.835169	7.240959	2.508845E+9	1.396439E-7	7161071.631963	12.040436	0.918333	0	0
0	0	0	17.30658	7.241758	12.638881	7.241758	2.218402E+9	1.283574E-7	7790746.129652	12.043396	0.917066	0	0
0	0	0	17.152659	7.242661	12.439692	7.242661	1.958105E+9	1.185923E-7	8432247.741947	12.041569	0.914413	0	0
0	0	0	16.995748	7.2431	12.236939	7.2431	1.724166E+9	1.068552E-7	9358462.902558	12.048095	0.913304	0	0
0	0	0	16.837123	7.243955	12.031692	7.243955	1.516066E+9	9.841551E-8	1.0161E+7	12.037915	0.910809	0	0
0	0	0	16.674054	7.244538	11.820883	7.244538	1.328289E+9	8.911013E-8	1.122207E+7	12.043834	0.90978	0	0
0	0	0	16.511165	7.245553	11.610006	7.245553	1.163939E+9	8.290881E-8	1.206144E+7	12.029167	0.907364	0	0
0	0	0	16.34973	7.24616	11.40127	7.24616	1.021127E+9	7.552874E-8	1.323999E+7	12.042058	0.905978	0	0
0	0	0	16.18671	7.246599	11.190598	7.246599	8.94688E+8	6.80678E-8	1.469124E+7	12.033426	0.903444	0	0
0	0	0	16.019689	7.247478	10.974449	7.247478	7.81365E+8	6.304981E-8	1.586048E+7	12.040909	0.902454	0	0
0	0	0	15.852308	7.248149	10.75797	7.248149	6.821969E+8	5.77197E-8	1.732511E+7	12.024425	0.900078	0	0
0	0	0	15.682346	7.248597	10.538311	7.248597	5.943697E+8	5.197053E-8	1.924167E+7	12.029449	0.899167	0	0
0	0	0	15.511322	7.249124	10.317218	7.249124	5.174039E+8	4.709703E-8	2.123276E+7	12.014294	0.896632	0	0
0	0	0	15.337179	7.249875	10.091929	7.249875	4.492665E+8	4.34328E-8	2.302407E+7	12.031275	0.895484	0	0
0	0	0	15.160421	7.250394	9.863426	7.250394	3.892763E+8	3.932074E-8	2.543187E+7	12.015221	0.892989	0	0
0	0	0	14.980659	7.25069	9.631202	7.25069	3.364756E+8	3.48776E-8	2.86717E+7	12.029524	0.891761	0	0
0	0	0	14.800651	7.251177	9.398514	7.251177	2.907788E+8	3.150118E-8	3.174484E+7	12.015249	0.889187	0	0
0	0	0	14.6187	7.251744	9.16325	7.251744	2.508924E+8	2.868706E-8	3.485893E+7	12.025544	0.888039	0	0
0	0	0	14.434102	7.252375	8.924514	7.252375	2.160132E+8	2.632279E-8	3.79899E+7	12.006185	0.885703	0	0
0	0	0	14.247168	7.252918	8.682821	7.252918	1.85631E+8	2.397738E-8	4.170597E+7	12.020162	0.884435	0	0
0	0	0	14.057491	7.253406	8.437621	7.253406	1.591675E+8	2.172837E-8	4.602278E+7	12.005517	0.881861	0	0
0	0	0	13.865787	7.253661	8.189981	7.253661	1.362527E+8	1.917219E-8	5.215889E+7	12.026126	0.880634	0	0
0	0	0	13.673218	7.253869	7.941257	7.253869	1.16555E+8	1.682079E-8	5.945025E+7	11.998906	0.878535	0	0
0	0	0	13.478591	7.254532	7.68951	7.254532	9.953862E+7	1.564484E-8	6.391882E+7	12.023552	0.876911	0	0
0	0	0	13.280485	7.25462	7.433725	7.25462	8.476709E+7	1.348235E-8	7.417105E+7	11.992088	0.874971	0	0
0	0	0	13.078131	7.255179	7.172073	7.255179	7.193948E+7	1.238368E-8	8.075142E+7	12.008959	0.873902	0	0
0	0	0	12.870959	7.25577	6.904165	7.25577	6.081496E+7	1.146619E-8	8.721292E+7	11.990054	0.871486	0	0
0	0	0	12.664326	7.256026	6.637222	7.256026	5.143318E+7	1.011407E-8	9.88722E+7	12.0098	0.870179	0	0
0	0	0	12.458918	7.25613	6.371983	7.25613	4.354194E+7	8.714437E-9	1.147521E+8	11.982491	0.86816	0	0
0	0	0	12.249393	7.256226	6.101436	7.256226	3.673859E+7	7.475436E-9	1.337715E+8	12.006301	0.867011	0	0
0	0	0	12.039951	7.256785	5.830597	7.256785	3.100031E+7	6.987513E-9	1.431124E+8	11.981856	0.864556	0	0
0	0	0	11.829659	7.256992	5.558955	7.256992	2.614029E+7	6.137705E-9	1.629273E+8	11.99909	0.863526	0	0
0	0	0	11.61721	7.257184	5.28454	7.257184	2.200369E+7	5.373221E-9	1.861081E+8	11.967725	0.861507	0	0
0	0	0	11.402377	7.257512	5.006924	7.257512	1.848591E+7	4.8455E-9	2.063771E+8	11.994546	0.86016	0	0
0	0	0	11.186727	7.257815	4.728269	7.257815	1.552024E+7	4.365066E-9	2.290916E+8	11.96837	0.857982	0	0
0	0	0	10.970669	7.258143	4.44906	7.258143	1.302604E+7	3.976737E-9	2.514624E+8	11.990843	0.856715	0	0
0	0	0	10.756081	7.258255	4.171939	7.258255	1.094571E+7	3.442102E-9	2.905202E+8	11.96547	0.854379	0	0
0	0	0	10.540823	7.258558	3.893776	7.258558	9192624	3.147686E-9	3.176937E+8	11.984681	0.853389	0	0
0	0	0	10.322331	7.25851	3.611757	7.25851	7700096	2.600142E-9	3.845944E+8	11.94964	0.85129	0	0
0	0	0	10.106567	7.258862	3.332888	7.258862	6464184	2.429296E-9	4.116418E+8	11.976561	0.849983	0	0
0	0	0	9.890607	7.258822	3.054128	7.258822	5425780	2.013221E-9	4.967164E+8	11.947041	0.847686	0	0
0	0	0	9.674957	7.259037	2.775527	7.259037	4555328	1.814376E-9	5.511536E+8	11.973702	0.84638	0	0
0	0	0	9.45965	7.259557	2.497074	7.259557	3825588	1.850983E-9	5.402536E+8	11.942259	0.844202	0	0
0	0	0	9.239165	7.259309	2.212669	7.259309	3199288	1.404125E-9	7.121873E+8	11.964718	0.84337	0	0
0	0	0	9.017994	7.25982	1.926641	7.25982	2674032	1.452154E-9	6.88632E+8	11.929988	0.840994	0	0
0	0	0	8.805775	7.259884	1.652602	7.259884	2251292	1.259964E-9	7.936732E+8	11.953949	0.840123	0	0
0	0	0	8.5946	7.259868	1.379991	7.259868	1896992	1.053622E-9	9.49107E+8	11.924885	0.837668	0	0
0	0	0	8.386644	7.259924	1.111462	7.259924	1602628	9.144059E-10	1.093606E+9	11.958481	0.83644	0	0
0	0	0	8.182739	7.2603	0.847839	7.2603	1358396	9.48818E-10	1.053943E+9	11.92276	0.834262	0	0
0	0	0	7.981627	7.260252	0.588248	7.260252	1153992	7.836176E-10	1.276133E+9	11.953186	0.833232	0	0
0	0	0	7.78174	7.260347	0.330091	7.260347	981324	7.056349E-10	1.417164E+9	11.913658	0.831094	0	0
0	0	0	7.584418	7.260435	0.075252	7.260435	836228	6.356367E-10	1.573226E+9	11.944276	0.830143	0	0
0	0	0	7.391456	7.260451	-0.173883	7.260451	715108	5.492731E-10	1.820588E+9	11.90196	0.827926	0	0
0	0	0	7.201811	7.260611	-0.418888	7.260611	613180	5.261843E-10	1.900475E+9	11.939361	0.826777	0	0
0	0	0	7.016315	7.260811	-0.658581	7.260811	527548	5.304104E-10	1.885332E+9	11.893538	0.824679	0	0
0	0	0	6.832975	7.260859	-0.895332	7.260859	454672	4.767812E-10	2.097398E+9	11.929656	0.823689	0	0
0	0	0	6.651432	7.261026	-1.129892	7.261026	392436	4.843602E-10	2.064579E+9	11.88449	0.821629	0	0
0	0	0	6.474855	7.260947	-1.357777	7.260947	340084	3.871158E-10	2.583206E+9	11.927392	0.820323	0	0
0	0	0	6.301332	7.260803	-1.581647	7.260803	295444	2.950214E-10	3.389585E+9	11.877726	0.818382	0	0
0	0	0	6.132366	7.261146	-1.800164	7.261146	257616	3.639789E-10	2.747412E+9	11.912765	0.817353	0	0
0	0	0	5.965802	7.261034	-2.015085	7.261034	225072	2.801543E-10	3.569462E+9	11.871672	0.815175	0	0
0	0	0	5.802211	7.261378	-2.22667	7.261378	197112	3.866983E-10	2.585996E+9	11.906889	0.814026	0	0
0	0	0	5.641968	7.261042	-2.433181	7.261042	173092	2.173003E-10	4.601927E+9	11.866995	0.811888	0	0
0	0	0	5.484584	7.261466	-2.636846	7.261466	152352	3.50549E-10	2.852668E+9	11.901568	0.811056	0	0
0	0	0	5.329323	7.261218	-2.83702	7.261218	134332	2.078431E-10	4.811322E+9	11.853812	0.808878	0	0
0	0	0	5.17875	7.261594	-3.031843	7.261594	118892	3.654363E-10	2.736455E+9	11.892386	0.80773	0	0
0	0	0	5.034238	7.261274	-3.218056	7.261274	105744	1.766787E-10	5.659992E+9	11.841207	0.805987	0	0
0	0	0	4.892274	7.261618	-3.401733	7.261618	94248	3.091568E-10	3.234605E+9	11.88725	0.804839	0	0
0	0	0	4.752465	7.261554	-3.582163	7.261554	84144	2.340659E-10	4.272302E+9	11.839751	0.802859	0	0
0	0	0	4.617639	7.261498	-3.756169	7.261498	75432	1.852033E-10	5.399471E+9	11.880513	0.80179	0	0
0	0	0	4.486097	7.26161	-3.92613	7.26161	67800	2.175279E-10	4.597112E+9	11.827797	0.79981	0	0
0	0	0	4.357543	7.261993	-4.092548	7.261993	61088	-3.790314E-9	-2.638304E+8	11.871885	0.798741	0	0
0	0	0	4.232501	7.261514	-4.253428	7.261514	55200	1.402316E-10	7.13106E+9	11.820935	0.796642	0	0
0	0	0	4.110122	7.261626	-4.41156	7.261626	49984	1.67717E-10	5.962425E+9	11.862177	0.795572	0	0
0	0	0	3.990357	7.261538	-4.566083	7.261538	45360	1.215607E-10	8.226343E+9	11.814705	0.793474	0	0
0	0	0	3.874332	7.261793	-4.716182	7.261793	41284	2.670153E-10	3.745104E+9	11.86004	0.792563	0	0
0	0	0	3.759924	7.261697	-4.863778	7.261697	37628	1.590611E-10	6.286891E+9	11.799647	0.79082	0	0
0	0	0	3.649061	7.261849	-5.007092	7.261849	34392	3.219968E-10	3.105621E+9	11.83949	0.78983	0	0
0	0	0	3.541269	7.261825	-5.146232	7.261825	31512	2.475488E-10	4.039607E+9	11.788974	0.78785	0	0
0	0	0	3.435976	7.262033	-5.282424	7.262033	28936	-5.756938E-10	-1.737034E+9	11.835131	0.786821	0	0
0	0	0	3.334488	7.261913	-5.413309	7.261913	26648	5.107426E-10	1.957934E+9	11.788591	0.784682	0	0
0	0	0	3.234488	7.261985	-5.542505	7.261985	24576	-2.646082E-9	-3.779172E+8	11.835336	0.783574	0	0
0	0	0	3.136104	7.261857	-5.669372	7.261857	22688	2.269269E-10	4.406706E+9	11.777623	0.78199	0	0
0	0	0	3.041037	7.262129	-5.792443	7.262129	21008	-1.58895E-10	-6.293465E+9	11.82513	0.780841	0	0
0	0	0	2.947782	7.261881	-5.912541	7.261881	19476	2.450065E-10	4.081524E+9	11.766086	0.779178	0	0
0	0	0	2.856537	7.261913	-6.030386	7.261913	18088	3.466794E-10	2.88451E+9	11.819513	0.777832	0	0
0	0	0	2.766844	7.261825	-6.14608	7.261825	16816	1.321015E-10	7.569939E+9	11.761741	0.77605	0	0
0	0	0	2.679078	7.262129	-6.259767	7.262129	15664	-1.184754E-10	-8.440571E+9	11.81133	0.774901	0	0
0	0	0	2.594154	7.261921	-6.369156	7.261921	14620	3.224112E-10	3.101629E+9	11.75408	0.773238	0	0
0	0	0	2.511125	7.261993	-6.476442	7.261993	13668	-8.480547E-10	-1.179169E+9	11.796344	0.772367	0	0
0	0	0	2.430938	7.262105	-6.580109	7.262105	12808	-1.146381E-10	-8.723106E+9	11.739578	0.770387	0	0
0	0	0	2.352319	7.262097	-6.681604	7.262097	12016	-1.145512E-10	-8.729723E+9	11.792319	0.769238	0	0
0	0	0	2.276216	7.261897	-6.779611	7.261897	11300	1.716454E-10	5.825964E+9	11.729834	0.767496	0	0
0	0	0	2.200848	7.262161	-6.877247	7.262161	10628	-6.662075E-11	-1.501034E+10	11.780308	0.766546	0	0
0	0	0	2.127963	7.262305	-6.971529	7.262305	10020	-3.547464E-11	-2.818915E+10	11.72594	0.764605	0	0
0	0	0	2.056418	7.261977	-7.063491	7.261977	9452	-3.84461E-9	-2.601044E+8	11.77043	0.763655	0	0
0	0	0	1.985721	7.262001	-7.154796	7.262001	8928	-3.890861E-10	-2.570125E+9	11.712638	0.761952	0	0
0	0	0	1.917328	7.262169	-7.24331	7.262169	8444	-5.075768E-11	-1.970145E+10	11.763994	0.760724	0	0
0	0	0	1.847187	7.262145	-7.333838	7.262145	7980	-5.470569E-11	-1.827963E+10	11.700569	0.759101	0	0
0	0	0	1.777226	7.262009	-7.423993	7.262009	7536	-2.53096E-10	-3.95107E+9	11.752495	0.758031	0	0
0	0	0	1.711871	7.262081	-7.508463	7.262081	7148	-7.834457E-11	-1.276413E+10	11.69709	0.755933	0	0
0	0	0	1.648672	7.262161	-7.59016	7.262161	6792	-4.25751E-11	-2.348791E+10	11.743247	0.75518	0	0
0	0	0	1.587009	7.262233	-7.669865	7.262233	6460	-2.923175E-11	-3.420938E+10	11.681063	0.75324	0	0
0	0	0	1.523843	7.261953	-7.751062	7.261953	6136	3.403394E-10	2.938243E+9	11.734219	0.752369	0	0
0	0	0	1.463438	7.262209	-7.829378	7.262209	5844	-2.914641E-11	-3.430955E+10	11.667152	0.750547	0	0
0	0	0	1.404257	7.262249	-7.905837	7.262249	5572	-2.374591E-11	-4.211252E+10	11.721489	0.749517	0	0
0	0	0	1.347821	7.262193	-7.97863	7.262193	5324	-2.849396E-11	-3.509516E+10	11.656673	0.747458	0	0
0	0	0	1.291042	7.262496	-8.052328	7.262496	5084	-1.139002E-11	-8.779619E+10	11.715446	0.746429	0	0
0	0	0	1.236942	7.262321	-8.121951	7.262321	4864	-1.642613E-11	-6.087863E+10	11.646156	0.744805	0	0
0	0	0	1.182662	7.262376	-8.192104	7.262376	4656	-1.353811E-11	-7.386555E+10	11.702503	0.743775	0	0
0	0	0	1.131207	7.262432	-8.258609	7.262432	4464	-1.139583E-11	-8.775141E+10	11.635474	0.741993	0	0
0	0	0	1.079819	7.262321	-8.324813	7.262321	4284	-1.446742E-11	-6.912083E+10	11.691326	0.740845	0	0
0	0	0	1.028152	7.262217	-8.391385	7.262217	4108	-1.981342E-11	-5.047084E+10	11.625424	0.739023	0	0
0	0	0	0.980994	7.262305	-8.452385	7.262305	3952	-1.39916E-11	-7.147148E+10	11.685596	0.737915	0	0
0	0	0	0.932693	7.262209	-8.514623	7.262209	3800	-1.895215E-11	-5.276447E+10	11.623331	0.736053	0	0
0	0	0	0.887348	7.262321	-8.573313	7.262321	3664	-1.237363E-11	-8.081705E+10	11.666114	0.735341	0	0
0	0	0	0.842705	7.262321	-8.630951	7.262321	3532	-1.192785E-11	-8.383739E+10	11.595385	0.733717	0	0
0	0	0	0.798373	7.262384	-8.688272	7.262384	3408	-9.716401E-12	-1.029188E+11	11.656659	0.732569	0	0
0	0	0	0.755723	7.262368	-8.743317	7.262368	3292	-9.765973E-12	-1.023964E+11	11.589601	0.730707	0	0
0	0	0	0.712845	7.262384	-8.798698	7.262384	3180	-9.06636E-12	-1.102979E+11	11.653568	0.729519	0	0
0	0	0	0.672368	7.262305	-8.850854	7.262305	3076	-1.089022E-11	-9.182551E+10	11.583515	0.727856	0	0
0	0	0	0.631874	7.262273	-8.903093	7.262273	2980	-1.167993E-11	-8.561695E+10	11.637186	0.726945	0	0
0	0	0	0.591936	7.262321	-8.954721	7.262321	2884	-9.739504E-12	-1.026746E+11	11.568084	0.725242	0	0
0	0	0	0.552994	7.262177	-9.004809	7.262177	2796	-1.614428E-11	-6.194143E+10	11.624045	0.724213	0	0
0	0	0	0.51549	7.262329	-9.053431	7.262329	2712	-8.952184E-12	-1.117046E+11	11.55872	0.72247	0	0
0	0	0	0.477397	7.262456	-9.102781	7.262456	2628	-6.375393E-12	-1.568531E+11	11.61503	0.721441	0	0
0	0	0	0.439534	7.262392	-9.151583	7.262392	2548	-7.125751E-12	-1.403361E+11	11.550806	0.719619	0	0
0	0	0	0.402438	7.262416	-9.199509	7.262416	2472	-6.538577E-12	-1.529385E+11	11.601884	0.718708	0	0
0	0	0	0.364917	7.262185	-9.247646	7.262185	2396	-1.330982E-11	-7.513249E+10	11.538177	0.716887	0	0
0	0	0	0.327903	7.262368	-9.295678	7.262368	2328	-6.906192E-12	-1.447976E+11	11.586445	0.716253	0	0
0	0	0	0.291738	7.262305	-9.342286	7.262305	2260	-8.001267E-12	-1.249802E+11	11.528538	0.714273	0	0
0	0	0	0.25394	7.26244	-9.391268	7.26244	2192	-5.499917E-12	-1.818209E+11	11.580799	0.713283	0	0
0	0	0	0.216615	7.262345	-9.439331	7.262345	2128	-6.721389E-12	-1.487788E+11	11.513701	0.71166	0	0
0	0	0	0.182394	7.262424	-9.48362	7.262424	2068	-5.37292E-12	-1.861185E+11	11.565841	0.710749	0	0
0	0	0	0.150852	7.262289	-9.524164	7.262289	2016	-7.500087E-12	-1.333318E+11	11.500812	0.709046	0	0
0	0	0	0.121237	7.262536	-9.56273	7.262536	1968	-4.095719E-12	-2.441574E+11	11.554424	0.707937	0	0
0	0	0	0.094464	7.262456	-9.597189	7.262456	1928	-4.677229E-12	-2.138018E+11	11.484532	0.706353	0	0
0	0	0	0.070632	7.262472	-9.627981	7.262472	1888	-4.433296E-12	-2.255658E+11	11.540879	0.705165	0	0
0	0	0	0.049887	7.262496	-9.654797	7.262496	1856	-4.158118E-12	-2.404934E+11	11.473347	0.703502	0	0
0	0	0	0.030727	7.262432	-9.67945	7.262432	1828	-4.666571E-12	-2.142901E+11	11.530383	0.702591	0	0
0	0	0	0.013543	7.262345	-9.701519	7.262345	1804	-5.69802E-12	-1.754996E+11	11.463784	0.700888	0	0
0	0	0	-0.001877	7.262313	-9.721385	7.262313	1784	-6.16694E-12	-1.62155E+11	11.516146	0.699859	0	0
0	0	0	-0.015288	7.262209	-9.73856	7.262209	1760	-8.777836E-12	-1.139233E+11	11.443498	0.698394	0	0
0	0	0	-0.027866	7.262448	-9.75512	7.262448	1744	-4.302129E-12	-2.324431E+11	11.502772	0.697245	0	0
0	0	0	-0.037911	7.262472	-9.768122	7.262472	1728	-4.057593E-12	-2.464515E+11	11.432595	0.695582	0	0
0	0	0	-0.048382	7.262361	-9.781491	7.262361	1716	-5.195913E-12	-1.92459E+11	11.488731	0.694711	0	0
0	0	0	-0.057693	7.262472	-9.793662	7.262472	1704	-4.001237E-12	-2.499227E+11	11.430144	0.692889	0	0
0	0	0	-0.065043	7.262384	-9.803035	7.262384	1692	-4.823988E-12	-2.072974E+11	11.476957	0.692216	0	0
0	0	0	-0.073521	7.26252	-9.814163	7.26252	1680	-3.598637E-12	-2.77883E+11	11.405861	0.690473	0	0
0	0	0	-0.079826	7.262384	-9.822121	7.262384	1672	-4.766966E-12	-2.09777E+11	11.463528	0.689444	0	0
0	0	0	-0.086572	7.262368	-9.83081	7.262368	1664	-4.936385E-12	-2.025774E+11	11.394671	0.687899	0	0
0	0	0	-0.092404	7.262289	-9.838232	7.262289	1656	-6.160785E-12	-1.62317E+11	11.457373	0.686711	0	0
0	0	0	-0.097582	7.262368	-9.845024	7.262368	1648	-4.88892E-12	-2.045442E+11	11.386308	0.685286	0	0
0	0	0	-0.102139	7.262241	-9.850737	7.262241	1644	-7.216168E-12	-1.385777E+11	11.442694	0.684217	0	0
0	0	0	-0.106239	7.262265	-9.856062	7.262265	1636	-6.588556E-12	-1.517783E+11	11.364141	0.68291	0	0
0	0	0	-0.110895	7.262432	-9.862298	7.262432	1632	-4.166217E-12	-2.400259E+11	11.421853	0.68188	0	0
0	0	0	-0.114145	7.262321	-9.866345	7.262321	1624	-5.484381E-12	-1.82336E+11	11.352281	0.680217	0	0
0	0	0	-0.117232	7.2624	-9.870438	7.2624	1624	-4.456573E-12	-2.243877E+11	11.411423	0.679227	0	0
0	0	0	-0.120614	7.262257	-9.874611	7.262257	1616	-6.692062E-12	-1.494308E+11	11.335634	0.677801	0	0
0	0	0	-0.123146	7.262281	-9.877912	7.262281	1616	-6.168699E-12	-1.621087E+11	11.396007	0.676574	0	0
0	0	0	-0.125857	7.262169	-9.881262	7.262169	1612	-9.689884E-12	-1.032004E+11	11.329901	0.674792	0	0
0	0	0	-0.128356	7.262113	-9.884414	7.262113	1608	-1.356336E-11	-7.372807E+10	11.378882	0.674119	0	0
0	0	0	-0.13079	7.262416	-9.887964	7.262416	1604	-4.242669E-12	-2.357007E+11	11.306171	0.672574	0	0
0	0	0	-0.132848	7.262664	-9.890954	7.262664	1600	-2.712927E-12	-3.686055E+11	11.367196	0.671505	0	0
0	0	0	-0.134563	7.262353	-9.89275	7.262353	1600	-4.946968E-12	-2.02144E+11	11.300296	0.669763	0	0
0	0	0	-0.136197	7.262624	-9.895224	7.262624	1596	-2.872452E-12	-3.481346E+11	11.354116	0.668971	0	0
0	0	0	-0.13783	7.262376	-9.897	7.262376	1596	-4.640641E-12	-2.154875E+11	11.285167	0.667347	0	0
0	0	0	-0.139905	7.26248	-9.899818	7.26248	1592	-3.679245E-12	-2.717949E+11	11.342686	0.666317	0	0
0	0	0	-0.141424	7.262201	-9.901404	7.262201	1592	-8.219922E-12	-1.216557E+11	11.268218	0.664773	0	0
0	0	0	-0.142633	7.262496	-9.903361	7.262496	1588	-3.5577E-12	-2.810805E+11	11.321677	0.663981	0	0
0	0	0	-0.144577	7.262432	-9.905785	7.262432	1588	-4.053892E-12	-2.466765E+11	11.254556	0.662278	0	0
0	0	0	-0.145279	7.262552	-9.906853	7.262552	1584	-3.205439E-12	-3.119698E+11	11.304928	0.661209	0	0
0	0	0	-0.146341	7.262472	-9.908117	7.262472	1584	-3.71946E-12	-2.688562E+11	11.244106	0.659546	0	0
0	0	0	-0.147206	7.262257	-9.908945	7.262257	1584	-6.559546E-12	-1.524496E+11	11.294025	0.658674	0	0
0	0	0	-0.148121	7.262105	-9.909922	7.262105	1584	-1.41776E-11	-7.05338E+10	11.219166	0.657407	0	0
0	0	0	-0.148579	7.262488	-9.911027	7.262488	1584	-3.603877E-12	-2.774789E+11	11.27311	0.656378	0	0
0	0	0	-0.149493	7.262281	-9.911929	7.262281	1580	-6.031278E-12	-1.658023E+11	11.207645	0.654952	0	0
0	0	0	-0.149869	7.26244	-9.912629	7.26244	1580	-3.964356E-12	-2.522478E+11	11.257966	0.653724	0	0
0	0	0	-0.151029	7.262528	-9.914245	7.262528	1580	-3.335637E-12	-2.997928E+11	11.196253	0.65222	0	0
0	0	0	-0.150555	7.262456	-9.913536	7.262456	1580	-3.832999E-12	-2.608923E+11	11.24525	0.65123	0	0
0	0	0	-0.151682	7.262177	-9.914616	7.262177	1576	-9.099925E-12	-1.09891E+11	11.189803	0.649566	0	0
0	0	0	-0.152058	7.262456	-9.915477	7.262456	1576	-3.823295E-12	-2.615545E+11	11.23336	0.648735	0	0
0	0	0	-0.152826	7.262544	-9.916586	7.262544	1576	-3.233942E-12	-3.092202E+11	11.169363	0.646992	0	0
0	0	0	-0.153103	7.262616	-9.917041	7.262616	1576	-2.871753E-12	-3.482193E+11	11.213538	0.64628	0	0
0	0	0	-0.153087	7.26256	-9.916945	7.26256	1576	-3.145776E-12	-3.178866E+11	11.161993	0.64426	0	0
0	0	0	-0.15361	7.262313	-9.917287	7.262313	1576	-5.447925E-12	-1.835561E+11	11.200105	0.643943	0	0
0	0	0	-0.15361	7.262544	-9.917598	7.262544	1576	-3.233942E-12	-3.092202E+11	11.145244	0.642082	0	0
0	0	0	-0.15423	7.262289	-9.918056	7.262289	1572	-5.848282E-12	-1.709904E+11	11.187339	0.64125	0	0
0	0	0	-0.154132	7.262464	-9.918166	7.262464	1576	-3.760986E-12	-2.658877E+11	11.127086	0.639548	0	0
0	0	0	-0.154165	7.262361	-9.918068	7.262361	1572	-4.759892E-12	-2.100888E+11	11.169165	0.638835	0	0
0	0	0	-0.154982	7.262313	-9.919058	7.262313	1572	-5.434098E-12	-1.840232E+11	11.112857	0.637092	0	0
0	0	0	-0.154132	7.262153	-9.917747	7.262153	1576	-1.032084E-11	-9.689129E+10	11.155726	0.6363	0	0
0	0	0	-0.154867	7.262368	-9.918986	7.262368	1572	-4.66346E-12	-2.144331E+11	11.102601	0.634518	0	0
0	0	0	-0.155635	7.262193	-9.919741	7.262193	1572	-8.413318E-12	-1.188592E+11	11.137256	0.633885	0	0
0	0	0	-0.15539	7.262408	-9.919715	7.262408	1572	-4.234517E-12	-2.361544E+11	11.084154	0.632182	0	0
0	0	0	-0.155831	7.262297	-9.920134	7.262297	1572	-5.703379E-12	-1.753347E+11	11.122933	0.63139	0	0
0	0	0	-0.155325	7.262568	-9.919845	7.262568	1572	-3.095594E-12	-3.230398E+11	11.07465	0.629608	0	0
0	0	0	-0.156043	7.262321	-9.92044	7.262321	1572	-5.308772E-12	-1.883675E+11	11.105158	0.629133	0	0
0	0	0	-0.155798	7.262536	-9.920414	7.262536	1572	-3.27158E-12	-3.056627E+11	11.053049	0.62739	0	0
0	0	0	-0.155945	7.262392	-9.92041	7.262392	1572	-4.396264E-12	-2.274659E+11	11.090515	0.626717	0	0
0	0	0	-0.156387	7.262448	-9.921055	7.262448	1572	-3.877836E-12	-2.578758E+11	11.033486	0.625173	0	0
0	0	0	-0.156419	7.262392	-9.921022	7.262392	1572	-4.396264E-12	-2.274659E+11	11.072605	0.624341	0	0
0	0	0	-0.156615	7.2624	-9.921286	7.2624	1572	-4.313875E-12	-2.318101E+11	11.019514	0.622915	0	0
0	0	0	-0.156664	7.262408	-9.92136	7.262408	1572	-4.234517E-12	-2.361544E+11	11.059889	0.622005	0	0
0	0	0	-0.157138	7.262464	-9.922046	7.262464	1568	-3.741895E-12	-2.672443E+11	11.005215	0.620421	0	0
0	0	0	-0.156926	7.262576	-9.921923	7.262576	1568	-3.046744E-12	-3.282192E+11	11.041418	0.61951	0	0
0	0	0	-0.157579	7.262544	-9.922723	7.262544	1568	-3.217526E-12	-3.107978E+11	10.990801	0.618045	0	0
0	0	0	-0.157383	7.262496	-9.922406	7.262496	1568	-3.512892E-12	-2.846657E+11	11.019153	0.617411	0	0
0	0	0	-0.157775	7.262616	-9.923073	7.262616	1568	-2.857176E-12	-3.49996E+11	10.965801	0.615787	0	0
0	0	0	-0.157612	7.262472	-9.922669	7.262472	1568	-3.68189E-12	-2.715997E+11	10.999859	0.614995	0	0
0	0	0	-0.158265	7.262536	-9.923598	7.262536	1568	-3.263255E-12	-3.064425E+11	10.952668	0.613372	0	0
0	0	0	-0.158281	7.262241	-9.923222	7.262241	1568	-6.882573E-12	-1.452945E+11	10.980947	0.612619	0	0
0	0	0	-0.158608	7.262616	-9.924148	7.262616	1568	-2.857176E-12	-3.49996E+11	10.938392	0.610996	0	0
0	0	0	-0.158641	7.26272	-9.92433	7.26272	1568	-2.459326E-12	-4.066155E+11	10.967355	0.610323	0	0
0	0	0	-0.159033	7.26244	-9.92446	7.26244	1568	-3.934247E-12	-2.541783E+11	10.925897	0.608659	0	0
0	0	0	-0.159049	7.262824	-9.924997	7.262824	1568	-2.158731E-12	-4.632351E+11	10.952738	0.607907	0	0
0	0	0	-0.159392	7.262321	-9.924763	7.262321	1568	-5.295264E-12	-1.88848E+11	10.916041	0.606125	0	0
0	0	0	-0.159866	7.262353	-9.925418	7.262353	1568	-4.848029E-12	-2.062694E+11	10.932575	0.605571	0	0
0	0	0	-0.159408	7.262552	-9.925096	7.262552	1568	-3.17306E-12	-3.151532E+11	10.889202	0.604066	0	0
0	0	0	-0.160029	7.262297	-9.925554	7.262297	1568	-5.688866E-12	-1.757819E+11	10.908725	0.603511	0	0
0	0	0	-0.16029	7.262824	-9.9266	7.262824	1568	-2.158731E-12	-4.632351E+11	10.868941	0.601809	0	0
0	0	0	-0.159915	7.262368	-9.925503	7.262368	1568	-4.651593E-12	-2.149801E+11	10.890182	0.601215	0	0
0	0	0	-0.159866	7.262345	-9.925407	7.262345	1568	-4.952602E-12	-2.01914E+11	10.857805	0.599433	0	0
0	0	0	-0.160225	7.262257	-9.925753	7.262257	1568	-6.493288E-12	-1.540052E+11	10.877228	0.598839	0	0
0	0	0	-0.160372	7.262456	-9.926211	7.262456	1568	-3.803888E-12	-2.62889E+11	10.837083	0.597136	0	0
0	0	0	-0.159817	7.262448	-9.925484	7.262448	1568	-3.867969E-12	-2.585336E+11	10.855799	0.596581	0	0
0	0	0	-0.160143	7.262712	-9.92626	7.262712	1568	-2.485953E-12	-4.022602E+11	10.815169	0.594958	0	0
0	0	0	-0.160274	7.262496	-9.926139	7.262496	1568	-3.512892E-12	-2.846657E+11	10.833947	0.594364	0	0
0	0	0	-0.160274	7.262512	-9.92616	7.262512	1568	-3.40859E-12	-2.933764E+11	10.809828	0.592463	0	0
0	0	0	-0.16047	7.262353	-9.926198	7.262353	1568	-4.848029E-12	-2.062694E+11	10.8151	0.592027	0	0
0	0	0	-0.160339	7.262376	-9.926062	7.262376	1568	-4.559227E-12	-2.193354E+11	10.793207	0.590166	0	0
0	0	0	-0.160192	7.262321	-9.925797	7.262321	1568	-5.295264E-12	-1.88848E+11	10.793399	0.589968	0	0
0	0	0	-0.160862	7.262688	-9.927156	7.262688	1568	-2.569412E-12	-3.891941E+11	10.7744	0.587988	0	0
0	0	0	-0.160127	7.262512	-9.92597	7.262512	1568	-3.40859E-12	-2.933764E+11	10.776596	0.587632	0	0
0	0	0	-0.160013	7.262624	-9.925973	7.262624	1568	-2.822058E-12	-3.543513E+11	10.757512	0.585968	0	0
0	0	0	-0.160094	7.262392	-9.925767	7.262392	1568	-4.385077E-12	-2.280461E+11	10.754847	0.585533	0	0
0	0	0	-0.160062	7.262297	-9.925596	7.262297	1568	-5.688866E-12	-1.757819E+11	10.740345	0.583632	0	0
0	0	0	-0.159588	7.262464	-9.92521	7.262464	1568	-3.741895E-12	-2.672443E+11	10.733629	0.583355	0	0
0	0	0	-0.159555	7.262504	-9.925221	7.262504	1568	-3.459956E-12	-2.890211E+11	10.723276	0.581494	0	0
0	0	0	-0.159408	7.262512	-9.925042	7.262512	1568	-3.40859E-12	-2.933764E+11	10.71557	0.581058	0	0
0	0	0	-0.159392	7.262448	-9.924935	7.262448	1568	-3.867969E-12	-2.585336E+11	10.698606	0.579553	0	0
0	0	0	-0.159621	7.262297	-9.925026	7.262297	1568	-5.688866E-12	-1.757819E+11	10.693973	0.578999	0	0
0	0	0	-0.159425	7.262392	-9.924902	7.262392	1568	-4.385077E-12	-2.280461E+11	10.682813	0.577375	0	0
0	0	0	-0.159539	7.262552	-9.925265	7.262552	1568	-3.17306E-12	-3.151532E+11	10.673797	0.576662	0	0
0	0	0	-0.159408	7.26256	-9.925107	7.26256	1568	-3.129807E-12	-3.195085E+11	10.665275	0.575118	0	0
0	0	0	-0.159425	7.262792	-9.925439	7.262792	1568	-2.24309E-12	-4.458137E+11	10.654028	0.574603	0	0
0	0	0	-0.15949	7.262121	-9.924621	7.262121	1568	-1.250559E-11	-7.996423E+10	10.651638	0.572782	0	0
0	0	0	-0.159523	7.262584	-9.925287	7.262584	1568	-3.006845E-12	-3.325746E+11	10.630357	0.572504	0	0
0	0	0	-0.159457	7.262624	-9.925256	7.262624	1568	-2.822058E-12	-3.543513E+11	10.63396	0.570564	0	0
0	0	0	-0.159392	7.262337	-9.924785	7.262337	1568	-5.061787E-12	-1.975587E+11	10.616308	0.570287	0	0
0	0	0	-0.159212	7.262408	-9.92465	7.262408	1568	-4.223743E-12	-2.367568E+11	10.621102	0.568505	0	0
0	0	0	-0.159523	7.262065	-9.924588	7.262065	1568	-2.02115E-11	-4.947678E+10	10.591815	0.568228	0	0
0	0	0	-0.15967	7.262337	-9.925143	7.262337	1568	-5.061787E-12	-1.975587E+11	10.594547	0.566446	0	0
0	0	0	-0.159653	7.262552	-9.925412	7.262552	1568	-3.17306E-12	-3.151532E+11	10.566245	0.566129	0	0
0	0	0	-0.159833	7.262376	-9.925408	7.262376	1568	-4.559227E-12	-2.193354E+11	10.579961	0.564149	0	0
0	0	0	-0.159768	7.262329	-9.925259	7.262329	1568	-5.175894E-12	-1.932033E+11	10.558328	0.56399	0	0
0	0	0	-0.160813	7.262424	-9.926738	7.262424	1568	-4.073858E-12	-2.454676E+11	10.568408	0.561892	0	0
0	0	0	-0.160356	7.262536	-9.926298	7.262536	1568	-3.263255E-12	-3.064425E+11	10.536635	0.561812	0	0
0	0	0	-0.160274	7.262656	-9.926353	7.262656	1568	-2.689815E-12	-3.717727E+11	10.541583	0.56003	0	0
0	0	0	-0.16047	7.262448	-9.926327	7.262448	1568	-3.867969E-12	-2.585336E+11	10.507082	0.559674	0	0
0	0	0	-0.160601	7.262392	-9.926421	7.262392	1568	-4.385077E-12	-2.280461E+11	10.523011	0.557971	0	0
0	0	0	-0.161222	7.262345	-9.927158	7.262345	1564	-4.939968E-12	-2.024304E+11	10.489131	0.557654	0	0
0	0	0	-0.160813	7.2624	-9.926706	7.2624	1568	-4.302898E-12	-2.324015E+11	10.510706	0.555753	0	0
0	0	0	-0.161434	7.262432	-9.92755	7.262432	1564	-3.992624E-12	-2.504618E+11	10.463755	0.555555	0	0
0	0	0	-0.160862	7.2624	-9.926769	7.2624	1568	-4.302898E-12	-2.324015E+11	10.485707	0.553694	0	0
0	0	0	-0.161156	7.26256	-9.927363	7.26256	1564	-3.121823E-12	-3.203257E+11	10.43467	0.553615	0	0
0	0	0	-0.160911	7.262496	-9.926961	7.262496	1568	-3.512892E-12	-2.846657E+11	10.467984	0.551595	0	0
0	0	0	-0.161287	7.26244	-9.927371	7.26244	1564	-3.924211E-12	-2.548283E+11	10.422865	0.551516	0	0
0	0	0	-0.16181	7.262648	-9.928325	7.262648	1564	-2.714757E-12	-3.68357E+11	10.453734	0.549576	0	0
0	0	0	-0.16114	7.262456	-9.927203	7.262456	1564	-3.794184E-12	-2.635613E+11	10.394388	0.549497	0	0
0	0	0	-0.16163	7.262424	-9.927792	7.262424	1564	-4.063466E-12	-2.460953E+11	10.430587	0.547556	0	0
0	0	0	-0.161516	7.26252	-9.927774	7.26252	1564	-3.35016E-12	-2.984932E+11	10.377112	0.547398	0	0
0	0	0	-0.161548	7.262416	-9.927676	7.262416	1564	-4.136866E-12	-2.417289E+11	10.414528	0.545576	0	0
0	0	0	-0.161532	7.262544	-9.927827	7.262544	1564	-3.209318E-12	-3.115927E+11	10.344835	0.545695	0	0
0	0	0	-0.161352	7.262384	-9.92738	7.262384	1564	-4.459052E-12	-2.242629E+11	10.395936	0.543596	0	0
0	0	0	-0.161205	7.262416	-9.927233	7.262416	1564	-4.136866E-12	-2.417289E+11	10.336291	0.543319	0	0
0	0	0	-0.161516	7.262584	-9.92786	7.262584	1564	-2.999174E-12	-3.334251E+11	10.382634	0.541379	0	0
0	0	0	-0.161009	7.2624	-9.926959	7.2624	1564	-4.291921E-12	-2.329959E+11	10.305124	0.54126	0	0
0	0	0	-0.160977	7.26252	-9.927078	7.26252	1568	-3.358728E-12	-2.977318E+11	10.351402	0.539597	0	0
0	0	0	-0.161222	7.262672	-9.927598	7.262672	1564	-2.621531E-12	-3.814565E+11	10.281196	0.539399	0	0
0	0	0	-0.161434	7.262648	-9.92784	7.262648	1564	-2.714757E-12	-3.68357E+11	10.335328	0.537656	0	0
0	0	0	-0.160585	7.262648	-9.926743	7.262648	1568	-2.7217E-12	-3.674174E+11	10.272533	0.537181	0	0
0	0	0	-0.161385	7.26244	-9.927497	7.26244	1564	-3.924211E-12	-2.548283E+11	10.327386	0.53532	0	0
0	0	0	-0.160552	7.26256	-9.926583	7.26256	1568	-3.129807E-12	-3.195085E+11	10.236002	0.53528	0	0
0	0	0	-0.160781	7.26244	-9.926717	7.26244	1568	-3.934247E-12	-2.541783E+11	10.294643	0.533657	0	0
0	0	0	-0.160781	7.262664	-9.927018	7.262664	1568	-2.658669E-12	-3.761281E+11	10.217091	0.5333	0	0
0	0	0	-0.160895	7.26248	-9.926918	7.26248	1568	-3.623779E-12	-2.75955E+11	10.280115	0.531518	0	0
0	0	0	-0.160601	7.262249	-9.926227	7.262249	1568	-6.682266E-12	-1.496498E+11	10.196136	0.531479	0	0
0	0	0	-0.159686	7.262432	-9.925293	7.262432	1568	-4.002836E-12	-2.498229E+11	10.267644	0.529657	0	0
0	0	0	-0.160421	7.262464	-9.926285	7.262464	1568	-3.741895E-12	-2.672443E+11	10.177577	0.52934	0	0
0	0	0	-0.159849	7.262488	-9.925579	7.262488	1568	-3.567474E-12	-2.803104E+11	10.241616	0.527637	0	0
0	0	0	-0.159833	7.262528	-9.925612	7.262528	1568	-3.310303E-12	-3.020871E+11	10.148352	0.527479	0	0
0	0	0	-0.160176	7.262456	-9.925958	7.262456	1568	-3.803888E-12	-2.62889E+11	10.22042	0.525776	0	0
0	0	0	-0.159637	7.262209	-9.924929	7.262209	1568	-7.820254E-12	-1.278731E+11	10.13181	0.525499	0	0
0	0	0	-0.1598	7.2624	-9.925398	7.2624	1568	-4.302898E-12	-2.324015E+11	10.207383	0.523756	0	0
0	0	0	-0.160405	7.262313	-9.92606	7.262313	1568	-5.42027E-12	-1.844926E+11	10.107411	0.523638	0	0
0	0	0	-0.160045	7.262137	-9.92536	7.262137	1568	-1.127714E-11	-8.867493E+10	10.183362	0.521856	0	0
0	0	0	-0.160421	7.262432	-9.926242	7.262432	1568	-4.002836E-12	-2.498229E+11	10.073026	0.521895	0	0
0	0	0	-0.160225	7.262145	-9.925603	7.262145	1568	-1.074919E-11	-9.303029E+10	10.150403	0.520113	0	0
0	0	0	-0.16016	7.262033	-9.925368	7.262033	1568	-3.119601E-11	-3.205538E+10	10.045071	0.519955	0	0
0	0	0	-0.160388	7.262448	-9.926222	7.262448	1568	-3.867969E-12	-2.585336E+11	10.137521	0.518054	0	0
0	0	0	-0.160813	7.262536	-9.926888	7.262536	1568	-3.263255E-12	-3.064425E+11	10.036155	0.517777	0	0
0	0	0	-0.160781	7.262273	-9.926492	7.262273	1568	-6.145681E-12	-1.627159E+11	10.120945	0.516114	0	0
0	0	0	-0.161058	7.262504	-9.927162	7.262504	1564	-3.451129E-12	-2.897602E+11	0	0	0	0
0	0	0	-0.160405	7.26256	-9.926393	7.26256	1568	-3.129807E-12	-3.195085E+11	0	0	0	0
0	0	0	-0.161205	7.262464	-9.927298	7.262464	1564	-3.732349E-12	-2.679278E+11	0	0	0	0
0	0	0	-0.161532	7.262552	-9.927838	7.262552	1564	-3.164966E-12	-3.159592E+11	0	0	0	0
0	0	0	-0.161679	7.26276	-9.928307	7.26276	1564	-2.328354E-12	-4.294879E+11	0	0	0	0
0	0	0	-0.16181	7.262416	-9.928014	7.262416	1564	-4.136866E-12	-2.417289E+11	0	0	0	0
0	0	0	-0.161695	7.262704	-9.928253	7.262704	1564	-2.506753E-12	-3.989225E+11	0	0	0	0
0	0	0	-0.161483	7.262608	-9.92785	7.262608	1564	-2.885798E-12	-3.465246E+11	0	0	0	0
0	0	0	-0.161875	7.262592	-9.928334	7.262592	1564	-2.960405E-12	-3.377916E+11	0	0	0	0
0	0	0	-0.161891	7.262384	-9.928076	7.262384	1564	-4.459052E-12	-2.242629E+11	0	0	0	0
0	0	0	-0.162038	7.262209	-9.928029	7.262209	1564	-7.800304E-12	-1.282001E+11	0	0	0	0
0	0	0	-0.161793	7.262448	-9.928035	7.262448	1564	-3.858102E-12	-2.591948E+11	0	0	0	0
0	0	0	-0.162267	7.26256	-9.928797	7.26256	1564	-3.121823E-12	-3.203257E+11	0	0	0	0
0	0	0	-0.162169	7.262368	-9.928413	7.262368	1564	-4.639727E-12	-2.155299E+11	0	0	0	0
0	0	0	-0.162136	7.262576	-9.92865	7.262576	1564	-3.038972E-12	-3.290586E+11	0	0	0	0
0	0	0	-0.161826	7.262361	-9.927959	7.262361	1564	-4.735669E-12	-2.111634E+11	0	0	0	0
0	0	0	-0.16212	7.26244	-9.928446	7.26244	1564	-3.924211E-12	-2.548283E+11	0	0	0	0
0	0	0	-0.162055	7.262472	-9.928405	7.262472	1564	-3.672497E-12	-2.722943E+11	0	0	0	0
0	0	0	-0.16212	7.262392	-9.928382	7.262392	1564	-4.373891E-12	-2.286294E+11	0	0	0	0
0	0	0	-0.161875	7.262353	-9.928012	7.262353	1564	-4.835662E-12	-2.067969E+11	0	0	0	0
0	0	0	-0.161532	7.262736	-9.928085	7.262736	1564	-2.401604E-12	-4.163884E+11	0	0	0	0
0	0	0	-0.161744	7.262376	-9.927875	7.262376	1564	-4.547596E-12	-2.198964E+11	0	0	0	0
0	0	0	-0.161973	7.262536	-9.928386	7.262536	1564	-3.254931E-12	-3.072262E+11	0	0	0	0
0	0	0	-0.16181	7.26252	-9.928153	7.26252	1564	-3.35016E-12	-2.984932E+11	0	0	0	0
0	0	0	-0.161597	7.26244	-9.927772	7.26244	1564	-3.924211E-12	-2.548283E+11	0	0	0	0
0	0	0	-0.161254	7.262464	-9.927361	7.262464	1564	-3.732349E-12	-2.679278E+11	0	0	0	0
0	0	0	-0.161124	7.262544	-9.9273	7.262544	1564	-3.209318E-12	-3.115927E+11	0	0	0	0
0	0	0	-0.161516	7.262329	-9.927516	7.262329	1564	-5.16269E-12	-1.936975E+11	0	0	0	0
0	0	0	-0.160862	7.262408	-9.92678	7.262408	1568	-4.223743E-12	-2.367568E+11	0	0	0	0
0	0	0	-0.160944	7.262361	-9.926821	7.262361	1568	-4.74778E-12	-2.106247E+11	0	0	0	0
0	0	0	-0.161222	7.262368	-9.92719	7.262368	1564	-4.639727E-12	-2.155299E+11	0	0	0	0
0	0	0	-0.160274	7.262528	-9.926181	7.262528	1568	-3.310303E-12	-3.020871E+11	0	0	0	0
0	0	0	-0.160519	7.262488	-9.926444	7.262488	1568	-3.567474E-12	-2.803104E+11	0	0	0	0
0	0	0	-0.160421	7.26244	-9.926253	7.26244	1568	-3.934247E-12	-2.541783E+11	0	0	0	0
0	0	0	-0.160503	7.262376	-9.926273	7.262376	1568	-4.559227E-12	-2.193354E+11	0	0	0	0
0	0	0	-0.160519	7.262368	-9.926283	7.262368	1568	-4.651593E-12	-2.149801E+11	0	0	0	0
0	0	0	-0.160503	7.262376	-9.926273	7.262376	1568	-4.559227E-12	-2.193354E+11	0	0	0	0
0	0	0	-0.161058	7.262313	-9.926904	7.262313	1564	-5.406443E-12	-1.849645E+11	0	0	0	0
0	0	0	-0.160634	7.262321	-9.926366	7.262321	1568	-5.295264E-12	-1.88848E+11	0	0	0	0
0	0	0	-0.160454	7.262584	-9.926489	7.262584	1568	-3.006845E-12	-3.325746E+11	0	0	0	0
0	0	0	-0.160062	7.262544	-9.925929	7.262544	1568	-3.217526E-12	-3.107978E+11	0	0	0	0
0	0	0	-0.160683	7.262289	-9.926386	7.262289	1568	-5.833401E-12	-1.714266E+11	0	0	0	0
0	0	0	-0.16083	7.26264	-9.927049	7.26264	1568	-2.75435E-12	-3.63062E+11	0	0	0	0
0	0	0	-0.160699	7.262345	-9.926483	7.262345	1568	-4.952602E-12	-2.01914E+11	0	0	0	0
0	0	0	-0.161385	7.262472	-9.92754	7.262472	1564	-3.672497E-12	-2.722943E+11	0	0	0	0
0	0	0	-0.161532	7.262608	-9.927913	7.262608	1564	-2.885798E-12	-3.465246E+11	0	0	0	0
0	0	0	-0.160634	7.262225	-9.926237	7.262225	1568	-7.321513E-12	-1.365838E+11	0	0	0	0
0	0	0	-0.16132	7.262544	-9.927553	7.262544	1564	-3.209318E-12	-3.115927E+11	0	0	0	0
0	0	0	-0.161499	7.262361	-9.927538	7.262361	1564	-4.735669E-12	-2.111634E+11	0	0	0	0
0	0	0	-0.161548	7.262496	-9.927784	7.262496	1564	-3.503931E-12	-2.853937E+11	0	0	0	0
0	0	0	-0.161467	7.262345	-9.927474	7.262345	1564	-4.939968E-12	-2.024304E+11	0	0	0	0
0	0	0	-0.161254	7.262568	-9.927501	7.262568	1564	-3.07984E-12	-3.246922E+11	0	0	0	0
0	0	0	-0.161777	7.26272	-9.92838	7.26272	1564	-2.453052E-12	-4.076555E+11	0	0	0	0
0	0	0	-0.161924	7.262456	-9.928215	7.262456	1564	-3.794184E-12	-2.635613E+11	0	0	0	0
0	0	0	-0.162332	7.262329	-9.92857	7.262329	1564	-5.16269E-12	-1.936975E+11	0	0	0	0
0	0	0	-0.16212	7.262528	-9.928565	7.262528	1564	-3.301859E-12	-3.028597E+11	0	0	0	0
0	0	0	-0.162071	7.262624	-9.92863	7.262624	1564	-2.814859E-12	-3.552576E+11	0	0	0	0
0	0	0	-0.161842	7.262456	-9.928109	7.262456	1564	-3.794184E-12	-2.635613E+11	0	0	0	0
0	0	0	-0.161973	7.262496	-9.928332	7.262496	1564	-3.503931E-12	-2.853937E+11	0	0	0	0
0	0	0	-0.162773	7.262592	-9.929494	7.262592	1564	-2.960405E-12	-3.377916E+11	0	0	0	0
0	0	0	-0.162267	7.262361	-9.928529	7.262361	1564	-4.735669E-12	-2.111634E+11	0	0	0	0
0	0	0	-0.162251	7.262249	-9.928357	7.262249	1564	-6.665219E-12	-1.500326E+11	0	0	0	0
0	0	0	-0.162185	7.262632	-9.928789	7.262632	1564	-2.780682E-12	-3.596241E+11	0	0	0	0
0	0	0	-0.162577	7.262536	-9.929166	7.262536	1564	-3.254931E-12	-3.072262E+11	0	0	0	0
0	0	0	-0.162365	7.262624	-9.92901	7.262624	1564	-2.814859E-12	-3.552576E+11	0	0	0	0
0	0	0	-0.162545	7.262424	-9.928973	7.262424	1564	-4.063466E-12	-2.460953E+11	0	0	0	0
0	0	0	-0.162251	7.2626	-9.92883	7.2626	1564	-2.922625E-12	-3.421581E+11	0	0	0	0
0	0	0	-0.162316	7.262464	-9.928732	7.262464	1564	-3.732349E-12	-2.679278E+11	0	0	0	0
0	0	0	-0.162153	7.262432	-9.928478	7.262432	1564	-3.992624E-12	-2.504618E+11	0	0	0	0
0	0	0	-0.16163	7.262361	-9.927706	7.262361	1564	-4.735669E-12	-2.111634E+11	0	0	0	0
0	0	0	-0.161483	7.26252	-9.927731	7.26252	1564	-3.35016E-12	-2.984932E+11	0	0	0	0
0	0	0	-0.161695	7.262536	-9.928027	7.262536	1564	-3.254931E-12	-3.072262E+11	0	0	0	0
0	0	0	-0.1623	7.262321	-9.928517	7.262321	1564	-5.281756E-12	-1.89331E+11	0	0	0	0
0	0	0	-0.161222	7.262329	-9.927136	7.262329	1564	-5.16269E-12	-1.936975E+11	0	0	0	0
0	0	0	-0.161532	0	-0.161532	0	1564	0	0	0	0	0	0
0	0	0	-0.161009	0	-0.161009	0	1564	0	0	0	0	0	0
