Vload_(V)	ILoad_(A)	RsLoad (ohm)	SunsVoc_Voltage_(V)	SunsVoc_Current_(A)	Model_Voltage_(V)	Model_Current_(A)	Carrier_Density_(cm-3)	Lifetime_(s)	Inverse_Lifetime_(s-1)	Efficiency_(%)	Intensity_(suns)	Dark_IV_Voltage_(V)	Dark_IV_Current_(A)
4.07999	8.325649	0	24.134038	-0.924606	24.298081	-0.924606	1.383497E+15	6.393236E-5	15638.352805	12.28359	1.092325	0	0
10.296273	8.18417	0.064628	24.079219	-0.574555	24.181183	-0.574555	1.312051E+15	6.301543E-5	15866.272398	12.427253	1.091434	0	0
11.79393	8.109152	0.10412	23.982796	-0.044177	23.990639	-0.044177	1.194473E+15	6.100371E-5	16390.076626	12.294255	1.092028	0	0
13.290605	8.004157	0.130524	23.869564	0.531602	23.775128	0.531602	1.068746E+15	5.861483E-5	17058.634238	12.401935	1.090148	0	0
14.707549	7.863494	0.150863	23.751865	1.076982	23.560437	1.076982	9.510705E+14	5.608552E-5	17828.412003	12.307252	1.090524	0	0
16.146197	7.661421	0.168085	23.632908	1.58004	23.351905	1.58004	8.444442E+14	5.351136E-5	18686.438096	12.37171	1.088347	0	0
16.639098	7.571267	0.173447	23.513828	2.037005	23.15135	2.037005	7.489724E+14	5.091022E-5	19641.48952	12.334482	1.088585	0	0
17.118697	7.472398	0.17783	23.393442	2.459987	22.955443	2.459987	6.628326E+14	4.8304E-5	20701.491653	12.347075	1.087002	0	0
17.606535	7.359376	0.177844	23.272059	2.847585	22.764755	2.847585	5.855213E+14	4.568902E-5	21886.529275	12.365823	1.087022	0	0
18.083143	7.22477	0.181143	23.149157	3.213096	22.576401	3.213096	5.160252E+14	4.314489E-5	23177.274612	12.325102	1.085478	0	0
18.559743	7.066767	0.182799	23.025954	3.548454	22.393045	3.548454	4.543131E+14	4.065168E-5	24598.885711	12.401533	1.085201	0	0
19.024918	6.880665	0.1813	22.902586	3.859567	22.213782	3.859567	3.996555E+14	3.825209E-5	26142.094928	12.316815	1.084449	0	0
19.507285	6.65054	0.180334	22.777046	4.1509	22.035806	4.1509	3.505711E+14	3.589566E-5	27858.320507	12.432269	1.084311	0	0
19.973277	6.376314	0.176727	22.648999	4.424043	21.858501	4.424043	3.065403E+14	3.358461E-5	29775.383421	12.30046	1.084429	0	0
20.427184	6.05693	0.173461	22.520307	4.675504	21.684365	4.675504	2.677228E+14	3.135244E-5	31895.324827	12.437777	1.083737	0	0
20.880677	5.666275	0.167802	22.392366	4.904782	21.514897	4.904782	2.339008E+14	2.922751E-5	34214.248228	12.288498	1.083776	0	0
21.316873	5.208296	0.162552	22.264514	5.115748	21.348748	5.115748	2.042902E+14	2.72052E-5	36757.603171	12.43458	1.082866	0	0
21.747324	4.676654	0.157763	22.133176	5.313819	21.181359	5.313819	1.777057E+14	2.522128E-5	39649.012994	12.280836	1.083104	0	0
22.160426	4.067259	0.153743	21.998734	5.499873	21.012962	5.499873	1.540203E+14	2.329895E-5	42920.352246	12.424488	1.081976	0	0
22.559839	3.379558	0.151213	21.862152	5.674726	20.844381	5.674726	1.331473E+14	2.146998E-5	46576.635978	12.275857	1.082213	0	0
22.924944	2.664975	0.155561	21.723658	5.836874	20.676118	5.836874	1.148372E+14	1.972391E-5	50699.856678	12.396389	1.080511	0	0
23.258323	1.91822	0.166477	21.582764	5.986606	20.507634	5.986606	9.876684E+13	1.804967E-5	55402.672117	12.287909	1.080709	0	0
23.547176	1.215396	0.176793	21.436928	6.126101	20.335987	6.126101	8.44782E+13	1.641751E-5	60910.559575	12.37623	1.078711	0	0
23.786577	0.586255	0.183929	21.29026	6.255048	20.165365	6.255048	7.217767E+13	1.490057E-5	67111.53561	12.315905	1.07873	0	0
18.719693	7.010396	0.180944	21.141467	6.375337	19.994133	6.375337	6.151691E+13	1.348301E-5	74167.429244	12.357922	1.076712	0	0
23.985208	0	0	20.989515	6.488065	19.821055	6.488065	5.224481E+13	1.215324E-5	82282.580001	12.343194	1.076257	0	0
0	0	0	20.833527	6.592845	19.645322	6.592845	4.417192E+13	1.089665E-5	91771.31558	12.330277	1.074377	0	0
0	0	0	20.672173	6.69244	19.465101	6.69244	3.712668E+13	9.717189E-6	102910.418214	12.366305	1.073684	0	0
0	0	0	20.508231	6.784906	19.283535	6.784906	3.111474E+13	8.632413E-6	115842.45773	12.300103	1.071824	0	0
0	0	0	20.341054	6.870384	19.099952	6.870384	2.598304E+13	7.632098E-6	131025.569629	12.390646	1.070558	0	0
0	0	0	20.168903	6.950732	18.912269	6.950732	2.157979E+13	6.70914E-6	149050.407307	12.280498	1.069074	0	0
0	0	0	19.994	7.024839	18.722923	7.024839	1.786826E+13	5.871711E-6	170308.109066	12.405426	1.06751	0	0
0	0	0	19.814924	7.094499	18.530162	7.094499	1.472765E+13	5.113503E-6	195560.64505	12.259693	1.066561	0	0
0	0	0	19.629011	7.159782	18.331295	7.159782	1.204911E+13	4.417758E-6	226359.152155	12.40896	1.064898	0	0
0	0	0	19.437994	7.22174	18.127875	7.22174	9.803045E+12	3.795979E-6	263436.660707	12.254026	1.064226	0	0
0	0	0	19.243979	7.279751	17.922135	7.279751	7.949555E+12	3.249001E-6	307786.90586	12.406185	1.062385	0	0
0	0	0	19.046779	7.334472	17.713769	7.334472	6.42414E+12	2.770511E-6	360944.253513	12.26213	1.061871	0	0
0	0	0	18.846459	7.385755	17.50287	7.385755	5.173809E+12	2.353031E-6	424983.831899	12.397435	1.060248	0	0
0	0	0	18.643379	7.433958	17.289737	7.433958	4.154317E+12	1.991505E-6	502132.85501	12.273043	1.059951	0	0
0	0	0	18.439278	7.479684	17.076011	7.479684	3.33197E+12	1.683624E-6	593956.756907	12.374815	1.058012	0	0
0	0	0	18.233175	7.522303	16.860822	7.522303	2.66659E+12	1.418894E-6	704774.129012	12.290027	1.057596	0	0
0	0	0	18.026534	7.562561	16.645507	7.562561	2.132812E+12	1.194742E-6	837000.593875	12.34835	1.055558	0	0
0	0	0	17.817892	7.600245	16.428635	7.600245	1.702178E+12	1.003046E-6	996962.851843	12.306959	1.054846	0	0
0	0	0	17.606064	7.635999	16.208896	7.635999	1.353812E+12	8.39123E-7	1191720.332496	12.311713	1.052788	0	0
0	0	0	17.395568	7.669733	15.990854	7.669733	1.078285E+12	7.027191E-7	1423043.812634	12.325916	1.051739	0	0
0	0	0	17.185235	7.701759	15.773278	7.701759	8.589797E+11	5.885337E-7	1699138.175518	12.277281	1.049741	0	0
0	0	0	16.975017	7.732002	15.556133	7.732002	6.843592E+11	4.927789E-7	2029307.676925	12.341299	1.048375	0	0
0	0	0	16.765647	7.760409	15.340169	7.760409	5.45736E+11	4.127107E-7	2423004.54603	12.255048	1.046317	0	0
0	0	0	16.557952	7.788038	15.126023	7.788038	4.359795E+11	3.466526E-7	2884732.51241	12.35723	1.044774	0	0
0	0	0	16.349947	7.814015	14.91186	7.814015	3.481792E+11	2.908971E-7	3437641.574437	12.237346	1.042973	0	0
0	0	0	16.144302	7.838123	14.700407	7.838123	2.787707E+11	2.444252E-7	4091231.285836	12.372862	1.040895	0	0
0	0	0	15.938845	7.86086	14.489388	7.86086	2.232436E+11	2.053145E-7	4870576.509856	12.228683	1.039589	0	0
0	0	0	15.732702	7.882386	14.277894	7.882386	1.786439E+11	1.722752E-7	5804664.479232	12.37493	1.037571	0	0
0	0	0	15.529369	7.902907	14.069406	7.902907	1.433891E+11	1.449896E-7	6897047.854392	12.222867	1.036423	0	0
0	0	0	15.32815	7.921755	13.86335	7.921755	1.153552E+11	1.220861E-7	8190942.720314	12.372661	1.034088	0	0
0	0	0	15.129088	7.940286	13.659517	7.940286	9.301873E+10	1.031803E-7	9691774.437647	12.223914	1.033178	0	0
0	0	0	14.92992	7.957512	13.455813	7.957512	7.499866E+10	8.708431E-8	1.148312E+7	12.356043	1.030704	0	0
0	0	0	14.733709	7.974036	13.25521	7.974036	6.066311E+10	7.3749E-8	1.355951E+7	12.232612	1.029933	0	0
0	0	0	14.53806	7.989864	13.055298	7.989864	4.909761E+10	6.250223E-8	1.599943E+7	12.337488	1.027518	0	0
0	0	0	14.343948	8.004717	12.857107	8.004717	3.98031E+10	5.301515E-8	1.886253E+7	12.239005	1.027043	0	0
0	0	0	14.151003	8.018672	12.660254	8.018672	3.230887E+10	4.498963E-8	2.222734E+7	12.309449	1.024451	0	0
0	0	0	13.956596	8.031927	12.462056	8.031927	2.618425E+10	3.810657E-8	2.624219E+7	12.260709	1.02366	0	0
0	0	0	13.763488	8.044911	12.26521	8.044911	2.125045E+10	3.235667E-8	3.090552E+7	12.282452	1.021305	0	0
0	0	0	13.5731	8.057031	12.07126	8.057031	1.729709E+10	2.752541E-8	3.633006E+7	12.285909	1.020355	0	0
0	0	0	13.384958	8.06877	11.879639	8.06877	1.411343E+10	2.348552E-8	4.257942E+7	12.253038	1.018257	0	0
0	0	0	13.197983	8.079562	11.689366	8.079562	1.15303E+10	2.002847E-8	4.992894E+7	12.305603	1.016971	0	0
0	0	0	13.011875	8.090129	11.500004	8.090129	9.428771E+9	1.71129E-8	5.843544E+7	12.22566	1.014893	0	0
0	0	0	12.8282	8.0999	11.313238	8.0999	7.730584E+9	1.463804E-8	6.831517E+7	12.319216	1.013211	0	0
0	0	0	12.6441	8.109556	11.126062	8.109556	6.335342E+9	1.253218E-8	7.979455E+7	12.201359	1.011391	0	0
0	0	0	12.461642	8.118293	10.940709	8.118293	5.201141E+9	1.072207E-8	9.326557E+7	12.330412	1.009333	0	0
0	0	0	12.280548	8.127135	10.756707	8.127135	4.276295E+9	9.208156E-9	1.085994E+8	12.189855	1.007592	0	0
0	0	0	12.098499	8.135217	10.571883	8.135217	3.51227E+9	7.88396E-9	1.268398E+8	12.331137	1.005356	0	0
0	0	0	11.916605	8.142983	10.387271	8.142983	2.885234E+9	6.751813E-9	1.481084E+8	12.17834	1.00399	0	0
0	0	0	11.737087	8.150786	10.205044	8.150786	2.376239E+9	5.808835E-9	1.721516E+8	12.324613	1.001655	0	0
0	0	0	11.558656	8.157747	10.024066	8.157747	1.959338E+9	4.988267E-9	2.004704E+8	12.177657	1.000369	0	0
0	0	0	11.381261	8.164744	9.844124	8.164744	1.617393E+9	4.296781E-9	2.327324E+8	12.319158	0.997757	0	0
0	0	0	11.20408	8.171252	9.664486	8.171252	1.335431E+9	3.697251E-9	2.704712E+8	12.194652	0.996767	0	0
0	0	0	11.028319	8.177526	9.48632	8.177526	1.104319E+9	3.186906E-9	3.13784E+8	12.299944	0.994294	0	0
0	0	0	10.852754	8.183727	9.308364	8.183727	9.133973E+8	2.751107E-9	3.634901E+8	12.204589	0.993522	0	0
0	0	0	10.677884	8.189333	9.131218	8.189333	7.560506E+8	2.370838E-9	4.217918E+8	12.267215	0.991068	0	0
0	0	0	10.504345	8.194651	8.955465	8.194651	6.267107E+8	2.04503E-9	4.889904E+8	12.217885	0.99	0	0
0	0	0	10.331181	8.200257	8.780034	8.200257	5.197084E+8	1.771689E-9	5.644331E+8	12.238909	0.987487	0	0
0	0	0	10.154522	8.2052	8.601208	8.2052	4.293496E+8	1.523715E-9	6.562907E+8	12.238423	0.986299	0	0
0	0	0	9.981334	8.209973	8.425907	8.209973	3.560346E+8	1.315666E-9	7.600715E+8	12.216709	0.983885	0	0
0	0	0	9.809045	8.214723	8.251514	8.214723	2.955256E+8	1.138832E-9	8.780927E+8	12.252656	0.982579	0	0
0	0	0	9.638658	8.218883	8.079147	8.218883	2.458055E+8	9.841388E-10	1.016117E+9	12.179006	0.980462	0	0
0	0	0	9.469162	8.223148	7.907656	8.223148	2.046473E+8	8.534472E-10	1.171719E+9	12.267303	0.978641	0	0
0	0	0	9.299437	8.227322	7.735951	8.227322	1.703387E+8	7.405216E-10	1.350399E+9	12.158698	0.976841	0	0
0	0	0	9.131802	8.231317	7.566384	8.231317	1.421026E+8	6.439339E-10	1.552954E+9	12.279715	0.974704	0	0
0	0	0	8.964544	8.235097	7.397235	8.235097	1.185953E+8	5.598454E-10	1.786207E+9	12.144605	0.973101	0	0
0	0	0	8.797163	8.238534	7.228027	8.238534	9.896351E+7	4.856019E-10	2.0593E+9	12.282462	0.970766	0	0
0	0	0	8.632159	8.242163	7.061175	8.242163	8.279398E+7	4.2392E-10	2.358936E+9	12.131217	0.969262	0	0
0	0	0	8.466803	8.245284	6.894065	8.245284	6.924008E+7	3.682901E-10	2.715251E+9	12.276459	0.966788	0	0
0	0	0	8.299561	8.248584	6.725021	8.248584	5.778705E+7	3.205313E-10	3.11982E+9	12.127561	0.965423	0	0
0	0	0	8.134769	8.251636	6.558489	8.251636	4.835639E+7	2.792838E-10	3.580587E+9	12.270194	0.962751	0	0
0	0	0	7.971668	8.254529	6.393691	8.254529	4.053882E+7	2.436548E-10	4.104167E+9	12.131737	0.961584	0	0
0	0	0	7.81087	8.257151	6.231262	8.257151	3.406981E+7	2.126127E-10	4.703388E+9	12.257899	0.958734	0	0
0	0	0	7.650594	8.259842	6.069346	8.259842	2.864929E+7	1.860966E-10	5.373552E+9	12.139741	0.957686	0	0
0	0	0	7.491315	8.262611	5.908418	8.262611	2.411714E+7	1.635378E-10	6.114793E+9	12.232658	0.955093	0	0
0	0	0	7.333514	8.264853	5.749078	8.264853	2.033442E+7	1.429732E-10	6.994316E+9	12.149489	0.954045	0	0
0	0	0	7.177184	8.267411	5.591158	8.267411	1.717229E+7	1.260437E-10	7.933755E+9	12.213363	0.951195	0	0
0	0	0	7.021417	8.269484	5.433898	8.269484	1.451073E+7	1.104393E-10	9.054745E+9	12.173842	0.950107	0	0
0	0	0	6.867348	8.271777	5.278305	8.271777	1.228423E+7	9.747279E-11	1.025927E+10	12.185077	0.947574	0	0
0	0	0	6.714709	8.274093	5.124147	8.274093	1.041544E+7	8.635633E-11	1.157993E+10	12.194349	0.946307	0	0
0	0	0	6.562838	8.275946	4.970851	8.275946	8838278	7.601246E-11	1.315574E+10	12.154808	0.944052	0	0
0	0	0	6.409023	8.277832	4.81559	8.277832	7484196	6.69049E-11	1.494659E+10	12.20678	0.942765	0	0
0	0	0	6.258614	8.279726	4.663757	8.279726	6360947	5.920965E-11	1.688914E+10	12.126393	0.940707	0	0
0	0	0	6.110703	8.281726	4.51442	8.281726	5420906	5.275697E-11	1.895484E+10	12.21918	0.939006	0	0
0	0	0	5.964443	8.283209	4.366843	8.283209	4628035	4.661426E-11	2.145266E+10	12.109126	0.936987	0	0
0	0	0	5.82069	8.28477	4.221777	8.28477	3961857	4.142775E-11	2.413841E+10	12.233364	0.934989	0	0
0	0	0	5.677101	8.286252	4.076889	8.286252	3392169	3.680572E-11	2.716969E+10	12.087618	0.933504	0	0
0	0	0	5.535038	8.287895	3.933508	8.287895	2909199	3.293902E-11	3.035913E+10	12.232653	0.931209	0	0
0	0	0	5.395892	8.289383	3.793093	8.289383	2502870	2.950061E-11	3.38976E+10	12.076719	0.929844	0	0
0	0	0	5.258493	8.291186	3.654377	8.291186	2157367	2.675866E-11	3.737108E+10	12.229654	0.927232	0	0
0	0	0	5.121764	8.292316	3.516465	8.292316	1860904	2.386424E-11	4.19037E+10	12.075944	0.926104	0	0
0	0	0	4.987371	8.293378	3.380918	8.293378	1609240	2.131586E-11	4.691343E+10	12.217786	0.923393	0	0
0	0	0	4.85515	8.294897	3.24747	8.294897	1394883	1.938938E-11	5.157463E+10	12.088239	0.922265	0	0
0	0	0	4.724734	8.296064	3.115908	8.296064	1211441	1.75037E-11	5.713077E+10	12.193232	0.919831	0	0
0	0	0	4.59449	8.297103	2.984543	8.297103	1052319	1.575793E-11	6.346013E+10	12.094271	0.918762	0	0
0	0	0	4.464523	8.298343	2.853419	8.298343	914372	1.431413E-11	6.986103E+10	12.171353	0.91619	0	0
0	0	0	4.339555	8.299473	2.727349	8.299473	798813	1.304513E-11	7.665698E+10	12.110824	0.915062	0	0
0	0	0	4.216408	8.300361	2.603161	8.300361	699234	1.181984E-11	8.460349E+10	12.147723	0.912549	0	0
0	0	0	4.095728	8.301496	2.481408	8.301496	613703	1.086151E-11	9.206823E+10	12.130972	0.91148	0	0
0	0	0	3.97771	8.302421	2.362377	8.302421	540187	9.940883E-12	1.005947E+11	12.11552	0.909264	0	0
0	0	0	3.861718	8.303363	2.245382	8.303363	476520	9.140203E-12	1.094068E+11	12.145022	0.90778	0	0
0	0	0	3.746788	8.304228	2.129472	8.304228	420839	8.398123E-12	1.190742E+11	12.085197	0.905643	0	0
0	0	0	3.634348	8.305359	2.016018	8.305359	372667	7.851125E-12	1.273703E+11	12.164242	0.904	0	0
0	0	0	3.524498	8.306013	1.905264	8.306013	330935	7.204303E-12	1.388059E+11	12.063498	0.902318	0	0
0	0	0	3.416444	8.306736	1.796306	8.306736	294447	6.655042E-12	1.50262E+11	12.173262	0.9003	0	0
0	0	0	3.30951	8.307638	1.68844	8.307638	262299	6.225187E-12	1.606377E+11	12.048117	0.898697	0	0
0	0	0	3.204396	8.308036	1.582506	8.308036	234121	5.682039E-12	1.759932E+11	12.173015	0.896817	0	0
0	0	0	3.101463	8.308969	1.478664	8.308969	209464	5.368163E-12	1.862834E+11	12.02991	0.895372	0	0
0	0	0	3.000997	8.309706	1.377344	8.309706	187905	5.038206E-12	1.984833E+11	12.174557	0.893057	0	0
0	0	0	2.90214	8.310301	1.277672	8.310301	168857	4.702983E-12	2.12631E+11	12.024461	0.89187	0	0
0	0	0	2.804042	8.310795	1.178784	8.310795	151865	4.370469E-12	2.288084E+11	12.171876	0.889396	0	0
0	0	0	2.70757	8.311313	1.081529	8.311313	136824	4.079645E-12	2.451194E+11	12.021373	0.888249	0	0
0	0	0	2.612274	8.312269	0.985372	8.312269	123428	3.943303E-12	2.535945E+11	12.162301	0.885597	0	0
0	0	0	2.519379	8.312663	0.891743	8.312663	111634	3.674595E-12	2.721388E+11	12.019363	0.884687	0	0
0	0	0	2.42935	8.31339	0.800935	8.31339	101280	3.531665E-12	2.831526E+11	12.136961	0.882174	0	0
0	0	0	2.340237	8.313907	0.71109	8.313907	91978	3.348561E-12	2.986357E+11	12.030934	0.881105	0	0
0	0	0	2.253149	8.31437	0.623296	8.31437	83713	3.172556E-12	3.152033E+11	12.119798	0.878493	0	0
0	0	0	2.168486	8.314983	0.537915	8.314983	76391	3.061517E-12	3.266355E+11	12.045289	0.877543	0	0
0	0	0	2.085474	8.31544	0.454225	8.31544	69833	2.924157E-12	3.419789E+11	12.096164	0.874892	0	0
0	0	0	2.004168	8.315862	0.372262	8.315862	63957	2.793314E-12	3.579978E+11	12.059263	0.873922	0	0
0	0	0	1.924896	8.31626	0.292351	8.31626	58703	2.672565E-12	3.741724E+11	12.061727	0.871607	0	0
0	0	0	1.846767	8.316745	0.213575	8.316745	53948	2.589893E-12	3.861164E+11	12.07344	0.870518	0	0
0	0	0	1.77095	8.317093	0.137153	8.317093	49703	2.483095E-12	4.027232E+11	12.040197	0.868243	0	0
0	0	0	1.696897	8.317688	0.062459	8.317688	45879	2.463332E-12	4.059542E+11	12.09498	0.86668	0	0
0	0	0	1.624976	8.317939	-0.010021	8.317939	42446	2.353411E-12	4.249151E+11	12.016753	0.86474	0	0
0	0	0	1.554794	8.318195	-0.080749	8.318195	39345	2.256485E-12	4.431671E+11	12.1047	0.863296	0	0
0	0	0	1.486041	8.31869	-0.150085	8.31869	36526	2.243589E-12	4.457144E+11	11.985107	0.861732	0	0
0	0	0	1.419249	8.318928	-0.217397	8.318928	33981	2.161167E-12	4.627131E+11	12.108519	0.859754	0	0
0	0	0	1.353984	8.31939	-0.283215	8.31939	31666	2.162661E-12	4.623933E+11	11.970337	0.85821	0	0
0	0	0	1.290851	8.319468	-0.34681	8.319468	29577	2.045415E-12	4.888983E+11	12.118426	0.855994	0	0
0	0	0	1.229531	8.32014	-0.408697	8.32014	27679	2.147929E-12	4.655647E+11	11.963497	0.854866	0	0
0	0	0	1.17044	8.32025	-0.468227	8.32025	25966	2.055993E-12	4.863831E+11	12.113591	0.852452	0	0
0	0	0	1.112893	8.320658	-0.526261	8.320658	24400	2.089651E-12	4.785488E+11	11.955196	0.851621	0	0
0	0	0	1.056841	8.320767	-0.582732	8.320767	22966	2.011096E-12	4.972414E+11	12.096361	0.849266	0	0
0	0	0	1.002536	8.320964	-0.637459	8.320964	21656	1.976041E-12	5.060625E+11	11.958805	0.848395	0	0
0	0	0	0.950053	8.321239	-0.690368	8.321239	20461	1.983245E-12	5.042241E+11	12.082696	0.845783	0	0
0	0	0	0.898893	8.321738	-0.741989	8.321738	19360	2.115852E-12	4.726228E+11	11.967757	0.844992	0	0
0	0	0	0.846998	8.321738	-0.794251	8.321738	18304	2.000442E-12	4.998895E+11	12.059892	0.842478	0	0
0	0	0	0.799595	8.321971	-0.842036	8.321971	17390	2.02116E-12	4.947655E+11	11.981965	0.841568	0	0
0	0	0	0.754397	8.322204	-0.8876	8.322204	16560	2.055109E-12	4.865922E+11	12.02731	0.839392	0	0
0	0	0	0.709746	8.322456	-0.932616	8.322456	15780	2.112694E-12	4.733294E+11	11.987607	0.838461	0	0
0	0	0	0.667733	8.322639	-0.974962	8.322639	15079	2.14163E-12	4.66934E+11	12.005175	0.836008	0	0
0	0	0	0.627746	8.322841	-1.015272	8.322841	14441	2.198077E-12	4.549432E+11	12.015741	0.834919	0	0
0	0	0	0.58954	8.32312	-1.053804	8.32312	13856	2.341818E-12	4.270186E+11	11.979189	0.832901	0	0
0	0	0	0.552893	8.323188	-1.090724	8.323188	13318	2.313687E-12	4.322105E+11	12.024591	0.831615	0	0
0	0	0	0.517773	8.323376	-1.126129	8.323376	12822	2.411404E-12	4.146962E+11	11.949896	0.829755	0	0
0	0	0	0.483626	8.323614	-1.160566	8.323614	12358	2.595933E-12	3.852179E+11	12.032645	0.828449	0	0
0	0	0	0.451357	8.323522	-1.193045	8.323522	11934	2.398966E-12	4.168462E+11	11.927353	0.826628	0	0
0	0	0	0.421105	8.323815	-1.223569	8.323815	11550	2.692647E-12	3.713818E+11	12.041617	0.824887	0	0
0	0	0	0.392046	8.323683	-1.252808	8.323683	11193	2.433296E-12	4.109652E+11	11.915605	0.823284	0	0
0	0	0	0.364669	8.323875	-1.280416	8.323875	10866	2.618135E-12	3.819512E+11	12.046594	0.821483	0	0
0	0	0	0.338705	8.324058	-1.3066	8.324058	10565	2.838495E-12	3.522994E+11	11.900583	0.820237	0	0
0	0	0	0.314293	8.324122	-1.331198	8.324122	10290	2.880611E-12	3.471486E+11	12.04412	0.818218	0	0
0	0	0	0.291016	8.32441	-1.354696	8.32441	10034	3.462768E-12	2.887863E+11	11.889375	0.817347	0	0
0	0	0	0.268474	8.324374	-1.377391	8.324374	9793	3.282574E-12	3.04639E+11	12.034087	0.814973	0	0
0	0	0	0.248252	8.324442	-1.39777	8.324442	9581	3.39422E-12	2.946185E+11	11.894196	0.814043	0	0
0	0	0	0.228854	8.324822	-1.417379	8.324822	9382	4.850726E-12	2.061547E+11	12.032078	0.811648	0	0
0	0	0	0.210502	8.324895	-1.435876	8.324895	9198	5.217695E-12	1.916555E+11	11.894512	0.811094	0	0
0	0	0	0.192592	8.324699	-1.453875	8.324699	9021	4.057656E-12	2.464477E+11	12.010977	0.808641	0	0
0	0	0	0.176371	8.324932	-1.470256	8.324932	8865	5.285596E-12	1.891934E+11	11.896746	0.808087	0	0
0	0	0	0.160723	8.32511	-1.486051	8.32511	8716	6.919293E-12	1.445234E+11	11.984878	0.805633	0	0
0	0	0	0.145809	8.325325	-1.501112	8.325325	8576	1.133664E-11	8.820953E+10	11.910588	0.804901	0	0
0	0	0	0.131819	8.325101	-1.515158	8.325101	8448	6.594445E-12	1.516428E+11	11.964745	0.802585	0	0
0	0	0	0.118636	8.325266	-1.528465	8.325266	8328	9.298143E-12	1.075484E+11	11.9245	0.801774	0	0
0	0	0	0.106263	8.325394	-1.540952	8.325394	8218	1.379102E-11	7.251097E+10	11.940938	0.799558	0	0
0	0	0	0.094723	8.325312	-1.552558	8.325312	8115	1.029035E-11	9.717842E+10	11.93977	0.798667	0	0
0	0	0	0.083329	8.325312	-1.564032	8.325312	8016	1.016481E-11	9.83786E+10	11.909227	0.796708	0	0
0	0	0	0.072932	8.325376	-1.574515	8.325376	7927	1.241078E-11	8.057513E+10	11.953718	0.795541	0	0
0	0	0	0.063025	8.325463	-1.584509	8.325463	7842	1.801494E-11	5.550948E+10	11.886562	0.79376	0	0
0	0	0	0.053461	8.325412	-1.594131	8.325412	7762	1.403436E-11	7.12537E+10	11.975738	0.792335	0	0
0	0	0	0.044722	8.325454	-1.60294	8.325454	7688	1.683317E-11	5.940652E+10	11.866466	0.790752	0	0
0	0	0	0.036147	8.325568	-1.611599	8.325568	7617	4.028716E-11	2.482181E+10	11.978464	0.789189	0	0
0	0	0	0.028232	8.325779	-1.619611	8.325779	7553	-2.48939E-11	-4.017048E+10	11.836414	0.788219	0	0
0	0	0	0.020335	8.325481	-1.627506	8.325481	7488	1.907861E-11	5.241472E+10	11.979126	0.78628	0	0
0	0	0	0.013294	8.325829	-1.634665	8.325829	7432	-1.764594E-11	-5.667027E+10	11.829309	0.785192	0	0
0	0	0	0.006271	8.325513	-1.641676	8.325513	7376	2.32286E-11	4.305037E+10	11.9814	0.783074	0	0
0	0	0	-0.000541	8.325801	-1.648593	8.325801	7321	-2.051059E-11	-4.87553E+10	11.824863	0.782283	0	0
0	0	0	-0.006928	8.325843	-1.655033	8.325843	7271	-1.604045E-11	-6.234238E+10	11.969454	0.780007	0	0
0	0	0	-0.012776	8.325682	-1.660891	8.325682	7225	-9.194226E-11	-1.087639E+10	11.821878	0.779215	0	0
0	0	0	-0.018174	8.325669	-1.666325	8.325669	7183	-1.545929E-10	-6.468603E+9	11.955238	0.777019	0	0
0	0	0	-0.023205	8.325801	-1.671418	8.325801	7144	-2.001471E-11	-4.996326E+10	11.822732	0.776406	0	0
0	0	0	-0.028269	8.325966	-1.67655	8.325966	7105	-9.570918E-12	-1.044832E+11	11.938589	0.774051	0	0
0	0	0	-0.03339	8.325952	-1.681704	8.325952	7066	-9.948819E-12	-1.005144E+11	11.842307	0.77318	0	0
0	0	0	-0.037343	8.32592	-1.685679	8.32592	7036	-1.10752E-11	-9.029181E+10	11.914731	0.771023	0	0
0	0	0	-0.041917	8.325843	-1.69027	8.325843	7001	-1.544481E-11	-6.474667E+10	11.848092	0.77037	0	0
0	0	0	-0.046311	8.326017	-1.694729	8.326017	6968	-8.101206E-12	-1.234384E+11	11.885793	0.768233	0	0
0	0	0	-0.049782	8.325989	-1.698219	8.325989	6942	-8.722388E-12	-1.146475E+11	11.860332	0.767422	0	0
0	0	0	-0.053996	8.325806	-1.702427	8.325806	6910	-1.879538E-11	-5.320456E+10	11.858229	0.765364	0	0
0	0	0	-0.057402	8.325989	-1.705893	8.325989	6885	-8.65077E-12	-1.155967E+11	11.875101	0.764295	0	0
0	0	0	-0.060922	8.325875	-1.709416	8.325875	6859	-1.298479E-11	-7.701317E+10	11.834896	0.762455	0	0
0	0	0	-0.064091	8.326163	-1.712664	8.326163	6835	-5.682997E-12	-1.759635E+11	11.890663	0.761228	0	0
0	0	0	-0.067064	8.325843	-1.715595	8.325843	6813	-1.503007E-11	-6.653331E+10	11.813096	0.759526	0	0
0	0	0	-0.069824	8.326058	-1.718417	8.326058	6793	-7.102137E-12	-1.408027E+11	11.891958	0.758378	0	0
0	0	0	-0.07292	8.325847	-1.721493	8.325847	6771	-1.459275E-11	-6.852716E+10	11.785728	0.756954	0	0
0	0	0	-0.075378	8.326071	-1.724013	8.326071	6752	-6.829925E-12	-1.464145E+11	11.903809	0.755232	0	0
0	0	0	-0.078261	8.326094	-1.726921	8.326094	6731	-6.458945E-12	-1.54824E+11	11.772173	0.754025	0	0
0	0	0	-0.080458	8.326026	-1.72912	8.326026	6715	-7.617431E-12	-1.312779E+11	11.910519	0.752303	0	0
0	0	0	-0.083382	8.326158	-1.732091	8.326158	6694	-5.615751E-12	-1.780706E+11	11.76166	0.751215	0	0
0	0	0	-0.085775	8.326108	-1.734491	8.326108	6677	-6.215565E-12	-1.608864E+11	11.903829	0.749434	0	0
0	0	0	-0.088046	8.325962	-1.736749	8.325962	6660	-9.10275E-12	-1.098569E+11	11.746011	0.748742	0	0
0	0	0	-0.090488	8.326058	-1.739227	8.326058	6643	-6.94531E-12	-1.43982E+11	11.893351	0.746624	0	0
0	0	0	-0.092693	8.326168	-1.74147	8.326168	6627	-5.461439E-12	-1.831019E+11	11.74815	0.745872	0	0
0	0	0	-0.0948	8.326085	-1.743575	8.326085	6612	-6.477853E-12	-1.543721E+11	11.886793	0.743735	0	0
0	0	0	-0.097365	8.326227	-1.746186	8.326227	6594	-4.875076E-12	-2.05125E+11	11.749456	0.743062	0	0
0	0	0	-0.099455	8.326204	-1.748287	8.326204	6579	-5.064415E-12	-1.974562E+11	11.86647	0.740985	0	0
0	0	0	-0.101407	8.326259	-1.750264	8.326259	6565	-4.598833E-12	-2.174465E+11	11.751812	0.740391	0	0
0	0	0	-0.103588	8.326136	-1.752436	8.326136	6550	-5.753313E-12	-1.738129E+11	11.847429	0.738155	0	0
0	0	0	-0.105328	8.326245	-1.754209	8.326245	6537	-4.684617E-12	-2.134646E+11	11.761348	0.73772	0	0
0	0	0	-0.107108	8.326328	-1.756019	8.326328	6525	-4.108616E-12	-2.433909E+11	11.830042	0.735444	0	0
0	0	0	-0.108529	8.326241	-1.757433	8.326241	6514	-4.704227E-12	-2.125748E+11	11.777292	0.734771	0	0
0	0	0	-0.110751	8.326341	-1.75969	8.326341	6499	-4.011125E-12	-2.493066E+11	11.802001	0.732733	0	0
0	0	0	-0.112695	8.326136	-1.761607	8.326136	6485	-5.696219E-12	-1.75555E+11	11.784285	0.732159	0	0
0	0	0	-0.114483	8.326232	-1.763427	8.326232	6473	-4.748037E-12	-2.106133E+11	11.771653	0.73018	0	0
0	0	0	-0.116688	8.326195	-1.765641	8.326195	6457	-5.053801E-12	-1.978709E+11	11.798049	0.729389	0	0
0	0	0	-0.118583	8.3263	-1.76757	8.3263	6444	-4.228652E-12	-2.36482E+11	11.74896	0.727568	0	0
0	0	0	-0.120094	8.326438	-1.769119	8.326438	6434	-3.487132E-12	-2.867687E+11	11.816104	0.7265	0	0
0	0	0	-0.122128	8.326268	-1.771133	8.326268	6419	-4.430111E-12	-2.25728E+11	11.729679	0.724798	0	0
0	0	0	-0.123467	8.32619	-1.772467	8.32619	6410	-5.059409E-12	-1.976515E+11	11.821076	0.723709	0	0
0	0	0	-0.125297	8.326341	-1.774339	8.326341	6397	-3.948171E-12	-2.532818E+11	11.701958	0.722403	0	0
0	0	0	-0.125493	8.326497	-1.774567	8.326497	6396	-3.223389E-12	-3.102325E+11	11.827415	0.720919	0	0
0	0	0	-0.12635	8.326401	-1.775412	8.326401	6390	-3.631875E-12	-2.753398E+11	11.690141	0.719811	0	0
0	0	0	-0.126301	8.32663	-1.775408	8.32663	6391	-2.785088E-12	-3.590551E+11	11.828978	0.718208	0	0
0	0	0	-0.126579	8.326346	-1.775631	8.326346	6389	-3.917349E-12	-2.552747E+11	11.675114	0.717278	0	0
0	0	0	-0.126481	8.326213	-1.775506	8.326213	6389	-4.838406E-12	-2.066796E+11	11.830853	0.71524	0	0
0	0	0	-0.126653	8.326355	-1.775707	8.326355	6388	-3.865982E-12	-2.586665E+11	11.671731	0.714567	0	0
0	0	0	-0.126889	8.32647	-1.775968	8.32647	6387	-3.326543E-12	-3.006124E+11	11.811638	0.712707	0	0
0	0	0	-0.126816	8.326163	-1.775833	8.326163	6387	-5.310505E-12	-1.88306E+11	11.666445	0.712193	0	0
0	0	0	-0.126751	8.326451	-1.775825	8.326451	6388	-3.402963E-12	-2.938615E+11	11.796944	0.710016	0	0
0	0	0	-0.126751	8.326543	-1.775843	8.326543	6388	-3.054549E-12	-3.273806E+11	11.678746	0.709343	0	0
0	0	0	-0.126612	8.326236	-1.775642	8.326236	6389	-4.649906E-12	-2.150581E+11	11.78097	0.707166	0	0
0	0	0	-0.126775	8.326332	-1.775826	8.326332	6387	-3.994792E-12	-2.503259E+11	11.68796	0.706573	0	0
0	0	0	-0.126742	8.326222	-1.775771	8.326222	6388	-4.760456E-12	-2.100639E+11	11.756305	0.704554	0	0
0	0	0	-0.126742	8.32625	-1.775777	8.32625	6388	-4.542985E-12	-2.201196E+11	11.693933	0.70406	0	0
0	0	0	-0.126816	8.326515	-1.775903	8.326515	6387	-3.150851E-12	-3.173745E+11	11.729227	0.702002	0	0
0	0	0	-0.126832	8.326488	-1.775914	8.326488	6387	-3.253966E-12	-3.073173E+11	11.703882	0.701369	0	0
0	0	0	-0.126367	8.326474	-1.775443	8.326474	6390	-3.309651E-12	-3.021467E+11	11.703585	0.699508	0	0
0	0	0	-0.12671	8.326355	-1.775765	8.326355	6388	-3.865982E-12	-2.586665E+11	11.719663	0.698598	0	0
0	0	0	-0.126595	8.326401	-1.775658	8.326401	6389	-3.631307E-12	-2.753829E+11	11.674047	0.697035	0	0
0	0	0	-0.126742	8.326254	-1.775778	8.326254	6388	-4.508656E-12	-2.217956E+11	11.728668	0.695947	0	0
0	0	0	-0.126791	8.326154	-1.775807	8.326154	6387	-5.406763E-12	-1.849536E+11	11.651727	0.694462	0	0
0	0	0	-0.126604	8.326232	-1.775633	8.326232	6389	-4.686422E-12	-2.133824E+11	11.736119	0.693176	0	0
0	0	0	-0.126661	8.326117	-1.775668	8.326117	6388	-5.830326E-12	-1.71517E+11	11.635317	0.691811	0	0
0	0	0	-0.126816	8.326438	-1.775888	8.326438	6387	-3.461658E-12	-2.888789E+11	11.749202	0.690366	0	0
0	0	0	-0.126971	8.326259	-1.776009	8.326259	6386	-4.473442E-12	-2.235415E+11	11.615974	0.689219	0	0
0	0	0	-0.127028	8.326355	-1.776085	8.326355	6385	-3.864166E-12	-2.587881E+11	11.742661	0.687913	0	0
0	0	0	-0.126873	8.326479	-1.775954	8.326479	6387	-3.289854E-12	-3.039648E+11	11.598997	0.686963	0	0
0	0	0	-0.126816	8.326401	-1.775881	8.326401	6387	-3.63017E-12	-2.754692E+11	11.738713	0.685241	0	0
0	0	0	-0.126922	8.326314	-1.77597	8.326314	6386	-4.104092E-12	-2.436592E+11	11.592473	0.684351	0	0
0	0	0	-0.126808	8.326543	-1.7759	8.326543	6387	-3.054071E-12	-3.274318E+11	11.736331	0.68257	0	0
0	0	0	-0.126938	8.326506	-1.776025	8.326506	6386	-3.18399E-12	-3.140713E+11	11.58899	0.681739	0	0
0	0	0	-0.127151	8.326483	-1.776234	8.326483	6385	-3.270787E-12	-3.057368E+11	11.728944	0.679799	0	0
0	0	0	-0.126979	8.326346	-1.776034	8.326346	6386	-3.91551E-12	-2.553946E+11	11.580729	0.679344	0	0
0	0	0	-0.127061	8.326392	-1.776126	8.326392	6385	-3.673743E-12	-2.72202E+11	11.711998	0.677207	0	0
0	0	0	-0.126947	8.326433	-1.776019	8.326433	6386	-3.481317E-12	-2.872477E+11	11.582413	0.676851	0	0
0	0	0	-0.127143	8.326442	-1.776218	8.326442	6385	-3.44061E-12	-2.906461E+11	11.697544	0.674674	0	0
0	0	0	-0.127118	8.326474	-1.776199	8.326474	6385	-3.307061E-12	-3.023833E+11	11.593865	0.674219	0	0
0	0	0	-0.127036	8.326428	-1.776108	8.326428	6385	-3.501206E-12	-2.856159E+11	11.67185	0.672181	0	0
0	0	0	-0.127126	8.326305	-1.776174	8.326305	6385	-4.160704E-12	-2.403439E+11	11.598248	0.671765	0	0
0	0	0	-0.126938	8.326419	-1.776008	8.326419	6386	-3.543357E-12	-2.822182E+11	11.645728	0.669668	0	0
0	0	0	-0.126726	8.326428	-1.775796	8.326428	6388	-3.502851E-12	-2.854818E+11	11.607551	0.669193	0	0
0	0	0	-0.126751	8.32636	-1.775807	8.32636	6388	-3.841094E-12	-2.603425E+11	11.619885	0.667194	0	0
0	0	0	-0.126971	8.326341	-1.776025	8.326341	6386	-3.941382E-12	-2.537181E+11	11.62443	0.666521	0	0
0	0	0	-0.127028	8.326341	-1.776083	8.326341	6385	-3.940765E-12	-2.537578E+11	11.600083	0.664661	0	0
0	0	0	-0.127085	8.326428	-1.776157	8.326428	6385	-3.501206E-12	-2.856159E+11	11.635523	0.66389	0	0
0	0	0	-0.126955	8.326332	-1.776007	8.326332	6386	-3.994166E-12	-2.503651E+11	11.566386	0.662445	0	0
0	0	0	-0.126922	8.326387	-1.775985	8.326387	6386	-3.697092E-12	-2.704829E+11	11.641671	0.661337	0	0
0	0	0	-0.127102	8.32641	-1.77617	8.32641	6385	-3.5854E-12	-2.789089E+11	11.544887	0.659952	0	0
0	0	0	-0.127208	8.326525	-1.7763	8.326525	6385	-3.11694E-12	-3.208274E+11	11.651657	0.658685	0	0
0	0	0	-0.126873	8.326204	-1.775899	8.326204	6387	-4.916616E-12	-2.033919E+11	11.531212	0.657379	0	0
0	0	0	-0.126767	8.32647	-1.775845	8.32647	6387	-3.326543E-12	-3.006124E+11	11.656385	0.656152	0	0
0	0	0	-0.126791	8.32641	-1.775858	8.32641	6387	-3.586523E-12	-2.788216E+11	11.5071	0.655282	0	0
0	0	0	-0.126963	8.326566	-1.776061	8.326566	6386	-2.977382E-12	-3.358655E+11	11.648904	0.653758	0	0
0	0	0	-0.126963	8.32636	-1.77602	8.32636	6386	-3.839892E-12	-2.60424E+11	11.495371	0.652986	0	0
0	0	0	-0.127134	8.326364	-1.776194	8.326364	6385	-3.814733E-12	-2.621415E+11	11.642608	0.651166	0	0
0	0	0	-0.126783	8.326218	-1.775811	8.326218	6387	-4.797991E-12	-2.084206E+11	11.491184	0.650434	0	0
0	0	0	-0.127012	8.326227	-1.776044	8.326227	6386	-4.721298E-12	-2.118062E+11	11.635644	0.648653	0	0
0	0	0	-0.126783	8.326401	-1.775848	8.326401	6387	-3.63017E-12	-2.754692E+11	11.488791	0.648118	0	0
0	0	0	-0.127134	8.326529	-1.776227	8.326529	6385	-3.100735E-12	-3.225042E+11	11.615899	0.646159	0	0
0	0	0	-0.126971	8.326378	-1.776032	8.326378	6386	-3.743497E-12	-2.671299E+11	11.494937	0.645645	0	0
0	0	0	-0.127102	8.326369	-1.776162	8.326369	6385	-3.790488E-12	-2.638183E+11	11.599194	0.643686	0	0
0	0	0	-0.12671	8.326369	-1.775767	8.326369	6388	-3.792269E-12	-2.636944E+11	11.504534	0.643211	0	0
0	0	0	-0.127094	8.326332	-1.776147	8.326332	6385	-3.993541E-12	-2.504044E+11	11.57953	0.641252	0	0
0	0	0	-0.127012	8.326438	-1.776085	8.326438	6386	-3.461116E-12	-2.889241E+11	11.515546	0.640757	0	0
0	0	0	-0.127077	8.326525	-1.776168	8.326525	6385	-3.11694E-12	-3.208274E+11	11.549936	0.638897	0	0
0	0	0	-0.126996	8.326538	-1.776089	8.326538	6386	-3.069305E-12	-3.258066E+11	11.51686	0.638462	0	0
0	0	0	-0.127053	8.32646	-1.776131	8.32646	6385	-3.363005E-12	-2.973531E+11	11.520556	0.636681	0	0
0	0	0	-0.127053	8.326419	-1.776123	8.326419	6385	-3.542802E-12	-2.822624E+11	11.531526	0.635949	0	0
0	0	0	-0.126963	8.326369	-1.776022	8.326369	6386	-3.791082E-12	-2.63777E+11	11.498885	0.634346	0	0
0	0	0	-0.127012	8.326305	-1.776059	8.326305	6386	-4.161356E-12	-2.403063E+11	11.545789	0.633436	0	0
0	0	0	-0.126832	8.326525	-1.775921	8.326525	6387	-3.117917E-12	-3.20727E+11	11.47621	0.631971	0	0
0	0	0	-0.127167	8.326648	-1.776283	8.326648	6385	-2.731498E-12	-3.660994E+11	11.550333	0.630922	0	0
0	0	0	-0.126955	8.326245	-1.77599	8.326245	6386	-4.576406E-12	-2.185121E+11	11.450906	0.629854	0	0
0	0	0	-0.126979	8.326396	-1.776044	8.326396	6386	-3.651823E-12	-2.738358E+11	11.550445	0.628568	0	0
0	0	0	-0.126849	8.326639	-1.775961	8.326639	6387	-2.757614E-12	-3.626324E+11	11.434951	0.627519	0	0
0	0	0	-0.127379	8.32641	-1.77645	8.32641	6383	-3.584277E-12	-2.789963E+11	11.564032	0.626035	0	0
0	0	0	-0.127143	8.326502	-1.77623	8.326502	6385	-3.200576E-12	-3.124437E+11	11.416569	0.625243	0	0
0	0	0	-0.127388	8.326406	-1.776457	8.326406	6383	-3.605955E-12	-2.773191E+11	11.559747	0.623561	0	0
0	0	0	-0.127192	8.326483	-1.776275	8.326483	6385	-3.270787E-12	-3.057368E+11	11.402885	0.623086	0	0
0	0	0	-0.127126	8.326305	-1.776174	8.326305	6385	-4.160704E-12	-2.403439E+11	11.547523	0.621404	0	0
0	0	0	-0.127257	8.326506	-1.776346	8.326506	6384	-3.182993E-12	-3.141697E+11	11.396772	0.620791	0	0
0	0	0	-0.127306	8.326378	-1.77637	8.326378	6384	-3.742324E-12	-2.672136E+11	11.544325	0.618931	0	0
0	0	0	-0.127241	8.326474	-1.776323	8.326474	6384	-3.306543E-12	-3.024307E+11	11.396556	0.618456	0	0
0	0	0	-0.127265	8.326492	-1.776351	8.326492	6384	-3.234794E-12	-3.091387E+11	11.536327	0.616517	0	0
0	0	0	-0.127208	8.326328	-1.776261	8.326328	6385	-4.020462E-12	-2.487276E+11	11.390601	0.616358	0	0
0	0	0	-0.127445	8.326433	-1.77652	8.326433	6383	-3.479681E-12	-2.873827E+11	11.517108	0.61432	0	0
0	0	0	-0.127061	8.326383	-1.776124	8.326383	6385	-3.719567E-12	-2.688485E+11	11.390404	0.614102	0	0
0	0	0	-0.127159	8.326346	-1.776215	8.326346	6385	-3.914897E-12	-2.554346E+11	11.496189	0.612084	0	0
0	0	0	-0.127028	8.326552	-1.776124	8.326552	6385	-3.022172E-12	-3.308879E+11	11.400345	0.611787	0	0
0	0	0	-0.127559	8.326419	-1.776633	8.326419	6382	-3.541138E-12	-2.823951E+11	11.475972	0.609769	0	0
0	0	0	-0.127551	8.326264	-1.776594	8.326264	6382	-4.437362E-12	-2.253591E+11	11.415792	0.609413	0	0
0	0	0	-0.127151	8.326502	-1.776238	8.326502	6385	-3.200576E-12	-3.124437E+11	11.442285	0.607612	0	0
0	0	0	-0.127216	8.326621	-1.776327	8.326621	6384	-2.808241E-12	-3.560948E+11	11.417288	0.607117	0	0
0	0	0	-0.12702	8.326419	-1.77609	8.326419	6386	-3.543357E-12	-2.822182E+11	11.421063	0.605356	0	0
0	0	0	-0.127224	8.32641	-1.776294	8.32641	6384	-3.584838E-12	-2.789526E+11	11.429189	0.604822	0	0
0	0	0	-0.127281	8.32625	-1.776319	8.32625	6384	-4.54014E-12	-2.202575E+11	11.400769	0.60308	0	0
0	0	0	-0.127355	8.326584	-1.77646	8.326584	6383	-2.917728E-12	-3.427324E+11	11.443521	0.602408	0	0
0	0	0	-0.127535	8.326319	-1.776588	8.326319	6382	-4.073494E-12	-2.454895E+11	11.371677	0.601022	0	0
0	0	0	-0.12742	8.326296	-1.776468	8.326296	6383	-4.218258E-12	-2.370647E+11	11.444965	0.60029	0	0
0	0	0	-0.127126	8.326474	-1.776208	8.326474	6385	-3.307061E-12	-3.023833E+11	11.346053	0.598984	0	0
0	0	0	-0.12702	8.326497	-1.776105	8.326497	6386	-3.218349E-12	-3.107183E+11	11.454512	0.597817	0	0
0	0	0	-0.127159	8.326254	-1.776197	8.326254	6385	-4.506539E-12	-2.218998E+11	11.327626	0.596788	0	0
0	0	0	-0.127175	8.326209	-1.776204	8.326209	6385	-4.874901E-12	-2.051324E+11	11.463428	0.595264	0	0
0	0	0	-0.127175	8.326126	-1.776188	8.326126	6385	-5.715884E-12	-1.749511E+11	11.310339	0.594571	0	0
0	0	0	-0.127224	8.326561	-1.776324	8.326561	6384	-2.991381E-12	-3.342937E+11	11.454249	0.593127	0	0
0	0	0	-0.127388	8.326442	-1.776464	8.326442	6383	-3.439532E-12	-2.907372E+11	11.303129	0.592533	0	0
0	0	0	-0.12702	8.326538	-1.776113	8.326538	6386	-3.069305E-12	-3.258066E+11	11.445585	0.590891	0	0
0	0	0	-0.127232	8.326438	-1.776307	8.326438	6384	-3.460032E-12	-2.890146E+11	11.298298	0.590238	0	0
0	0	0	-0.127151	8.326181	-1.776174	8.326181	6385	-5.126314E-12	-1.950719E+11	11.443896	0.588437	0	0
0	0	0	-0.127094	8.326419	-1.776164	8.326419	6385	-3.542802E-12	-2.822624E+11	11.291833	0.58814	0	0
0	0	0	-0.127371	8.326447	-1.776449	8.326447	6383	-3.419804E-12	-2.924145E+11	11.422834	0.58628	0	0
0	0	0	-0.127224	8.326406	-1.776293	8.326406	6384	-3.60652E-12	-2.772756E+11	11.291408	0.586043	0	0
0	0	0	-0.127102	8.326396	-1.776168	8.326396	6385	-3.651251E-12	-2.738787E+11	11.397592	0.584163	0	0
0	0	0	-0.12742	8.326396	-1.776488	8.326396	6383	-3.650107E-12	-2.739645E+11	11.299659	0.583906	0	0
0	0	0	-0.127094	8.326236	-1.776128	8.326236	6385	-4.646995E-12	-2.151928E+11	11.381446	0.581828	0	0
0	0	0	-0.127216	8.326419	-1.776287	8.326419	6384	-3.542248E-12	-2.823066E+11	11.314114	0.581491	0	0
0	0	0	-0.12733	8.326268	-1.776372	8.326268	6384	-4.405955E-12	-2.269655E+11	11.353633	0.57979	0	0
0	0	0	-0.127143	8.326529	-1.776235	8.326529	6385	-3.100735E-12	-3.225042E+11	11.31653	0.579334	0	0
0	0	0	-0.127273	8.326479	-1.776357	8.326479	6384	-3.288309E-12	-3.041077E+11	11.325038	0.577672	0	0
0	0	0	-0.127355	8.326511	-1.776445	8.326511	6383	-3.165597E-12	-3.158962E+11	11.323648	0.577197	0	0
0	0	0	-0.127265	8.326479	-1.776348	8.326479	6384	-3.288309E-12	-3.041077E+11	11.298321	0.575594	0	0
0	0	0	-0.12702	8.326373	-1.776081	8.326373	6386	-3.767139E-12	-2.654534E+11	11.334314	0.574882	0	0
0	0	0	-0.126955	8.326396	-1.776019	8.326396	6386	-3.651823E-12	-2.738358E+11	11.277124	0.573477	0	0
0	0	0	-0.127004	8.326273	-1.776044	8.326273	6386	-4.375009E-12	-2.285709E+11	11.340634	0.572587	0	0
0	0	0	-0.127322	8.326456	-1.776401	8.326456	6384	-3.381547E-12	-2.957227E+11	11.247914	0.571399	0	0
0	0	0	-0.127167	8.326273	-1.776209	8.326273	6385	-4.374324E-12	-2.286067E+11	11.347201	0.570311	0	0
0	0	0	-0.127322	8.32657	-1.776424	8.32657	6384	-2.961667E-12	-3.376477E+11	11.234362	0.569144	0	0
0	0	0	-0.127281	8.326406	-1.77635	8.326406	6384	-3.60652E-12	-2.772756E+11	11.354046	0.567976	0	0
0	0	0	-0.127559	8.326346	-1.776618	8.326346	6382	-3.913057E-12	-2.555547E+11	11.217176	0.567026	0	0
0	0	0	-0.127347	8.326341	-1.776403	8.326341	6383	-3.939531E-12	-2.538373E+11	11.356213	0.5657	0	0
0	0	0	-0.127592	8.326529	-1.776687	8.326529	6382	-3.099278E-12	-3.226558E+11	11.200079	0.565067	0	0
0	0	0	-0.127477	8.326451	-1.776557	8.326451	6382	-3.399767E-12	-2.941378E+11	11.344759	0.563524	0	0
0	0	0	-0.127339	8.3263	-1.776387	8.3263	6384	-4.189279E-12	-2.387046E+11	11.189239	0.563167	0	0
0	0	0	-0.127232	8.326419	-1.776304	8.326419	6384	-3.542248E-12	-2.823066E+11	11.340203	0.561347	0	0
0	0	0	-0.127314	8.326502	-1.776402	8.326502	6384	-3.200075E-12	-3.124927E+11	11.190343	0.560912	0	0
0	0	0	-0.127347	8.326351	-1.776405	8.326351	6383	-3.888148E-12	-2.571919E+11	11.327905	0.55915	0	0
0	0	0	-0.127379	8.326438	-1.776455	8.326438	6383	-3.45949E-12	-2.890599E+11	11.187131	0.558933	0	0
0	0	0	-0.127347	8.326392	-1.776413	8.326392	6383	-3.672592E-12	-2.722873E+11	11.311217	0.557172	0	0
0	0	0	-0.127322	8.326483	-1.776407	8.326483	6384	-3.270275E-12	-3.057847E+11	11.177998	0.556994	0	0
0	0	0	-0.127183	8.326424	-1.776255	8.326424	6385	-3.521881E-12	-2.839392E+11	11.298791	0.554995	0	0
0	0	0	-0.127355	8.326465	-1.776436	8.326465	6383	-3.343101E-12	-2.991235E+11	11.182466	0.554896	0	0
0	0	0	-0.127755	8.326433	-1.776833	8.326433	6381	-3.478591E-12	-2.874727E+11	11.280414	0.552798	0	0
0	0	0	-0.127175	8.326291	-1.776221	8.326291	6385	-4.249646E-12	-2.353137E+11	11.18998	0.552739	0	0
0	0	0	-0.127379	8.326442	-1.776456	8.326442	6383	-3.439532E-12	-2.907372E+11	11.249134	0.550938	0	0
0	0	0	-0.127159	8.326364	-1.776219	8.326364	6385	-3.814733E-12	-2.621415E+11	11.200662	0.550641	0	0
0	0	0	-0.127355	8.326428	-1.776429	8.326428	6383	-3.500109E-12	-2.857054E+11	11.225661	0.548979	0	0
0	0	0	-0.127167	8.326465	-1.776247	8.326465	6385	-3.344148E-12	-2.990298E+11	11.208636	0.548524	0	0
0	0	0	-0.127159	8.326602	-1.776266	8.326602	6385	-2.862606E-12	-3.49332E+11	11.201167	0.546941	0	0
0	0	0	-0.127437	8.32625	-1.776476	8.32625	6383	-4.539429E-12	-2.20292E+11	11.219974	0.546367	0	0
0	0	0	-0.127126	8.326589	-1.77623	8.326589	6385	-2.904429E-12	-3.443018E+11	11.177517	0.544883	0	0
0	0	0	-0.127494	8.326309	-1.776545	8.326309	6382	-4.129937E-12	-2.421344E+11	11.228235	0.544309	0	0
0	0	0	-0.127518	8.326547	-1.776617	8.326547	6382	-3.036137E-12	-3.293659E+11	11.146683	0.543142	0	0
0	0	0	-0.127061	8.326406	-1.776128	8.326406	6385	-3.607085E-12	-2.772322E+11	11.235646	0.542113	0	0
0	0	0	-0.127143	8.326254	-1.776181	8.326254	6385	-4.506539E-12	-2.218998E+11	11.132516	0.541104	0	0
0	0	0	-0.127232	8.326479	-1.776315	8.326479	6384	-3.288309E-12	-3.041077E+11	11.242767	0.539995	0	0
0	0	0	-0.127281	8.326309	-1.776331	8.326309	6384	-4.131232E-12	-2.420586E+11	11.108264	0.539243	0	0
0	0	0	-0.127461	8.326438	-1.776538	8.326438	6383	-3.45949E-12	-2.890599E+11	11.239592	0.538017	0	0
0	0	0	-0.127437	8.326291	-1.776484	8.326291	6383	-4.248315E-12	-2.353874E+11	11.088959	0.537364	0	0
0	0	0	-0.127143	8.326323	-1.776194	8.326323	6385	-4.047749E-12	-2.470509E+11	11.230931	0.536018	0	0
0	0	0	-0.127322	8.326296	-1.77637	8.326296	6384	-4.218919E-12	-2.370276E+11	11.074974	0.535503	0	0
0	0	0	-0.127322	8.326341	-1.776379	8.326341	6384	-3.940148E-12	-2.537976E+11	11.232421	0.533703	0	0
0	0	0	-0.127388	8.326506	-1.776477	8.326506	6383	-3.182495E-12	-3.142189E+11	11.077195	0.533327	0	0
0	0	0	-0.127281	8.326378	-1.776345	8.326378	6384	-3.742324E-12	-2.672136E+11	11.222749	0.531585	0	0
0	0	0	-0.127069	8.326236	-1.776103	8.326236	6385	-4.646995E-12	-2.151928E+11	11.066526	0.531625	0	0
0	0	0	-0.127502	8.326287	-1.776549	8.326287	6382	-4.278134E-12	-2.337468E+11	11.19723	0.529884	0	0
0	0	0	-0.127053	8.326483	-1.776135	8.326483	6385	-3.270787E-12	-3.057368E+11	11.065077	0.529785	0	0
0	0	0	-0.127469	8.326415	-1.776541	8.326415	6383	-3.562857E-12	-2.806736E+11	11.178301	0.527885	0	0
0	0	0	-0.127363	8.326355	-1.776423	8.326355	6383	-3.862956E-12	-2.588691E+11	11.078373	0.527687	0	0
0	0	0	-0.127306	8.326598	-1.776413	8.326598	6384	-2.875962E-12	-3.477097E+11	11.159001	0.525946	0	0
0	0	0	-0.12751	8.326552	-1.77661	8.326552	6382	-3.020752E-12	-3.310434E+11	11.078287	0.525669	0	0
0	0	0	-0.127469	8.326451	-1.776549	8.326451	6383	-3.4003E-12	-2.940917E+11	11.126215	0.524105	0	0
0	0	0	-0.127486	8.326488	-1.776572	8.326488	6382	-3.251419E-12	-3.07558E+11	11.085704	0.523809	0	0
0	0	0	-0.127102	8.326456	-1.776179	8.326456	6385	-3.382076E-12	-2.956763E+11	11.114491	0.521949	0	0
0	0	0	-0.127339	8.326543	-1.776435	8.326543	6384	-3.052636E-12	-3.275857E+11	11.100659	0.521672	0	0
0	0	0	-0.127265	8.326561	-1.776365	8.326561	6384	-2.991381E-12	-3.342937E+11	11.083307	0.520187	0	0
0	0	0	-0.1276	8.326497	-1.776689	8.326497	6382	-3.216333E-12	-3.109131E+11	11.108381	0.519673	0	0
0	0	0	-0.127575	8.326296	-1.776625	8.326296	6382	-4.217597E-12	-2.371018E+11	11.055025	0.518426	0	0
0	0	0	-0.127649	8.32646	-1.776731	8.32646	6381	-3.360899E-12	-2.975395E+11	11.112443	0.517694	0	0
0	0	0	-0.127208	8.326351	-1.776265	8.326351	6385	-3.889366E-12	-2.571113E+11	11.03068	0.516566	0	0
0	0	0	-0.12729	8.326415	-1.77636	8.326415	6384	-3.563416E-12	-2.806296E+11	0	0	0	0
0	0	0	-0.127502	8.326323	-1.776556	8.326323	6382	-4.045847E-12	-2.47167E+11	0	0	0	0
0	0	0	-0.12751	8.326337	-1.776567	8.326337	6382	-3.965113E-12	-2.521996E+11	0	0	0	0
0	0	0	-0.127347	8.326502	-1.776435	8.326502	6383	-3.199574E-12	-3.125416E+11	0	0	0	0
0	0	0	-0.127592	8.326497	-1.776681	8.326497	6382	-3.216333E-12	-3.109131E+11	0	0	0	0
0	0	0	-0.127624	8.326483	-1.776711	8.326483	6381	-3.268738E-12	-3.059284E+11	0	0	0	0
0	0	0	-0.127404	8.326401	-1.776473	8.326401	6383	-3.627897E-12	-2.756418E+11	0	0	0	0
0	0	0	-0.127469	8.326566	-1.776571	8.326566	6383	-2.975984E-12	-3.360234E+11	0	0	0	0
0	0	0	-0.127208	8.32636	-1.776267	8.32636	6385	-3.83929E-12	-2.604648E+11	0	0	0	0
0	0	0	-0.127559	8.326424	-1.776634	8.326424	6382	-3.520226E-12	-2.840726E+11	0	0	0	0
0	0	0	-0.127567	8.326309	-1.776619	8.326309	6382	-4.129937E-12	-2.421344E+11	0	0	0	0
0	0	0	-0.127559	8.326456	-1.77664	8.326456	6382	-3.380487E-12	-2.958153E+11	0	0	0	0
0	0	0	-0.127469	8.326355	-1.77653	8.326355	6383	-3.862956E-12	-2.588691E+11	0	0	0	0
0	0	0	-0.127502	8.326433	-1.776578	8.326433	6382	-3.479136E-12	-2.874277E+11	0	0	0	0
0	0	0	-0.127224	8.326373	-1.776286	8.326373	6384	-3.765959E-12	-2.655366E+11	0	0	0	0
0	0	0	-0.127535	8.326396	-1.776603	8.326396	6382	-3.649536E-12	-2.740075E+11	0	0	0	0
0	0	0	-0.127273	8.326337	-1.776328	8.326337	6384	-3.966356E-12	-2.521206E+11	0	0	0	0
0	0	0	-0.127575	8.326245	-1.776615	8.326245	6382	-4.57354E-12	-2.18649E+11	0	0	0	0
0	0	0	-0.127486	8.326154	-1.776506	8.326154	6382	-5.40253E-12	-1.850985E+11	0	0	0	0
0	0	0	-0.127232	8.32657	-1.776334	8.32657	6384	-2.961667E-12	-3.376477E+11	0	0	0	0
0	0	0	-0.12733	8.326589	-1.776436	8.326589	6384	-2.903974E-12	-3.443557E+11	0	0	0	0
0	0	0	-0.127461	8.326296	-1.77651	8.326296	6383	-4.218258E-12	-2.370647E+11	0	0	0	0
0	0	0	-0.127306	8.326351	-1.776364	8.326351	6384	-3.888757E-12	-2.571516E+11	0	0	0	0
0	0	0	-0.127249	8.326525	-1.776341	8.326525	6384	-3.116452E-12	-3.208777E+11	0	0	0	0
0	0	0	-0.127355	8.326346	-1.776413	8.326346	6383	-3.91367E-12	-2.555146E+11	0	0	0	0
0	0	0	-0.127453	8.326424	-1.776527	8.326424	6383	-3.520778E-12	-2.840281E+11	0	0	0	0
0	0	0	-0.127371	8.326442	-1.776448	8.326442	6383	-3.439532E-12	-2.907372E+11	0	0	0	0
0	0	0	-0.127363	8.32647	-1.776445	8.32647	6383	-3.324459E-12	-3.008008E+11	0	0	0	0
0	0	0	-0.127518	8.326387	-1.776585	8.326387	6382	-3.694776E-12	-2.706524E+11	0	0	0	0
0	0	0	-0.12733	8.326428	-1.776404	8.326428	6384	-3.500657E-12	-2.856606E+11	0	0	0	0
0	0	0	-0.127461	8.326213	-1.776493	8.326213	6383	-4.833862E-12	-2.068739E+11	0	0	0	0
0	0	0	-0.127494	8.326264	-1.776536	8.326264	6382	-4.437362E-12	-2.253591E+11	0	0	0	0
0	0	0	-0.127477	8.326277	-1.776522	8.326277	6382	-4.340434E-12	-2.303917E+11	0	0	0	0
0	0	0	-0.127526	8.326401	-1.776596	8.326401	6382	-3.627328E-12	-2.75685E+11	0	0	0	0
0	0	0	-0.127437	8.326511	-1.776527	8.326511	6383	-3.165597E-12	-3.158962E+11	0	0	0	0
0	0	0	-0.127559	8.32646	-1.776641	8.32646	6382	-3.361425E-12	-2.974929E+11	0	0	0	0
0	0	0	-0.127273	8.32657	-1.776375	8.32657	6384	-2.961667E-12	-3.376477E+11	0	0	0	0
0	0	0	-0.127575	8.326451	-1.776655	8.326451	6382	-3.399767E-12	-2.941378E+11	0	0	0	0
0	0	0	-0.127192	8.326566	-1.776292	8.326566	6385	-2.976916E-12	-3.359181E+11	0	0	0	0
0	0	0	-0.127543	8.326163	-1.776565	8.326163	6382	-5.306348E-12	-1.884535E+11	0	0	0	0
0	0	0	-0.127657	8.326406	-1.776729	8.326406	6381	-3.604825E-12	-2.77406E+11	0	0	0	0
0	0	0	-0.127592	8.326424	-1.776666	8.326424	6382	-3.520226E-12	-2.840726E+11	0	0	0	0
0	0	0	-0.127437	8.326643	-1.776554	8.326643	6383	-2.743207E-12	-3.645369E+11	0	0	0	0
0	0	0	-0.127461	8.326511	-1.776552	8.326511	6383	-3.165597E-12	-3.158962E+11	0	0	0	0
0	0	0	-0.127559	8.326341	-1.776617	8.326341	6382	-3.938913E-12	-2.538771E+11	0	0	0	0
0	0	0	-0.127461	8.32652	-1.776554	8.32652	6383	-3.132335E-12	-3.192507E+11	0	0	0	0
0	0	0	-0.127559	8.326291	-1.776607	8.326291	6382	-4.24765E-12	-2.354243E+11	0	0	0	0
0	0	0	-0.127339	8.326428	-1.776412	8.326428	6384	-3.500657E-12	-2.856606E+11	0	0	0	0
0	0	0	-0.127657	8.32636	-1.77672	8.32636	6381	-3.836885E-12	-2.606281E+11	0	0	0	0
0	0	0	-0.127698	8.326415	-1.776772	8.326415	6381	-3.561741E-12	-2.807616E+11	0	0	0	0
0	0	0	-0.127624	8.326561	-1.776727	8.326561	6381	-2.989976E-12	-3.344509E+11	0	0	0	0
0	0	0	-0.127518	8.326584	-1.776624	8.326584	6382	-2.917271E-12	-3.427861E+11	0	0	0	0
0	0	0	-0.127216	8.326506	-1.776304	8.326506	6384	-3.182993E-12	-3.141697E+11	0	0	0	0
0	0	0	-0.127494	8.326341	-1.776551	8.326341	6382	-3.938913E-12	-2.538771E+11	0	0	0	0
0	0	0	-0.12769	8.326355	-1.776752	8.326355	6381	-3.861745E-12	-2.589503E+11	0	0	0	0
0	0	0	-0.127477	8.326438	-1.776554	8.326438	6382	-3.458948E-12	-2.891052E+11	0	0	0	0
0	0	0	-0.127608	8.326515	-1.776701	8.326515	6381	-3.147891E-12	-3.17673E+11	0	0	0	0
0	0	0	-0.127445	8.326346	-1.776503	8.326346	6383	-3.91367E-12	-2.555146E+11	0	0	0	0
0	0	0	-0.127183	8.3262	-1.776211	8.3262	6385	-4.95592E-12	-2.017789E+11	0	0	0	0
0	0	0	-0.127526	8.326392	-1.776594	8.326392	6382	-3.672016E-12	-2.723299E+11	0	0	0	0
0	0	0	-0.127502	8.326419	-1.776575	8.326419	6382	-3.541138E-12	-2.823951E+11	0	0	0	0
0	0	0	-0.127771	8.326369	-1.776837	8.326369	6381	-3.788113E-12	-2.639837E+11	0	0	0	0
0	0	0	-0.127396	8.326163	-1.776417	8.326163	6383	-5.30718E-12	-1.88424E+11	0	0	0	0
0	0	0	-0.127559	8.326451	-1.776639	8.326451	6382	-3.399767E-12	-2.941378E+11	0	0	0	0
0	0	0	-0.127437	8.326378	-1.776501	8.326378	6383	-3.741738E-12	-2.672555E+11	0	0	0	0
0	0	0	-0.127265	8.326447	-1.776342	8.326447	6384	-3.420339E-12	-2.923687E+11	0	0	0	0
0	0	0	-0.127535	8.326373	-1.776599	8.326373	6382	-3.764779E-12	-2.656198E+11	0	0	0	0
0	0	0	-0.127388	8.326543	-1.776484	8.326543	6383	-3.052158E-12	-3.27637E+11	0	0	0	0
0	0	0	-0.127494	8.326575	-1.776598	8.326575	6382	-2.946106E-12	-3.394311E+11	0	0	0	0
0	0	0	-0.127388	8.326557	-1.776487	8.326557	6383	-3.005993E-12	-3.326688E+11	0	0	0	0
0	0	0	-0.127584	8.32647	-1.776667	8.32647	6382	-3.323939E-12	-3.008479E+11	0	0	0	0
0	0	0	-0.127298	8.326392	-1.776364	8.326392	6384	-3.673167E-12	-2.722446E+11	0	0	0	0
0	0	0	-0.127502	8.32636	-1.776563	8.32636	6382	-3.837486E-12	-2.605872E+11	0	0	0	0
0	0	0	-0.127502	8.326351	-1.776562	8.326351	6382	-3.887538E-12	-2.572322E+11	0	0	0	0
0	0	0	-0.127363	0	-0.127363	0	6383	0	0	0	0	0	0
0	0	0	-0.127363	0	-0.127363	0	6383	0	0	0	0	0	0
