Vload_(V)	ILoad_(A)	RsLoad_(ohm)	SunsVoc_Voltage_(V)	SunsVoc_Current_(A)	Model_Voltage_(V)	Model_Current_(A)	Carrier_Density_(cm-3)	Lifetime_(s)	Inverse_Lifetime_(s-1)	(Carrier_Density+Doping)/qWni^2_(cm^2/C)	Carrier_Density_at_Vmp_(cm-3)	Lifetime_at_Vmp_(s)	Efficiency_(%)	Intensity_(suns)	Dark_IV_Voltage_(V)	Dark_IV_Current_(A)
2.817883	4.986544	0	43.369154	-0.162508	43.45584	-0.162508	8.983611E+13	1.310314E-5	76317.588122	3.519891E+16	4.46671E+12	4.889213E-6	11.384908	1.139954	0	0
2.837649	4.98581	0.64858	43.216442	0.185793	43.115077	0.185793	8.276449E+13	1.294752E-5	77234.861807	3.517901E+16	0	0	11.358209	1.137144	0	0
3.539956	4.983574	1.628643	43.063027	0.523645	42.770946	0.523645	7.621742E+13	1.282593E-5	77967.064284	3.516059E+16	0	0	11.376446	1.131876	0	0
6.872252	4.947463	3.923223	42.901788	0.839144	42.422963	0.839144	6.989078E+13	1.265597E-5	79014.060686	3.514278E+16	0	0	11.386827	1.128891	0	0
10.530786	4.856618	4.321695	42.739356	1.123903	42.08352	1.123903	6.404556E+13	1.245249E-5	80305.205733	3.512634E+16	0	0	11.367622	1.125969	0	0
14.154167	4.831585	3.741488	42.579783	1.381669	41.755991	1.381669	5.877725E+13	1.224534E-5	81663.739313	3.511151E+16	0	0	11.376842	1.120453	0	0
17.772395	4.782669	3.246909	42.418135	1.617499	41.432933	1.617499	5.388025E+13	1.201087E-5	83257.9202	3.509773E+16	0	0	11.380341	1.112104	0	0
21.390573	4.72135	2.732599	42.256112	1.837503	41.113222	1.837503	4.937965E+13	1.177664E-5	84913.877973	3.508507E+16	0	0	11.393519	1.104026	0	0
24.812765	4.680186	2.142215	42.08798	2.042488	40.790271	2.042488	4.510496E+13	1.150615E-5	86910.064455	3.507304E+16	0	0	11.398475	1.097464	0	0
28.336678	4.654318	1.463303	41.914065	2.231763	40.46522	2.231763	4.107095E+13	1.119694E-5	89310.110339	3.506169E+16	0	0	11.392455	1.089139	0	0
29.390679	4.62553	1.313474	41.741081	2.407418	40.145071	2.407418	3.741542E+13	1.089506E-5	91784.699179	3.50514E+16	0	0	11.405752	1.079081	0	0
30.440612	4.571464	1.217723	41.566366	2.5707	39.826373	2.5707	3.405257E+13	1.058602E-5	94464.220493	3.504194E+16	0	0	11.414429	1.069016	0	0
31.499496	4.504749	1.124365	41.394476	2.720646	39.515787	2.720646	3.103848E+13	1.028754E-5	97204.962454	3.503346E+16	0	0	11.420068	1.059636	0	0
32.544802	4.415683	1.047376	41.220954	2.861023	39.205832	2.861023	2.826566E+13	9.987236E-6	100127.796806	3.502565E+16	0	0	11.427233	1.050329	0	0
33.591241	4.297415	0.977233	41.04748	2.991468	38.899196	2.991468	2.574071E+13	9.689751E-6	103201.827133	3.501855E+16	0	0	11.428606	1.040216	0	0
34.630023	4.143436	0.918017	40.870935	3.114114	38.590834	3.114114	2.340209E+13	9.386435E-6	106536.722338	3.501197E+16	0	0	11.439722	1.029863	0	0
35.654579	3.946061	0.873089	40.693394	3.229181	38.283431	3.229181	2.126414E+13	9.087361E-6	110042.949036	3.500595E+16	0	0	11.447918	1.02026	0	0
36.706735	3.694408	0.826204	40.513402	3.337279	37.974976	3.337279	1.929567E+13	8.7866E-6	113809.666829	3.500041E+16	0	0	11.448848	1.010969	0	0
37.69471	3.386969	0.793176	40.332545	3.437598	37.668351	3.437598	1.750099E+13	8.485507E-6	117848.000201	3.499536E+16	0	0	11.455634	1.00115	0	0
38.705751	2.998163	0.766435	40.152554	3.529954	37.366234	3.529954	1.588043E+13	8.187977E-6	122130.292778	3.49908E+16	0	0	11.460074	0.991061	0	0
39.711053	2.531896	0.736691	39.969149	3.616172	37.062008	3.616172	1.438323E+13	7.8826E-6	126861.692904	3.498659E+16	0	0	11.462494	0.981315	0	0
40.656625	1.994364	0.734087	39.786299	3.696804	36.760558	3.696804	1.303094E+13	7.587965E-6	131787.646326	3.498278E+16	0	0	11.464209	0.971872	0	0
41.591316	1.373894	0.756868	39.602273	3.771526	36.460155	3.771526	1.179818E+13	7.292625E-6	137124.840099	3.497932E+16	0	0	11.463247	0.962508	0	0
42.384885	0.780016	0.77204	39.418884	3.840874	36.162953	3.840874	1.068561E+13	7.00473E-6	142760.671909	3.497619E+16	0	0	11.463055	0.953121	0	0
33.140813	4.350748	1.009644	39.238206	3.905631	35.871239	3.905631	9.692068E+12	6.734063E-6	148498.756476	3.497339E+16	0	0	11.464536	0.943782	0	0
43.300892	0	0	39.055161	3.966341	35.578095	3.966341	8.779595E+12	6.463077E-6	154725.057527	3.497082E+16	0	0	11.46673	0.93457	0	0
0	0	0	38.875398	4.023458	35.290719	4.023458	7.967092E+12	6.212786E-6	160958.376559	3.496854E+16	0	0	11.46586	0.925391	0	0
0	0	0	38.699523	4.07645	35.010592	4.07645	7.24494E+12	5.978606E-6	167263.063915	3.49665E+16	0	0	11.462029	0.916227	0	0
0	0	0	38.524399	4.125844	34.733286	4.125844	6.590885E+12	5.751003E-6	173882.715292	3.496466E+16	0	0	11.45851	0.90684	0	0
0	0	0	38.353392	4.171696	34.463391	4.171696	6.009198E+12	5.538488E-6	180554.693305	3.496303E+16	0	0	11.45504	0.897964	0	0
0	0	0	38.180245	4.214947	34.191851	4.214947	5.472495E+12	5.326551E-6	187738.755674	3.496152E+16	0	0	11.452133	0.889024	0	0
0	0	0	38.008731	4.255362	33.924028	4.255362	4.988109E+12	5.123443E-6	195181.261	3.496015E+16	0	0	11.446817	0.880107	0	0
0	0	0	37.836711	4.293507	33.656634	4.293507	4.545337E+12	4.925619E-6	203020.159546	3.495891E+16	0	0	11.440088	0.871343	0	0
0	0	0	37.663384	4.330406	33.387668	4.330406	4.138931E+12	4.737445E-6	211084.240805	3.495776E+16	0	0	11.433658	0.862746	0	0
0	0	0	37.487297	4.365819	33.115453	4.365819	3.763234E+12	4.553166E-6	219627.403022	3.495671E+16	0	0	11.426922	0.854221	0	0
0	0	0	37.307191	4.398349	32.839749	4.398349	3.414207E+12	4.359329E-6	229393.113093	3.495572E+16	0	0	11.419158	0.845808	0	0
0	0	0	37.121793	4.428919	32.557973	4.428919	3.088696E+12	4.159916E-6	240389.470661	3.495481E+16	0	0	11.410998	0.837522	0	0
0	0	0	36.934762	4.457801	32.274848	4.457801	2.791746E+12	3.965363E-6	252183.70746	3.495397E+16	0	0	11.401097	0.829436	0	0
0	0	0	36.744218	4.484239	31.98869	4.484239	2.518555E+12	3.76561E-6	265561.245456	3.49532E+16	0	0	11.392179	0.82139	0	0
0	0	0	36.550146	4.509628	31.698065	4.509628	2.267764E+12	3.571142E-6	280022.452342	3.49525E+16	0	0	11.379332	0.813575	0	0
0	0	0	36.355486	4.533484	31.407527	4.533484	2.041293E+12	3.383773E-6	295528.088514	3.495186E+16	0	0	11.364564	0.80588	0	0
0	0	0	36.156531	4.555969	31.111916	4.555969	1.833173E+12	3.197467E-6	312747.604262	3.495128E+16	0	0	11.35064	0.798162	0	0
0	0	0	35.960531	4.577522	30.820674	4.577522	1.648903E+12	3.027605E-6	330294.125551	3.495076E+16	0	0	11.337752	0.790515	0	0
0	0	0	35.765104	4.597711	30.531091	4.597711	1.483611E+12	2.865555E-6	348972.575757	3.495029E+16	0	0	11.322233	0.782884	0	0
0	0	0	35.571391	4.616692	30.244622	4.616692	1.336126E+12	2.713126E-6	368578.594946	3.494988E+16	0	0	11.307089	0.775308	0	0
0	0	0	35.379116	4.634613	29.960773	4.634613	1.204235E+12	2.569833E-6	389130.395917	3.494951E+16	0	0	11.289266	0.767813	0	0
0	0	0	35.18885	4.651376	29.6805	4.651376	1.086542E+12	2.434641E-6	410738.195188	3.494917E+16	0	0	11.273115	0.760334	0	0
0	0	0	35.003044	4.667566	29.406523	4.667566	9.827166E+11	2.313762E-6	432196.599048	3.494888E+16	0	0	11.257071	0.753014	0	0
0	0	0	34.819884	4.68247	29.137259	4.68247	8.900837E+11	2.198381E-6	454880.17634	3.494862E+16	0	0	11.233322	0.745998	0	0
0	0	0	34.639402	4.696741	28.872019	4.696741	8.073502E+11	2.092235E-6	477957.855534	3.494839E+16	0	0	11.21428	0.738734	0	0
0	0	0	34.459999	4.710092	28.608994	4.710092	7.327333E+11	1.990571E-6	502368.347824	3.494818E+16	0	0	11.195141	0.731709	0	0
0	0	0	34.282866	4.722939	28.349345	4.722939	6.658289E+11	1.896964E-6	527158.065241	3.494799E+16	0	0	11.173269	0.724805	0	0
0	0	0	34.108412	4.734981	28.094044	4.734981	6.059099E+11	1.808892E-6	552824.527454	3.494782E+16	0	0	11.14887	0.71794	0	0
0	0	0	33.935412	4.746409	27.841201	4.746409	5.518164E+11	1.725796E-6	579442.773634	3.494767E+16	0	0	11.124416	0.711163	0	0
0	0	0	33.763196	4.757243	27.589894	4.757243	5.027649E+11	1.646682E-6	607281.958348	3.494753E+16	0	0	11.0971	0.704594	0	0
0	0	0	33.591552	4.767214	27.340211	4.767214	4.582152E+11	1.568994E-6	637351.091055	3.494741E+16	0	0	11.071722	0.698016	0	0
0	0	0	33.417817	4.777073	27.087517	4.777073	4.171411E+11	1.49558E-6	668636.863344	3.494729E+16	0	0	11.049804	0.691303	0	0
0	0	0	33.245143	4.786379	26.836759	4.786379	3.799667E+11	1.425633E-6	701442.905294	3.494719E+16	0	0	11.025233	0.684845	0	0
0	0	0	33.073107	4.795209	26.587269	4.795209	3.462244E+11	1.35898E-6	735846.105575	3.494709E+16	0	0	10.997449	0.678484	0	0
0	0	0	32.90027	4.803303	26.337436	4.803303	3.153419E+11	1.292435E-6	773733.564307	3.4947E+16	0	0	10.969604	0.672209	0	0
0	0	0	32.727417	4.811341	26.087435	4.811341	2.872115E+11	1.231146E-6	812251.336051	3.494693E+16	0	0	10.940176	0.666103	0	0
0	0	0	32.554956	4.818853	25.838488	4.818853	2.616459E+11	1.171802E-6	853386.386139	3.494685E+16	0	0	10.912816	0.659981	0	0
0	0	0	32.380012	4.826122	25.586242	4.826122	2.380362E+11	1.114368E-6	897369.878444	3.494679E+16	0	0	10.886548	0.653874	0	0
0	0	0	32.207028	4.833058	25.336979	4.833058	2.167865E+11	1.060754E-6	942725.235098	3.494673E+16	0	0	10.856939	0.647832	0	0
0	0	0	32.033309	4.839464	25.087269	4.839464	1.973553E+11	1.007734E-6	992324.966169	3.494667E+16	0	0	10.820044	0.641933	0	0
0	0	0	31.861648	4.845659	24.840539	4.845659	1.798657E+11	9.588148E-7	1042954.312412	3.494662E+16	0	0	10.790801	0.635842	0	0
0	0	0	31.691507	4.851683	24.595997	4.851683	1.640607E+11	9.13623E-7	1094543.412776	3.494658E+16	0	0	10.758908	0.629904	0	0
0	0	0	31.514766	4.85707	24.343081	4.85707	1.491117E+11	8.649256E-7	1156168.836332	3.494654E+16	0	0	10.723576	0.624021	0	0
0	0	0	31.339724	4.862424	24.092419	4.862424	1.356492E+11	8.207766E-7	1218358.294977	3.49465E+16	0	0	10.693789	0.61809	0	0
0	0	0	31.165172	4.867623	23.842521	4.867623	1.234349E+11	7.795232E-7	1282835.427564	3.494646E+16	0	0	10.654758	0.612438	0	0
0	0	0	30.99	4.872556	23.59202	4.872556	1.122828E+11	7.397838E-7	1351746.205591	3.494643E+16	0	0	10.618237	0.606699	0	0
0	0	0	30.814402	4.877467	23.340827	4.877467	1.021147E+11	7.030826E-7	1422307.93228	3.49464E+16	0	0	10.581668	0.600904	0	0
0	0	0	30.637106	4.881654	23.088258	4.881654	9.27822E+10	6.643255E-7	1505286.117508	3.494638E+16	0	0	10.543459	0.595292	0	0
0	0	0	30.460839	4.885692	22.837233	4.885692	8.434951E+10	6.281244E-7	1592041.203421	3.494635E+16	0	0	10.506447	0.589729	0	0
0	0	0	30.285863	4.889983	22.587487	4.889983	7.673676E+10	5.968311E-7	1675515.77112	3.494633E+16	0	0	10.467695	0.584085	0	0
0	0	0	30.110396	4.894004	22.337371	4.894004	6.979258E+10	5.664049E-7	1765521.517279	3.494631E+16	0	0	10.427358	0.57861	0	0
0	0	0	29.934684	4.897576	22.08752	4.897576	6.346839E+10	5.357637E-7	1866494.628394	3.49463E+16	0	0	10.386758	0.573198	0	0
0	0	0	29.759561	4.901088	21.838485	4.901088	5.773561E+10	5.073981E-7	1970839.041119	3.494628E+16	0	0	10.343822	0.567857	0	0
0	0	0	29.582607	4.904549	21.586891	4.904549	5.246873E+10	4.80579E-7	2080823.490997	3.494626E+16	0	0	10.299583	0.562669	0	0
0	0	0	29.408676	4.907995	21.339428	4.907995	4.776027E+10	4.566385E-7	2189915.860091	3.494625E+16	0	0	10.254623	0.557528	0	0
0	0	0	29.233259	4.911003	21.090526	4.911003	4.343941E+10	4.31866E-7	2315532.918442	3.494624E+16	0	0	10.211282	0.552396	0	0
0	0	0	29.057906	4.914072	20.84153	4.914072	3.951086E+10	4.094433E-7	2442340.585193	3.494623E+16	0	0	10.164894	0.547112	0	0
0	0	0	28.882489	4.916831	20.59288	4.916831	3.593632E+10	3.871413E-7	2583036.42513	3.494622E+16	0	0	10.117397	0.542107	0	0
0	0	0	28.707136	4.919756	20.343962	4.919756	3.268633E+10	3.675515E-7	2720706.983307	3.494621E+16	0	0	10.068403	0.537198	0	0
0	0	0	28.533663	4.922272	20.098277	4.922272	2.976046E+10	3.477509E-7	2875621.680179	3.49462E+16	0	0	10.022214	0.532129	0	0
0	0	0	28.361806	4.924871	19.85463	4.924871	2.71202E+10	3.302533E-7	3027979.091022	3.494619E+16	0	0	9.96568	0.527499	0	0
0	0	0	28.189198	4.927155	19.610416	4.927155	2.470413E+10	3.123996E-7	3201028.487387	3.494619E+16	0	0	9.916138	0.522694	0	0
0	0	0	28.019563	4.929344	19.370442	4.929344	2.25395E+10	2.959373E-7	3379094.505862	3.494618E+16	0	0	9.868202	0.517849	0	0
0	0	0	27.846758	4.931788	19.125547	4.931788	2.052934E+10	2.815748E-7	3551454.106734	3.494617E+16	0	0	9.815399	0.513219	0	0
0	0	0	27.672615	4.933729	18.879617	4.933729	1.868492E+10	2.656945E-7	3763720.832981	3.494617E+16	0	0	9.767441	0.508501	0	0
0	0	0	27.498341	4.935803	18.633213	4.935803	1.7005E+10	2.516874E-7	3973182.822752	3.494616E+16	0	0	9.708659	0.503935	0	0
0	0	0	27.324295	4.937699	18.387389	4.937699	1.547804E+10	2.379818E-7	4202002.215271	3.494616E+16	0	0	9.662868	0.499154	0	0
0	0	0	27.147571	4.939385	18.138165	4.939385	1.40678E+10	2.240335E-7	4463617.196697	3.494616E+16	0	0	9.600708	0.494772	0	0
0	0	0	26.970193	4.941387	17.887404	4.941387	1.278154E+10	2.125713E-7	4704304.519277	3.494615E+16	0	0	9.548053	0.490222	0	0
0	0	0	26.790643	4.943029	17.634226	4.943029	1.159925E+10	2.001883E-7	4995296.139417	3.494615E+16	0	0	9.496827	0.485768	0	0
0	0	0	26.612334	4.944594	17.382874	4.944594	1.05334E+10	1.885737E-7	5302966.996334	3.494615E+16	0	0	9.443588	0.48125	0	0
0	0	0	26.433927	4.946324	17.13103	4.946324	9.564972E+9	1.786043E-7	5598969.357159	3.494614E+16	0	0	9.388363	0.47682	0	0
0	0	0	26.253298	4.947773	16.876575	4.947773	8.675159E+9	1.680413E-7	5950918.260577	3.494614E+16	0	0	9.330626	0.472581	0	0
0	0	0	26.070367	4.949227	16.618858	4.949227	7.858334E+9	1.581504E-7	6323095.872457	3.494614E+16	0	0	9.275985	0.468327	0	0
0	0	0	25.886063	4.950792	16.358973	4.950792	7.11314E+9	1.494181E-7	6692631.207974	3.494614E+16	0	0	9.211878	0.46416	0	0
0	0	0	25.700012	4.951991	16.097314	4.951991	6.432532E+9	1.39813E-7	7152408.919195	3.494613E+16	0	0	9.15119	0.459969	0	0
0	0	0	25.513192	4.953208	15.834516	4.953208	5.814632E+9	1.309941E-7	7633931.039733	3.494613E+16	0	0	9.089262	0.455874	0	0
0	0	0	25.323498	4.954573	15.56738	4.954573	5.247925E+9	1.23277E-7	8111810.123489	3.494613E+16	0	0	9.023552	0.451851	0	0
0	0	0	25.132432	4.955729	15.298707	4.955729	4.732939E+9	1.153487E-7	8669365.542826	3.494613E+16	0	0	8.953778	0.447924	0	0
0	0	0	24.937789	4.956873	15.025032	4.956873	4.260242E+9	1.078332E-7	9273583.051163	3.494613E+16	0	0	8.885013	0.444092	0	0
0	0	0	24.742557	4.957902	14.750736	4.957902	3.833537E+9	1.005164E-7	9948629.733297	3.494613E+16	0	0	8.813632	0.440165	0	0
0	0	0	24.544745	4.959107	14.47245	4.959107	3.444761E+9	9.429016E-8	1.060556E+7	3.494613E+16	0	0	8.747431	0.436166	0	0
0	0	0	24.343829	4.960063	14.190307	4.960063	3.090223E+9	8.764091E-8	1.14102E+7	3.494613E+16	0	0	8.682424	0.432327	0	0
0	0	0	24.142047	4.961208	13.906538	4.961208	2.770878E+9	8.213362E-8	1.217528E+7	3.494612E+16	0	0	8.621203	0.428335	0	0
0	0	0	23.937929	4.962004	13.620199	4.962004	2.481399E+9	7.593916E-8	1.316844E+7	3.494612E+16	0	0	8.559846	0.424392	0	0
0	0	0	23.735314	4.963049	13.335408	4.963049	2.223968E+9	7.108775E-8	1.406712E+7	3.494612E+16	0	0	8.494876	0.420625	0	0
0	0	0	23.52989	4.963911	13.04705	4.963911	1.990219E+9	6.60403E-8	1.514227E+7	3.494612E+16	0	0	8.42972	0.416785	0	0
0	0	0	23.321542	4.964768	12.754597	4.964768	1.778225E+9	6.132783E-8	1.630581E+7	3.494612E+16	0	0	8.359949	0.413249	0	0
0	0	0	23.109404	4.965537	12.457018	4.965537	1.585561E+9	5.668354E-8	1.76418E+7	3.494612E+16	0	0	8.29333	0.409577	0	0
0	0	0	22.896449	4.966184	12.158537	4.966184	1.413147E+9	5.212477E-8	1.918474E+7	3.494612E+16	0	0	8.225418	0.406065	0	0
0	0	0	22.682171	4.967052	11.857706	4.967052	1.258581E+9	4.849067E-8	2.062253E+7	3.494612E+16	0	0	8.141163	0.402808	0	0
0	0	0	22.465117	4.967759	11.553323	4.967759	1.11924E+9	4.474657E-8	2.234808E+7	3.494612E+16	0	0	8.058291	0.399464	0	0
0	0	0	22.245857	4.968528	11.245704	4.968528	9.941397E+8	4.144037E-8	2.413106E+7	3.494612E+16	0	0	7.977908	0.396103	0	0
0	0	0	22.023314	4.969263	10.933552	4.969263	8.814563E+8	3.830656E-8	2.610519E+7	3.494612E+16	0	0	7.903629	0.392655	0	0
0	0	0	21.799301	4.969788	10.619794	4.969788	7.809245E+8	3.500138E-8	2.85703E+7	3.494612E+16	0	0	7.836003	0.389031	0	0
0	0	0	21.573246	4.970662	10.302379	4.970662	6.910953E+8	3.267873E-8	3.060095E+7	3.494612E+16	0	0	7.768034	0.385614	0	0
0	0	0	21.345655	4.971115	9.983749	4.971115	6.110916E+8	2.974473E-8	3.361941E+7	3.494612E+16	0	0	7.703616	0.381975	0	0
0	0	0	21.113703	4.971712	9.658686	4.971712	5.39077E+8	2.729571E-8	3.66358E+7	3.494612E+16	0	0	7.631272	0.37867	0	0
0	0	0	20.881278	4.972276	9.333017	4.972276	4.754273E+8	2.502424E-8	3.996125E+7	3.494612E+16	0	0	7.546992	0.375637	0	0
0	0	0	20.647774	4.972619	9.00634	4.972619	4.190485E+8	2.259964E-8	4.424849E+7	3.494612E+16	0	0	7.453277	0.372771	0	0
0	0	0	20.41285	4.973133	8.677262	4.973133	3.690717E+8	2.066741E-8	4.838535E+7	3.494612E+16	0	0	7.370722	0.369865	0	0
0	0	0	20.173351	4.973935	8.341098	4.973935	3.242527E+8	1.931191E-8	5.178151E+7	3.494612E+16	0	0	7.289151	0.366848	0	0
0	0	0	19.93284	4.974604	8.003808	4.974604	2.847204E+8	1.79074E-8	5.584282E+7	3.494612E+16	0	0	7.210062	0.363559	0	0
0	0	0	19.691332	4.974725	7.666425	4.974725	2.498732E+8	1.587743E-8	6.298249E+7	3.494612E+16	0	0	7.142376	0.360191	0	0
0	0	0	19.447669	4.975278	7.324976	4.975278	2.190355E+8	1.460089E-8	6.848897E+7	3.494612E+16	0	0	7.071217	0.356894	0	0
0	0	0	19.202404	4.975765	6.981435	4.975765	1.918375E+8	1.336499E-8	7.482234E+7	3.494612E+16	0	0	6.993143	0.353773	0	0
0	0	0	18.956747	4.976118	6.637655	4.976118	1.679811E+8	1.210011E-8	8.264388E+7	3.494612E+16	0	0	6.895003	0.351083	0	0
0	0	0	18.708494	4.976666	6.289754	4.976666	1.468851E+8	1.116669E-8	8.955203E+7	3.494612E+16	0	0	6.794731	0.348481	0	0
0	0	0	18.45877	4.977019	5.940266	4.977019	1.283364E+8	1.011898E-8	9.882421E+7	3.494612E+16	0	0	6.706338	0.345591	0	0
0	0	0	18.20555	4.977379	5.585869	4.977379	1.119184E+8	9.170428E-9	1.090462E+8	3.494612E+16	0	0	6.619432	0.342622	0	0
0	0	0	17.95434	4.977688	5.23439	4.977688	9.770673E+7	8.285819E-9	1.206881E+8	3.494612E+16	0	0	6.549317	0.339222	0	0
0	0	0	17.701088	4.977998	4.880048	4.977998	8.520562E+7	7.487433E-9	1.335571E+8	3.494612E+16	0	0	6.471784	0.336077	0	0
0	0	0	17.444405	4.978308	4.520905	4.978308	7.416632E+7	6.762315E-9	1.478784E+8	3.494612E+16	0	0	6.365	0.333506	0	0
0	0	0	17.186922	4.978507	4.160921	4.978507	6.452934E+7	6.02932E-9	1.658562E+8	3.494612E+16	0	0	6.258889	0.331287	0	0
0	0	0	16.928917	4.978789	3.799981	4.978789	5.612871E+7	5.435051E-9	1.839909E+8	3.494612E+16	0	0	6.154256	0.328709	0	0
0	0	0	16.674113	4.979424	3.442558	4.979424	4.890627E+7	5.158538E-9	1.938534E+8	3.494612E+16	0	0	6.079022	0.325404	0	0
0	0	0	16.41137	4.979557	3.075373	4.979557	4.24307E+7	4.560491E-9	2.192746E+8	3.494612E+16	0	0	6.004388	0.322227	0	0
0	0	0	16.150326	4.980016	2.709674	4.980016	3.684637E+7	4.238623E-9	2.359257E+8	3.494612E+16	0	0	5.911057	0.319633	0	0
0	0	0	15.887257	4.980126	2.342075	4.980126	3.196199E+7	3.740089E-9	2.673733E+8	3.494612E+16	0	0	5.802249	0.317518	0	0
0	0	0	15.622816	4.980563	1.971662	4.980563	2.770452E+7	3.478608E-9	2.874713E+8	3.494612E+16	0	0	5.687913	0.315155	0	0
0	0	0	15.359093	4.980967	1.602326	4.980967	2.40235E+7	3.234662E-9	3.091513E+8	3.494612E+16	0	0	5.605871	0.311938	0	0
0	0	0	15.094178	4.980994	1.232354	4.980994	2.081814E+7	2.817035E-9	3.549832E+8	3.494612E+16	0	0	5.530278	0.308833	0	0
0	0	0	14.828348	4.98137	0.860127	4.98137	1.803154E+7	2.617236E-9	3.820824E+8	3.494612E+16	0	0	5.416145	0.306654	0	0
0	0	0	14.560362	4.981636	0.485185	4.981636	1.559975E+7	2.386668E-9	4.189941E+8	3.494612E+16	0	0	5.287815	0.304602	0	0
0	0	0	14.292392	4.981779	0.110601	4.981779	1.349603E+7	2.127097E-9	4.701244E+8	3.494612E+16	0	0	5.185899	0.301641	0	0
0	0	0	14.02439	4.982039	-0.264367	4.982039	1.167581E+7	1.946344E-9	5.137839E+8	3.494612E+16	0	0	5.09889	0.298648	0	0
0	0	0	13.755081	4.982144	-0.640724	4.982144	1.009395E+7	1.722816E-9	5.80445E+8	3.494612E+16	0	0	4.975851	0.29654	0	0
0	0	0	13.484971	4.982432	-1.018734	4.982432	8722624	1.592823E-9	6.278161E+8	3.494612E+16	0	0	4.850067	0.294321	0	0
0	0	0	13.216152	4.982526	-1.394387	4.982526	7542864	1.409601E-9	7.094209E+8	3.494612E+16	0	0	4.751776	0.291384	0	0
0	0	0	12.951008	4.982852	-1.765598	4.982852	6535642	1.329258E-9	7.522996E+8	3.494612E+16	0	0	4.645808	0.288774	0	0
0	0	0	12.678563	4.982985	-2.146443	4.982985	5640610	1.189978E-9	8.403515E+8	3.494612E+16	0	0	4.505226	0.287129	0	0
0	0	0	12.408355	4.983139	-2.524235	4.983139	4874041	1.075002E-9	9.302311E+8	3.494612E+16	0	0	4.395004	0.284224	0	0
0	0	0	12.138654	4.983206	-2.90106	4.983206	4212804	9.476236E-10	1.055271E+9	3.494612E+16	0	0	4.278068	0.28163	0	0
0	0	0	11.868708	4.983388	-3.278583	4.983388	3640791	8.662908E-10	1.154347E+9	3.494612E+16	0	0	4.140946	0.279929	0	0
0	0	0	11.597798	4.98351	-3.657273	4.98351	3144807	7.782651E-10	1.284909E+9	3.494612E+16	0	0	4.027172	0.277104	0	0
0	0	0	11.330466	4.983659	-4.031058	4.983659	2721649	7.08386E-10	1.41166E+9	3.494612E+16	0	0	3.903589	0.274781	0	0
0	0	0	11.06359	4.984074	-4.405034	4.984074	2356012	7.161215E-10	1.396411E+9	3.494612E+16	0	0	3.769746	0.272841	0	0
0	0	0	10.795294	4.984217	-4.780166	4.984217	2037931	6.576999E-10	1.52045E+9	3.494612E+16	0	0	3.653459	0.270383	0	0
0	0	0	10.528125	4.984234	-5.15333	4.984234	1763867	5.733375E-10	1.744173E+9	3.494612E+16	0	0	3.531042	0.268379	0	0
0	0	0	10.261935	4.984422	-5.525669	4.984422	1527469	5.40465E-10	1.850259E+9	3.494612E+16	0	0	3.419949	0.266048	0	0
0	0	0	9.99702	4.984389	-5.895531	4.984389	1323665	4.611464E-10	2.168509E+9	3.494612E+16	0	0	3.315572	0.263965	0	0
0	0	0	9.732889	4.984549	-6.264918	4.984549	1147540	4.319081E-10	2.315307E+9	3.494612E+16	0	0	3.218802	0.261722	0	0
0	0	0	9.471274	4.984759	-6.630959	4.984759	996204	4.190684E-10	2.386245E+9	3.494612E+16	0	0	3.124873	0.25959	0	0
0	0	0	9.211275	4.984715	-6.993924	4.984715	865582	3.553182E-10	2.814379E+9	3.494612E+16	0	0	3.027817	0.257547	0	0
0	0	0	8.95144	4.984715	-7.356803	4.984715	752153	3.08756E-10	3.238803E+9	3.494612E+16	0	0	2.936198	0.255472	0	0
0	0	0	8.695754	4.984875	-7.714416	4.984875	655057	2.94725E-10	3.392993E+9	3.494612E+16	0	0	2.84982	0.253412	0	0
0	0	0	8.442861	4.985124	-8.068428	4.985124	571356	3.020881E-10	3.310293E+9	3.494612E+16	0	0	2.759857	0.251257	0	0
0	0	0	8.194085	4.98508	-8.415724	4.98508	499461	2.561018E-10	3.904698E+9	3.494612E+16	0	0	2.674342	0.249253	0	0
0	0	0	7.945782	4.985229	-8.763005	4.985229	436724	2.493436E-10	4.010531E+9	3.494612E+16	0	0	2.591603	0.24713	0	0
0	0	0	7.702804	4.985279	-9.10252	4.985279	382969	2.272482E-10	4.400474E+9	3.494612E+16	0	0	2.494695	0.245318	0	0
0	0	0	7.46378	4.985312	-9.436459	4.985312	336548	2.050773E-10	4.87621E+9	3.494612E+16	0	0	2.410629	0.243275	0	0
0	0	0	7.228365	4.985605	-9.766244	4.985605	296332	2.368871E-10	4.22142E+9	3.494612E+16	0	0	2.327748	0.241375	0	0
0	0	0	6.994796	4.985428	-10.091851	4.985428	261182	1.757031E-10	5.691419E+9	3.494612E+16	0	0	2.236313	0.239427	0	0
0	0	0	6.767401	4.985611	-10.410066	4.985611	230971	1.857306E-10	5.384142E+9	3.494612E+16	0	0	2.156416	0.237663	0	0
0	0	0	6.54476	4.985721	-10.7214	4.985721	204780	1.867819E-10	5.353838E+9	3.494612E+16	0	0	2.073027	0.235524	0	0
0	0	0	6.326709	4.985771	-11.026116	4.985771	182010	1.7669E-10	5.65963E+9	3.494612E+16	0	0	1.982071	0.233728	0	0
0	0	0	6.111648	4.985682	-11.326175	4.985682	162034	1.411586E-10	7.084233E+9	3.494612E+16	0	0	1.904807	0.231924	0	0
0	0	0	5.902695	4.986042	-11.619272	4.986042	144727	2.161987E-10	4.625374E+9	3.494612E+16	0	0	1.817293	0.230192	0	0
0	0	0	5.698234	4.985942	-11.904487	4.985942	129583	1.615918E-10	6.188434E+9	3.494612E+16	0	0	1.749679	0.228324	0	0
0	0	0	5.500307	4.985909	-12.180809	4.985909	116434	1.376154E-10	7.266626E+9	3.494612E+16	0	0	1.661005	0.226392	0	0
0	0	0	5.306497	4.986025	-12.451912	4.986025	104853	1.516313E-10	6.594944E+9	3.494612E+16	0	0	1.588504	0.224636	0	0
0	0	0	5.115169	4.98623	-12.719867	4.98623	94550	2.255811E-10	4.432996E+9	3.494612E+16	0	0	1.514868	0.222872	0	0
0	0	0	4.932173	4.986152	-12.97518	4.986152	85645	1.640096E-10	6.097202E+9	3.494612E+16	0	0	1.43656	0.221052	0	0
0	0	0	4.753668	4.986246	-13.224835	4.986246	77766	1.958562E-10	5.105786E+9	3.494612E+16	0	0	1.365397	0.21928	0	0
0	0	0	4.580014	4.986091	-13.466817	4.986091	70799	1.173788E-10	8.519425E+9	3.494612E+16	0	0	1.293988	0.217564	0	0
0	0	0	4.410983	4.986185	-13.703241	4.986185	64616	1.351719E-10	7.397988E+9	3.494612E+16	0	0	1.215862	0.215832	0	0
0	0	0	4.245334	4.98618	-13.934583	4.98618	59081	1.217187E-10	8.215661E+9	3.494612E+16	0	0	1.150558	0.214108	0	0
0	0	0	4.08679	4.986517	-14.157254	4.986517	54229	1.491293E-9	6.705589E+8	3.494612E+16	0	0	1.079564	0.212399	0	0
0	0	0	3.932803	4.986219	-14.371234	4.986219	49897	1.150066E-10	8.695151E+9	3.494612E+16	0	0	1.008532	0.210691	0	0
0	0	0	3.783864	4.986368	-14.579806	4.986368	46037	1.958081E-10	5.107041E+9	3.494612E+16	0	0	0.94153	0.208991	0	0
0	0	0	3.639596	4.986296	-14.78104	4.986296	42583	1.287247E-10	7.768519E+9	3.494612E+16	0	0	0.880399	0.207299	0	0
0	0	0	3.499135	4.986324	-14.977326	4.986324	39470	1.34251E-10	7.448732E+9	3.494612E+16	0	0	0.825752	0.205638	0	0
0	0	0	3.362594	4.986628	-15.169164	4.986628	36661	-3.307029E-10	-3.023863E+9	3.494612E+16	0	0	0.768608	0.204098	0	0
0	0	0	3.22945	4.986346	-15.354078	4.986346	34116	1.289551E-10	7.754636E+9	3.494612E+16	0	0	0.709022	0.202334	0	0
0	0	0	3.102367	4.986567	-15.532403	4.986567	31851	-1.065751E-9	-9.383056E+8	3.494612E+16	0	0	0.654997	0.200761	0	0
0	0	0	2.978534	4.98639	-15.7047	4.98639	29788	1.44835E-10	6.904409E+9	3.494612E+16	0	0	0.600883	0.199125	0	0
0	0	0	2.858785	4.986572	-15.872641	4.986572	27921	-7.496164E-10	-1.334016E+9	3.494612E+16	0	0	0.550114	0.197536	0	0
0	0	0	2.742792	4.98676	-16.035358	4.98676	26224	-9.120639E-11	-1.096414E+10	3.494612E+16	0	0	0.500936	0.195956	0	0
0	0	0	2.630247	4.986379	-16.191115	4.986379	24676	1.119648E-10	8.931378E+9	3.494612E+16	0	0	0.471448	0.194367	0	0
0	0	0	2.522307	4.986683	-16.343025	4.986683	23277	-1.261841E-10	-7.924931E+9	3.494612E+16	0	0	0.426352	0.192851	0	0
0	0	0	2.416345	4.986705	-16.49111	4.986705	21981	-1.027568E-10	-9.731719E+9	3.494612E+16	0	0	0.392709	0.19123	0	0
0	0	0	2.312179	4.986572	-16.636098	4.986572	20778	-5.578428E-10	-1.79262E+9	3.494612E+16	0	0	0.354415	0.18977	0	0
0	0	0	2.213942	4.986423	-16.772739	4.986423	19703	1.219984E-10	8.196825E+9	3.494612E+16	0	0	0.310499	0.188285	0	0
0	0	0	2.118156	4.986617	-16.907263	4.986617	18709	-1.946104E-10	-5.138472E+9	3.494612E+16	0	0	0.283813	0.186864	0	0
0	0	0	2.025849	4.986362	-17.035219	4.986362	17798	7.340171E-11	1.362366E+10	3.494612E+16	0	0	0.264786	0.185252	0	0
0	0	0	1.935698	4.986545	-17.161832	4.986545	16952	-3.838226E-8	-2.605371E+7	3.494612E+16	0	0	0.23807	0.183767	0	0
0	0	0	1.847262	4.986407	-17.284822	4.986407	16161	8.802993E-11	1.135977E+10	3.494612E+16	0	0	0.216745	0.182402	0	0
0	0	0	1.764527	4.986589	-17.40108	4.986589	15453	-2.604572E-10	-3.839402E+9	3.494612E+16	0	0	0.185317	0.180901	0	0
0	0	0	1.68488	4.986672	-17.512645	4.986672	14802	-8.720064E-11	-1.146781E+10	3.494612E+16	0	0	0.162657	0.179489	0	0
0	0	0	1.604611	4.986633	-17.624609	4.986633	14174	-1.198962E-10	-8.340547E+9	3.494612E+16	0	0	0.138324	0.178068	0	0
0	0	0	1.525356	4.986716	-17.735628	4.986716	13579	-5.939159E-11	-1.68374E+10	3.494612E+16	0	0	0.134485	0.17683	0	0
0	0	0	1.4494	4.986583	-17.841206	4.986583	13033	-2.507831E-10	-3.987509E+9	3.494612E+16	0	0	0.115791	0.175322	0	0
0	0	0	1.376171	4.986633	-17.943678	4.986633	12527	-1.059644E-10	-9.437129E+9	3.494612E+16	0	0	0.11117	0.173909	0	0
0	0	0	1.305246	4.986705	-18.04302	4.986705	12056	-5.635938E-11	-1.774327E+10	3.494612E+16	0	0	0.097409	0.172624	0	0
0	0	0	1.236902	4.986633	-18.138199	4.986633	11619	-9.828377E-11	-1.017462E+10	3.494612E+16	0	0	0.091793	0.171379	0	0
0	0	0	1.169587	4.98665	-18.232285	4.98665	11204	-7.985623E-11	-1.25225E+10	3.494612E+16	0	0	0.065815	0.16999	0	0
0	0	0	1.105899	4.986749	-18.321628	4.986749	10824	-3.967719E-11	-2.520339E+10	3.494612E+16	0	0	0.06276	0.168665	0	0
0	0	0	1.042455	4.986738	-18.410199	4.986738	10460	-4.053016E-11	-2.467298E+10	3.494612E+16	0	0	0.056812	0.167347	0	0
0	0	0	0.981641	4.98676	-18.495227	4.98676	10121	-3.520058E-11	-2.840863E+10	3.494612E+16	0	0	0.055029	0.166174	0	0
0	0	0	0.92135	4.986849	-18.579784	4.986849	9797	-2.417216E-11	-4.13699E+10	3.494612E+16	0	0	0.04537	0.164689	0	0
0	0	0	0.863934	4.986595	-18.658984	4.986595	9497	-1.424022E-10	-7.022361E+9	3.494612E+16	0	0	0.03984	0.163556	0	0
0	0	0	0.807824	4.986771	-18.738047	4.986771	9214	-3.048512E-11	-3.280289E+10	3.494612E+16	0	0	0.032074	0.162263	0	0
0	0	0	0.75343	4.986805	-18.814152	4.986805	8947	-2.58276E-11	-3.871827E+10	3.494612E+16	0	0	0.028598	0.161097	0	0
0	0	0	0.699003	4.98681	-18.890194	4.98681	8687	-2.455527E-11	-4.072446E+10	3.494612E+16	0	0	0.020633	0.159852	0	0
0	0	0	0.648235	4.986849	-18.961256	4.986849	8452	-2.085364E-11	-4.795326E+10	3.494612E+16	0	0	0.0335	0.158615	0	0
0	0	0	0.597712	4.986794	-19.031606	4.986794	8224	-2.479422E-11	-4.033198E+10	3.494612E+16	0	0	0.033754	0.15733	0	0
0	0	0	0.547401	4.986893	-19.10227	4.986893	8003	-1.72408E-11	-5.800195E+10	3.494612E+16	0	0	0.024126	0.156093	0	0
0	0	0	0.500488	4.986893	-19.167795	4.986893	7803	-1.680994E-11	-5.94886E+10	3.494612E+16	0	0	0.021235	0.154927	0	0
0	0	0	0.453706	4.98681	-19.232811	4.98681	7608	-2.150529E-11	-4.650018E+10	3.494612E+16	0	0	0.02292	0.153778	0	0
0	0	0	0.410255	4.986915	-19.293915	4.986915	7432	-1.505569E-11	-6.642006E+10	3.494612E+16	0	0	0.013781	0.152588	0	0
0	0	0	0.365531	4.986644	-19.355312	4.986644	7254	-5.456553E-11	-1.832659E+10	3.494612E+16	0	0	0.006068	0.151471	0	0
0	0	0	0.323911	4.986799	-19.414058	4.986799	7093	-2.092014E-11	-4.780082E+10	3.494612E+16	0	0	0.020255	0.150353	0	0
0	0	0	0.283335	4.986888	-19.471081	4.986888	6939	-1.518951E-11	-6.583492E+10	3.494612E+16	0	0	0.003779	0.149188	0	0
0	0	0	0.24356	4.987026	-19.527185	4.987026	6791	-1.059677E-11	-9.436835E+10	3.494612E+16	0	0	0.003804	0.148134	0	0
0	0	0	0.205778	4.986937	-19.579606	4.986937	6654	-1.272085E-11	-7.861109E+10	3.494612E+16	0	0	0.010255	0.146905	0	0
0	0	0	0.169107	4.986871	-19.630564	4.986871	6524	-1.500649E-11	-6.663784E+10	3.494612E+16	0	0	0.003052	0.145763	0	0
0	0	0	0.132697	4.986777	-19.681046	4.986777	6396	-2.065845E-11	-4.840634E+10	3.494612E+16	0	0	0.010399	0.144702	0	0
0	0	0	0.09895	4.986639	-19.727632	4.986639	6281	-5.001593E-11	-1.999363E+10	3.494612E+16	0	0	-0.000184	0.143568	0	0
0	0	0	0.066869	4.9867	-19.772683	4.9867	6172	-2.988112E-11	-3.346595E+10	3.494612E+16	0	0	-0.001835	0.142634	0	0
0	0	0	0.034559	4.986959	-19.818846	4.986959	6066	-1.097874E-11	-9.108515E+10	3.494612E+16	0	0	0.008127	0.141405	0	0
0	0	0	0.003474	4.987053	-19.862638	4.987053	5965	-8.802338E-12	-1.136062E+11	3.494612E+16	0	0	-0.005205	0.140519	0	0
0	0	0	-0.024589	4.986865	-19.901086	4.986865	5875	-1.374641E-11	-7.274624E+10	3.494612E+16	0	0	0.009079	0.139338	0	0
0	0	0	-0.049924	4.986771	-19.936098	4.986771	5795	-1.917313E-11	-5.215632E+10	3.494612E+16	0	0	0.006586	0.138532	0	0
0	0	0	-0.072482	4.98676	-19.967562	4.98676	5725	-1.99114E-11	-5.022248E+10	3.494612E+16	0	0	0.008345	0.137366	0	0
0	0	0	-0.09228	4.986805	-19.99539	4.986805	5664	-1.635046E-11	-6.116037E+10	3.494612E+16	0	0	0.008401	0.136352	0	0
0	0	0	-0.109562	4.986932	-20.020037	4.986932	5611	-1.088E-11	-9.19118E+10	3.494612E+16	0	0	-0.004524	0.135243	0	0
0	0	0	-0.122548	4.987037	-20.038594	4.987037	5572	-8.499375E-12	-1.176557E+11	3.494612E+16	0	0	0.003293	0.134173	0	0
0	0	0	-0.133378	4.986876	-20.053081	4.986876	5539	-1.252866E-11	-7.9817E+10	3.494612E+16	0	0	0.01034	0.133191	0	0
0	0	0	-0.143979	4.9867	-20.067181	4.9867	5508	-2.666643E-11	-3.750034E+10	3.494612E+16	0	0	-0.000199	0.132186	0	0
0	0	0	-0.150758	4.986766	-20.076914	4.986766	5487	-1.860727E-11	-5.374244E+10	3.494612E+16	0	0	0.008707	0.131124	0	0
0	0	0	-0.156181	4.986783	-20.084555	4.986783	5472	-1.726357E-11	-5.792544E+10	3.494612E+16	0	0	-0.001996	0.13015	0	0
0	0	0	-0.162453	4.986888	-20.093736	4.986888	5453	-1.193665E-11	-8.377563E+10	3.494612E+16	0	0	0.000701	0.129041	0	0
0	0	0	-0.167599	4.986998	-20.101365	4.986998	5438	-9.002565E-12	-1.110795E+11	3.494612E+16	0	0	0.008908	0.127931	0	0
0	0	0	-0.171715	4.986849	-20.106518	4.986849	5426	-1.338758E-11	-7.469608E+10	3.494612E+16	0	0	-0.002957	0.127077	0	0
0	0	0	-0.174525	4.986854	-20.110464	4.986854	5417	-1.312697E-11	-7.617907E+10	3.494612E+16	0	0	0.00164	0.126015	0	0
0	0	0	-0.177334	4.986876	-20.114477	4.986876	5409	-1.223461E-11	-8.173532E+10	3.494612E+16	0	0	0.009099	0.124994	0	0
0	0	0	-0.179017	4.986843	-20.116694	4.986843	5404	-1.357994E-11	-7.363802E+10	3.494612E+16	0	0	0.000726	0.124076	0	0
0	0	0	-0.180568	4.986998	-20.119481	4.986998	5400	-8.939657E-12	-1.118611E+11	3.494612E+16	0	0	0.001675	0.123166	0	0
0	0	0	-0.181548	4.986893	-20.120429	4.986893	5397	-1.162672E-11	-8.600881E+10	3.494612E+16	0	0	0.006439	0.122168	0	0
0	0	0	-0.183182	4.987114	-20.123595	4.987114	5392	-7.107524E-12	-1.40696E+11	3.494612E+16	0	0	0.001698	0.121274	0	0
0	0	0	-0.183835	4.987125	-20.124552	4.987125	5390	-6.969634E-12	-1.434796E+11	3.494612E+16	0	0	-0.005031	0.120444	0	0
0	0	0	-0.185338	4.986948	-20.125944	4.986948	5386	-1.001487E-11	-9.985153E+10	3.494612E+16	0	0	0.00366	0.119526	0	0
0	0	0	-0.186514	4.986998	-20.127785	4.986998	5383	-8.911513E-12	-1.122144E+11	3.494612E+16	0	0	0.005635	0.11868	0	0
0	0	0	-0.18689	4.987158	-20.128951	4.987158	5382	-6.583315E-12	-1.518992E+11	3.494612E+16	0	0	0.005678	0.11769	0	0
0	0	0	-0.187886	4.98697	-20.129591	4.98697	5379	-9.482681E-12	-1.054554E+11	3.494612E+16	0	0	0.003739	0.116748	0	0
0	0	0	-0.188148	4.987241	-20.13104	4.987241	5378	-5.795649E-12	-1.725432E+11	3.494612E+16	0	0	-0.004207	0.116053	0	0
0	0	0	-0.189128	4.986937	-20.131193	4.986937	5375	-1.027571E-11	-9.731687E+10	3.494612E+16	0	0	0.004788	0.115167	0	0
0	0	0	-0.189895	4.986926	-20.132221	4.986926	5373	-1.056936E-11	-9.461307E+10	3.494612E+16	0	0	0.010882	0.114265	0	0
0	0	0	-0.19014	4.986937	-20.132607	4.986937	5372	-1.026997E-11	-9.737122E+10	3.494612E+16	0	0	0.003839	0.113395	0	0
0	0	0	-0.191431	4.986876	-20.134166	4.986876	5368	-1.214188E-11	-8.23596E+10	3.494612E+16	0	0	0.00284	0.112589	0	0
0	0	0	-0.192117	4.986954	-20.135434	4.986954	5366	-9.842956E-12	-1.015955E+11	3.494612E+16	0	0	0.009057	0.111567	0	0
0	0	0	-0.192689	4.986904	-20.136034	4.986904	5365	-1.120248E-11	-8.926593E+10	3.494612E+16	0	0	0.007031	0.110873	0	0
0	0	0	-0.193211	4.98702	-20.137228	4.98702	5363	-8.465742E-12	-1.181231E+11	3.494612E+16	0	0	-0.001278	0.110195	0	0
0	0	0	-0.193309	4.986959	-20.137122	4.986959	5363	-9.706392E-12	-1.030249E+11	3.494612E+16	0	0	0.00712	0.10934	0	0
0	0	0	-0.194583	4.987004	-20.139078	4.987004	5359	-8.76497E-12	-1.140905E+11	3.494612E+16	0	0	0.002939	0.10843	0	0
0	0	0	-0.194927	4.986937	-20.139292	4.986937	5358	-1.024321E-11	-9.762564E+10	3.494612E+16	0	0	0.008284	0.107696	0	0
0	0	0	-0.195188	4.987009	-20.139945	4.987009	5357	-8.657467E-12	-1.155072E+11	3.494612E+16	0	0	0.006199	0.106818	0	0
0	0	0	-0.195727	4.986959	-20.140499	4.986959	5356	-9.693723E-12	-1.031595E+11	3.494612E+16	0	0	0.015965	0.106036	0	0
0	0	0	-0.195939	4.986948	-20.140751	4.986948	5355	-9.957227E-12	-1.004296E+11	3.494612E+16	0	0	0.00302	0.105222	0	0
0	0	0	-0.196315	4.987125	-20.141983	4.987125	5354	-6.923083E-12	-1.444443E+11	3.494612E+16	0	0	0.005223	0.104607	0	0
0	0	0	-0.19674	4.987076	-20.142377	4.987076	5353	-7.570303E-12	-1.320951E+11	3.494612E+16	0	0	0.003058	0.103753	0	0
0	0	0	-0.197034	4.987081	-20.14281	4.987081	5352	-7.490907E-12	-1.334952E+11	3.494612E+16	0	0	0.025261	0.10301	0	0
0	0	0	-0.197589	4.98686	-20.142702	4.98686	5350	-1.273739E-11	-7.850899E+10	3.494612E+16	0	0	0.016484	0.102332	0	0
0	0	0	-0.197801	4.986959	-20.143396	4.986959	5350	-9.682863E-12	-1.032752E+11	3.494612E+16	0	0	0.016594	0.101582	0	0
0	0	0	-0.197932	4.986915	-20.143402	4.986915	5349	-1.083597E-11	-9.228527E+10	3.494612E+16	0	0	0.01219	0.100775	0	0
0	0	0	-0.197948	4.987081	-20.144088	4.987081	5349	-7.486708E-12	-1.335701E+11	3.494612E+16	0	0	0.008847	0.100121	0	0
0	0	0	-0.198732	4.987092	-20.145227	4.987092	5347	-7.33281E-12	-1.363734E+11	3.494612E+16	0	0	-0.007117	0.099578	0	0
0	0	0	-0.198879	4.986998	-20.145057	4.986998	5347	-8.851915E-12	-1.129699E+11	3.494612E+16	0	0	0.012412	0.098756	0	0
0	0	0	-0.199174	4.987092	-20.145843	4.987092	5346	-7.331439E-12	-1.363989E+11	3.494612E+16	0	0	0.010166	0.098125	0	0
0	0	0	-0.19919	4.98702	-20.145579	4.98702	5346	-8.438907E-12	-1.184988E+11	3.494612E+16	0	0	0.016075	0.097343	0	0
0	0	0	-0.199272	4.986943	-20.145383	4.986943	5346	-1.007844E-11	-9.922171E+10	3.494612E+16	0	0	0.012648	0.096704	0	0
0	0	0	-0.199092	4.986899	-20.144955	4.986899	5346	-1.133706E-11	-8.820626E+10	3.494612E+16	0	0	0.012734	0.095986	0	0
0	0	0	-0.198798	4.986976	-20.144854	4.986976	5347	-9.305511E-12	-1.074632E+11	3.494612E+16	0	0	0.005671	0.095443	0	0
0	0	0	-0.198732	4.986954	-20.144674	4.986954	5347	-9.808104E-12	-1.019565E+11	3.494612E+16	0	0	0.004515	0.094717	0	0
0	0	0	-0.199288	4.987031	-20.14576	4.987031	5345	-8.245702E-12	-1.212753E+11	3.494612E+16	0	0	0.00935	0.094126	0	0
0	0	0	-0.198781	4.987109	-20.145362	4.987109	5347	-7.117266E-12	-1.405034E+11	3.494612E+16	0	0	0.010623	0.093432	0	0
0	0	0	-0.198749	4.986993	-20.144852	4.986993	5347	-8.961117E-12	-1.115932E+11	3.494612E+16	0	0	0.009468	0.092817	0	0
0	0	0	-0.198553	4.986893	-20.14418	4.986893	5347	-1.1519E-11	-8.681309E+10	3.494612E+16	0	0	0.005852	0.092155	0	0
0	0	0	-0.197948	4.986921	-20.143447	4.986921	5349	-1.067675E-11	-9.366143E+10	3.494612E+16	0	0	0.003417	0.09166	0	0
0	0	0	-0.198406	4.986788	-20.143555	4.986788	5348	-1.648942E-11	-6.064493E+10	3.494612E+16	0	0	0.002202	0.090909	0	0
0	0	0	-0.197507	4.986987	-20.143096	4.986987	5351	-9.079835E-12	-1.101342E+11	3.494612E+16	0	0	0.00346	0.090383	0	0
0	0	0	-0.197409	4.986982	-20.142937	4.986982	5351	-9.194682E-12	-1.087585E+11	3.494612E+16	0	0	0.014801	0.089592	0	0
0	0	0	-0.197703	4.987087	-20.143768	4.987087	5350	-7.411745E-12	-1.34921E+11	3.494612E+16	0	0	0.00983	0.08901	0	0
0	0	0	-0.197458	4.986888	-20.14263	4.986888	5351	-1.171337E-11	-8.537255E+10	3.494612E+16	0	0	0.002258	0.088403	0	0
0	0	0	-0.197442	4.986998	-20.143049	4.986998	5351	-8.858537E-12	-1.128855E+11	3.494612E+16	0	0	-0.002845	0.087884	0	0
0	0	0	-0.197752	4.98697	-20.143372	4.98697	5350	-9.431556E-12	-1.06027E+11	3.494612E+16	0	0	0.015167	0.087174	0	0
0	0	0	-0.197834	4.987004	-20.143619	4.987004	5350	-8.75025E-12	-1.142825E+11	3.494612E+16	0	0	0.00359	0.086719	0	0
0	0	0	-0.198046	4.986937	-20.14365	4.986937	5349	-1.0226E-11	-9.77899E+10	3.494612E+16	0	0	-0.006805	0.086096	0	0
0	0	0	-0.197197	4.986926	-20.142419	4.986926	5351	-1.052609E-11	-9.500206E+10	3.494612E+16	0	0	-0.004231	0.085402	0	0
0	0	0	-0.197311	4.986926	-20.142579	4.986926	5351	-1.052609E-11	-9.500206E+10	3.494612E+16	0	0	0.003664	0.084795	0	0
0	0	0	-0.197867	4.987092	-20.144018	4.987092	5350	-7.336924E-12	-1.362969E+11	3.494612E+16	0	0	-0.00428	0.084308	0	0
0	0	0	-0.197393	4.98697	-20.14287	4.98697	5351	-9.433319E-12	-1.060072E+11	3.494612E+16	0	0	0.006369	0.083813	0	0
0	0	0	-0.197099	4.987103	-20.14299	4.987103	5352	-7.194414E-12	-1.389967E+11	3.494612E+16	0	0	-0.013725	0.083222	0	0
0	0	0	-0.197589	4.987042	-20.143431	4.987042	5350	-8.070128E-12	-1.239138E+11	3.494612E+16	0	0	0.00916	0.08256	0	0
0	0	0	-0.19736	4.986959	-20.14278	4.986959	5351	-9.684673E-12	-1.032559E+11	3.494612E+16	0	0	0.013293	0.082025	0	0
0	0	0	-0.198014	4.986954	-20.143671	4.986954	5349	-9.811773E-12	-1.019184E+11	3.494612E+16	0	0	0.007911	0.081371	0	0
0	0	0	-0.198242	4.987158	-20.144808	4.987158	5349	-6.542949E-12	-1.528363E+11	3.494612E+16	0	0	0.009331	0.080876	0	0
0	0	0	-0.198389	4.987081	-20.144704	4.987081	5348	-7.485308E-12	-1.33595E+11	3.494612E+16	0	0	-0.012787	0.080293	0	0
0	0	0	-0.198618	4.987153	-20.145311	4.987153	5347	-6.599929E-12	-1.515168E+11	3.494612E+16	0	0	0.00108	0.079822	0	0
0	0	0	-0.198585	4.986982	-20.14458	4.986982	5347	-9.187809E-12	-1.088399E+11	3.494612E+16	0	0	0.020726	0.079231	0	0
0	0	0	-0.198242	4.98686	-20.143614	4.98686	5349	-1.273501E-11	-7.852367E+10	3.494612E+16	0	0	-0.001729	0.078665	0	0
0	0	0	-0.19968	4.986899	-20.145777	4.986899	5344	-1.133282E-11	-8.823927E+10	3.494612E+16	0	0	0.01816	0.078066	0	0
0	0	0	-0.19901	4.986794	-20.144421	4.986794	5346	-1.611745E-11	-6.204455E+10	3.494612E+16	0	0	0.009688	0.077547	0	0
0	0	0	-0.199386	4.98702	-20.145852	4.98702	5345	-8.437328E-12	-1.185209E+11	3.494612E+16	0	0	0.008309	0.07702	0	0
0	0	0	-0.199909	4.986921	-20.146185	4.986921	5343	-1.066478E-11	-9.37666E+10	3.494612E+16	0	0	0.02715	0.076573	0	0
0	0	0	-0.199713	4.987275	-20.147326	4.987275	5344	-5.497354E-12	-1.819057E+11	3.494612E+16	0	0	0.001128	0.076046	0	0
0	0	0	-0.200366	4.987026	-20.147243	4.987026	5342	-8.335733E-12	-1.199655E+11	3.494612E+16	0	0	0.001136	0.075432	0	0
0	0	0	-0.200709	4.986943	-20.147391	4.986943	5341	-1.006901E-11	-9.93146E+10	3.494612E+16	0	0	0.018821	0.074993	0	0
0	0	0	-0.200137	4.986959	-20.146659	4.986959	5343	-9.670194E-12	-1.034105E+11	3.494612E+16	0	0	0.005603	0.074386	0	0
0	0	0	-0.200921	4.986771	-20.147002	4.986771	5341	-1.767104E-11	-5.658975E+10	3.494612E+16	0	0	0.010109	0.073939	0	0
0	0	0	-0.201558	4.98697	-20.148688	4.98697	5339	-9.412164E-12	-1.062455E+11	3.494612E+16	0	0	0.010165	0.073476	0	0
0	0	0	-0.201036	4.987004	-20.14809	4.987004	5340	-8.733894E-12	-1.144965E+11	3.494612E+16	0	0	0.007203	0.073021	0	0
0	0	0	-0.201362	4.98697	-20.148414	4.98697	5340	-9.413927E-12	-1.062256E+11	3.494612E+16	0	0	-0.004895	0.072518	0	0
0	0	0	-0.200611	4.986876	-20.146989	4.986876	5342	-1.208307E-11	-8.276045E+10	3.494612E+16	0	0	-0.003396	0.072063	0	0
0	0	0	-0.201379	4.987004	-20.14857	4.987004	5340	-8.733894E-12	-1.144965E+11	3.494612E+16	0	0	0.008877	0.071504	0	0
0	0	0	-0.200872	4.987009	-20.147884	4.987009	5341	-8.631609E-12	-1.158533E+11	3.494612E+16	0	0	0.007386	0.07101	0	0
0	0	0	-0.200938	4.98697	-20.147821	4.98697	5341	-9.41569E-12	-1.062057E+11	3.494612E+16	0	0	-0.014341	0.070595	0	0
0	0	0	-0.200987	4.986921	-20.14769	4.986921	5341	-1.066079E-11	-9.380172E+10	3.494612E+16	0	0	0.00121	0.070219	0	0
0	0	0	-0.201313	4.987031	-20.148589	4.987031	5340	-8.237988E-12	-1.213889E+11	3.494612E+16	0	0	-0.009793	0.069661	0	0
0	0	0	-0.201199	4.986893	-20.147876	4.986893	5340	-1.150392E-11	-8.692689E+10	3.494612E+16	0	0	0.02337	0.06923	0	0
0	0	0	-0.201036	4.987031	-20.148201	4.987031	5340	-8.237988E-12	-1.213889E+11	3.494612E+16	0	0	-0.017868	0.068743	0	0
0	0	0	-0.200252	4.98686	-20.14642	4.98686	5343	-1.272073E-11	-7.861185E+10	3.494612E+16	0	0	0.033293	0.068232	0	0
0	0	0	-0.200268	4.986876	-20.14651	4.986876	5343	-1.208533E-11	-8.274496E+10	3.494612E+16	0	0	0.007697	0.067785	0	0
0	0	0	-0.199876	4.986993	-20.146426	4.986993	5344	-8.95609E-12	-1.116559E+11	3.494612E+16	0	0	-0.003609	0.067314	0	0
0	0	0	-0.200301	4.987026	-20.147152	4.987026	5342	-8.335733E-12	-1.199655E+11	3.494612E+16	0	0	-0.003629	0.066883	0	0
0	0	0	-0.199892	4.987098	-20.146869	4.987098	5344	-7.255453E-12	-1.378274E+11	3.494612E+16	0	0	-0.000369	0.066484	0	0
0	0	0	-0.199958	4.987081	-20.146894	4.987081	5343	-7.47831E-12	-1.3372E+11	3.494612E+16	0	0	0.012852	0.065909	0	0
0	0	0	-0.19919	4.986871	-20.144982	4.986871	5346	-1.229686E-11	-8.13216E+10	3.494612E+16	0	0	-0.00868	0.065534	0	0
0	0	0	-0.199337	4.987064	-20.145961	4.987064	5345	-7.719716E-12	-1.295384E+11	3.494612E+16	0	0	-0.027101	0.065127	0	0
0	0	0	-0.198389	4.986865	-20.143842	4.986865	5348	-1.251333E-11	-7.991477E+10	3.494612E+16	0	0	-0.00543	0.06456	0	0
0	0	0	-0.19901	4.986993	-20.145217	4.986993	5346	-8.959442E-12	-1.116141E+11	3.494612E+16	0	0	-0.00376	0.064281	0	0
0	0	0	-0.199484	4.987015	-20.145967	4.987015	5345	-8.536521E-12	-1.171437E+11	3.494612E+16	0	0	-0.002081	0.063913	0	0
0	0	0	-0.198978	4.987009	-20.145238	4.987009	5346	-8.63969E-12	-1.157449E+11	3.494612E+16	0	0	0.011595	0.063379	0	0
0	0	0	-0.198912	4.987015	-20.145169	4.987015	5346	-8.538118E-12	-1.171218E+11	3.494612E+16	0	0	0.004781	0.062908	0	0
0	0	0	-0.198389	4.986943	-20.144151	4.986943	5348	-1.008221E-11	-9.918461E+10	3.494612E+16	0	0	0.011736	0.062524	0	0
0	0	0	-0.199092	4.98707	-20.145641	4.98707	5346	-7.639936E-12	-1.308911E+11	3.494612E+16	0	0	0.013558	0.062069	0	0
0	0	0	-0.199549	4.986832	-20.145329	4.986832	5345	-1.394769E-11	-7.169649E+10	3.494612E+16	0	0	-0.009155	0.061726	0	0
0	0	0	-0.198553	4.987031	-20.144733	4.987031	5347	-8.248787E-12	-1.212299E+11	3.494612E+16	0	0	-0.000397	0.061327	0	0
0	0	0	-0.198667	4.986854	-20.144185	4.986854	5347	-1.295733E-11	-7.717637E+10	3.494612E+16	0	0	0.008457	0.060976	0	0
0	0	0	-0.198814	4.987009	-20.14501	4.987009	5347	-8.641306E-12	-1.157232E+11	3.494612E+16	0	0	0.012083	0.060513	0	0
0	0	0	-0.199076	4.987059	-20.145574	4.987059	5346	-7.80413E-12	-1.281373E+11	3.494612E+16	0	0	0.013973	0.06001	0	0
0	0	0	-0.1987	4.986849	-20.144209	4.986849	5347	-1.319267E-11	-7.579969E+10	3.494612E+16	0	0	0.014037	0.059691	0	0
0	0	0	-0.199239	4.986959	-20.145404	4.986959	5346	-9.675624E-12	-1.033525E+11	3.494612E+16	0	0	0.012301	0.059316	0	0
0	0	0	-0.198879	4.987103	-20.145477	4.987103	5347	-7.187692E-12	-1.391267E+11	3.494612E+16	0	0	-0.009528	0.059012	0	0
0	0	0	-0.19986	4.986987	-20.146381	4.986987	5344	-9.067957E-12	-1.102784E+11	3.494612E+16	0	0	-0.000413	0.058533	0	0
0	0	0	-0.19968	4.987004	-20.146197	4.987004	5344	-8.740436E-12	-1.144108E+11	3.494612E+16	0	0	0.005122	0.058214	0	0
0	0	0	-0.19986	4.986926	-20.146138	4.986926	5344	-1.051232E-11	-9.51265E+10	3.494612E+16	0	0	0.016323	0.057727	0	0
0	0	0	-0.199941	4.986948	-20.146341	4.986948	5343	-9.934914E-12	-1.006551E+11	3.494612E+16	0	0	0.025804	0.05728	0	0
0	0	0	-0.200448	4.98691	-20.146893	4.98691	5342	-1.09856E-11	-9.102823E+10	3.494612E+16	0	0	-0.013606	0.056937	0	0
0	0	0	-0.200578	4.986899	-20.147032	4.986899	5342	-1.132858E-11	-8.82723E+10	3.494612E+16	0	0	0.003361	0.056594	0	0
0	0	0	-0.200627	4.987076	-20.147808	4.987076	5342	-7.554746E-12	-1.323671E+11	3.494612E+16	0	0	0.018588	0.056306	0	0
0	0	0	-0.200758	4.987142	-20.148255	4.987142	5341	-6.714539E-12	-1.489306E+11	3.494612E+16	0	0	0.014912	0.055787	0	0
0	0	0	-0.200431	4.987175	-20.147932	4.987175	5342	-6.362519E-12	-1.571705E+11	3.494612E+16	0	0	0.032297	0.055532	0	0
0	0	0	-0.201036	4.987015	-20.148135	4.987015	5340	-8.528536E-12	-1.172534E+11	3.494612E+16	0	0	-0.008198	0.055061	0	0
0	0	0	-0.202097	4.986921	-20.149242	4.986921	5337	-1.06528E-11	-9.387202E+10	3.494612E+16	0	0	0.028811	0.05475	0	0
0	0	0	-0.201232	4.986932	-20.148077	4.986932	5340	-1.035451E-11	-9.657624E+10	3.494612E+16	0	0	0.007392	0.054486	0	0
0	0	0	-0.20164	4.987037	-20.149067	4.987037	5339	-8.143963E-12	-1.227903E+11	3.494612E+16	0	0	0.011366	0.054167	0	0
0	0	0	-0.202065	4.986854	-20.148931	4.986854	5337	-1.29331E-11	-7.732097E+10	3.494612E+16	0	0	-0.004406	0.0538	0	0
0	0	0	-0.202081	4.987098	-20.149927	4.987098	5337	-7.245949E-12	-1.380081E+11	3.494612E+16	0	0	0.035471	0.053345	0	0
0	0	0	-0.20164	4.987169	-20.149598	4.987169	5339	-6.41519E-12	-1.5588E+11	3.494612E+16	0	0	0.011584	0.053034	0	0
0	0	0	-0.201918	4.987087	-20.149654	4.987087	5338	-7.395121E-12	-1.352243E+11	3.494612E+16	0	0	0.009642	0.052642	0	0
0	0	0	-0.201493	4.986993	-20.148685	4.986993	5339	-8.94771E-12	-1.117604E+11	3.494612E+16	0	0	-0.006538	0.052395	0	0
0	0	0	-0.202065	4.987153	-20.150125	4.987153	5337	-6.587586E-12	-1.518007E+11	3.494612E+16	0	0	-0.00046	0.051876	0	0
0	0	0	-0.201444	4.987009	-20.148683	4.987009	5339	-8.628377E-12	-1.158966E+11	3.494612E+16	0	0	0.020087	0.051621	0	0
0	0	0	-0.20195	4.987064	-20.149611	4.987064	5338	-7.709606E-12	-1.297083E+11	3.494612E+16	0	0	0.032571	0.051341	0	0
0	0	0	-0.20164	4.987004	-20.148935	4.987004	5339	-8.732258E-12	-1.145179E+11	3.494612E+16	0	0	-0.000468	0.05091	0	0
0	0	0	-0.201705	4.987042	-20.149181	4.987042	5338	-8.052027E-12	-1.241923E+11	3.494612E+16	0	0	0.007897	0.050599	0	0
0	0	0	-0.200709	4.986998	-20.147612	4.986998	5341	-8.841982E-12	-1.130968E+11	3.494612E+16	0	0	-0.013089	0.050304	0	0
0	0	0	-0.201624	4.986843	-20.148271	4.986843	5339	-1.34166E-11	-7.453453E+10	3.494612E+16	0	0	0.00164	0.049936	0	0
0	0	0	-0.200758	4.98707	-20.147968	4.98707	5341	-7.632791E-12	-1.310137E+11	3.494612E+16	0	0	-0.015336	0.049761	0	0
0	0	0	-0.200823	4.986987	-20.147728	4.986987	5341	-9.062866E-12	-1.103404E+11	3.494612E+16	0	0	0.008075	0.049346	0	0
0	0	0	-0.200448	4.986948	-20.147048	4.986948	5342	-9.933054E-12	-1.00674E+11	3.494612E+16	0	0	-0.002633	0.049074	0	0
0	0	0	-0.200513	4.987009	-20.147382	4.987009	5342	-8.633225E-12	-1.158316E+11	3.494612E+16	0	0	0.03417	0.048659	0	0
0	0	0	-0.200007	4.98702	-20.146719	4.98702	5343	-8.434171E-12	-1.185653E+11	3.494612E+16	0	0	0.012567	0.048404	0	0
0	0	0	-0.200039	4.987081	-20.147008	4.987081	5343	-7.47831E-12	-1.3372E+11	3.494612E+16	0	0	0.010456	0.048069	0	0
0	0	0	-0.19986	4.986965	-20.146293	4.986965	5344	-9.544841E-12	-1.047686E+11	3.494612E+16	0	0	0.039147	0.047757	0	0
0	0	0	-0.200627	4.987076	-20.147808	4.987076	5342	-7.554746E-12	-1.323671E+11	3.494612E+16	0	0	0.034915	0.047486	0	0
0	0	0	-0.199941	4.98707	-20.146827	4.98707	5343	-7.635649E-12	-1.309646E+11	3.494612E+16	0	0	0.02617	0.047254	0	0
0	0	0	-0.198961	4.987131	-20.145701	4.987131	5346	-6.847561E-12	-1.460374E+11	3.494612E+16	0	0	0.033078	0.046879	0	0
0	0	0	-0.200203	4.987009	-20.146949	4.987009	5343	-8.634842E-12	-1.158099E+11	3.494612E+16	0	0	0.015253	0.046584	0	0
0	0	0	-0.199386	4.98707	-20.146051	4.98707	5345	-7.638507E-12	-1.309156E+11	3.494612E+16	0	0	0.017598	0.046304	0	0
0	0	0	-0.199157	4.987092	-20.14582	4.987092	5346	-7.331439E-12	-1.363989E+11	3.494612E+16	0	0	0.001762	0.046065	0	0
0	0	0	-0.199337	4.987048	-20.145895	4.987048	5345	-7.974044E-12	-1.254069E+11	3.494612E+16	0	0	0.031508	0.045754	0	0
0	0	0	-0.198896	4.986993	-20.145057	4.986993	5347	-8.961117E-12	-1.115932E+11	3.494612E+16	0	0	-0.023524	0.045458	0	0
0	0	0	-0.199255	4.987098	-20.145979	4.987098	5346	-7.258168E-12	-1.377758E+11	3.494612E+16	0	0	0.001795	0.045115	0	0
0	0	0	-0.198961	4.98702	-20.145259	4.98702	5346	-8.438907E-12	-1.184988E+11	3.494612E+16	0	0	0.008794	0.044828	0	0
0	0	0	-0.199108	4.987026	-20.145487	4.987026	5346	-8.341975E-12	-1.198757E+11	3.494612E+16	0	0	0.027588	0.04454	0	0
0	0	0	-0.199598	4.986926	-20.145773	4.986926	5345	-1.051428E-11	-9.510871E+10	3.494612E+16	0	0	0.001826	0.044261	0	0
0	0	0	-0.199941	4.987081	-20.146871	4.987081	5343	-7.47831E-12	-1.3372E+11	3.494612E+16	0	0	-0.019422	0.044133	0	0
0	0	0	-0.200088	4.986783	-20.145883	4.986783	5343	-1.685659E-11	-5.932398E+10	3.494612E+16	0	0	0.039994	0.043678	0	0
0	0	0	-0.199843	4.98702	-20.146491	4.98702	5344	-8.43575E-12	-1.185431E+11	3.494612E+16	0	0	0.02575	0.043543	0	0
0	0	0	-0.199909	4.987031	-20.146627	4.987031	5343	-8.242616E-12	-1.213207E+11	3.494612E+16	0	0	0.018732	0.043159	0	0
0	0	0	-0.200676	4.98702	-20.147655	4.98702	5341	-8.431014E-12	-1.186097E+11	3.494612E+16	0	0	-0.002966	0.042912	0	0
0	0	0	-0.200709	4.986832	-20.146949	4.986832	5341	-1.393725E-11	-7.175018E+10	3.494612E+16	0	0	0.016516	0.042593	0	0
0	0	0	-0.201036	4.986987	-20.148024	4.986987	5340	-9.06117E-12	-1.10361E+11	3.494612E+16	0	0	-0.012779	0.042425	0	0
0	0	0	-0.201134	4.98697	-20.148095	4.98697	5340	-9.413927E-12	-1.062256E+11	3.494612E+16	0	0	0.02407	0.042106	0	0
0	0	0	-0.201019	4.987064	-20.148311	4.987064	5341	-7.713939E-12	-1.296355E+11	3.494612E+16	0	0	0.014289	0.041874	0	0
0	0	0	-0.200774	4.987031	-20.147836	4.987031	5341	-8.239531E-12	-1.213661E+11	3.494612E+16	0	0	0.016857	0.041611	0	0
0	0	0	-0.201477	4.987087	-20.149038	4.987087	5339	-7.396506E-12	-1.35199E+11	3.494612E+16	0	0	0.034553	0.041244	0	0
0	0	0	-0.201411	4.986871	-20.148085	4.986871	5339	-1.228075E-11	-8.142822E+10	3.494612E+16	0	0	0.012051	0.040964	0	0
0	0	0	-0.201656	4.987076	-20.149245	4.987076	5339	-7.550504E-12	-1.324415E+11	3.494612E+16	0	0	-0.000569	0.040869	0	0
0	0	0	-0.202114	4.986976	-20.149486	4.986976	5337	-9.288108E-12	-1.076646E+11	3.494612E+16	0	0	-0.003122	0.040509	0	0
0	0	0	-0.202032	4.986799	-20.148664	4.986799	5338	-1.574393E-11	-6.351653E+10	3.494612E+16	0	0	0.025065	0.04023	0	0
0	0	0	-0.202016	4.986932	-20.149172	4.986932	5338	-1.035064E-11	-9.661242E+10	3.494612E+16	0	0	0.056085	0.040022	0	0
0	0	0	-0.202016	4.986932	-20.149172	4.986932	5338	-1.035064E-11	-9.661242E+10	3.494612E+16	0	0	0.035811	0.039623	0	0
0	0	0	-0.202016	4.987031	-20.14957	4.987031	5338	-8.234903E-12	-1.214343E+11	3.494612E+16	0	0	0.035973	0.039416	0	0
0	0	0	-0.202604	4.986882	-20.149794	4.986882	5336	-1.187183E-11	-8.423302E+10	3.494612E+16	0	0	0.015126	0.039272	0	0
0	0	0	-0.202408	4.987125	-20.150493	4.987125	5337	-6.901101E-12	-1.449044E+11	3.494612E+16	0	0	-0.005855	0.039057	0	0
0	0	0	-0.202359	4.987125	-20.150425	4.987125	5337	-6.901101E-12	-1.449044E+11	3.494612E+16	0	0	0.009988	0.038817	0	0
0	0	0	-0.202391	4.987164	-20.150625	4.987164	5337	-6.470013E-12	-1.545592E+11	3.494612E+16	0	0	0.036694	0.03853	0	0
0	0	0	-0.202081	4.98712	-20.150015	4.98712	5337	-6.96742E-12	-1.435252E+11	3.494612E+16	0	0	0.012787	0.038298	0	0
0	0	0	-0.202604	4.987015	-20.150325	4.987015	5336	-8.522147E-12	-1.173413E+11	3.494612E+16	0	0	0.007496	0.037939	0	0
0	0	0	-0.202065	4.986827	-20.14882	4.986827	5337	-1.419956E-11	-7.04247E+10	3.494612E+16	0	0	0.01833	0.037851	0	0
0	0	0	-0.201117	4.987004	-20.148205	4.987004	5340	-8.733894E-12	-1.144965E+11	3.494612E+16	0	0	-0.011477	0.037676	0	0
0	0	0	-0.201526	4.986926	-20.148465	4.986926	5339	-1.050248E-11	-9.521559E+10	3.494612E+16	0	0	0.00759	0.037388	0	0
0	0	0	-0.201281	4.987076	-20.14872	4.987076	5340	-7.551918E-12	-1.324167E+11	3.494612E+16	0	0	0.029614	0.037181	0	0
0	0	0	-0.201346	4.987053	-20.148723	4.987053	5340	-7.880048E-12	-1.269028E+11	3.494612E+16	0	0	0.002145	0.036901	0	0
0	0	0	-0.200758	4.986843	-20.147061	4.986843	5341	-1.342163E-11	-7.450662E+10	3.494612E+16	0	0	0.01052	0.036614	0	0
0	0	0	-0.200987	4.986937	-20.147757	4.986937	5341	-1.021071E-11	-9.793638E+10	3.494612E+16	0	0	0.016153	0.036454	0	0
0	0	0	-0.200284	4.986976	-20.14693	4.986976	5342	-9.296809E-12	-1.075638E+11	3.494612E+16	0	0	0.007807	0.036215	0	0
0	0	0	-0.200399	4.986926	-20.146891	4.986926	5342	-1.050838E-11	-9.516212E+10	3.494612E+16	0	0	-0.023163	0.036151	0	0
0	0	0	-0.200529	4.986882	-20.146897	4.986882	5342	-1.188518E-11	-8.413842E+10	3.494612E+16	0	0	0.050456	0.03584	0	0
0	0	0	-0.200431	4.986993	-20.147202	4.986993	5342	-8.952738E-12	-1.116977E+11	3.494612E+16	0	0	-0.000644	0.035536	0	0
0	0	0	-0.20017	4.986976	-20.146771	4.986976	5343	-9.29855E-12	-1.075437E+11	3.494612E+16	0	0	0.045454	0.035257	0	0
0	0	0	-0.200382	4.987098	-20.147554	4.987098	5342	-7.252738E-12	-1.37879E+11	3.494612E+16	0	0	0.039979	0.034978	0	0
0	0	0	-0.199909	4.987037	-20.146649	4.987037	5343	-8.150065E-12	-1.226984E+11	3.494612E+16	0	0	0.048814	0.034858	0	0
0	0	0	-0.199729	4.986921	-20.145934	4.986921	5344	-1.066677E-11	-9.374906E+10	3.494612E+16	0	0	-0.038579	0.034746	0	0
0	0	0	-0.19968	4.986888	-20.145732	4.986888	5344	-1.169804E-11	-8.548437E+10	3.494612E+16	0	0	-0.003592	0.034539	0	0
0	0	0	-0.199337	4.987004	-20.145718	4.987004	5345	-8.742072E-12	-1.143894E+11	3.494612E+16	0	0	0.011124	0.034347	0	0
0	0	0	-0.199304	4.987053	-20.145871	4.987053	5345	-7.887426E-12	-1.267841E+11	3.494612E+16	0	0	0.029062	0.03402	0	0
0	0	0	-0.199304	4.986893	-20.14523	4.986893	5345	-1.151469E-11	-8.684557E+10	3.494612E+16	0	0	-0.000672	0.033836	0	0
0	0	0	-0.199484	4.987103	-20.146321	4.987103	5345	-7.185004E-12	-1.391788E+11	3.494612E+16	0	0	-0.006678	0.033645	0	0
0	0	0	-0.199713	4.987042	-20.146397	4.987042	5344	-8.061077E-12	-1.240529E+11	3.494612E+16	0	0	-0.01876	0.033485	0	0
0	0	0	-0.199631	4.986915	-20.145775	4.986915	5345	-1.082786E-11	-9.235433E+10	3.494612E+16	0	0	-0.018822	0.033349	0	0
0	0	0	-0.200007	4.986926	-20.146344	4.986926	5343	-1.051035E-11	-9.514431E+10	3.494612E+16	0	0	0.011504	0.033062	0	0
0	0	0	-0.200088	4.987092	-20.147121	4.987092	5343	-7.327325E-12	-1.364755E+11	3.494612E+16	0	0	0.002377	0.03283	0	0
0	0	0	-0.200154	4.987247	-20.147831	4.987247	5343	-5.712614E-12	-1.750512E+11	3.494612E+16	0	0	0.017828	0.032591	0	0
0	0	0	-0.200137	4.98691	-20.14646	4.98691	5343	-1.098766E-11	-9.101119E+10	3.494612E+16	0	0	0.011711	0.032407	0	0
0	0	0	-0.200529	4.986993	-20.147339	4.986993	5342	-8.952738E-12	-1.116977E+11	3.494612E+16	0	0	-0.050484	0.032288	0	0
0	0	0	-0.200627	4.98681	-20.146746	4.98681	5342	-1.510006E-11	-6.62249E+10	3.494612E+16	0	0	-0.003845	0.031984	0	0
0	0	0	-0.20066	4.987015	-20.14761	4.987015	5341	-8.530133E-12	-1.172315E+11	3.494612E+16	0	0	-0.010162	0.031833	0	0
0	0	0	-0.200742	4.987042	-20.147835	4.987042	5341	-8.056552E-12	-1.241226E+11	3.494612E+16	0	0	0.037357	0.031593	0	0
0	0	0	-0.202163	4.987109	-20.150085	4.987109	5337	-7.103955E-12	-1.407667E+11	3.494612E+16	0	0	0.043836	0.031473	0	0
0	0	0	-0.20213	4.987026	-20.149708	4.987026	5337	-8.327931E-12	-1.200778E+11	3.494612E+16	0	0	0.044072	0.031282	0	0
0	0	0	-0.20182	4.987059	-20.149407	4.987059	5338	-7.792451E-12	-1.283293E+11	3.494612E+16	0	0	-0.000722	0.031162	0	0
0	0	0	-0.202261	4.986954	-20.149603	4.986954	5337	-9.789761E-12	-1.021475E+11	3.494612E+16	0	0	-0.01366	0.030907	0	0
0	0	0	-0.202097	4.986998	-20.149551	4.986998	5337	-8.835361E-12	-1.131816E+11	3.494612E+16	0	0	0.015516	0.030731	0	0
0	0	0	-0.201934	4.986976	-20.149235	4.986976	5338	-9.289848E-12	-1.076444E+11	3.494612E+16	0	0	0.025411	0.030532	0	0
0	0	0	-0.20213	4.986915	-20.149265	4.986915	5337	-1.081166E-11	-9.249276E+10	3.494612E+16	0	0	0.041995	0.030332	0	0
0	0	0	-0.202065	4.987131	-20.150036	4.987131	5337	-6.836033E-12	-1.462837E+11	3.494612E+16	0	0	0.022467	0.030045	0	0
0	0	0	-0.202571	4.986959	-20.150058	4.986959	5336	-9.657525E-12	-1.035462E+11	3.494612E+16	0	0	-0.014038	0.029965	0	0
0	0	0	-0.202685	4.986899	-20.149975	4.986899	5336	-1.131586E-11	-8.837156E+10	3.494612E+16	0	0	0.002584	0.029837	0	0
0	0	0	-0.202898	4.986926	-20.150382	4.986926	5335	-1.049461E-11	-9.528698E+10	3.494612E+16	0	0	-0.007473	0.029598	0	0
0	0	0	-0.202489	4.98697	-20.149988	4.98697	5336	-9.406876E-12	-1.063052E+11	3.494612E+16	0	0	0.019472	0.029462	0	0
0	0	0	-0.202555	4.986771	-20.149284	4.986771	5336	-1.76545E-11	-5.664278E+10	3.494612E+16	0	0	0.023025	0.029206	0	0
0	0	0	-0.202849	4.987114	-20.151065	4.987114	5335	-7.032389E-12	-1.421992E+11	3.494612E+16	0	0	0.019736	0.029023	0	0
0	0	0	-0.202375	4.986993	-20.149917	4.986993	5337	-8.944358E-12	-1.118023E+11	3.494612E+16	0	0	0.023291	0.028831	0	0
0	0	0	-0.202702	4.987042	-20.150572	4.987042	5336	-8.04901E-12	-1.242389E+11	3.494612E+16	0	0	0.040707	0.028648	0	0
0	0	0	-0.202097	4.987125	-20.15006	4.987125	5337	-6.901101E-12	-1.449044E+11	3.494612E+16	0	0	-0.049208	0.028608	0	0
0	0	0	-0.201117	4.986882	-20.147718	4.986882	5340	-1.188073E-11	-8.416993E+10	3.494612E+16	0	0	0	0	0	0
0	0	0	-0.201738	4.986932	-20.148784	4.986932	5338	-1.035064E-11	-9.661242E+10	3.494612E+16	0	0	0	0	0	0
0	0	0	-0.201673	4.986965	-20.148826	4.986965	5338	-9.534125E-12	-1.048864E+11	3.494612E+16	0	0	0	0	0	0
0	0	0	-0.201264	4.986854	-20.147813	4.986854	5340	-1.294037E-11	-7.727753E+10	3.494612E+16	0	0	0	0	0	0
0	0	0	-0.201036	4.986899	-20.14767	4.986899	5340	-1.132434E-11	-8.830537E+10	3.494612E+16	0	0	0	0	0	0
0	0	0	-0.201493	4.986987	-20.148663	4.986987	5339	-9.059473E-12	-1.103817E+11	3.494612E+16	0	0	0	0	0	0
0	0	0	-0.200725	4.986943	-20.147414	4.986943	5341	-1.006901E-11	-9.93146E+10	3.494612E+16	0	0	0	0	0	0
0	0	0	-0.201183	4.98702	-20.148362	4.98702	5340	-8.429436E-12	-1.186319E+11	3.494612E+16	0	0	0	0	0	0
0	0	0	-0.200644	4.987059	-20.147764	4.987059	5342	-7.798291E-12	-1.282332E+11	3.494612E+16	0	0	0	0	0	0
0	0	0	-0.200252	4.986943	-20.146752	4.986943	5343	-1.007278E-11	-9.927742E+10	3.494612E+16	0	0	0	0	0	0
