Vload_(V)	ILoad_(A)	RsLoad (ohm)	SunsVoc_Voltage_(V)	SunsVoc_Current_(A)	Model_Voltage_(V)	Model_Current_(A)	Carrier_Density_(cm-3)	Lifetime_(s)	Inverse_Lifetime_(s-1)	Efficiency_(%)	Intensity_(suns)	Dark_IV_Voltage_(V)	Dark_IV_Current_(A)
5.968983	10.913201	0	49.4125	-1.736715	49.75817	-1.736715	1.676668E+15	9.158601E-5	10914.031776	20.060048	1.14478	0	0
5.855114	10.911726	1.618309	49.361585	-1.318899	49.624024	-1.318899	1.635023E+15	9.236181E-5	10822.547562	20.153294	1.143986	0	0
6.143877	10.91207	1.530215	49.246866	-0.559867	49.358204	-0.559867	1.544666E+15	9.303037E-5	10745.217221	20.051275	1.144741	0	0
12.1491	10.871468	2.312803	49.110178	0.250043	49.06049	0.250043	1.443049E+15	9.351147E-5	10690.418669	20.133301	1.143449	0	0
18.317917	10.863755	1.791206	48.972673	1.003301	48.77344	1.003301	1.347123E+15	9.393073E-5	10643.130396	20.042256	1.143469	0	0
24.421968	10.842195	1.32191	48.832734	1.706827	48.494047	1.706827	1.255635E+15	9.424197E-5	10608.366654	20.07807	1.142655	0	0
30.522053	10.831613	0.792879	48.699656	2.334174	48.236807	2.334174	1.174059E+15	9.45631E-5	10572.661011	20.043029	1.14182	0	0
36.640917	10.81454	0.271611	48.567868	2.910183	47.991202	2.910183	1.098205E+15	9.481989E-5	10544.308763	20.036529	1.140906	0	0
37.42604	10.806872	0.215793	48.439364	3.43446	47.75927	3.43446	1.028711E+15	9.504615E-5	10519.447926	20.071955	1.139635	0	0
38.212536	10.778575	0.194676	48.312836	3.919866	47.537139	3.919866	9.643659E+14	9.528559E-5	10493.222609	20.02365	1.139079	0	0
38.99068	10.724245	0.194241	48.184445	4.37835	47.318607	4.37835	9.029896E+14	9.548097E-5	10471.937909	20.104915	1.137847	0	0
39.77101	10.651076	0.189432	48.056137	4.803749	47.106818	4.803749	8.453782E+14	9.561333E-5	10457.605991	20.028581	1.137569	0	0
40.55813	10.533063	0.191335	47.929249	5.195828	46.903135	5.195828	7.918655E+14	9.570279E-5	10447.975023	20.116992	1.136615	0	0
41.330793	10.36052	0.194678	47.804387	5.557805	46.707512	5.557805	7.423808E+14	9.578662E-5	10438.956953	20.049494	1.136039	0	0
42.094774	10.122722	0.194839	47.68031	5.896851	46.517284	5.896851	6.96153E+14	9.589293E-5	10427.492834	20.108156	1.135761	0	0
42.852708	9.794532	0.194174	47.55517	6.216543	46.329905	6.216543	6.523392E+14	9.597414E-5	10418.767249	20.075038	1.134926	0	0
43.597118	9.352224	0.193287	47.431941	6.511482	46.149382	6.511482	6.117977E+14	9.604069E-5	10411.632132	20.080879	1.134926	0	0
44.33717	8.771709	0.192064	47.309791	6.780974	45.975015	6.780974	5.740176E+14	9.598662E-5	10417.571424	20.092655	1.133754	0	0
45.063485	8.030281	0.191117	47.191136	7.029919	45.808229	7.029919	5.394854E+14	9.59954E-5	10416.682695	20.032391	1.134231	0	0
45.772285	7.131104	0.188515	47.070946	7.264449	45.642814	7.264449	5.065625E+14	9.593087E-5	10423.747385	20.08707	1.133138	0	0
46.451639	6.076579	0.187781	46.949743	7.487438	45.47872	7.487438	4.753409E+14	9.58777E-5	10429.578578	19.996941	1.133178	0	0
47.122246	4.861291	0.183382	46.829373	7.694368	45.318663	7.694368	4.461897E+14	9.578353E-5	10439.877452	20.087261	1.131847	0	0
47.731838	3.57793	0.186926	46.70835	7.88689	45.160836	7.88689	4.186387E+14	9.558628E-5	10461.461768	20.001565	1.13137	0	0
48.295157	2.251614	0.197931	46.588633	8.065	45.00718	8.065	3.930209E+14	9.534867E-5	10487.566744	20.06776	1.130695	0	0
48.773341	1.044106	0.212873	46.473	8.229841	44.860217	8.229841	3.697341E+14	9.52095E-5	10502.926433	20.016054	1.129602	0	0
41.251669	10.38594	0.1926	46.358462	8.384465	44.71638	8.384465	3.480003E+14	9.509241E-5	10515.88527	20.043376	1.129086	0	0
49.191665	0	0	46.244266	8.529284	44.574839	8.529284	3.27579E+14	9.494991E-5	10531.691048	20.049187	1.127238	0	0
0	0	0	46.129271	8.665364	44.434249	8.665364	3.082032E+14	9.474188E-5	10554.836308	20.023078	1.126582	0	0
0	0	0	46.015565	8.793806	44.296463	8.793806	2.901525E+14	9.459847E-5	10570.855814	20.075594	1.124536	0	0
0	0	0	45.903934	8.913117	44.162547	8.913117	2.734431E+14	9.446882E-5	10585.379339	19.997625	1.123702	0	0
0	0	0	45.793022	9.023984	44.031019	9.023984	2.577798E+14	9.428372E-5	10606.174275	20.074511	1.121616	0	0
0	0	0	45.682959	9.127847	43.901725	9.127847	2.431105E+14	9.409125E-5	10627.883027	19.986653	1.120563	0	0
0	0	0	45.574432	9.224602	43.775362	9.224602	2.294522E+14	9.38935E-5	10650.276795	20.05737	1.118894	0	0
0	0	0	45.466672	9.314869	43.651046	9.314869	2.166399E+14	9.365721E-5	10677.156553	20.001923	1.117404	0	0
0	0	0	45.359321	9.400274	43.528101	9.400274	2.045788E+14	9.343563E-5	10702.48555	20.041518	1.116113	0	0
0	0	0	45.253424	9.480094	43.407702	9.480094	1.933314E+14	9.321667E-5	10727.632377	20.043411	1.114285	0	0
0	0	0	45.146399	9.554678	43.287225	9.554678	1.825855E+14	9.286862E-5	10767.844387	20.011665	1.113888	0	0
0	0	0	45.041939	9.624704	43.170188	9.624704	1.726673E+14	9.25969E-5	10799.448121	20.064767	1.11198	0	0
0	0	0	44.938165	9.691263	43.05452	9.691263	1.633424E+14	9.236761E-5	10826.261286	19.991893	1.111802	0	0
0	0	0	44.834032	9.753627	42.939326	9.753627	1.544866E+14	9.205816E-5	10862.658323	20.080499	1.109835	0	0
0	0	0	44.730503	9.81316	42.825293	9.81316	1.46154E+14	9.180619E-5	10892.476445	20.001172	1.10902	0	0
0	0	0	44.628575	9.868657	42.713641	9.868657	1.383857E+14	9.154496E-5	10923.562108	20.077359	1.10757	0	0
0	0	0	44.527284	9.920754	42.60329	9.920754	1.310718E+14	9.12582E-5	10957.890446	20.002924	1.106418	0	0
0	0	0	44.426091	9.96978	42.493642	9.96978	1.24148E+14	9.092935E-5	10997.523329	20.04123	1.105245	0	0
0	0	0	44.325911	10.01597	42.385556	10.01597	1.176512E+14	9.060708E-5	11036.641804	20.0118	1.103477	0	0
0	0	0	44.225926	10.059706	42.278149	10.059706	1.115038E+14	9.027314E-5	11077.471475	19.995966	1.102544	0	0
0	0	0	44.125746	10.101248	42.170982	10.101248	1.056644E+14	8.992238E-5	11120.683643	20.035971	1.100179	0	0
0	0	0	44.027297	10.140137	42.06605	10.140137	1.002221E+14	8.958141E-5	11163.013786	19.970799	1.099166	0	0
0	0	0	43.929224	10.177493	41.961793	10.177493	9.507764E+13	8.92982E-5	11198.418668	20.048022	1.096862	0	0
0	0	0	43.830922	10.213442	41.85759	10.213442	9.01847E+13	8.905424E-5	11229.097905	19.964836	1.09563	0	0
0	0	0	43.734515	10.246959	41.755739	10.246959	8.562943E+13	8.880986E-5	11259.998817	20.043683	1.093405	0	0
0	0	0	43.637455	10.27853	41.653623	10.27853	8.127453E+13	8.84862E-5	11301.186906	19.987224	1.091557	0	0
0	0	0	43.540721	10.308115	41.552221	10.308115	7.71536E+13	8.810666E-5	11349.86979	20.029731	1.089968	0	0
0	0	0	43.444314	10.336474	41.451383	10.336474	7.325355E+13	8.776648E-5	11393.862144	20.025882	1.087365	0	0
0	0	0	43.347646	10.36305	41.350637	10.36305	6.954001E+13	8.734191E-5	11449.249694	19.999947	1.086273	0	0
0	0	0	43.250291	10.388617	41.249412	10.388617	6.598958E+13	8.692211E-5	11504.544989	20.039794	1.08369	0	0
0	0	0	43.15493	10.41237	41.150512	10.41237	6.268694E+13	8.648803E-5	11562.287641	19.97429	1.082617	0	0
0	0	0	43.055762	10.435934	41.047888	10.435934	5.942704E+13	8.603848E-5	11622.70125	20.050699	1.080293	0	0
0	0	0	42.957558	10.457573	40.946593	10.457573	5.636533E+13	8.548145E-5	11698.439171	19.96809	1.078882	0	0
0	0	0	42.860808	10.478185	40.846938	10.478185	5.350273E+13	8.498473E-5	11766.81437	20.048175	1.076796	0	0
0	0	0	42.76561	10.497605	40.749051	10.497605	5.082753E+13	8.450805E-5	11833.188411	19.983549	1.075048	0	0
0	0	0	42.67247	10.515658	40.653465	10.515658	4.833928E+13	8.402064E-5	11901.834025	20.022484	1.073618	0	0
0	0	0	42.579624	10.533126	40.558286	10.533126	4.597978E+13	8.359251E-5	11962.790359	20.004782	1.071631	0	0
0	0	0	42.488362	10.549454	40.464897	10.549454	4.377251E+13	8.315184E-5	12026.188861	19.99243	1.070518	0	0
0	0	0	42.396218	10.564983	40.370791	10.564983	4.165111E+13	8.265046E-5	12099.142961	20.039312	1.067896	0	0
0	0	0	42.304042	10.579802	40.276791	10.579802	3.963158E+13	8.213869E-5	12174.528524	19.972668	1.066962	0	0
0	0	0	42.213074	10.59396	40.184117	10.59396	3.773432E+13	8.167484E-5	12243.670426	20.051792	1.06432	0	0
0	0	0	42.122205	10.607415	40.091677	10.607415	3.592958E+13	8.119049E-5	12316.710705	19.966549	1.06285	0	0
0	0	0	42.03096	10.62028	39.998981	10.62028	3.420405E+13	8.068573E-5	12393.762694	20.035543	1.060585	0	0
0	0	0	41.939747	10.632629	39.906418	10.632629	3.256179E+13	8.019245E-5	12470.000261	19.976493	1.058598	0	0
0	0	0	41.848322	10.64418	39.8138	10.64418	3.099467E+13	7.961058E-5	12561.14321	20.003721	1.056969	0	0
0	0	0	41.757469	10.655529	39.721788	10.655529	2.951194E+13	7.914083E-5	12635.700945	20.005901	1.054247	0	0
0	0	0	41.665243	10.666176	39.628556	10.666176	2.807922E+13	7.854423E-5	12731.678278	19.980914	1.052797	0	0
0	0	0	41.573279	10.676444	39.535656	10.676444	2.671971E+13	7.798296E-5	12823.312822	20.034337	1.049777	0	0
0	0	0	41.481822	10.686471	39.443305	10.686471	2.543286E+13	7.750974E-5	12901.602914	19.963938	1.048367	0	0
0	0	0	41.388714	10.695425	39.34953	10.695425	2.418635E+13	7.674155E-5	13030.750437	20.04372	1.045844	0	0
0	0	0	41.29626	10.704476	39.256383	10.704476	2.300896E+13	7.617158E-5	13128.254818	19.957074	1.044473	0	0
0	0	0	41.204215	10.713251	39.163695	10.713251	2.189363E+13	7.566016E-5	13216.994489	20.03546	1.042168	0	0
0	0	0	41.111581	10.721584	39.070511	10.721584	2.082568E+13	7.509911E-5	13315.736061	19.980552	1.040122	0	0
0	0	0	41.018523	10.729503	38.976987	10.729503	1.980522E+13	7.449801E-5	13423.176685	20.011998	1.038334	0	0
0	0	0	40.925529	10.737155	38.883581	10.737155	1.883537E+13	7.392945E-5	13526.408228	20.017541	1.035831	0	0
0	0	0	40.832732	10.744383	38.79045	10.744383	1.791485E+13	7.332732E-5	13637.481293	19.979991	1.034798	0	0
0	0	0	40.739266	10.751121	38.696752	10.751121	1.703311E+13	7.261635E-5	13771.003019	20.036302	1.032116	0	0
0	0	0	40.645815	10.75777	38.603088	10.75777	1.619487E+13	7.19965E-5	13889.563343	19.959361	1.030884	0	0
0	0	0	40.551679	10.763933	38.508839	10.763933	1.539213E+13	7.125311E-5	14034.47475	20.036978	1.02846	0	0
0	0	0	40.456774	10.770298	38.413794	10.770298	1.462309E+13	7.070802E-5	14142.667405	19.959524	1.026811	0	0
0	0	0	40.361413	10.776135	38.318398	10.776135	1.3889E+13	7.00182E-5	14282.001402	20.031315	1.024686	0	0
0	0	0	40.267701	10.781358	38.224751	10.781358	1.32035E+13	6.919943E-5	14450.985175	19.990547	1.0225	0	0
0	0	0	40.173467	10.786736	38.130558	10.786736	1.254826E+13	6.856212E-5	14585.312883	19.998153	1.021149	0	0
0	0	0	40.078628	10.791851	38.035819	10.791851	1.192161E+13	6.788389E-5	14731.035656	20.011584	1.018408	0	0
0	0	0	39.984262	10.79645	37.941647	10.79645	1.132914E+13	6.70513E-5	14913.953989	19.968894	1.017196	0	0
0	0	0	39.888803	10.80114	37.846377	10.80114	1.075973E+13	6.634682E-5	15072.313326	20.038121	1.014415	0	0
0	0	0	39.793343	10.805589	37.751153	10.805589	1.021892E+13	6.561673E-5	15240.016744	19.956819	1.013004	0	0
0	0	0	39.696806	10.809926	37.654885	10.809926	9.699629E+12	6.489795E-5	15408.808206	20.04168	1.010481	0	0
0	0	0	39.600088	10.81404	37.558482	10.81404	9.205814E+12	6.414938E-5	15588.615104	19.959134	1.008812	0	0
0	0	0	39.501035	10.817952	37.459809	10.817952	8.726107E+12	6.330435E-5	15796.703152	20.018065	1.006786	0	0
0	0	0	39.402815	10.821575	37.362015	10.821575	8.275107E+12	6.240569E-5	16024.178537	19.982427	1.004441	0	0
0	0	0	39.302357	10.825383	37.261974	10.825383	7.837923E+12	6.167223E-5	16214.7524	19.987599	1.002832	0	0
0	0	0	39.199171	10.828845	37.159303	10.828845	7.41289E+12	6.072165E-5	16468.591379	20.009295	1.00011	0	0
0	0	0	39.097226	10.831902	37.057935	10.831902	7.015601E+12	5.962851E-5	16770.501148	19.963781	0.998799	0	0
0	0	0	38.994759	10.835411	36.955966	10.835411	6.63772E+12	5.896166E-5	16960.173246	20.030264	0.996137	0	0
0	0	0	38.892864	10.838497	36.854643	10.838497	6.282125E+12	5.810751E-5	17209.480666	19.94725	0.995025	0	0
0	0	0	38.791001	10.841448	36.753379	10.841448	5.945678E+12	5.725726E-5	17465.034894	20.032129	0.992482	0	0
0	0	0	38.687456	10.844165	36.650495	10.844165	5.622129E+12	5.627226E-5	17770.745328	19.969437	0.990535	0	0
0	0	0	38.581411	10.847008	36.545117	10.847008	5.309006E+12	5.542059E-5	18043.835551	20.020313	0.988707	0	0
0	0	0	38.476723	10.849588	36.44113	10.849588	5.016992E+12	5.449702E-5	18349.625691	19.996058	0.986442	0	0
0	0	0	38.370319	10.852114	36.335458	10.852114	4.736642E+12	5.357903E-5	18664.018805	19.987092	0.98525	0	0
0	0	0	38.263229	10.854379	36.229157	10.854379	4.470296E+12	5.251349E-5	19042.724755	20.020664	0.982528	0	0
0	0	0	38.154947	10.856842	36.121641	10.856842	4.216205E+12	5.169265E-5	19345.111827	19.960077	0.981456	0	0
0	0	0	38.046338	10.858886	36.01388	10.858886	3.975851E+12	5.058057E-5	19770.437037	20.038935	0.978754	0	0
0	0	0	37.935638	10.86095	35.904049	10.86095	3.744961E+12	4.952472E-5	20191.936335	19.957878	0.977184	0	0
0	0	0	37.824138	10.863037	35.793423	10.863037	3.525952E+12	4.85684E-5	20589.518249	20.031542	0.975039	0	0
0	0	0	37.710906	10.865147	35.681081	10.865147	3.316642E+12	4.769205E-5	20967.85614	19.968177	0.973151	0	0
0	0	0	37.595257	10.866601	35.566473	10.866601	3.115682E+12	4.619988E-5	21645.077253	20.003848	0.971562	0	0
0	0	0	37.480032	10.868787	35.452147	10.868787	2.927567E+12	4.554708E-5	21955.303076	19.993415	0.969079	0	0
0	0	0	37.363272	10.870575	35.336379	10.870575	2.748527E+12	4.455529E-5	22444.024189	19.971895	0.967688	0	0
0	0	0	37.244748	10.87235	35.218869	10.87235	2.577975E+12	4.360615E-5	22932.544761	20.019245	0.965046	0	0
0	0	0	37.124574	10.873835	35.099783	10.873835	2.415849E+12	4.240507E-5	23582.086471	19.955265	0.963575	0	0
0	0	0	37.002669	10.875433	34.978964	10.875433	2.2618E+12	4.138158E-5	24165.343989	20.03983	0.960993	0	0
0	0	0	36.879244	10.87708	34.856635	10.87708	2.115835E+12	4.047633E-5	24705.796361	19.955702	0.959622	0	0
0	0	0	36.752634	10.878318	34.731233	10.878318	1.975883E+12	3.914055E-5	25548.948811	20.02176	0.957615	0	0
0	0	0	36.624032	10.879555	34.603861	10.879555	1.843202E+12	3.785461E-5	26416.858713	19.97875	0.955569	0	0
0	0	0	36.493518	10.881327	34.474501	10.881327	1.717653E+12	3.723741E-5	26854.714691	19.995339	0.95398	0	0
0	0	0	36.362449	10.882611	34.344683	10.882611	1.600175E+12	3.614574E-5	27665.776479	20.015536	0.951258	0	0
0	0	0	36.22893	10.883748	34.21247	10.883748	1.488758E+12	3.492818E-5	28630.174625	19.969081	0.950245	0	0
0	0	0	36.092372	10.884807	34.077268	10.884807	1.382825E+12	3.365292E-5	29715.101444	20.037592	0.947563	0	0
0	0	0	35.953871	10.88595	33.940129	10.88595	1.283081E+12	3.253458E-5	30736.523812	19.963178	0.946311	0	0
0	0	0	35.813148	10.887194	33.800776	10.887194	1.189102E+12	3.159463E-5	31650.946901	20.040425	0.944026	0	0
0	0	0	35.667949	10.888199	33.657042	10.888199	1.099343E+12	3.038299E-5	32913.150531	19.962979	0.942378	0	0
0	0	0	35.519745	10.889088	33.510358	10.889088	1.014709E+12	2.90787E-5	34389.427276	20.016783	0.94055	0	0
0	0	0	35.367719	10.89049	33.359802	10.89049	9.346571E+11	2.843726E-5	35165.127707	19.987639	0.938245	0	0
0	0	0	35.213128	10.89124	33.20683	10.89124	8.597277E+11	2.705122E-5	36966.908356	19.98793	0.936974	0	0
0	0	0	35.056087	10.892333	33.051374	10.892333	7.897583E+11	2.615122E-5	38239.138406	20.007742	0.934729	0	0
0	0	0	34.896023	10.893082	32.892993	10.893082	7.24299E+11	2.487688E-5	40197.961321	19.956003	0.933537	0	0
0	0	0	34.731877	10.893813	32.730579	10.893813	6.628004E+11	2.362285E-5	42331.903222	20.032934	0.930914	0	0
0	0	0	34.565116	10.894796	32.565535	10.894796	6.05667E+11	2.273956E-5	43976.229591	19.955339	0.929524	0	0
0	0	0	34.394273	10.895496	32.396506	10.895496	5.522379E+11	2.155314E-5	46396.94769	20.026837	0.927299	0	0
0	0	0	34.219296	10.896334	32.223366	10.896334	5.023984E+11	2.058231E-5	48585.400628	19.973609	0.925352	0	0
0	0	0	34.040317	10.896943	32.046312	10.896943	4.56069E+11	1.938451E-5	51587.568996	20.001005	0.923921	0	0
0	0	0	33.854854	10.897745	31.862812	10.897745	4.125631E+11	1.844502E-5	54215.161315	20.00171	0.921478	0	0
0	0	0	33.666597	10.898414	31.676575	10.898414	3.726442E+11	1.741368E-5	57426.106443	19.96821	0.920365	0	0
0	0	0	33.473244	10.899046	31.485307	10.899046	3.356617E+11	1.638601E-5	61027.657548	20.022815	0.917723	0	0
0	0	0	33.277571	10.899521	31.291774	10.899521	3.019705E+11	1.525356E-5	65558.46424	19.950039	0.916451	0	0
0	0	0	33.074597	10.900388	31.090952	10.900388	2.705908E+11	1.459314E-5	68525.339645	20.03072	0.914246	0	0
0	0	0	32.866543	10.900809	30.885189	10.900809	2.41807E+11	1.348368E-5	74163.724187	19.955772	0.912637	0	0
0	0	0	32.652755	10.901368	30.673733	10.901368	2.154163E+11	1.257936E-5	79495.317649	20.013848	0.910849	0	0
0	0	0	32.437236	10.901938	30.460563	10.901938	1.917262E+11	1.176297E-5	85012.567657	19.969775	0.908783	0	0
0	0	0	32.214971	10.902593	30.240709	10.902593	1.700203E+11	1.107497E-5	90293.724091	19.985729	0.907491	0	0
0	0	0	31.98836	10.903036	30.016598	10.903036	1.50418E+11	1.022581E-5	97791.755717	20.00787	0.905028	0	0
0	0	0	31.751868	10.903263	29.782756	10.903263	1.323667E+11	9.204046E-6	108647.869282	19.959337	0.903876	0	0
0	0	0	31.511356	10.904104	29.544831	10.904104	1.162289E+11	8.828931E-6	113263.992465	20.02813	0.901551	0	0
0	0	0	31.267088	10.904439	29.303283	10.904439	1.018516E+11	8.032214E-6	124498.669435	19.943212	0.900558	0	0
0	0	0	31.0197	10.904749	29.058656	10.904749	8.910224E+10	7.284607E-6	137275.769925	20.019849	0.898432	0	0
0	0	0	30.767281	10.905149	28.809039	10.905149	7.773711E+10	6.671341E-6	149894.894696	19.961247	0.896664	0	0
0	0	0	30.512134	10.905525	28.556729	10.905525	6.772167E+10	6.096429E-6	164030.449187	20.005878	0.895015	0	0
0	0	0	30.252348	10.906033	28.29981	10.906033	5.884882E+10	5.673252E-6	176265.731914	19.99302	0.89273	0	0
0	0	0	29.987809	10.90642	28.038214	10.90642	5.100725E+10	5.198313E-6	192370.088229	19.975276	0.891658	0	0
0	0	0	29.720362	10.906772	27.773749	10.906772	4.414113E+10	4.744272E-6	210780.482318	20.013554	0.889293	0	0
0	0	0	29.452441	10.906924	27.508852	10.906924	3.818948E+10	4.204104E-6	237862.798724	19.946379	0.888241	0	0
0	0	0	29.178754	10.907425	27.238193	10.907425	3.293747E+10	3.940671E-6	253763.901079	20.022575	0.885817	0	0
0	0	0	28.903679	10.907667	26.966207	10.907667	2.838643E+10	3.544779E-6	282105.063187	19.943011	0.884367	0	0
0	0	0	28.630025	10.907981	26.695613	10.907981	2.448302E+10	3.241422E-6	308506.547664	20.013507	0.882479	0	0
0	0	0	28.353202	10.908392	26.42187	10.908392	2.108022E+10	3.029166E-6	330123.836119	19.967287	0.880532	0	0
0	0	0	28.073928	10.908604	26.14574	10.908604	1.812634E+10	2.724636E-6	367021.447354	19.987688	0.879241	0	0
0	0	0	27.785998	10.908767	25.86106	10.908767	1.55136E+10	2.417849E-6	413590.710246	19.993784	0.876976	0	0
0	0	0	27.507852	10.909117	25.58602	10.909117	1.334787E+10	2.258585E-6	442755.078402	19.949561	0.876003	0	0
0	0	0	27.226781	10.909274	25.308123	10.909274	1.146635E+10	2.017863E-6	495573.737277	20.016374	0.87342	0	0
0	0	0	26.948586	10.909503	25.033056	10.909503	9.865364E+9	1.843811E-6	542354.934193	19.945872	0.872208	0	0
0	0	0	26.670522	10.909582	24.758145	10.909582	8.488517E+9	1.62099E-6	616907.06817	20.025119	0.870023	0	0
0	0	0	26.395169	10.909956	24.485863	10.909956	7.314541E+9	1.557699E-6	641972.663055	19.955849	0.868374	0	0
0	0	0	26.118607	10.910215	24.212406	10.910215	6.298811E+9	1.457884E-6	685925.476141	19.99527	0.866983	0	0
0	0	0	25.84822	10.91036	23.945074	10.91036	5.442264E+9	1.323841E-6	755377.84262	19.972611	0.865016	0	0
0	0	0	25.578829	10.910505	23.678726	10.910505	4.704729E+9	1.205886E-6	829265.537665	19.959848	0.863884	0	0
0	0	0	25.313179	10.910788	23.416053	10.910788	4.075377E+9	1.167208E-6	856745.261633	20.012221	0.861242	0	0
0	0	0	25.049293	10.910975	23.15514	10.910975	3.533582E+9	1.096996E-6	911580.210234	19.946825	0.860268	0	0
0	0	0	24.791843	10.911041	22.900611	10.911041	3.074492E+9	9.838135E-7	1016452.782974	20.02342	0.857983	0	0
0	0	0	24.535438	10.911102	22.647117	10.911102	2.676561E+9	8.811002E-7	1134944.725678	19.935518	0.856891	0	0
0	0	0	24.282561	10.911306	22.397086	10.911306	2.334582E+9	8.51644E-7	1174199.613454	20.006725	0.854924	0	0
0	0	0	24.032642	10.911355	22.150005	10.911355	2.039555E+9	7.634739E-7	1309802.508033	19.951285	0.853255	0	0
0	0	0	23.79102	10.911511	21.911108	10.911511	1.789821E+9	7.321232E-7	1365890.260748	19.978013	0.851666	0	0
0	0	0	23.553677	10.911867	21.676408	10.911867	1.574304E+9	8.155415E-7	1226179.195335	19.986747	0.849401	0	0
0	0	0	23.322346	10.912066	21.447679	10.912066	1.389245E+9	8.457165E-7	1182429.371369	19.95384	0.848249	0	0
0	0	0	23.098317	10.911915	21.226227	10.911915	1.230788E+9	6.6153E-7	1511647.317564	20.008252	0.845964	0	0
0	0	0	22.879498	10.911855	21.009912	10.911855	1.093481E+9	5.614438E-7	1781122.180336	19.926813	0.844871	0	0
0	0	0	22.664959	10.912367	20.797729	10.912367	9.737417E+8	8.069238E-7	1239274.457823	20.001957	0.842885	0	0
0	0	0	22.455941	10.912313	20.591102	10.912313	8.697061E+8	6.767421E-7	1477667.712651	19.939135	0.841216	0	0
0	0	0	22.25429	10.912289	20.391752	10.912289	7.798854E+8	5.908369E-7	1692514.423289	19.989129	0.839607	0	0
0	0	0	22.057898	10.912337	20.19759	10.912337	7.013323E+8	5.609704E-7	1782625.258121	19.977289	0.837481	0	0
0	0	0	21.868956	10.91265	20.010746	10.91265	6.332361E+8	7.945578E-7	1258561.658133	19.961808	0.836269	0	0
0	0	0	21.683558	10.912517	19.827483	10.912517	5.728483E+8	5.793995E-7	1725924.991001	20.002798	0.833964	0	0
0	0	0	21.504416	10.91277	19.650339	10.91277	5.199749E+8	8.35152E-7	1197386.804728	19.934811	0.832951	0	0
0	0	0	21.331089	10.912704	19.478998	10.912704	4.734677E+8	6.589945E-7	1517463.453008	20.011202	0.830806	0	0
0	0	0	21.164541	10.912831	19.314326	10.912831	4.327029E+8	8.081484E-7	1237396.487312	19.931112	0.829415	0	0
0	0	0	21.003334	10.912819	19.154959	10.912819	3.965914E+8	7.17363E-7	1393994.330162	20.006117	0.827269	0	0
0	0	0	20.848139	10.912439	19.001596	10.912439	3.646767E+8	3.309428E-7	3021670.287629	19.947013	0.82574	0	0
0	0	0	20.694463	10.912975	18.84958	10.912975	3.356057E+8	1.028781E-6	972024.488051	19.960335	0.824428	0	0
0	0	0	20.548627	10.912939	18.705412	10.912939	3.10164E+8	8.194472E-7	1220334.850417	19.970662	0.822263	0	0
0	0	0	20.401093	10.913114	18.559529	10.913114	2.863879E+8	2.277654E-6	439048.24783	19.929577	0.82117	0	0
0	0	0	20.263179	10.913102	18.423189	10.913102	2.658133E+8	1.856706E-6	538588.282884	20.002821	0.818707	0	0
0	0	0	20.128827	10.913162	18.290357	10.913162	2.471922E+8	4.414092E-6	226547.17389	19.928236	0.817535	0	0
0	0	0	20.002544	10.913132	18.165518	10.913132	2.308804E+8	2.31865E-6	431285.418042	20.006118	0.815608	0	0
0	0	0	19.878597	10.91306	18.042995	10.91306	2.159176E+8	1.057585E-6	945550.812316	19.937093	0.814038	0	0
0	0	0	19.757655	10.913192	17.923409	10.913192	2.022528E+8	1.629803E-5	61357.127409	19.975951	0.812628	0	0
0	0	0	19.64248	10.91324	17.809538	10.91324	1.900442E+8	-3.315501E-6	-301613.551637	19.962517	0.810383	0	0
0	0	0	19.531665	10.913204	17.699992	10.913204	1.789941E+8	-3.560135E-5	-28088.824793	19.945338	0.809389	0	0
0	0	0	19.42402	10.912945	17.593617	10.912945	1.688756E+8	4.567295E-7	2189479.743187	19.997744	0.806826	0	0
0	0	0	19.320295	10.91312	17.491044	10.91312	1.59667E+8	1.364803E-6	732706.493927	19.926361	0.805773	0	0
0	0	0	19.220589	10.913234	17.392455	10.913234	1.512889E+8	-3.112099E-6	-321326.547684	20.000841	0.803707	0	0
0	0	0	19.123022	10.913276	17.295992	10.913276	1.435163E+8	-1.309152E-6	-763853.460043	19.905523	0.802694	0	0
0	0	0	19.029343	10.913288	17.203379	10.913288	1.364295E+8	-1.073753E-6	-931313.060964	19.979009	0.800787	0	0
0	0	0	18.937983	10.913361	17.113048	10.913361	1.298553E+8	-5.605677E-7	-1783905.823083	19.930537	0.799039	0	0
0	0	0	18.849335	10.913499	17.025387	10.913499	1.237792E+8	-2.8645E-7	-3491010.626886	19.947595	0.797727	0	0
0	0	0	18.761961	10.913463	16.939014	10.913463	1.180687E+8	-3.108537E-7	-3216947.245278	19.97112	0.795463	0	0
0	0	0	18.679226	10.913427	16.857228	10.913427	1.129045E+8	-3.44718E-7	-2900921.508425	19.924234	0.794509	0	0
0	0	0	18.597275	10.913403	16.776215	10.913403	1.080119E+8	-3.690635E-7	-2709561.073101	19.985204	0.792264	0	0
0	0	0	18.519963	10.913337	16.699795	10.913337	1.035907E+8	-5.263978E-7	-1899703.836427	19.901686	0.79133	0	0
0	0	0	18.443272	10.913505	16.62395	10.913505	9.938391E+7	-2.254446E-7	-4435679.043574	19.983045	0.789284	0	0
0	0	0	18.369489	10.913457	16.551015	10.913457	9.549791E+7	-2.573309E-7	-3886046.919448	19.927198	0.787615	0	0
0	0	0	18.298841	10.913921	16.481095	10.913921	9.191957E+7	-8.819533E-8	-1.133847E+7	19.96082	0.786443	0	0
0	0	0	18.230661	10.913632	16.41374	10.913632	8.859335E+7	-1.420063E-7	-7041938.654561	19.956298	0.784258	0	0
0	0	0	18.162137	10.913553	16.34601	10.913553	8.537167E+7	-1.672105E-7	-5980484.995757	19.919441	0.783721	0	0
0	0	0	18.097697	10.913824	16.282259	10.913824	8.244895E+7	-9.132826E-8	-1.094951E+7	19.971748	0.781397	0	0
0	0	0	18.032783	10.913873	16.218076	10.913873	7.96059E+7	-8.185674E-8	-1.221647E+7	19.895902	0.780404	0	0
0	0	0	17.971544	10.913656	16.157572	10.913656	7.701375E+7	-1.169117E-7	-8553460.832078	19.981266	0.778238	0	0
0	0	0	17.909995	10.913764	16.096706	10.913764	7.44935E+7	-9.13337E-8	-1.094886E+7	19.906942	0.777046	0	0
0	0	0	17.851485	10.913638	16.038883	10.913638	7.217417E+7	-1.140936E-7	-8764734.332622	19.973066	0.775497	0	0
0	0	0	17.793644	10.91374	15.981684	10.91374	6.995237E+7	-8.959563E-8	-1.116126E+7	19.933665	0.773708	0	0
0	0	0	17.738465	10.913951	15.927099	10.913951	6.789663E+7	-6.253085E-8	-1.599211E+7	19.927149	0.772755	0	0
0	0	0	17.683712	10.913644	15.873021	10.913644	6.591642E+7	-1.02785E-7	-9729049.686586	19.940377	0.770728	0	0
0	0	0	17.6318	10.913559	15.821715	10.913559	6.409237E+7	-1.234247E-7	-8102103.81205	19.892156	0.769874	0	0
0	0	0	17.580624	10.913788	15.771083	10.913788	6.234357E+7	-7.330363E-8	-1.364189E+7	19.97297	0.76759	0	0
0	0	0	17.529627	10.913764	15.720672	10.913764	6.064837E+7	-7.435851E-8	-1.344836E+7	19.895972	0.766556	0	0
0	0	0	17.480607	10.913873	15.672192	10.913873	5.906233E+7	-6.073211E-8	-1.646575E+7	19.96794	0.764828	0	0
0	0	0	17.431587	10.913855	15.623733	10.913855	5.751778E+7	-6.0778E-8	-1.645332E+7	19.90815	0.763497	0	0
0	0	0	17.386307	10.913752	15.578987	10.913752	5.612699E+7	-7.031784E-8	-1.422114E+7	19.929667	0.762345	0	0
0	0	0	17.339084	10.9138	15.532293	10.9138	5.471232E+7	-6.303868E-8	-1.586328E+7	19.932096	0.760279	0	0
0	0	0	17.294441	10.913662	15.488182	10.913662	5.340776E+7	-8.001724E-8	-1.249731E+7	19.902693	0.759504	0	0
0	0	0	17.248345	10.913842	15.442581	10.913842	5.209335E+7	-5.607903E-8	-1.783198E+7	19.978189	0.75704	0	0
0	0	0	17.204013	10.913891	15.398746	10.913891	5.085977E+7	-5.092831E-8	-1.963544E+7	19.896004	0.756405	0	0
0	0	0	17.160105	10.913915	15.355335	10.913915	4.96668E+7	-4.805609E-8	-2.080902E+7	19.971697	0.754636	0	0
0	0	0	17.11837	10.91368	15.314115	10.91368	4.855881E+7	-7.000972E-8	-1.428373E+7	19.891376	0.753246	0	0
0	0	0	17.074005	10.914198	15.27017	10.914198	4.740809E+7	-3.285018E-8	-3.044123E+7	19.93949	0.751934	0	0
0	0	0	17.033642	10.914132	15.230278	10.914132	4.638488E+7	-3.442837E-8	-2.904582E+7	19.917393	0.750027	0	0
0	0	0	16.990307	10.913692	15.187508	10.913692	4.531088E+7	-6.372544E-8	-1.569232E+7	19.91695	0.749173	0	0
0	0	0	16.948653	10.913939	15.146289	10.913939	4.430202E+7	-4.146649E-8	-2.411586E+7	19.958797	0.746928	0	0
0	0	0	16.907425	10.913945	15.105529	10.913945	4.332557E+7	-4.022439E-8	-2.486054E+7	19.883002	0.746412	0	0
0	0	0	16.867307	10.913927	15.065871	10.913927	4.239609E+7	-4.034074E-8	-2.478883E+7	19.956109	0.744306	0	0
0	0	0	16.826552	10.913849	15.025593	10.913849	4.147226E+7	-4.423028E-8	-2.260894E+7	19.871421	0.743471	0	0
0	0	0	16.787332	10.913704	14.986845	10.913704	4.060225E+7	-5.573675E-8	-1.794148E+7	19.942855	0.741822	0	0
0	0	0	16.743033	10.914005	14.943	10.914005	3.964148E+7	-3.404879E-8	-2.936962E+7	19.903923	0.740153	0	0
0	0	0	16.699321	10.913891	14.899806	10.913891	3.871576E+7	-3.87679E-8	-2.579454E+7	19.922149	0.739101	0	0
0	0	0	16.659269	10.913824	14.860221	10.913824	3.788651E+7	-4.196643E-8	-2.382857E+7	19.935285	0.737034	0	0
0	0	0	16.618383	10.914144	14.819748	10.914144	3.705833E+7	-2.715455E-8	-3.682625E+7	19.875438	0.736577	0	0
0	0	0	16.579196	10.913836	14.781059	10.913836	3.628156E+7	-3.942734E-8	-2.536311E+7	19.944934	0.734392	0	0
0	0	0	16.53952	10.913891	14.741825	10.913891	3.551166E+7	-3.555946E-8	-2.812191E+7	19.860502	0.733558	0	0
0	0	0	16.501917	10.914053	14.704624	10.914053	3.47971E+7	-2.819902E-8	-3.546223E+7	19.948773	0.731611	0	0
0	0	0	16.466667	10.913873	14.669806	10.913873	3.41403E+7	-3.510539E-8	-2.848565E+7	19.880271	0.73024	0	0
0	0	0	16.440303	10.913981	14.643724	10.913981	3.365719E+7	-2.980112E-8	-3.355579E+7	19.92879	0.728988	0	0
0	0	0	16.416454	10.914029	14.620139	10.914029	3.322607E+7	-2.77087E-8	-3.608975E+7	19.904253	0.72726	0	0
0	0	0	16.398176	10.914011	14.602072	10.914011	3.289938E+7	-2.804786E-8	-3.565335E+7	19.878484	0.726565	0	0
0	0	0	16.382527	10.913939	14.586614	10.913939	3.262225E+7	-3.053421E-8	-3.275015E+7	19.923851	0.724459	0	0
0	0	0	16.371256	10.913939	14.575471	10.913939	3.242409E+7	-3.034874E-8	-3.29503E+7	19.860006	0.723684	0	0
0	0	0	16.360753	10.913873	14.565099	10.913873	3.224051E+7	-3.315187E-8	-3.016421E+7	19.951506	0.721677	0	0
0	0	0	16.353517	10.914204	14.55789	10.914204	3.211464E+7	-2.211936E-8	-4.520926E+7	19.868594	0.720644	0	0
0	0	0	16.346673	10.913945	14.551167	10.913945	3.199604E+7	-2.970575E-8	-3.366352E+7	19.926765	0.719293	0	0
0	0	0	16.342067	10.913963	14.54661	10.913963	3.191647E+7	-2.892958E-8	-3.45667E+7	19.879491	0.717684	0	0
0	0	0	16.337983	10.914029	14.542562	10.914029	3.184609E+7	-2.655786E-8	-3.765363E+7	19.882025	0.716909	0	0
0	0	0	16.335304	10.914228	14.539881	10.914228	3.18E+7	-2.138905E-8	-4.67529E+7	19.908485	0.714962	0	0
0	0	0	16.332837	10.913824	14.537509	10.913824	3.175763E+7	-3.517747E-8	-2.842729E+7	19.864982	0.714207	0	0
0	0	0	16.331286	10.914017	14.535943	10.914017	3.1731E+7	-2.685224E-8	-3.724084E+7	19.944332	0.711963	0	0
0	0	0	16.329407	10.914059	14.534079	10.914059	3.16988E+7	-2.550801E-8	-3.920338E+7	19.845049	0.711446	0	0
0	0	0	16.327692	10.913909	14.532408	10.913909	3.166942E+7	-3.090288E-8	-3.235944E+7	19.919969	0.709837	0	0
0	0	0	16.327088	10.9138	14.531828	10.9138	3.165908E+7	-3.647694E-8	-2.741458E+7	19.85071	0.708605	0	0
0	0	0	16.325487	10.913927	14.530225	10.913927	3.163169E+7	-3.009813E-8	-3.322466E+7	19.894371	0.707492	0	0
0	0	0	16.325078	10.914312	14.529758	10.914312	3.162471E+7	-1.965777E-8	-5.087047E+7	19.888722	0.705704	0	0
0	0	0	16.323429	10.914089	14.528164	10.914089	3.159652E+7	-2.456428E-8	-4.070952E+7	19.871419	0.70481	0	0
0	0	0	16.32418	10.913897	14.528938	10.913897	3.160935E+7	-3.1378E-8	-3.186946E+7	19.920902	0.702864	0	0
0	0	0	16.32173	10.914107	14.526481	10.914107	3.156751E+7	-2.405279E-8	-4.157522E+7	19.839401	0.702387	0	0
0	0	0	16.321861	10.914162	14.526601	10.914162	3.156974E+7	-2.269786E-8	-4.405702E+7	19.919322	0.700579	0	0
0	0	0	16.32057	10.913891	14.52537	10.913891	3.154773E+7	-3.159014E-8	-3.165544E+7	19.844392	0.699546	0	0
0	0	0	16.321371	10.913999	14.526144	10.913999	3.156138E+7	-2.731306E-8	-3.661252E+7	19.906191	0.698274	0	0
0	0	0	16.319949	10.9138	14.524771	10.9138	3.153715E+7	-3.633646E-8	-2.752057E+7	19.876426	0.696605	0	0
0	0	0	16.320488	10.914162	14.525245	10.914162	3.154634E+7	-2.268103E-8	-4.408971E+7	19.871676	0.69589	0	0
0	0	0	16.319361	10.914083	14.524144	10.914083	3.152712E+7	-2.467754E-8	-4.052267E+7	19.909156	0.693804	0	0
0	0	0	16.318741	10.914017	14.523541	10.914017	3.151655E+7	-2.667075E-8	-3.749425E+7	19.838411	0.693347	0	0
0	0	0	16.318104	10.913939	14.522924	10.913939	3.150569E+7	-2.948911E-8	-3.391082E+7	19.915548	0.691321	0	0
0	0	0	16.318594	10.913999	14.523398	10.913999	3.151404E+7	-2.727209E-8	-3.666753E+7	19.828215	0.690685	0	0
0	0	0	16.318104	10.913867	14.522936	10.913867	3.150569E+7	-3.268924E-8	-3.059111E+7	19.909918	0.688977	0	0
0	0	0	16.318692	10.913849	14.52352	10.913849	3.151571E+7	-3.36115E-8	-2.975172E+7	19.848082	0.687725	0	0
0	0	0	16.318316	10.914101	14.523107	10.914101	3.150931E+7	-2.416894E-8	-4.137541E+7	19.876172	0.686811	0	0
0	0	0	16.317777	10.914168	14.522563	10.914168	3.150013E+7	-2.250677E-8	-4.443107E+7	19.869278	0.684983	0	0
0	0	0	16.318185	10.913794	14.523028	10.913794	3.150708E+7	-3.667007E-8	-2.72702E+7	19.834672	0.684487	0	0
0	0	0	16.317891	10.913987	14.522706	10.913987	3.150208E+7	-2.767928E-8	-3.61281E+7	19.892451	0.68246	0	0
0	0	0	16.318757	10.913752	14.523601	10.913752	3.151682E+7	-3.948518E-8	-2.532596E+7	19.816923	0.681725	0	0
0	0	0	16.31794	10.913764	14.522791	10.913764	3.150291E+7	-3.862424E-8	-2.589048E+7	19.902141	0.679977	0	0
0	0	0	16.318447	10.913855	14.523277	10.913855	3.151154E+7	-3.329753E-8	-3.003226E+7	19.820588	0.679043	0	0
0	0	0	16.317581	10.913933	14.522408	10.913933	3.149679E+7	-2.972326E-8	-3.364368E+7	19.876448	0.677811	0	0
0	0	0	16.318202	10.913915	14.523025	10.913915	3.150736E+7	-3.048547E-8	-3.280251E+7	19.850159	0.676222	0	0
0	0	0	16.317173	10.913993	14.521995	10.913993	3.148984E+7	-2.745825E-8	-3.641892E+7	19.841002	0.675626	0	0
0	0	0	16.318316	10.913897	14.523141	10.913897	3.150931E+7	-3.127869E-8	-3.197065E+7	19.881554	0.67356	0	0
0	0	0	16.316944	10.913812	14.521798	10.913812	3.148595E+7	-3.55632E-8	-2.811895E+7	19.809606	0.673004	0	0
0	0	0	16.318561	10.913975	14.52337	10.913975	3.151348E+7	-2.812E-8	-3.556188E+7	19.889008	0.671116	0	0
0	0	0	16.317352	10.914101	14.522154	10.914101	3.14929E+7	-2.415636E-8	-4.139697E+7	19.797462	0.670322	0	0
0	0	0	16.318104	10.913794	14.522948	10.913794	3.150569E+7	-3.666845E-8	-2.72714E+7	19.873402	0.668852	0	0
0	0	0	16.317173	10.913909	14.522008	10.913909	3.148984E+7	-3.072765E-8	-3.254398E+7	19.813047	0.66766	0	0
0	0	0	16.317712	10.914029	14.522521	10.914029	3.149902E+7	-2.626842E-8	-3.806852E+7	19.838559	0.666825	0	0
0	0	0	16.317418	10.914053	14.522227	10.914053	3.149401E+7	-2.552222E-8	-3.918155E+7	19.852791	0.664878	0	0
0	0	0	16.31696	10.914005	14.521783	10.914005	3.148623E+7	-2.704403E-8	-3.697673E+7	19.80979	0.664362	0	0
0	0	0	16.316601	10.914059	14.521418	10.914059	3.148011E+7	-2.533203E-8	-3.947572E+7	19.86876	0.662415	0	0
0	0	0	16.316731	10.91377	14.521595	10.91377	3.148233E+7	-3.81909E-8	-2.618425E+7	19.789059	0.661739	0	0
0	0	0	16.317205	10.913873	14.522047	10.913873	3.14904E+7	-3.238054E-8	-3.088275E+7	19.872455	0.66017	0	0
0	0	0	16.315719	10.913867	14.520578	10.913867	3.14651E+7	-3.264712E-8	-3.063057E+7	19.801605	0.659176	0	0
0	0	0	16.316225	10.913933	14.521068	10.913933	3.147372E+7	-2.970149E-8	-3.366835E+7	19.85061	0.657984	0	0
0	0	0	16.315474	10.913927	14.520326	10.913927	3.146094E+7	-2.993565E-8	-3.340499E+7	19.829846	0.656355	0	0
0	0	0	16.315833	10.913975	14.520673	10.913975	3.146705E+7	-2.807856E-8	-3.561436E+7	19.802107	0.655859	0	0
0	0	0	16.314363	10.914023	14.519212	10.914023	3.144205E+7	-2.64129E-8	-3.786029E+7	19.850143	0.653832	0	0
0	0	0	16.315539	10.914186	14.520348	10.914186	3.146205E+7	-2.206729E-8	-4.531593E+7	19.777599	0.653554	0	0
0	0	0	16.315098	10.914144	14.519919	10.914144	3.145455E+7	-2.304833E-8	-4.338709E+7	19.85983	0.651647	0	0
0	0	0	16.316731	10.913993	14.521559	10.913993	3.148233E+7	-2.745171E-8	-3.642761E+7	19.780465	0.650773	0	0
0	0	0	16.315425	10.914041	14.520259	10.914041	3.14601E+7	-2.586004E-8	-3.86697E+7	19.85103	0.649462	0	0
0	0	0	16.316225	10.914336	14.521001	10.914336	3.147372E+7	-1.914894E-8	-5.222222E+7	19.80101	0.648011	0	0
0	0	0	16.31482	10.914156	14.519642	10.914156	3.144983E+7	-2.275423E-8	-4.394787E+7	19.815817	0.647256	0	0
0	0	0	16.315751	10.914077	14.520576	10.914077	3.146566E+7	-2.479861E-8	-4.032483E+7	19.82427	0.645647	0	0
0	0	0	16.314559	10.913957	14.519417	10.913957	3.144538E+7	-2.872954E-8	-3.480738E+7	19.771623	0.645131	0	0
0	0	0	16.315229	10.913933	14.520083	10.913933	3.145677E+7	-2.968549E-8	-3.368649E+7	19.845565	0.643263	0	0
0	0	0	16.314249	10.913963	14.519109	10.913963	3.144011E+7	-2.849779E-8	-3.509044E+7	19.763533	0.642627	0	0
0	0	0	16.314853	10.913921	14.519713	10.913921	3.145038E+7	-3.017586E-8	-3.313907E+7	19.847822	0.640978	0	0
0	0	0	16.313628	10.913963	14.518495	10.913963	3.142956E+7	-2.848823E-8	-3.510221E+7	19.774669	0.639945	0	0
0	0	0	16.314575	10.914246	14.519385	10.914246	3.144566E+7	-2.078516E-8	-4.811125E+7	19.811843	0.639071	0	0
0	0	0	16.314151	10.913999	14.519006	10.913999	3.143844E+7	-2.720666E-8	-3.67557E+7	19.802114	0.637522	0	0
0	0	0	16.314755	10.913969	14.519609	10.913969	3.144871E+7	-2.828216E-8	-3.535798E+7	19.780184	0.636906	0	0
0	0	0	16.314608	10.914113	14.519439	10.914113	3.144621E+7	-2.380229E-8	-4.201276E+7	19.833287	0.634999	0	0
0	0	0	16.31469	10.914011	14.519537	10.914011	3.14476E+7	-2.681016E-8	-3.72993E+7	19.763568	0.634363	0	0
0	0	0	16.316127	10.913939	14.52097	10.913939	3.147205E+7	-2.945762E-8	-3.394707E+7	19.846888	0.632674	0	0
0	0	0	16.315653	10.913824	14.52052	10.913824	3.146399E+7	-3.48522E-8	-2.869259E+7	19.751558	0.632078	0	0
0	0	0	16.316176	10.914107	14.520991	10.914107	3.147288E+7	-2.398068E-8	-4.170023E+7	19.818946	0.630807	0	0
0	0	0	16.316078	10.913993	14.520913	10.913993	3.147122E+7	-2.744201E-8	-3.644048E+7	19.775577	0.629555	0	0
0	0	0	16.317597	10.914017	14.52241	10.914017	3.149707E+7	-2.665427E-8	-3.751744E+7	19.786289	0.628741	0	0
0	0	0	16.316258	10.913674	14.521143	10.913674	3.147427E+7	-4.595534E-8	-2.176026E+7	19.812136	0.626813	0	0
0	0	0	16.317646	10.914053	14.522453	10.914053	3.14979E+7	-2.552537E-8	-3.917671E+7	19.753393	0.626436	0	0
0	0	0	16.317075	10.914029	14.521892	10.914029	3.148817E+7	-2.625938E-8	-3.808163E+7	19.81871	0.624767	0	0
0	0	0	16.317042	10.913764	14.521903	10.913764	3.148762E+7	-3.860549E-8	-2.590305E+7	19.727488	0.62437	0	0
0	0	0	16.316323	10.913897	14.521171	10.913897	3.147538E+7	-3.124501E-8	-3.200511E+7	19.808181	0.6228	0	0
0	0	0	16.317303	10.913897	14.52214	10.913897	3.149206E+7	-3.126157E-8	-3.198816E+7	19.741003	0.621787	0	0
0	0	0	16.316013	10.913614	14.52091	10.913614	3.14701E+7	-5.264935E-8	-1.899359E+7	19.785199	0.620675	0	0
0	0	0	16.317287	10.913812	14.522137	10.913812	3.149179E+7	-3.55698E-8	-2.811374E+7	19.781262	0.619165	0	0
0	0	0	16.316454	10.913855	14.521307	10.913855	3.147761E+7	-3.326168E-8	-3.006463E+7	19.750751	0.618608	0	0
0	0	0	16.317222	10.914029	14.522037	10.914029	3.149067E+7	-2.626147E-8	-3.807861E+7	19.813109	0.616701	0	0
0	0	0	16.316274	10.913873	14.521126	10.913873	3.147455E+7	-3.236425E-8	-3.089829E+7	19.721534	0.616443	0	0
0	0	0	16.316944	10.913836	14.521794	10.913836	3.148595E+7	-3.421586E-8	-2.922621E+7	19.806971	0.614893	0	0
0	0	0	16.316339	10.913957	14.521177	10.913957	3.147566E+7	-2.875721E-8	-3.477389E+7	19.73349	0.613821	0	0
0	0	0	16.316192	10.914017	14.521022	10.914017	3.147316E+7	-2.663404E-8	-3.754594E+7	19.786391	0.612748	0	0
0	0	0	16.315751	10.91374	14.520631	10.91374	3.146566E+7	-4.030121E-8	-2.481315E+7	19.748272	0.611357	0	0
0	0	0	16.316143	10.913933	14.520987	10.913933	3.147233E+7	-2.970018E-8	-3.366983E+7	19.743824	0.610761	0	0
0	0	0	16.315604	10.914047	14.520435	10.914047	3.146316E+7	-2.567858E-8	-3.894296E+7	19.778696	0.609053	0	0
0	0	0	16.31482	10.914083	14.519654	10.914083	3.144983E+7	-2.461704E-8	-4.062227E+7	19.717503	0.608496	0	0
0	0	0	16.315033	10.913758	14.519918	10.913758	3.145344E+7	-3.898013E-8	-2.56541E+7	19.797648	0.606867	0	0
0	0	0	16.31451	10.913993	14.519362	10.913993	3.144455E+7	-2.741876E-8	-3.647138E+7	19.714502	0.606112	0	0
0	0	0	16.315147	10.914089	14.519976	10.914089	3.145538E+7	-2.445455E-8	-4.089218E+7	19.7897	0.604741	0	0
0	0	0	16.313497	10.913891	14.518378	10.913891	3.142734E+7	-3.146959E-8	-3.177671E+7	19.737043	0.60351	0	0
0	0	0	16.313644	10.913879	14.518525	10.913879	3.142984E+7	-3.20312E-8	-3.121956E+7	19.747433	0.602914	0	0
0	0	0	16.313187	10.913969	14.518058	10.913969	3.142207E+7	-2.82582E-8	-3.538796E+7	19.760454	0.601265	0	0
0	0	0	16.313465	10.914113	14.518309	10.914113	3.142678E+7	-2.378758E-8	-4.203874E+7	19.708945	0.600808	0	0
0	0	0	16.311684	10.914065	14.516557	10.914065	3.139655E+7	-2.508882E-8	-3.985839E+7	19.79222	0.598901	0	0
0	0	0	16.312795	10.914264	14.517622	10.914264	3.141541E+7	-2.041237E-8	-4.898989E+7	19.69367	0.598483	0	0
0	0	0	16.311357	10.91377	14.516282	10.91377	3.139101E+7	-3.808011E-8	-2.626043E+7	19.770494	0.596954	0	0
0	0	0	16.312092	10.91412	14.516952	10.91412	3.140348E+7	-2.361416E-8	-4.234747E+7	19.704578	0.595921	0	0
0	0	0	16.311374	10.913674	14.516314	10.913674	3.139128E+7	-4.583417E-8	-2.181778E+7	19.731172	0.595285	0	0
0	0	0	16.31268	10.914083	14.517539	10.914083	3.141347E+7	-2.458858E-8	-4.066929E+7	19.733871	0.593676	0	0
0	0	0	16.311962	10.914204	14.516808	10.914204	3.140126E+7	-2.162801E-8	-4.623634E+7	19.703375	0.59308	0	0
0	0	0	16.312435	10.913957	14.517317	10.913957	3.140931E+7	-2.869658E-8	-3.484736E+7	19.766384	0.591172	0	0
0	0	0	16.311619	10.91421	14.516468	10.91421	3.139544E+7	-2.149496E-8	-4.652253E+7	19.683184	0.590874	0	0
0	0	0	16.311847	10.914065	14.516718	10.914065	3.139932E+7	-2.509104E-8	-3.985487E+7	19.767501	0.589186	0	0
0	0	0	16.311308	10.914089	14.516181	10.914089	3.139017E+7	-2.440386E-8	-4.097712E+7	19.687188	0.588371	0	0
0	0	0	16.311243	10.914192	14.5161	10.914192	3.138907E+7	-2.188233E-8	-4.569896E+7	19.735797	0.587437	0	0
0	0	0	16.311227	10.913927	14.516127	10.913927	3.138879E+7	-2.9867E-8	-3.348177E+7	19.716584	0.586007	0	0
0	0	0	16.312109	10.914101	14.516971	10.914101	3.140376E+7	-2.408798E-8	-4.151448E+7	19.700286	0.585431	0	0
0	0	0	16.312256	10.914126	14.517112	10.914126	3.140626E+7	-2.346247E-8	-4.262125E+7	19.746912	0.583623	0	0
0	0	0	16.312223	10.91424	14.517061	10.91424	3.14057E+7	-2.087903E-8	-4.789494E+7	19.668669	0.583345	0	0
0	0	0	16.313187	10.91415	14.518029	10.91415	3.142207E+7	-2.287842E-8	-4.370932E+7	19.752422	0.581616	0	0
0	0	0	16.313334	10.913993	14.5182	10.913993	3.142456E+7	-2.740133E-8	-3.649458E+7	19.648186	0.581219	0	0
0	0	0	16.314363	10.914144	14.519192	10.914144	3.144205E+7	-2.303917E-8	-4.340434E+7	19.727304	0.579789	0	0
0	0	0	16.312958	10.913867	14.517849	10.913867	3.141818E+7	-3.259844E-8	-3.067632E+7	19.684552	0.578517	0	0
0	0	0	16.314657	10.914005	14.519506	10.914005	3.144705E+7	-2.701038E-8	-3.70228E+7	19.698109	0.577822	0	0
0	0	0	16.313955	10.914005	14.518811	10.914005	3.143511E+7	-2.700013E-8	-3.703686E+7	19.725038	0.576034	0	0
0	0	0	16.315376	10.913933	14.520228	10.913933	3.145927E+7	-2.968785E-8	-3.368381E+7	19.657695	0.575776	0	0
0	0	0	16.314363	10.914047	14.519208	10.914047	3.144205E+7	-2.566136E-8	-3.89691E+7	19.732235	0.574147	0	0
0	0	0	16.314967	10.913981	14.519816	10.913981	3.145232E+7	-2.784884E-8	-3.590814E+7	19.645136	0.57363	0	0
0	0	0	16.31482	10.913915	14.519682	10.913915	3.144983E+7	-3.04298E-8	-3.286252E+7	19.727097	0.57212	0	0
0	0	0	16.315261	10.914017	14.520101	10.914017	3.145732E+7	-2.662064E-8	-3.756484E+7	19.669175	0.571067	0	0
0	0	0	16.315392	10.913963	14.520239	10.913963	3.145955E+7	-2.851541E-8	-3.506875E+7	19.698762	0.570273	0	0
0	0	0	16.316307	10.913849	14.521162	10.913849	3.147511E+7	-3.356819E-8	-2.97901E+7	19.708094	0.568604	0	0
0	0	0	16.316225	10.913939	14.521067	10.913939	3.147372E+7	-2.945918E-8	-3.394527E+7	19.650855	0.568445	0	0
0	0	0	16.316176	10.913903	14.521024	10.913903	3.147288E+7	-3.097453E-8	-3.228458E+7	19.718363	0.566637	0	0
0	0	0	16.316731	10.914126	14.521537	10.914126	3.148233E+7	-2.351931E-8	-4.251826E+7	19.633628	0.56614	0	0
0	0	0	16.316176	10.913975	14.521012	10.913975	3.147288E+7	-2.808377E-8	-3.560775E+7	19.71886	0.564611	0	0
0	0	0	16.316601	10.913716	14.521475	10.913716	3.148011E+7	-4.220426E-8	-2.369429E+7	19.652797	0.563577	0	0
0	0	0	16.316013	10.913909	14.520862	10.913909	3.14701E+7	-3.070839E-8	-3.256439E+7	19.6775	0.562962	0	0
0	0	0	16.316617	10.913842	14.52147	10.913842	3.148039E+7	-3.388884E-8	-2.950824E+7	19.668759	0.561491	0	0
0	0	0	16.31567	10.914065	14.520497	10.914065	3.146427E+7	-2.514294E-8	-3.97726E+7	19.63593	0.561134	0	0
0	0	0	16.316584	10.913951	14.52142	10.913951	3.147983E+7	-2.899188E-8	-3.449242E+7	19.700789	0.559286	0	0
0	0	0	16.31531	10.913921	14.520165	10.913921	3.145816E+7	-3.018332E-8	-3.313088E+7	19.619109	0.559048	0	0
0	0	0	16.31647	10.913933	14.52131	10.913933	3.147789E+7	-2.970542E-8	-3.366389E+7	19.709286	0.557339	0	0
0	0	0	16.314657	10.914023	14.519503	10.914023	3.144705E+7	-2.64171E-8	-3.785427E+7	19.636448	0.556406	0	0
0	0	0	16.315359	10.914168	14.520173	10.914168	3.145899E+7	-2.247738E-8	-4.448918E+7	19.668604	0.55571	0	0
0	0	0	16.314412	10.913981	14.519267	10.913981	3.144288E+7	-2.784048E-8	-3.591892E+7	19.657019	0.554359	0	0
0	0	0	16.315196	10.914095	14.520024	10.914095	3.145621E+7	-2.429061E-8	-4.116817E+7	19.626498	0.553863	0	0
0	0	0	16.314134	10.914132	14.518968	10.914132	3.143816E+7	-2.333438E-8	-4.285523E+7	19.680993	0.552134	0	0
0	0	0	16.31469	10.914144	14.519515	10.914144	3.14476E+7	-2.304324E-8	-4.339667E+7	19.605773	0.551717	0	0
0	0	0	16.314428	10.914059	14.519271	10.914059	3.144316E+7	-2.530229E-8	-3.952211E+7	19.693618	0.550008	0	0
0	0	0	16.314069	10.914071	14.518913	10.914071	3.143705E+7	-2.494744E-8	-4.008428E+7	19.615752	0.549412	0	0
0	0	0	16.313791	10.914228	14.518613	10.914228	3.143233E+7	-2.114175E-8	-4.729978E+7	19.656826	0.548479	0	0
0	0	0	16.313269	10.914138	14.518111	10.914138	3.142345E+7	-2.317354E-8	-4.315266E+7	19.642726	0.547108	0	0
0	0	0	16.313448	10.914089	14.518297	10.914089	3.142651E+7	-2.443211E-8	-4.092975E+7	19.622503	0.546631	0	0
0	0	0	16.313203	10.914005	14.518068	10.914005	3.142234E+7	-2.698917E-8	-3.705191E+7	19.664049	0.545022	0	0
0	0	0	16.313416	10.914047	14.518271	10.914047	3.142595E+7	-2.564822E-8	-3.898906E+7	19.604196	0.544426	0	0
0	0	0	16.313236	10.914059	14.518092	10.914059	3.14229E+7	-2.528599E-8	-3.954759E+7	19.682416	0.543015	0	0
0	0	0	16.313383	10.913921	14.51826	10.913921	3.14254E+7	-3.015189E-8	-3.316542E+7	19.599471	0.542459	0	0
0	0	0	16.312762	10.914113	14.517615	10.914113	3.141485E+7	-2.377855E-8	-4.20547E+7	19.644377	0.541605	0	0
0	0	0	16.313367	10.913987	14.518233	10.913987	3.142512E+7	-2.761166E-8	-3.621658E+7	19.623852	0.540035	0	0
0	0	0	16.313122	10.914047	14.517981	10.914047	3.142096E+7	-2.564414E-8	-3.899526E+7	19.607117	0.539638	0	0
0	0	0	16.313889	10.914017	14.518745	10.914017	3.1434E+7	-2.66009E-8	-3.759271E+7	19.653748	0.53787	0	0
0	0	0	16.312844	10.914077	14.517701	10.914077	3.141624E+7	-2.475967E-8	-4.038827E+7	19.585309	0.537552	0	0
0	0	0	16.314151	10.913873	14.519027	10.913873	3.143844E+7	-3.232712E-8	-3.093378E+7	19.662617	0.536122	0	0
0	0	0	16.312893	10.913933	14.517774	10.913933	3.141707E+7	-2.964803E-8	-3.372905E+7	0	0	0	0
0	0	0	16.314445	10.91424	14.519257	10.91424	3.144344E+7	-2.090412E-8	-4.783746E+7	0	0	0	0
0	0	0	16.314085	10.914059	14.518932	10.914059	3.143733E+7	-2.52976E-8	-3.952944E+7	0	0	0	0
0	0	0	16.315915	10.914053	14.520741	10.914053	3.146844E+7	-2.550149E-8	-3.921339E+7	0	0	0	0
0	0	0	16.315637	10.91415	14.520451	10.91415	3.146371E+7	-2.290874E-8	-4.365146E+7	0	0	0	0
0	0	0	16.317614	10.914065	14.522419	10.914065	3.149735E+7	-2.516937E-8	-3.973083E+7	0	0	0	0
0	0	0	16.316682	10.914011	14.521507	10.914011	3.14815E+7	-2.683905E-8	-3.725914E+7	0	0	0	0
0	0	0	16.31781	10.9138	14.522656	10.9138	3.150069E+7	-3.629445E-8	-2.755242E+7	0	0	0	0
0	0	0	16.317973	10.913849	14.52281	10.913849	3.150347E+7	-3.359844E-8	-2.976328E+7	0	0	0	0
0	0	0	16.318234	10.914017	14.52304	10.914017	3.150792E+7	-2.666345E-8	-3.750452E+7	0	0	0	0
0	0	0	16.318888	10.913734	14.523733	10.913734	3.151905E+7	-4.082534E-8	-2.449459E+7	0	0	0	0
0	0	0	16.318398	10.914095	14.523189	10.914095	3.15107E+7	-2.433268E-8	-4.109699E+7	0	0	0	0
0	0	0	16.318316	10.913842	14.52315	10.913842	3.150931E+7	-3.391997E-8	-2.948116E+7	0	0	0	0
0	0	0	16.317238	10.914083	14.522044	10.914083	3.149095E+7	-2.464923E-8	-4.056922E+7	0	0	0	0
0	0	0	16.318022	10.913806	14.522865	10.913806	3.15043E+7	-3.593772E-8	-2.782591E+7	0	0	0	0
0	0	0	16.317124	10.913879	14.521965	10.913879	3.148901E+7	-3.20915E-8	-3.11609E+7	0	0	0	0
0	0	0	16.317957	10.914101	14.522752	10.914101	3.150319E+7	-2.416425E-8	-4.138345E+7	0	0	0	0
0	0	0	16.316829	10.913921	14.521667	10.913921	3.1484E+7	-3.020812E-8	-3.310368E+7	0	0	0	0
0	0	0	16.317401	10.913764	14.522258	10.913764	3.149373E+7	-3.861299E-8	-2.589802E+7	0	0	0	0
0	0	0	16.316715	10.91383	14.521569	10.91383	3.148206E+7	-3.453876E-8	-2.895298E+7	0	0	0	0
0	0	0	16.317385	10.913999	14.522203	10.913999	3.149346E+7	-2.725427E-8	-3.669149E+7	0	0	0	0
0	0	0	16.315506	10.913849	14.520371	10.913849	3.146149E+7	-3.355367E-8	-2.9803E+7	0	0	0	0
0	0	0	16.317042	10.914005	14.521863	10.914005	3.148762E+7	-2.704523E-8	-3.69751E+7	0	0	0	0
0	0	0	16.316356	10.913716	14.521233	10.913716	3.147594E+7	-4.219867E-8	-2.369743E+7	0	0	0	0
0	0	0	16.317042	10.913933	14.521875	10.913933	3.148762E+7	-2.97146E-8	-3.365348E+7	0	0	0	0
0	0	0	16.316503	10.914059	14.521322	10.914059	3.147844E+7	-2.533068E-8	-3.947781E+7	0	0	0	0
0	0	0	16.316731	10.914047	14.52155	10.914047	3.148233E+7	-2.569423E-8	-3.891924E+7	0	0	0	0
0	0	0	16.316421	10.913879	14.521271	10.913879	3.147705E+7	-3.207932E-8	-3.117273E+7	0	0	0	0
0	0	0	16.316715	10.914035	14.521535	10.914035	3.148206E+7	-2.606483E-8	-3.836588E+7	0	0	0	0
0	0	0	16.316797	10.913939	14.521632	10.913939	3.148345E+7	-2.946829E-8	-3.393478E+7	0	0	0	0
0	0	0	16.316862	10.914113	14.521668	10.914113	3.148456E+7	-2.383131E-8	-4.19616E+7	0	0	0	0
0	0	0	16.317859	10.913921	14.522685	10.913921	3.150152E+7	-3.022493E-8	-3.308527E+7	0	0	0	0
0	0	0	16.317418	10.914162	14.522209	10.914162	3.149401E+7	-2.264341E-8	-4.416296E+7	0	0	0	0
0	0	0	16.317565	10.914198	14.522348	10.914198	3.149651E+7	-2.182463E-8	-4.581979E+7	0	0	0	0
0	0	0	16.31678	10.91412	14.521586	10.91412	3.148317E+7	-2.367408E-8	-4.224029E+7	0	0	0	0
0	0	0	16.316977	10.914318	14.521747	10.914318	3.14865E+7	-1.94664E-8	-5.137058E+7	0	0	0	0
0	0	0	16.316356	10.914113	14.521167	10.914113	3.147594E+7	-2.382479E-8	-4.197308E+7	0	0	0	0
0	0	0	16.317287	10.914011	14.522105	10.914011	3.149179E+7	-2.684782E-8	-3.724697E+7	0	0	0	0
0	0	0	16.316666	10.914023	14.521489	10.914023	3.148122E+7	-2.64458E-8	-3.781318E+7	0	0	0	0
0	0	0	16.317712	10.913891	14.522544	10.913891	3.149902E+7	-3.154137E-8	-3.17044E+7	0	0	0	0
0	0	0	16.316617	10.914095	14.521429	10.914095	3.148039E+7	-2.430928E-8	-4.113656E+7	0	0	0	0
0	0	0	16.317418	10.913981	14.522239	10.913981	3.149401E+7	-2.788575E-8	-3.586061E+7	0	0	0	0
0	0	0	16.317075	10.914083	14.521883	10.914083	3.148817E+7	-2.464706E-8	-4.05728E+7	0	0	0	0
0	0	0	16.317516	10.914132	14.522311	10.914132	3.149568E+7	-2.337707E-8	-4.277697E+7	0	0	0	0
0	0	0	16.316813	10.913903	14.521654	10.913903	3.148372E+7	-3.09852E-8	-3.227347E+7	0	0	0	0
0	0	0	16.317793	10.91383	14.522635	10.91383	3.150041E+7	-3.45589E-8	-2.893611E+7	0	0	0	0
0	0	0	16.31714	10.914029	14.521956	10.914029	3.148928E+7	-2.626031E-8	-3.808029E+7	0	0	0	0
0	0	0	16.317238	10.914132	14.522036	10.914132	3.149095E+7	-2.337356E-8	-4.278339E+7	0	0	0	0
0	0	0	16.316356	10.914101	14.521169	10.914101	3.147594E+7	-2.414335E-8	-4.141928E+7	0	0	0	0
0	0	0	16.317173	10.914029	14.521989	10.914029	3.148984E+7	-2.626077E-8	-3.807961E+7	0	0	0	0
0	0	0	16.316682	10.913969	14.521514	10.913969	3.14815E+7	-2.831165E-8	-3.532115E+7	0	0	0	0
0	0	0	16.316013	10.9138	14.52088	10.9138	3.14701E+7	-3.625921E-8	-2.75792E+7	0	0	0	0
0	0	0	16.317026	10.914083	14.521834	10.914083	3.148734E+7	-2.46464E-8	-4.057387E+7	0	0	0	0
0	0	0	16.316715	10.913945	14.52155	10.913945	3.148206E+7	-2.922855E-8	-3.421313E+7	0	0	0	0
0	0	0	16.317075	10.914101	14.52188	10.914101	3.148817E+7	-2.415273E-8	-4.140319E+7	0	0	0	0
0	0	0	16.316699	10.913957	14.521532	10.913957	3.148178E+7	-2.876279E-8	-3.476714E+7	0	0	0	0
0	0	0	16.317124	10.913963	14.521951	10.913963	3.148901E+7	-2.854212E-8	-3.503594E+7	0	0	0	0
0	0	0	16.315229	10.913734	14.520115	10.913734	3.145677E+7	-4.074466E-8	-2.454309E+7	0	0	0	0
0	0	0	16.316928	10.913891	14.521769	10.913891	3.148567E+7	-3.1528E-8	-3.171784E+7	0	0	0	0
0	0	0	16.315016	10.913909	14.519877	10.913909	3.145316E+7	-3.069185E-8	-3.258194E+7	0	0	0	0
0	0	0	16.316535	10.913788	14.521398	10.913788	3.1479E+7	-3.701284E-8	-2.701765E+7	0	0	0	0
0	0	0	16.316192	10.914023	14.521021	10.914023	3.147316E+7	-2.643903E-8	-3.782287E+7	0	0	0	0
0	0	0	16.316601	10.913861	14.521451	10.913861	3.148011E+7	-3.296076E-8	-3.03391E+7	0	0	0	0
0	0	0	16.316274	10.914113	14.521087	10.914113	3.147455E+7	-2.382374E-8	-4.197494E+7	0	0	0	0
0	0	0	16.317287	10.913951	14.522114	10.913951	3.149179E+7	-2.900289E-8	-3.447932E+7	0	0	0	0
0	0	0	16.316699	10.913885	14.521544	10.913885	3.148178E+7	-3.180165E-8	-3.144491E+7	0	0	0	0
0	0	0	16.31714	10.913734	14.522005	10.913734	3.148928E+7	-4.078678E-8	-2.451775E+7	0	0	0	0
0	0	0	16.316601	10.914017	14.521425	10.914017	3.148011E+7	-2.663992E-8	-3.753765E+7	0	0	0	0
0	0	0	16.316829	10.913824	14.521683	10.913824	3.1484E+7	-3.487437E-8	-2.867436E+7	0	0	0	0
0	0	0	16.315735	10.913915	14.520586	10.913915	3.146538E+7	-3.044485E-8	-3.284628E+7	0	0	0	0
0	0	0	16.316045	10.913969	14.520884	10.913969	3.147066E+7	-2.83019E-8	-3.533332E+7	0	0	0	0
0	0	0	16.315278	10.91371	14.520168	10.91371	3.14576E+7	-4.267271E-8	-2.343418E+7	0	0	0	0
0	0	0	16.315229	0	16.315229	0	3.145677E+7	0	0	0	0	0	0
0	0	0	16.315425	0	16.315425	0	3.14601E+7	0	0	0	0	0	0
