Vload_(V)	ILoad_(A)	RsLoad (ohm)	SunsVoc_Voltage_(V)	SunsVoc_Current_(A)	Model_Voltage_(V)	Model_Current_(A)	Carrier_Density_(cm-3)	Lifetime_(s)	Inverse_Lifetime_(s-1)	Efficiency_(%)	Intensity_(suns)	Dark_IV_Voltage_(V)	Dark_IV_Current_(A)
4.639843	7.442001	0	48.73137	-1.6049	48.683523	-1.6049	1.193035E+15	9.112194E-5	10971.942416	12.789401	1.155805	0	0
4.472787	7.447542	-0.500922	48.668122	-1.117176	48.638335	-1.117176	1.155473E+15	9.32819E-5	10717.977061	12.950791	1.155685	0	0
6.502924	7.409083	4.061576	48.525815	-0.519225	48.51565	-0.519225	1.074989E+15	9.33026E-5	10715.896073	12.764281	1.153777	0	0
13.010273	7.28016	3.755253	48.376532	0.07159	48.377402	0.07159	9.962661E+14	9.340138E-5	10704.831808	12.924067	1.151485	0	0
19.139467	7.218404	3.036926	48.22284	0.620909	48.225626	0.620909	9.209434E+14	9.329292E-5	10717.519049	12.785283	1.149875	0	0
25.242506	7.133695	2.314718	48.077413	1.08466	48.074424	1.08466	8.546824E+14	9.289641E-5	10763.46631	12.971068	1.148935	0	0
31.343794	6.921035	1.665651	47.943256	1.486401	47.92923	1.486401	7.976097E+14	9.254108E-5	10804.955563	12.785394	1.148093	0	0
37.430241	6.647954	0.953396	47.807744	1.874041	47.777412	1.874041	7.436714E+14	9.229E-5	10834.491631	12.929945	1.146172	0	0
38.202314	6.617047	0.853211	47.666041	2.249519	47.613757	2.249519	6.910178E+14	9.195682E-5	10873.876908	12.75271	1.14331	0	0
38.990643	6.595538	0.745134	47.521757	2.602319	47.442574	2.602319	6.410976E+14	9.153285E-5	10924.356929	12.951815	1.13954	0	0
39.788525	6.589945	0.626916	47.381818	2.925968	47.272396	2.925968	5.96013E+14	9.119444E-5	10964.99162	12.780037	1.13532	0	0
40.560672	6.570047	0.518264	47.244444	3.223829	47.101827	3.223829	5.547432E+14	9.087352E-5	11003.795322	12.976241	1.1311	0	0
41.351449	6.548613	0.407436	47.10622	3.498989	46.927344	3.498989	5.160173E+14	9.04286E-5	11058.006622	12.770406	1.127642	0	0
42.138868	6.534906	0.292119	46.972391	3.746243	46.755906	3.746243	4.810292E+14	8.993683E-5	11118.531369	12.982983	1.124118	0	0
42.91189	6.474962	0.196421	46.841273	3.976438	46.58552	3.976438	4.489922E+14	8.952301E-5	11169.978049	12.788368	1.120388	0	0
43.669354	6.264763	0.148481	46.707998	4.196212	46.410259	4.196212	4.185611E+14	8.910627E-5	11222.263955	12.986081	1.115777	0	0
44.399177	5.836426	0.144063	46.575639	4.401396	46.234328	4.401396	3.903341E+14	8.870461E-5	11273.117991	12.783628	1.110364	0	0
45.105622	5.216138	0.155235	46.442528	4.592571	46.055947	4.592571	3.638255E+14	8.822767E-5	11334.093243	12.980013	1.104892	0	0
45.788795	4.445754	0.164533	46.31154	4.769257	45.878975	4.769257	3.394627E+14	8.776157E-5	11394.31786	12.824433	1.099321	0	0
46.439442	3.56432	0.16956	46.179279	4.935325	45.699143	4.935325	3.164869E+14	8.724231E-5	11462.162436	12.990075	1.093941	0	0
47.043783	2.6067	0.17881	46.046772	5.092506	45.51774	5.092506	2.950005E+14	8.675967E-5	11525.947886	12.865415	1.088443	0	0
47.586322	1.647185	0.195301	45.917304	5.235869	45.339619	5.235869	2.753934E+14	8.625648E-5	11593.205365	12.95797	1.083037	0	0
48.003716	0.86147	0.203572	45.789976	5.367046	45.163784	5.367046	2.573622E+14	8.570492E-5	11667.832293	12.902689	1.0773	0	0
40.953574	6.55361	0.465934	45.664771	5.489253	44.990093	5.489253	2.407668E+14	8.519618E-5	11737.519582	12.946207	1.071211	0	0
48.452692	0	0	45.540301	5.604197	44.816756	5.604197	2.253152E+14	8.471514E-5	11804.181666	12.952306	1.064606	0	0
0	0	0	45.415455	5.710946	44.64262	5.710946	2.108004E+14	8.41454E-5	11884.117066	12.945908	1.05822	0	0
0	0	0	45.293272	5.809866	44.471698	5.809866	1.974901E+14	8.361016E-5	11960.204453	12.984112	1.05184	0	0
0	0	0	45.171889	5.901765	44.301643	5.901765	1.8509E+14	8.303582E-5	12042.938943	12.958256	1.046156	0	0
0	0	0	45.051405	5.988976	44.132364	5.988976	1.735436E+14	8.252876E-5	12116.937931	13.001131	1.040114	0	0
0	0	0	44.93079	6.070806	43.962725	6.070806	1.62699E+14	8.198896E-5	12196.719619	12.983356	1.033999	0	0
0	0	0	44.811122	6.147359	43.794214	6.147359	1.526031E+14	8.144858E-5	12277.646096	13.012392	1.027527	0	0
0	0	0	44.69335	6.219182	43.628083	6.219182	1.432736E+14	8.096061E-5	12351.652187	13.008286	1.021299	0	0
0	0	0	44.574009	6.28688	43.459781	6.28688	1.343968E+14	8.039538E-5	12438.495292	13.029161	1.014867	0	0
0	0	0	44.455959	6.350125	43.293189	6.350125	1.261529E+14	7.98351E-5	12525.792186	13.036275	1.008897	0	0
0	0	0	44.339427	6.409017	43.12868	6.409017	1.185077E+14	7.92725E-5	12614.691231	13.051137	1.002604	0	0
0	0	0	44.222635	6.464344	42.963835	6.464344	1.113069E+14	7.866929E-5	12711.41984	13.058704	0.996615	0	0
0	0	0	44.107606	6.516774	42.801265	6.516774	1.0464E+14	7.814821E-5	12796.180768	13.069028	0.99052	0	0
0	0	0	43.989229	6.565448	42.634425	6.565448	9.819317E+13	7.740563E-5	12918.940264	13.071378	0.984584	0	0
0	0	0	43.875066	6.611362	42.473199	6.611362	9.23502E+13	7.682366E-5	13016.809675	13.09042	0.97839	0	0
0	0	0	43.759433	6.65432	42.310137	6.65432	8.678442E+13	7.613094E-5	13135.251119	13.098666	0.972275	0	0
0	0	0	43.648881	6.69459	42.153955	6.69459	8.177552E+13	7.560208E-5	13227.138133	13.105283	0.966068	0	0
0	0	0	43.538752	6.732794	41.998369	6.732794	7.707194E+13	7.509184E-5	13317.016368	13.104283	0.960244	0	0
0	0	0	43.428281	6.768633	41.84246	6.768633	7.262427E+13	7.452454E-5	13418.390055	13.107276	0.954282	0	0
0	0	0	43.317206	6.80207	41.685923	6.80207	6.840992E+13	7.386792E-5	13537.669517	13.105671	0.948326	0	0
0	0	0	43.209136	6.833932	41.533431	6.833932	6.454352E+13	7.334483E-5	13634.21879	13.080445	0.942476	0	0
0	0	0	43.100902	6.864066	41.38081	6.864066	6.088945E+13	7.280026E-5	13736.208129	13.054219	0.936686	0	0
0	0	0	42.993502	6.892331	41.229462	6.892331	5.746729E+13	7.224174E-5	13842.407516	13.031175	0.930856	0	0
0	0	0	42.886396	6.919404	41.078518	6.919404	5.424541E+13	7.172425E-5	13942.280994	13.012581	0.925033	0	0
0	0	0	42.779519	6.945476	40.92786	6.945476	5.12099E+13	7.126601E-5	14031.929597	12.986174	0.919117	0	0
0	0	0	42.674029	6.970021	40.77921	6.970021	4.837993E+13	7.082897E-5	14118.511918	12.962858	0.913459	0	0
0	0	0	42.569569	6.993087	40.632099	6.993087	4.573127E+13	7.039146E-5	14206.264777	12.929694	0.908007	0	0
0	0	0	42.464146	7.014501	40.483915	7.014501	4.320477E+13	6.983377E-5	14319.716337	12.89881	0.9027	0	0
0	0	0	42.358951	7.034788	40.336138	7.034788	4.082252E+13	6.927044E-5	14436.169678	12.864549	0.897155	0	0
0	0	0	42.255634	7.053876	40.191038	7.053876	3.861041E+13	6.873882E-5	14547.816778	12.838181	0.891683	0	0
0	0	0	42.152579	7.072172	40.046331	7.072172	3.652304E+13	6.823956E-5	14654.253043	12.802745	0.886377	0	0
0	0	0	42.051108	7.089289	39.903938	7.089289	3.457782E+13	6.774024E-5	14762.272467	12.766201	0.881037	0	0
0	0	0	41.949327	7.105557	39.761212	7.105557	3.273051E+13	6.722173E-5	14876.140236	12.722126	0.875936	0	0
0	0	0	41.848934	7.121041	39.620448	7.121041	3.100491E+13	6.674969E-5	14981.34197	12.69832	0.870616	0	0
0	0	0	41.748068	7.135794	39.47912	7.135794	2.936262E+13	6.625959E-5	15092.153129	12.651844	0.865435	0	0
0	0	0	41.648182	7.149632	39.339267	7.149632	2.782188E+13	6.575439E-5	15208.107796	12.605198	0.860036	0	0
0	0	0	41.547871	7.16282	39.198915	7.16282	2.635581E+13	6.523191E-5	15329.920442	12.551094	0.855047	0	0
0	0	0	41.447935	7.175569	39.059086	7.175569	2.497194E+13	6.476421E-5	15440.62638	12.508068	0.849734	0	0
0	0	0	41.347298	7.187483	38.918459	7.187483	2.365165E+13	6.421145E-5	15573.546042	12.454114	0.844746	0	0
0	0	0	41.247836	7.199061	38.779425	7.199061	2.24153E+13	6.375517E-5	15685.000595	12.415924	0.839558	0	0
0	0	0	41.150253	7.209666	38.643168	7.209666	2.126504E+13	6.324421E-5	15811.722829	12.366526	0.834689	0	0
0	0	0	41.051428	7.220092	38.505183	7.220092	2.016022E+13	6.277562E-5	15929.750187	12.318997	0.829687	0	0
0	0	0	40.95378	7.229926	38.368908	7.229926	1.912487E+13	6.231293E-5	16048.033761	12.272172	0.824811	0	0
0	0	0	40.85654	7.239177	38.233303	7.239177	1.814664E+13	6.182254E-5	16175.328887	12.232156	0.819816	0	0
0	0	0	40.75979	7.247835	38.098493	7.247835	1.722294E+13	6.129187E-5	16315.37824	12.171682	0.815073	0	0
0	0	0	40.662158	7.256217	37.962502	7.256217	1.633843E+13	6.076739E-5	16456.193586	12.118968	0.810058	0	0
0	0	0	40.565734	7.26426	37.828203	7.26426	1.550942E+13	6.029438E-5	16585.292054	12.057442	0.805341	0	0
0	0	0	40.467073	7.271858	37.690948	7.271858	1.470465E+13	5.971876E-5	16745.156626	12.010843	0.800472	0	0
0	0	0	40.37029	7.279109	37.556312	7.279109	1.395576E+13	5.920026E-5	16891.816614	11.958031	0.795735	0	0
0	0	0	40.272136	7.286292	37.419763	7.286292	1.323516E+13	5.873349E-5	17026.060667	11.897435	0.791071	0	0
0	0	0	40.171988	7.292857	37.280672	7.292857	1.253824E+13	5.808992E-5	17214.690941	11.836085	0.786606	0	0
0	0	0	40.07434	7.299059	37.145069	7.299059	1.189403E+13	5.749616E-5	17392.464806	11.776744	0.782081	0	0
0	0	0	39.976266	7.305275	37.008821	7.305275	1.128031E+13	5.70086E-5	17541.211431	11.72583	0.777563	0	0
0	0	0	39.880709	7.310874	36.876197	7.310874	1.071279E+13	5.64521E-5	17714.131539	11.669672	0.772965	0	0
0	0	0	39.785315	7.316442	36.743756	7.316442	1.01747E+13	5.599408E-5	17859.02939	11.613745	0.768599	0	0
0	0	0	39.689316	7.321642	36.610591	7.321642	9.660461E+12	5.546135E-5	18030.574358	11.546778	0.76428	0	0
0	0	0	39.593448	7.326626	36.477647	7.326626	9.172848E+12	5.493671E-5	18202.764966	11.484218	0.75998	0	0
0	0	0	39.496322	7.331526	36.342975	7.331526	8.703916E+12	5.444036E-5	18368.72371	11.429567	0.755508	0	0
0	0	0	39.401696	7.335943	36.211878	7.335943	8.270105E+12	5.388108E-5	18559.38934	11.374397	0.751169	0	0
0	0	0	39.30586	7.340322	36.079104	7.340322	7.852774E+12	5.336578E-5	18738.601003	11.305467	0.74685	0	0
0	0	0	39.209829	7.344806	35.945976	7.344806	7.455703E+12	5.300453E-5	18866.311567	11.243437	0.742524	0	0
0	0	0	39.114124	7.34853	35.813591	7.34853	7.079951E+12	5.233881E-5	19106.281559	11.172489	0.738297	0	0
0	0	0	39.018273	7.352457	35.680878	7.352457	6.722594E+12	5.187649E-5	19276.554625	11.106877	0.733931	0	0
0	0	0	38.922013	7.356119	35.547691	7.356119	6.381858E+12	5.134702E-5	19475.326039	11.042278	0.729685	0	0
0	0	0	38.825263	7.359801	35.41379	7.359801	6.056782E+12	5.091452E-5	19640.764271	10.9759	0.725451	0	0
0	0	0	38.728349	7.363146	35.279789	7.363146	5.747752E+12	5.03662E-5	19854.586056	10.898132	0.721337	0	0
0	0	0	38.630178	7.366248	35.14415	7.366248	5.450777E+12	4.971994E-5	20112.653878	10.835249	0.717203	0	0
0	0	0	38.531452	7.369371	35.007713	7.369371	5.16759E+12	4.916337E-5	20340.34675	10.76955	0.713116	0	0
0	0	0	38.433084	7.372419	34.871772	7.372419	4.900063E+12	4.866012E-5	20550.711618	10.71112	0.708896	0	0
0	0	0	38.334391	7.375478	34.735349	7.375478	4.645561E+12	4.825398E-5	20723.677179	10.634859	0.70498	0	0
0	0	0	38.235109	7.378086	34.598314	7.378086	4.402875E+12	4.759948E-5	21008.634257	10.565115	0.700999	0	0
0	0	0	38.136709	7.380843	34.462386	7.380843	4.174853E+12	4.716922E-5	21200.267542	10.489861	0.697097	0	0
0	0	0	38.038815	7.383434	34.327206	7.383434	3.95972E+12	4.67175E-5	21405.253682	10.422489	0.693108	0	0
0	0	0	37.940089	7.385651	34.191052	7.385651	3.753981E+12	4.603268E-5	21723.699085	10.348015	0.689273	0	0
0	0	0	37.840121	7.387966	34.053127	7.387966	3.556542E+12	4.548032E-5	21987.530807	10.278586	0.685331	0	0
0	0	0	37.740087	7.390112	33.915178	7.390112	3.369366E+12	4.486869E-5	22287.257064	10.198277	0.681654	0	0
0	0	0	37.638649	7.392303	33.775261	7.392303	3.189616E+12	4.434731E-5	22549.284293	10.133234	0.677891	0	0
0	0	0	37.537571	7.394349	33.635891	7.394349	3.02004E+12	4.37929E-5	22834.750712	10.068328	0.674029	0	0
0	0	0	37.435496	7.39628	33.495198	7.39628	2.857939E+12	4.319206E-5	23152.403331	9.987989	0.670113	0	0
0	0	0	37.333061	7.398053	33.354078	7.398053	2.704011E+12	4.251488E-5	23521.174918	9.902819	0.666344	0	0
0	0	0	37.229728	7.399858	33.211693	7.399858	2.557131E+12	4.19276E-5	23850.635757	9.811108	0.662627	0	0
0	0	0	37.127506	7.401473	33.070915	7.401473	2.41968E+12	4.125488E-5	24239.555943	9.730345	0.65897	0	0
0	0	0	37.022948	7.403249	32.926833	7.403249	2.286728E+12	4.077501E-5	24524.823767	9.656681	0.655227	0	0
0	0	0	36.918619	7.404712	32.783221	7.404712	2.161347E+12	4.005123E-5	24968.023103	9.59468	0.651504	0	0
0	0	0	36.812525	7.406371	32.637069	7.406371	2.040892E+12	3.958022E-5	25265.144926	9.523006	0.647781	0	0
0	0	0	36.70666	7.407934	32.491267	7.407934	1.927389E+12	3.909385E-5	25579.469503	9.439431	0.644124	0	0
0	0	0	36.600812	7.409086	32.345706	7.409086	1.820213E+12	3.821194E-5	26169.831108	9.345251	0.640619	0	0
0	0	0	36.493673	7.41037	32.198291	7.41037	1.717797E+12	3.75252E-5	26648.755568	9.260891	0.637015	0	0
0	0	0	36.384313	7.411645	32.047825	7.411645	1.619198E+12	3.685722E-5	27131.729813	9.171584	0.633438	0	0
0	0	0	36.27345	7.412862	31.895322	7.412862	1.525018E+12	3.616334E-5	27652.312444	9.099621	0.629774	0	0
0	0	0	36.163125	7.414259	31.743437	7.414259	1.436735E+12	3.578501E-5	27944.660997	9.018867	0.626316	0	0
0	0	0	36.051478	7.415096	31.59006	7.415096	1.352594E+12	3.473838E-5	28786.603757	8.946303	0.622818	0	0
0	0	0	35.938002	7.416411	31.43388	7.416411	1.272122E+12	3.434961E-5	29112.407842	8.860766	0.619499	0	0
0	0	0	35.823251	7.417264	31.276223	7.417264	1.195613E+12	3.339791E-5	29941.996347	8.780204	0.615942	0	0
0	0	0	35.706556	7.418401	31.115719	7.418401	1.122525E+12	3.286717E-5	30425.495699	8.684628	0.612583	0	0
0	0	0	35.58911	7.419304	30.954319	7.419304	1.053477E+12	3.207171E-5	31180.125092	8.60037	0.609151	0	0
0	0	0	35.4699	7.420234	30.790474	7.420234	9.877339E+11	3.1356E-5	31891.8225	8.508177	0.605799	0	0
0	0	0	35.348566	7.421132	30.623731	7.421132	9.250306E+11	3.062818E-5	32649.665965	8.424385	0.602288	0	0
0	0	0	35.226432	7.422144	30.455808	7.422144	8.659329E+11	3.013269E-5	33186.54474	8.338297	0.599008	0	0
0	0	0	35.101538	7.422836	30.284299	7.422836	8.094019E+11	2.918201E-5	34267.691476	8.257528	0.595623	0	0
0	0	0	34.974209	7.423548	30.109434	7.423548	7.555665E+11	2.829222E-5	35345.403921	8.16362	0.59245	0	0
0	0	0	34.843859	7.424523	29.930248	7.424523	7.041605E+11	2.783821E-5	35921.851091	8.073562	0.588945	0	0
0	0	0	34.711679	7.425099	29.748809	7.425099	6.556032E+11	2.680204E-5	37310.599327	7.977238	0.585732	0	0
0	0	0	34.577261	7.426093	29.564014	7.426093	6.096562E+11	2.648215E-5	37761.283965	7.897002	0.58238	0	0
0	0	0	34.439789	7.426591	29.375361	7.426591	5.659939E+11	2.537905E-5	39402.573652	7.80413	0.579293	0	0
0	0	0	34.300324	7.427199	29.183895	7.427199	5.248927E+11	2.450286E-5	40811.565687	7.71966	0.575801	0	0
0	0	0	34.157526	7.427893	28.987795	7.427893	4.859001E+11	2.379888E-5	42018.785306	7.618723	0.572708	0	0
0	0	0	34.009534	7.428547	28.784599	7.428547	4.485428E+11	2.303603E-5	43410.254125	7.524232	0.569402	0	0
0	0	0	33.85857	7.429064	28.577416	7.429064	4.133927E+11	2.208031E-5	45289.216767	7.430104	0.566182	0	0
0	0	0	33.703554	7.429549	28.3647	7.429549	3.801636E+11	2.109563E-5	47403.173184	7.34026	0.562923	0	0
0	0	0	33.544471	7.430132	28.146332	7.430132	3.488377E+11	2.030795E-5	49241.79599	7.246587	0.559756	0	0
0	0	0	33.382186	7.430804	27.923502	7.430804	3.195395E+11	1.972009E-5	50709.719024	7.14582	0.556662	0	0
0	0	0	33.21559	7.431144	27.695001	7.431144	2.920204E+11	1.858599E-5	53803.956442	7.04917	0.553555	0	0
0	0	0	33.043112	7.431591	27.458356	7.431591	2.660243E+11	1.765845E-5	56630.11361	6.952373	0.550415	0	0
0	0	0	32.86464	7.432301	27.213291	7.432301	2.415583E+11	1.72082E-5	58111.834318	6.860709	0.547347	0	0
0	0	0	32.676824	7.432712	26.955641	7.432712	2.182373E+11	1.623345E-5	61601.205719	6.757012	0.544214	0	0
0	0	0	32.48437	7.433146	26.691608	7.433146	1.96674E+11	1.534766E-5	65156.491761	6.668974	0.541014	0	0
0	0	0	32.288485	7.433556	26.422887	7.433556	1.769129E+11	1.44755E-5	69082.261016	6.568136	0.538112	0	0
0	0	0	32.085837	7.433875	26.144963	7.433875	1.585566E+11	1.348332E-5	74165.700017	6.471994	0.535058	0	0
0	0	0	31.876492	7.434318	25.857757	7.434318	1.415914E+11	1.273384E-5	78530.936652	6.370065	0.53217	0	0
0	0	0	31.662019	7.434822	25.563463	7.434822	1.260913E+11	1.213566E-5	82401.813201	6.286877	0.528996	0	0
0	0	0	31.440015	7.43526	25.258894	7.43526	1.118318E+11	1.146268E-5	87239.654428	6.180746	0.526101	0	0
0	0	0	31.210121	7.435484	24.943684	7.435484	9.876284E+10	1.047157E-5	95496.697495	6.088192	0.523041	0	0
0	0	0	30.970198	7.435885	24.614575	7.435885	8.674951E+10	9.800762E-6	102032.880064	5.982296	0.520252	0	0
0	0	0	30.724574	7.436323	24.277612	7.436323	7.596299E+10	9.243713E-6	108181.641629	5.890083	0.517178	0	0
0	0	0	30.471534	7.436489	23.930715	7.436489	6.625154E+10	8.305435E-6	120403.087772	5.789087	0.514389	0	0
0	0	0	30.208187	7.436668	23.569678	7.436668	5.74606E+10	7.444701E-6	134323.737293	5.700653	0.511388	0	0
0	0	0	29.937048	7.437134	23.197699	7.437134	4.962665E+10	7.045333E-6	141937.938654	5.597271	0.508731	0	0
0	0	0	29.658919	7.43732	22.816383	7.43732	4.269908E+10	6.303432E-6	158643.743189	5.499609	0.50577	0	0
0	0	0	29.372393	7.437609	22.42346	7.437609	3.657218E+10	5.754468E-6	173778.019361	5.403166	0.502947	0	0
0	0	0	29.074302	7.438051	22.014537	7.438051	3.11292E+10	5.44502E-6	183654.058256	5.305995	0.500072	0	0
0	0	0	28.759338	7.438142	21.582812	7.438142	2.625571E+10	4.701885E-6	212680.662995	5.205851	0.497409	0	0
0	0	0	28.443916	7.438214	21.150478	7.438214	2.213972E+10	4.039191E-6	247574.353254	5.108915	0.494448	0	0
0	0	0	28.119412	7.438535	20.705446	7.438535	1.857754E+10	3.703765E-6	269995.536401	5.006259	0.491837	0	0
0	0	0	27.789763	7.438852	20.253356	7.438852	1.55452E+10	3.411553E-6	293121.59747	4.912115	0.488989	0	0
0	0	0	27.452044	7.439063	19.790307	7.439063	1.29512E+10	3.045783E-6	328322.755057	4.812987	0.486273	0	0
0	0	0	27.106273	7.439306	19.316181	7.439306	1.074319E+10	2.754459E-6	363047.632675	4.714478	0.483397	0	0
0	0	0	26.754816	7.439397	18.834417	7.439397	8.884269E+9	2.357474E-6	424182.858674	4.614114	0.480741	0	0
0	0	0	26.395651	7.439537	18.34203	7.439537	7.316446E+9	2.051955E-6	487340.08749	4.516477	0.478071	0	0
0	0	0	26.02902	7.439681	17.839403	7.439681	6.001034E+9	1.787725E-6	559370.247366	4.417982	0.475361	0	0
0	0	0	25.659187	7.439883	17.332319	7.439883	4.913606E+9	1.603205E-6	623750.357946	4.320186	0.472638	0	0
0	0	0	25.280812	7.440036	16.813575	7.440036	4.00469E+9	1.407942E-6	710256.331948	4.225042	0.470008	0	0
0	0	0	24.895282	7.440192	16.285014	7.440192	3.251306E+9	1.241912E-6	805210.289761	4.129681	0.467445	0	0
0	0	0	24.509033	7.440283	15.755541	7.440283	2.638627E+9	1.061043E-6	942469.254464	4.035832	0.464894	0	0
0	0	0	24.119942	7.440357	15.222188	7.440357	2.138114E+9	8.985526E-7	1112900.963428	3.93328	0.462304	0	0
0	0	0	23.729119	7.440608	14.686244	7.440608	1.730921E+9	8.583486E-7	1165027.84246	3.841829	0.459654	0	0
0	0	0	23.333952	7.440484	14.144798	7.440484	1.397989E+9	6.369689E-7	1569935.470508	3.743282	0.457149	0	0
0	0	0	22.939585	7.440854	13.603834	7.440854	1.129582E+9	6.806912E-7	1469094.997111	3.650092	0.454553	0	0
0	0	0	22.543176	7.440797	13.060603	7.440797	9.117015E+8	5.231914E-7	1911346.46319	3.555738	0.452081	0	0
0	0	0	22.146473	7.440965	12.516678	7.440965	7.357301E+8	4.909155E-7	2037010.502428	3.480416	0.449478	0	0
0	0	0	21.750064	7.441093	11.973203	7.441093	5.93818E+8	4.5182E-7	2213270.815539	3.377009	0.446987	0	0
0	0	0	21.347154	7.440887	11.421257	7.440887	4.775974E+8	2.963675E-7	3374188.612838	3.281842	0.44437	0	0
0	0	0	20.948491	7.441175	10.874472	7.441175	3.850061E+8	3.221178E-7	3104454.443696	3.188263	0.442038	0	0
0	0	0	20.553176	7.441208	10.332616	7.441208	3.109277E+8	2.709322E-7	3690960.145129	3.101984	0.4396	0	0
0	0	0	20.162811	7.44122	9.79757	7.44122	2.517753E+8	2.228596E-7	4487129.232637	3.007455	0.437162	0	0
0	0	0	19.772838	7.441393	9.262835	7.441393	2.039196E+8	2.31729E-7	4315384.791807	2.9246	0.434731	0	0
0	0	0	19.386622	7.441471	8.733378	7.441471	1.654957E+8	2.157712E-7	4634538.832745	2.8327	0.432386	0	0
0	0	0	19.005273	7.441352	8.210876	7.441352	1.346658E+8	1.433515E-7	6975858.400229	2.750223	0.430027	0	0
0	0	0	18.626212	7.441397	7.69127	7.441397	1.097147E+8	1.255331E-7	7966025.052112	2.663997	0.427708	0	0
0	0	0	18.252851	7.441553	7.179312	7.441553	8.966249E+7	1.383608E-7	7227483.088591	2.582721	0.425317	0	0
0	0	0	17.882839	7.441582	6.672129	7.441582	7.340791E+7	1.210546E-7	8260735.122187	2.499425	0.422978	0	0
0	0	0	17.508857	7.4418	6.159217	7.4418	5.997124E+7	2.05901E-7	4856701.861353	2.418355	0.420633	0	0
0	0	0	17.146555	7.441619	5.66292	7.441619	4.930433E+7	8.917789E-8	1.121354E+7	2.334956	0.418434	0	0
0	0	0	16.788957	7.441705	5.17266	7.441705	4.063794E+7	9.494683E-8	1.053221E+7	2.257242	0.416062	0	0
0	0	0	16.437436	7.441792	4.690725	7.441792	3.360507E+7	1.108568E-7	9020646.371244	2.175159	0.413843	0	0
0	0	0	16.089476	7.441939	4.21357	7.441939	2.784287E+7	3.125473E-7	3199515.904437	2.098261	0.411497	0	0
0	0	0	15.746791	7.441948	3.743866	7.441948	2.313459E+7	2.997122E-7	3336533.706551	2.01951	0.409318	0	0
0	0	0	15.409481	7.44189	3.281635	7.44189	1.927841E+7	1.201672E-7	8321740.397659	1.946084	0.407039	0	0
0	0	0	15.075781	7.441993	2.82409	7.441993	1.609638E+7	1.366345E-6	731879.360597	1.870874	0.404872	0	0
0	0	0	14.747602	7.441857	2.374505	7.441857	1.347974E+7	6.480826E-8	1.543013E+7	1.7995	0.402759	0	0
0	0	0	14.426283	7.441985	1.933887	7.441985	1.13304E+7	4.786842E-7	2089060.135246	1.728431	0.400526	0	0
0	0	0	14.111155	7.441915	1.502084	7.441915	9555701	7.659921E-8	1.305496E+7	1.654113	0.3984	0	0
0	0	0	13.797873	7.441972	1.072595	7.441972	8067021	1.943585E-7	5145131.53306	1.592054	0.396181	0	0
0	0	0	13.498214	7.441956	0.661904	7.441956	6860600	1.050806E-7	9516501.11604	1.520092	0.394054	0	0
0	0	0	13.209124	7.442116	0.265392	7.442116	5868028	-3.522186E-8	-2.839146E+7	1.45887	0.391894	0	0
0	0	0	12.92758	7.442001	-0.120299	7.442001	5039576	-4.310481E-5	-23199.265797	1.385965	0.38988	0	0
0	0	0	12.653926	7.442096	-0.495543	7.442096	4346584	-3.175632E-8	-3.14898E+7	1.331548	0.387661	0	0
0	0	0	12.386022	7.442104	-0.862755	7.442104	3760556	-2.527848E-8	-3.955934E+7	1.26619	0.385581	0	0
0	0	0	12.124553	7.442211	-1.221323	7.442211	3264877	-1.076242E-8	-9.291587E+7	1.212471	0.383401	0	0
0	0	0	11.86841	7.442202	-1.572387	7.442202	2842706	-9.753089E-9	-1.025316E+8	1.144551	0.38146	0	0
0	0	0	11.619209	7.442157	-1.913868	7.442157	2484431	-1.099002E-8	-9.099164E+7	1.095122	0.379274	0	0
0	0	0	11.372801	7.442305	-2.251874	7.442305	2174591	-4.940959E-9	-2.023899E+8	1.037519	0.377293	0	0
0	0	0	11.130868	7.442198	-2.583279	7.442198	1908002	-6.682511E-9	-1.496444E+8	0.989521	0.37512	0	0
0	0	0	10.893837	7.44203	-2.90785	7.44203	1678537	-4.021441E-8	-2.486671E+7	0.934277	0.373212	0	0
0	0	0	10.662587	7.442054	-3.224853	7.442054	1481291	-1.913437E-8	-5.226198E+7	0.885699	0.371125	0	0
0	0	0	10.434556	7.442252	-3.537769	7.442252	1309499	-3.609237E-9	-2.770668E+8	0.830418	0.369237	0	0
0	0	0	10.211571	7.442367	-3.843616	7.442367	1160794	-2.193057E-9	-4.559846E+8	0.79369	0.367157	0	0
0	0	0	9.992067	7.442178	-4.14412	7.442178	1030913	-4.03027E-9	-2.481224E+8	0.746186	0.365275	0	0
0	0	0	9.784747	7.442202	-4.428326	7.442202	921614	-3.161973E-9	-3.162582E+8	0.709678	0.363222	0	0
0	0	0	9.58785	7.44233	-4.698445	7.44233	828560	-1.741436E-9	-5.742386E+8	0.659958	0.36138	0	0
0	0	0	9.393059	7.442465	-4.965694	7.442465	745749	-1.109736E-9	-9.011156E+8	0.62729	0.359346	0	0
0	0	0	9.203986	7.442367	-5.224656	7.442367	673292	-1.272032E-9	-7.861438E+8	0.585698	0.357478	0	0
0	0	0	9.018767	7.44219	-5.47818	7.44219	609144	-2.226156E-9	-4.492048E+8	0.553919	0.35561	0	0
0	0	0	8.83693	7.442387	-5.727798	7.442387	552115	-9.876235E-10	-1.012532E+9	0.51849	0.353596	0	0
0	0	0	8.657625	7.442367	-5.973521	7.442367	501112	-9.467369E-10	-1.05626E+9	0.483607	0.351767	0	0
0	0	0	8.479512	7.442326	-6.217569	7.442326	455113	-9.686443E-10	-1.032371E+9	0.45198	0.349912	0	0
0	0	0	8.305499	7.442248	-6.455923	7.442248	414253	-1.160785E-9	-8.61486E+8	0.426068	0.348077	0	0
0	0	0	8.134394	7.442474	-6.690897	7.442474	377655	-5.522096E-10	-1.810907E+9	0.394675	0.346196	0	0
0	0	0	7.966245	7.442412	-6.921246	7.442412	344841	-5.798479E-10	-1.72459E+9	0.367407	0.344341	0	0
0	0	0	7.799272	7.44217	-7.149619	7.44217	315078	-1.291828E-9	-7.740971E+8	0.3493	0.342433	0	0
0	0	0	7.634227	7.44242	-7.376341	7.44242	288184	-4.750798E-10	-2.104909E+9	0.321494	0.340558	0	0
0	0	0	7.47026	7.442432	-7.601107	7.442432	263740	-4.223631E-10	-2.367631E+9	0.298656	0.338829	0	0
0	0	0	7.308498	7.442305	-7.822566	7.442305	241657	-5.490758E-10	-1.821242E+9	0.272285	0.337067	0	0
0	0	0	7.149219	7.442375	-8.041023	7.442375	221720	-4.09685E-10	-2.4409E+9	0.260318	0.335258	0	0
0	0	0	6.992096	7.442202	-8.256028	7.442202	203666	-6.987588E-10	-1.431109E+9	0.240267	0.333403	0	0
0	0	0	6.835023	7.442293	-8.471505	7.442293	187086	-4.430397E-10	-2.257134E+9	0.223792	0.331568	0	0
0	0	0	6.679419	7.442412	-8.685027	7.442412	171993	-2.892051E-10	-3.457754E+9	0.204922	0.329879	0	0
0	0	0	6.524795	7.442383	-8.896902	7.442383	158201	-2.860322E-10	-3.49611E+9	0.193993	0.328149	0	0
0	0	0	6.369355	7.442346	-9.109878	7.442346	145451	-2.911495E-10	-3.434662E+9	0.170935	0.326434	0	0
0	0	0	6.214568	7.442445	-9.322242	7.442445	133775	-2.082825E-10	-4.801171E+9	0.16192	0.324632	0	0
0	0	0	6.062149	7.442289	-9.530826	7.442289	123195	-2.959055E-10	-3.379458E+9	0.147525	0.322995	0	0
0	0	0	5.911479	7.44228	-9.737324	7.44228	113559	-2.807805E-10	-3.561501E+9	0.144838	0.321187	0	0
0	0	0	5.761331	7.442252	-9.943062	7.442252	104706	-2.885901E-10	-3.465123E+9	0.125395	0.319537	0	0
0	0	0	5.61097	7.442395	-10.149456	7.442395	96531	-1.69078E-10	-5.91443E+9	0.120342	0.317762	0	0
0	0	0	5.462538	7.442474	-10.35307	7.442474	89089	-1.302665E-10	-7.676571E+9	0.104107	0.316139	0	0
0	0	0	5.314415	7.442313	-10.555752	7.442313	82233	-1.819283E-10	-5.496671E+9	0.10378	0.314376	0	0
0	0	0	5.166783	7.442469	-10.758437	7.442469	75925	-1.119917E-10	-8.929235E+9	0.089961	0.312806	0	0
0	0	0	5.018905	7.442379	-10.960931	7.442379	70093	-1.281075E-10	-7.805947E+9	0.089966	0.31117	0	0
0	0	0	4.870293	7.442457	-11.164794	7.442457	64681	-9.798453E-11	-1.020569E+10	0.076831	0.309673	0	0
0	0	0	4.720177	7.442449	-11.370531	7.442449	59640	-9.200543E-11	-1.086892E+10	0.076305	0.308089	0	0
0	0	0	4.57034	7.442482	-11.575977	7.442482	54999	-7.904542E-11	-1.265095E+10	0.059808	0.306473	0	0
0	0	0	4.421139	7.442506	-11.780532	7.442506	50738	-6.936488E-11	-1.441652E+10	0.065147	0.304896	0	0
0	0	0	4.271089	7.442576	-11.98635	7.442576	46785	-5.619511E-11	-1.779514E+10	0.055343	0.303286	0	0
0	0	0	4.120174	7.442437	-12.192897	7.442437	43120	-6.840265E-11	-1.461932E+10	0.052833	0.301749	0	0
0	0	0	3.969536	7.442465	-12.399432	7.442465	39747	-5.914677E-11	-1.690709E+10	0.048894	0.300265	0	0
0	0	0	3.820907	7.442457	-12.603131	7.442457	36679	-5.556461E-11	-1.799707E+10	0.05008	0.298675	0	0
0	0	0	3.679759	7.442535	-12.796768	7.442535	33984	-4.395885E-11	-2.274855E+10	0.040448	0.297218	0	0
0	0	0	3.547187	7.44258	-12.978578	7.44258	31634	-3.772727E-11	-2.650603E+10	0.041604	0.295608	0	0
0	0	0	3.422603	7.442457	-13.149065	7.442457	29574	-4.480132E-11	-2.232077E+10	0.037998	0.294203	0	0
0	0	0	3.306039	7.442515	-13.308962	7.442515	27768	-3.735486E-11	-2.677028E+10	0.031503	0.292746	0	0
0	0	0	3.194996	7.442552	-13.461245	7.442552	26150	-3.281588E-11	-3.047305E+10	0.030225	0.291209	0	0
0	0	0	3.090193	7.442547	-13.604884	7.442547	24710	-3.124193E-11	-3.200827E+10	0.029402	0.289818	0	0
0	0	0	2.991189	7.442502	-13.740483	7.442502	23422	-3.228308E-11	-3.097598E+10	0.026648	0.288287	0	0
0	0	0	2.896693	7.442482	-13.869957	7.442482	22256	-3.198667E-11	-3.126302E+10	0.023358	0.287035	0	0
0	0	0	2.807196	7.44265	-13.993007	7.44265	21204	-2.256772E-11	-4.431107E+10	0.023967	0.285492	0	0
0	0	0	2.717927	7.442469	-14.114955	7.442469	20205	-2.980299E-11	-3.355368E+10	0.018191	0.284114	0	0
0	0	0	2.635127	7.442387	-14.228259	7.442387	19321	-3.45614E-11	-2.893401E+10	0.021734	0.28263	0	0
0	0	0	2.559399	7.442543	-14.332408	7.442543	18546	-2.362613E-11	-4.232603E+10	0.020348	0.281285	0	0
0	0	0	2.487265	7.442605	-14.431419	7.442605	17837	-2.040457E-11	-4.900864E+10	0.019942	0.279947	0	0
0	0	0	2.417647	7.442445	-14.526476	7.442445	17178	-2.674548E-11	-3.738949E+10	0.007538	0.278615	0	0
0	0	0	2.351655	7.442658	-14.617415	7.442658	16576	-1.742158E-11	-5.740009E+10	0.015619	0.277078	0	0
0	0	0	2.290074	7.442474	-14.7014	7.442474	16033	-2.344355E-11	-4.265565E+10	0.015682	0.275879	0	0
0	0	0	2.232674	7.442515	-14.780169	7.442515	15543	-2.09092E-11	-4.782585E+10	0.01779	0.274435	0	0
0	0	0	2.17578	7.442519	-14.85816	7.442519	15073	-2.011603E-11	-4.971161E+10	0.009207	0.273229	0	0
0	0	0	2.12333	7.44249	-14.929985	7.44249	14651	-2.070281E-11	-4.830262E+10	0.021028	0.271765	0	0
0	0	0	2.07217	7.44256	-15.000268	7.44256	14251	-1.762076E-11	-5.675125E+10	0.003639	0.270566	0	0
0	0	0	2.024685	7.442564	-15.065362	7.442564	13891	-1.705028E-11	-5.865006E+10	0.010376	0.269075	0	0
0	0	0	1.978098	7.442391	-15.128819	7.442391	13545	-2.39743E-11	-4.171133E+10	0.007825	0.267909	0	0
0	0	0	1.932639	7.442535	-15.191459	7.442535	13216	-1.709511E-11	-5.849627E+10	0.013082	0.266465	0	0
0	0	0	1.892015	7.442572	-15.247226	7.442572	12929	-1.564118E-11	-6.393378E+10	-0.003624	0.265352	0	0
0	0	0	1.851489	7.442601	-15.302839	7.442601	12649	-1.456887E-11	-6.863951E+10	0.00899	0.263954	0	0
0	0	0	1.813641	7.442395	-15.354241	7.442395	12393	-2.170685E-11	-4.606841E+10	0.009564	0.262583	0	0
0	0	0	1.777591	7.442371	-15.403597	7.442371	12154	-2.270713E-11	-4.403903E+10	0.009077	0.261298	0	0
0	0	0	1.742537	7.442453	-15.451833	7.442453	11925	-1.822925E-11	-5.48569E+10	0.003779	0.260138	0	0
0	0	0	1.708446	7.442552	-15.498787	7.442552	11708	-1.469248E-11	-6.806203E+10	0.004869	0.258853	0	0
0	0	0	1.677263	7.442646	-15.541746	7.442646	11512	-1.233042E-11	-8.110025E+10	0.00489	0.257667	0	0
0	0	0	1.647191	7.442395	-15.582385	7.442395	11327	-1.98397E-11	-5.040398E+10	0.009241	0.256435	0	0
0	0	0	1.617348	7.442576	-15.623708	7.442576	11145	-1.338665E-11	-7.470127E+10	0.006567	0.25515	0	0
0	0	0	1.58837	7.442474	-15.663188	7.442474	10972	-1.604333E-11	-6.233121E+10	0.006053	0.253878	0	0
0	0	0	1.562578	7.4424	-15.698369	7.4424	10820	-1.875633E-11	-5.331532E+10	0.002788	0.252659	0	0
0	0	0	1.536916	7.442457	-15.733675	7.442457	10671	-1.616538E-11	-6.18606E+10	0.004454	0.25148	0	0
0	0	0	1.511434	7.442515	-15.768736	7.442515	10525	-1.415874E-11	-7.062776E+10	0.005031	0.250128	0	0
0	0	0	1.486704	7.442469	-15.802528	7.442469	10385	-1.531819E-11	-6.528186E+10	0.007281	0.248909	0	0
0	0	0	1.464015	7.442589	-15.833903	7.442589	10258	-1.206279E-11	-8.289953E+10	0.011229	0.24773	0	0
0	0	0	1.442682	7.442313	-15.862503	7.442313	10141	-2.243546E-11	-4.457231E+10	0.000607	0.246597	0	0
0	0	0	1.421234	7.442539	-15.892426	7.442539	10024	-1.286724E-11	-7.771674E+10	0.005126	0.245305	0	0
0	0	0	1.400326	7.442346	-15.920634	7.442346	9911	-1.983886E-11	-5.040611E+10	0.004014	0.244179	0	0
0	0	0	1.380757	7.442437	-15.947667	7.442437	9807	-1.555716E-11	-6.427908E+10	0.008593	0.2429	0	0
0	0	0	1.36127	7.442309	-15.97408	7.442309	9704	-2.175483E-11	-4.59668E+10	4.57751E-5	0.24184	0	0
0	0	0	1.342256	7.442502	-16.000591	7.442502	9605	-1.323879E-11	-7.55356E+10	0.004647	0.240568	0	0
0	0	0	1.32566	7.442437	-16.023185	7.442437	9519	-1.51003E-11	-6.622386E+10	-0.010348	0.239515	0	0
0	0	0	1.308166	7.442638	-16.047633	7.442638	9430	-1.023071E-11	-9.774489E+10	0.009333	0.238243	0	0
0	0	0	1.291962	7.442478	-16.069469	7.442478	9348	-1.355089E-11	-7.379589E+10	-0.0052	0.237163	0	0
0	0	0	1.274925	7.442441	-16.092735	7.442441	9262	-1.455532E-11	-6.870339E+10	0.011774	0.235752	0	0
0	0	0	1.259767	7.442437	-16.113502	7.442437	9186	-1.457205E-11	-6.862453E+10	0.000636	0.234798	0	0
0	0	0	1.244232	7.44256	-16.135082	7.44256	9109	-1.126289E-11	-8.878714E+10	0.005371	0.233592	0	0
0	0	0	1.229727	7.442646	-16.155165	7.442646	9038	-9.680535E-12	-1.033001E+11	-0.002923	0.232493	0	0
0	0	0	1.215336	7.442494	-16.174534	7.442494	8968	-1.256678E-11	-7.957489E+10	0.008408	0.23128	0	0
0	0	0	1.202808	7.442589	-16.191928	7.442589	8908	-1.047527E-11	-9.546289E+10	-0.002951	0.230194	0	0
0	0	0	1.189397	7.442523	-16.210155	7.442523	8844	-1.171005E-11	-8.539676E+10	0.00668	0.228948	0	0
0	0	0	1.177554	7.442695	-16.226791	7.442695	8787	-8.743484E-12	-1.143709E+11	-0.00298	0.227875	0	0
0	0	0	1.165156	7.44242	-16.243141	7.44242	8728	-1.438836E-11	-6.950061E+10	0.001875	0.226689	0	0
0	0	0	1.153167	7.442556	-16.259891	7.442556	8672	-1.080197E-11	-9.257567E+10	0.001883	0.225636	0	0
0	0	0	1.141602	7.442519	-16.275656	7.442519	8618	-1.150135E-11	-8.694628E+10	0.00927	0.224351	0	0
0	0	0	1.129825	7.442486	-16.291722	7.442486	8563	-1.22026E-11	-8.194976E+10	0.001284	0.223403	0	0
0	0	0	1.119664	7.442449	-16.305561	7.442449	8516	-1.313746E-11	-7.611821E+10	0.005631	0.222303	0	0
0	0	0	1.108982	7.442515	-16.320358	7.442515	8467	-1.139022E-11	-8.779463E+10	0.005035	0.221184	0	0
0	0	0	1.099115	7.442511	-16.333871	7.442511	8422	-1.142104E-11	-8.755773E+10	0.003807	0.220084	0	0
0	0	0	1.09085	7.442506	-16.34519	7.442506	8385	-1.146329E-11	-8.723498E+10	0.004454	0.218991	0	0
0	0	0	1.081066	7.442465	-16.358505	7.442465	8340	-1.24106E-11	-8.057629E+10	0.001946	0.217938	0	0
0	0	0	1.072147	7.442482	-16.370768	7.442482	8300	-1.192889E-11	-8.383011E+10	-0.003123	0.216904	0	0
0	0	0	1.064943	7.442441	-16.380545	7.442441	8268	-1.299324E-11	-7.696309E+10	5.10253E-5	0.215838	0	0
0	0	0	1.056531	7.442568	-16.392374	7.442568	8230	-1.002859E-11	-9.971493E+10	0.009667	0.214698	0	0
0	0	0	1.047318	7.442465	-16.404761	7.442465	8189	-1.21859E-11	-8.206207E+10	0.001339	0.213704	0	0
0	0	0	1.040523	7.442326	-16.413747	7.442326	8159	-1.736528E-11	-5.758616E+10	0.001993	0.212644	0	0
0	0	0	1.032927	7.442498	-16.424563	7.442498	8126	-1.12928E-11	-8.855199E+10	-0.003197	0.211697	0	0
0	0	0	1.025283	7.442359	-16.434713	7.442359	8093	-1.564129E-11	-6.393336E+10	0.011156	0.210538	0	0
0	0	0	1.018537	7.442461	-16.444201	7.442461	8063	-1.210551E-11	-8.260701E+10	-0.003227	0.209617	0	0
0	0	0	1.011758	7.442408	-16.453367	7.442408	8034	-1.364555E-11	-7.328399E+10	0.009943	0.208471	0	0
0	0	0	1.005061	7.442461	-16.462671	7.442461	8005	-1.201843E-11	-8.320554E+10	0.004688	0.207543	0	0
0	0	0	0.999147	7.442432	-16.470709	7.442432	7979	-1.277787E-11	-7.826031E+10	0.006706	0.20651	0	0
0	0	0	0.992614	7.442478	-16.479771	7.442478	7951	-1.152579E-11	-8.676191E+10	5.34545E-5	0.205569	0	0
0	0	0	0.986145	7.442457	-16.488588	7.442457	7923	-1.200246E-11	-8.331622E+10	0.012144	0.204456	0	0
0	0	0	0.981081	7.442502	-16.495635	7.442502	7902	-1.089151E-11	-9.181466E+10	-0.003319	0.203522	0	0
0	0	0	0.975479	7.442453	-16.503199	7.442453	7877	-1.204124E-11	-8.304793E+10	0.002088	0.202435	0	0
0	0	0	0.970954	7.442486	-16.509478	7.442486	7859	-1.119937E-11	-8.929072E+10	-0.002669	0.201574	0	0
0	0	0	0.965449	7.442515	-16.51709	7.442515	7835	-1.054002E-11	-9.487647E+10	0.008265	0.200541	0	0
0	0	0	0.959471	7.442613	-16.525516	7.442613	7810	-8.814313E-12	-1.134518E+11	-0.000632	0.19966	0	0
0	0	0	0.954603	7.442428	-16.531754	7.442428	7789	-1.259351E-11	-7.940597E+10	0.002127	0.198613	0	0
0	0	0	0.950193	7.442564	-16.538118	7.442564	7771	-9.538387E-12	-1.048395E+11	0.003524	0.197672	0	0
0	0	0	0.945766	7.442535	-16.544117	7.442535	7752	-1.002734E-11	-9.972738E+10	0.003542	0.196605	0	0
0	0	0	0.941061	7.442523	-16.550537	7.442523	7732	-1.023768E-11	-9.767834E+10	0.002856	0.195757	0	0
0	0	0	0.9367	7.442432	-16.556302	7.442432	7714	-1.235349E-11	-8.09488E+10	0.011314	0.194751	0	0
0	0	0	0.931767	7.442523	-16.563276	7.442523	7694	-1.018737E-11	-9.816077E+10	0.007835	0.193704	0	0
0	0	0	0.926965	7.442506	-16.56982	7.442506	7673	-1.04899E-11	-9.532977E+10	0.0029	0.192697	0	0
0	0	0	0.923616	7.442506	-16.574409	7.442506	7660	-1.047213E-11	-9.549156E+10	0.003627	0.191796	0	0
0	0	0	0.918961	7.442568	-16.580935	7.442568	7641	-9.310868E-12	-1.074014E+11	-0.006394	0.190961	0	0
0	0	0	0.915612	7.442478	-16.585312	7.442478	7627	-1.105612E-11	-9.044762E+10	0.009423	0.189974	0	0
0	0	0	0.911643	7.442556	-16.590937	7.442556	7611	-9.480377E-12	-1.05481E+11	0.000782	0.18904	0	0
0	0	0	0.908115	7.442601	-16.595879	7.442601	7596	-8.748923E-12	-1.142998E+11	0.011697	0.188059	0	0
0	0	0	0.903116	7.442597	-16.60272	7.442597	7575	-8.784898E-12	-1.138317E+11	0.010281	0.187317	0	0
0	0	0	0.899768	7.442465	-16.607001	7.442465	7562	-1.125287E-11	-8.886621E+10	0.007399	0.186297	0	0
0	0	0	0.89637	7.442519	-16.611783	7.442519	7548	-1.007336E-11	-9.927173E+10	0.003008	0.185409	0	0
0	0	0	0.892907	7.442543	-16.616588	7.442543	7534	-9.597716E-12	-1.041915E+11	0.015616	0.184502	0	0
0	0	0	0.889738	7.442338	-16.620448	7.442338	7521	-1.54219E-11	-6.484286E+10	0.00229	0.18376	0	0
0	0	0	0.886863	7.442535	-16.624852	7.442535	7509	-9.713012E-12	-1.029547E+11	0.007535	0.182759	0	0
0	0	0	0.88389	7.442437	-16.628695	7.442437	7497	-1.189273E-11	-8.408496E+10	-0.006697	0.181911	0	0
0	0	0	0.880329	7.442597	-16.633953	7.442597	7483	-8.678204E-12	-1.152312E+11	0.002324	0.180944	0	0
0	0	0	0.876964	7.442404	-16.638111	7.442404	7469	-1.281533E-11	-7.803155E+10	0.003848	0.180229	0	0
0	0	0	0.874106	7.442445	-16.642126	7.442445	7458	-1.161182E-11	-8.611916E+10	0.006152	0.179268	0	0
0	0	0	0.871149	7.442408	-16.646091	7.442408	7446	-1.264684E-11	-7.907112E+10	-0.002998	0.178447	0	0
0	0	0	0.868144	7.442502	-16.650433	7.442502	7433	-1.024507E-11	-9.760788E+10	0.010048	0.177599	0	0
0	0	0	0.865971	7.442465	-16.653324	7.442465	7425	-1.1049E-11	-9.050589E+10	0.000833	0.176771	0	0
0	0	0	0.863782	7.442223	-16.655753	7.442223	7416	-2.308857E-11	-4.331146E+10	0.007817	0.175856	0	0
0	0	0	0.86161	7.442593	-16.659601	7.442593	7407	-8.64971E-12	-1.156108E+11	0.004737	0.174995	0	0
0	0	0	0.860205	7.442453	-16.661198	7.442453	7402	-1.131513E-11	-8.837727E+10	0.003193	0.17418	0	0
0	0	0	0.857967	7.4424	-16.66414	7.4424	7393	-1.281567E-11	-7.802946E+10	0.005565	0.173392	0	0
0	0	0	0.85635	7.44249	-16.666569	7.44249	7386	-1.04369E-11	-9.581393E+10	0.00954	0.172524	0	0
0	0	0	0.853818	7.442322	-16.669643	7.442322	7376	-1.589999E-11	-6.289311E+10	0.010378	0.171683	0	0
0	0	0	0.852364	7.44233	-16.671654	7.44233	7370	-1.548998E-11	-6.455785E+10	0.002454	0.170967	0	0
0	0	0	0.850094	7.442359	-16.674834	7.442359	7361	-1.422655E-11	-7.029109E+10	0.005668	0.17006	0	0
0	0	0	0.848901	7.442478	-16.676749	7.442478	7357	-1.066473E-11	-9.376702E+10	0.00489	0.169258	0	0
0	0	0	0.846713	7.442445	-16.679672	7.442445	7348	-1.144055E-11	-8.740837E+10	0.012188	0.168403	0	0
0	0	0	0.844279	7.442469	-16.683066	7.442469	7338	-1.082377E-11	-9.238923E+10	0.005743	0.167741	0	0
0	0	0	0.843462	7.442432	-16.684098	7.442432	7335	-1.174654E-11	-8.513143E+10	0.004958	0.16682	0	0
0	0	0	0.841535	7.442219	-16.686237	7.442219	7327	-2.324173E-11	-4.302606E+10	0.000885	0.166058	0	0
0	0	0	0.840048	7.442301	-16.688468	7.442301	7322	-1.686436E-11	-5.929664E+10	0.005828	0.165184	0	0
0	0	0	0.838627	7.442432	-16.690725	7.442432	7316	-1.171612E-11	-8.535252E+10	-0.009022	0.164548	0	0
0	0	0	0.836601	7.4424	-16.693424	7.4424	7308	-1.266833E-11	-7.893702E+10	0.009204	0.163627	0	0
0	0	0	0.835295	7.442445	-16.695322	7.442445	7302	-1.136893E-11	-8.795902E+10	0.002568	0.162984	0	0
0	0	0	0.834102	7.442354	-16.696743	7.442354	7298	-1.426877E-11	-7.008315E+10	0.018512	0.162043	0	0
0	0	0	0.832436	7.442552	-16.699492	7.442552	7292	-9.150799E-12	-1.092801E+11	-0.007502	0.1615	0	0
0	0	0	0.831276	7.442437	-16.70081	7.442437	7287	-1.15596E-11	-8.650815E+10	0.001759	0.160593	0	0
0	0	0	0.8301	7.442437	-16.702422	7.442437	7282	-1.155167E-11	-8.656755E+10	-0.007569	0.160003	0	0
0	0	0	0.828908	7.44256	-16.704347	7.44256	7278	-8.998938E-12	-1.111242E+11	0.013728	0.158996	0	0
0	0	0	0.828042	7.442506	-16.705408	7.442506	7274	-9.944422E-12	-1.005589E+11	-0.002502	0.158373	0	0
0	0	0	0.826654	7.442445	-16.707166	7.442445	7268	-1.131599E-11	-8.837049E+10	0.009546	0.157492	0	0
0	0	0	0.824694	7.442391	-16.709726	7.442391	7261	-1.285178E-11	-7.781021E+10	-0.006846	0.156942	0	0
0	0	0	0.823044	7.442383	-16.711968	7.442383	7254	-1.311545E-11	-7.624595E+10	0.006153	0.156061	0	0
0	0	0	0.821851	7.442597	-16.714106	7.442597	7250	-8.407988E-12	-1.189345E+11	-0.00429	0.155505	0	0
0	0	0	0.819777	7.442465	-16.71664	7.442465	7242	-1.077669E-11	-9.279291E+10	0.007082	0.154663	0	0
0	0	0	0.818927	7.442494	-16.717872	7.442494	7238	-1.014254E-11	-9.859458E+10	-0.00521	0.154007	0	0
0	0	0	0.817098	7.442547	-16.720505	7.442547	7231	-9.142467E-12	-1.093797E+11	0.0098	0.153206	0	0
0	0	0	0.815301	7.442395	-16.72261	7.442395	7224	-1.265313E-11	-7.903182E+10	-0.009691	0.152643	0	0
0	0	0	0.814125	7.442523	-16.724522	7.442523	7220	-9.559762E-12	-1.046051E+11	0.017924	0.151735	0	0
0	0	0	0.812622	7.442584	-16.726727	7.442584	7214	-8.542965E-12	-1.170554E+11	0.00276	0.151132	0	0
0	0	0	0.811626	7.442486	-16.72786	7.442486	7210	-1.027452E-11	-9.732813E+10	0.004573	0.15039	0	0
0	0	0	0.810254	7.44235	-16.729421	7.44235	7204	-1.425065E-11	-7.017225E+10	0.006402	0.149695	0	0
0	0	0	0.808604	7.442494	-16.732022	7.442494	7198	-1.008649E-11	-9.914248E+10	-0.001744	0.148979	0	0
0	0	0	0.807264	7.442395	-16.733625	7.442395	7193	-1.259883E-11	-7.937243E+10	0.001897	0.148356	0	0
0	0	0	0.805876	7.442404	-16.735548	7.442404	7187	-1.233147E-11	-8.109332E+10	0.005569	0.147694	0	0
0	0	0	0.804635	7.442568	-16.737637	7.442568	7183	-8.752776E-12	-1.142495E+11	0.007433	0.146998	0	0
0	0	0	0.804177	7.44249	-16.738079	7.44249	7181	-1.014722E-11	-9.854918E+10	-0.00085	0.146309	0	0
0	0	0	0.802936	7.442576	-16.739984	7.442576	7176	-8.619347E-12	-1.160181E+11	0.014933	0.145561	0	0
0	0	0	0.801972	7.442634	-16.741441	7.442634	7172	-7.831504E-12	-1.276894E+11	-0.008315	0.144978	0	0
0	0	0	0.800714	7.44226	-16.742284	7.44226	7168	-1.912941E-11	-5.227553E+10	0.005695	0.144249	0	0
0	0	0	0.800094	7.442511	-16.743725	7.442511	7165	-9.716424E-12	-1.029185E+11	0.001016	0.143586	0	0
0	0	0	0.799064	7.442367	-16.744797	7.442367	7161	-1.352907E-11	-7.391489E+10	0.014256	0.142864	0	0
0	0	0	0.797954	7.442523	-16.746687	7.442523	7157	-9.476346E-12	-1.055259E+11	7.590235E-5	0.142321	0	0
0	0	0	0.797398	7.442593	-16.747613	7.442593	7155	-8.35543E-12	-1.196826E+11	0.009613	0.141559	0	0
0	0	0	0.796565	7.442408	-16.748319	7.442408	7151	-1.214579E-11	-8.233304E+10	0.001992	0.140956	0	0
0	0	0	0.795667	7.442412	-16.74956	7.442412	7148	-1.201931E-11	-8.319942E+10	0.004884	0.140347	0	0
0	0	0	0.794654	7.442482	-16.751113	7.442482	7144	-1.026747E-11	-9.7395E+10	7.724948E-5	0.139711	0	0
0	0	0	0.793658	7.442395	-16.752275	7.442395	7140	-1.2506E-11	-7.996161E+10	0.020468	0.138922	0	0
0	0	0	0.793494	7.44249	-16.752722	7.44249	7139	-1.008787E-11	-9.912897E+10	0.005926	0.138366	0	0
0	0	0	0.792972	7.442511	-16.753487	7.442511	7138	-9.679809E-12	-1.033078E+11	0.012805	0.137717	0	0
0	0	0	0.792008	7.442453	-16.754672	7.442453	7134	-1.090545E-11	-9.16973E+10	-0.004833	0.13722	0	0
0	0	0	0.791485	7.442531	-16.755573	7.442531	7132	-9.29686E-12	-1.075632E+11	7.899141E-5	0.136478	0	0
0	0	0	0.791208	7.442387	-16.755614	7.442387	7131	-1.275593E-11	-7.83949E+10	-0.004878	0.135902	0	0
0	0	0	0.79057	7.442416	-16.756555	7.442416	7128	-1.186704E-11	-8.426703E+10	0.002071	0.135272	0	0
0	0	0	0.79057	7.442572	-16.756923	7.442572	7128	-8.623278E-12	-1.159652E+11	0.006083	0.13461	0	0
0	0	0	0.789786	7.442523	-16.757882	7.442523	7125	-9.433976E-12	-1.059999E+11	0.011136	0.133974	0	0
0	0	0	0.789345	7.442461	-16.758341	7.442461	7123	-1.069423E-11	-9.35084E+10	0.008158	0.133338	0	0
0	0	0	0.789313	7.442539	-16.75857	7.442539	7123	-9.143392E-12	-1.093686E+11	0.005149	0.132781	0	0
0	0	0	0.788104	7.442383	-16.759858	7.442383	7119	-1.287137E-11	-7.769183E+10	0.008228	0.132145	0	0
0	0	0	0.787581	7.442478	-16.760798	7.442478	7117	-1.031683E-11	-9.692904E+10	0.007242	0.131522	0	0
0	0	0	0.786879	7.442605	-16.762061	7.442605	7114	-8.138033E-12	-1.228798E+11	0.014468	0.130893	0	0
0	0	0	0.786732	7.442589	-16.762223	7.442589	7113	-8.364462E-12	-1.195534E+11	0.003177	0.13035	0	0
0	0	0	0.786634	7.442506	-16.762164	7.442506	7113	-9.724316E-12	-1.02835E+11	0.009406	0.129774	0	0
0	0	0	0.785703	7.442474	-16.763363	7.442474	7109	-1.039482E-11	-9.620173E+10	0.003205	0.129191	0	0
0	0	0	0.785637	7.442404	-16.763288	7.442404	7109	-1.219764E-11	-8.198307E+10	0.006355	0.128568	0	0
0	0	0	0.784559	7.442486	-16.764959	7.442486	7105	-1.012489E-11	-9.876647E+10	0.001134	0.127998	0	0
0	0	0	0.784004	7.44235	-16.765401	7.44235	7103	-1.405085E-11	-7.117005E+10	0.010636	0.127302	0	0
0	0	0	0.784053	7.442441	-16.765546	7.442441	7103	-1.116243E-11	-8.958621E+10	0.001144	0.126792	0	0
0	0	0	0.782681	7.442469	-16.767495	7.442469	7098	-1.046977E-11	-9.551313E+10	0.017107	0.126203	0	0
0	0	0	0.782338	7.442416	-16.767839	7.442416	7097	-1.181543E-11	-8.463511E+10	-0.006322	0.125706	0	0
0	0	0	0.781603	7.442543	-16.769147	7.442543	7094	-9.037191E-12	-1.106539E+11	0.007597	0.125076	0	0
0	0	0	0.781488	7.442494	-16.769188	7.442494	7093	-9.939358E-12	-1.006101E+11	-0.007453	0.124573	0	0
0	0	0	0.779888	7.442502	-16.771401	7.442502	7087	-9.768174E-12	-1.023733E+11	0.014157	0.123944	0	0
0	0	0	0.779659	7.442379	-16.771424	7.442379	7086	-1.295093E-11	-7.721454E+10	-0.011865	0.123427	0	0
0	0	0	0.77912	7.442297	-16.771969	7.442297	7084	-1.654274E-11	-6.044948E+10	0.014275	0.122857	0	0
0	0	0	0.778107	7.442584	-16.774035	7.442584	7080	-8.384279E-12	-1.192708E+11	-0.002104	0.122367	0	0
0	0	0	0.777682	7.442395	-16.774172	7.442395	7079	-1.239916E-11	-8.065064E+10	0.007798	0.121691	0	0
0	0	0	0.777241	7.442584	-16.775222	7.442584	7077	-8.380727E-12	-1.193214E+11	-0.003228	0.121221	0	0
0	0	0	0.775641	7.442416	-16.777019	7.442416	7071	-1.177214E-11	-8.494631E+10	0.015643	0.120591	0	0
0	0	0	0.775902	7.442371	-16.776554	7.442371	7072	-1.321251E-11	-7.568586E+10	0.002318	0.120167	0	0
0	0	0	0.774906	7.442539	-16.778317	7.442539	7068	-9.072792E-12	-1.102197E+11	0.004569	0.119584	0	0
0	0	0	0.774514	7.442432	-16.778602	7.442432	7067	-1.131736E-11	-8.835984E+10	-0.014531	0.119048	0	0
0	0	0	0.774138	7.44233	-16.778875	7.44233	7065	-1.484895E-11	-6.734485E+10	0.009126	0.118511	0	0
0	0	0	0.773746	7.442572	-16.779984	7.442572	7064	-8.545853E-12	-1.170158E+11	-0.004441	0.118114	0	0
0	0	0	0.772864	7.442453	-16.780912	7.442453	7061	-1.079385E-11	-9.264531E+10	0.005786	0.117478	0	0
0	0	0	0.772439	7.442482	-16.781562	7.442482	7059	-1.01453E-11	-9.856777E+10	0.003523	0.116961	0	0
0	0	0	0.7719	7.442502	-16.782349	7.442502	7057	-9.726825E-12	-1.028085E+11	0.002389	0.116424	0	0
0	0	0	0.771916	7.442543	-16.782424	7.442543	7057	-8.990056E-12	-1.11234E+11	0.015097	0.115848	0	0
0	0	0	0.771083	7.442227	-16.782819	7.442227	7054	-2.156239E-11	-4.637705E+10	-0.001065	0.115437	0	0
0	0	0	0.771312	7.44263	-16.783456	7.44263	7054	-7.75299E-12	-1.289825E+11	0.010571	0.114808	0	0
0	0	0	0.771002	7.442515	-16.78361	7.442515	7053	-9.488037E-12	-1.053959E+11	0.00827	0.114397	0	0
0	0	0	0.770495	7.442515	-16.784304	7.442515	7052	-9.486692E-12	-1.054108E+11	0.005961	0.113847	0	0
0	0	0	0.770169	7.442474	-16.784655	7.442474	7050	-1.030855E-11	-9.700682E+10	0.001271	0.113476	0	0
0	0	0	0.769564	7.442572	-16.785716	7.442572	7048	-8.526496E-12	-1.172815E+11	0.014299	0.112807	0	0
0	0	0	0.770054	7.442552	-16.784996	7.442552	7050	-8.847111E-12	-1.130312E+11	0.003659	0.11239	0	0
0	0	0	0.769548	7.442424	-16.785389	7.442424	7048	-1.150605E-11	-8.691078E+10	0.016805	0.111827	0	0
0	0	0	0.769466	7.442202	-16.784978	7.442202	7048	-2.418102E-11	-4.135475E+10	-0.013077	0.111429	0	0
0	0	0	0.769874	7.442552	-16.785242	7.442552	7049	-8.845856E-12	-1.130473E+11	0.024173	0.110826	0	0
0	0	0	0.769515	7.442297	-16.785133	7.442297	7048	-1.645867E-11	-6.075825E+10	-0.005944	0.110402	0	0
0	0	0	0.769237	7.442441	-16.785853	7.442441	7046	-1.107286E-11	-9.031093E+10	0.019538	0.109753	0	0
0	0	0	0.769041	7.442391	-16.786006	7.442391	7046	-1.247124E-11	-8.01845E+10	-0.003556	0.109488	0	0
0	0	0	0.769335	7.442469	-16.785787	7.442469	7047	-1.039454E-11	-9.620437E+10	0.020911	0.108879	0	0
0	0	0	0.769629	7.442482	-16.785413	7.442482	7048	-1.012949E-11	-9.872161E+10	-0.004816	0.108474	0	0
0	0	0	0.768911	7.442469	-16.786369	7.442469	7045	-1.039159E-11	-9.623168E+10	0.012448	0.107898	0	0
0	0	0	0.769123	7.442535	-16.786233	7.442535	7046	-9.114114E-12	-1.097199E+11	-0.00114	0.107481	0	0
0	0	0	0.768747	7.442367	-16.786351	7.442367	7045	-1.330992E-11	-7.513194E+10	0.016284	0.106984	0	0
0	0	0	0.768764	7.442449	-16.786522	7.442449	7045	-1.086818E-11	-9.201173E+10	0.007592	0.106646	0	0
0	0	0	0.768715	7.442375	-16.786415	7.442375	7045	-1.301746E-11	-7.681992E+10	0.015152	0.106142	0	0
0	0	0	0.768617	7.442338	-16.786462	7.442338	7044	-1.44438E-11	-6.923384E+10	0.005141	0.105632	0	0
0	0	0	0.768568	7.442404	-16.786684	7.442404	7044	-1.208611E-11	-8.273959E+10	0.010231	0.105102	0	0
0	0	0	0.768421	7.442572	-16.787283	7.442572	7044	-8.521657E-12	-1.173481E+11	0.003915	0.104665	0	0
0	0	0	0.76829	7.442202	-16.78659	7.442202	7043	-2.416386E-11	-4.138411E+10	0.005207	0.104228	0	0
0	0	0	0.768192	7.44235	-16.787073	7.44235	7042	-1.393019E-11	-7.178655E+10	0.00779	0.103784	0	0
0	0	0	0.767392	7.442482	-16.78848	7.442482	7040	-1.0118E-11	-9.883379E+10	-0.007618	0.103314	0	0
0	0	0	0.767016	7.442404	-16.788811	7.442404	7038	-1.207582E-11	-8.281013E+10	0.016907	0.10283	0	0
0	0	0	0.766608	7.442519	-16.789642	7.442519	7036	-9.390059E-12	-1.064956E+11	0	0	0	0
0	0	0	0.766804	7.442383	-16.789054	7.442383	7037	-1.272311E-11	-7.859715E+10	0	0	0	0
0	0	0	0.766232	7.442498	-16.790109	7.442498	7035	-9.776625E-12	-1.022848E+11	0	0	0	0
0	0	0	0.765905	7.442465	-16.790479	7.442465	7034	-1.046716E-11	-9.553686E+10	0	0	0	0
0	0	0	0.764892	7.442404	-16.791722	7.442404	7030	-1.206209E-11	-8.290436E+10	0	0	0	0
0	0	0	0.764615	7.442552	-16.792451	7.442552	7029	-8.820758E-12	-1.133689E+11	0	0	0	0
0	0	0	0.764533	7.442498	-16.792437	7.442498	7029	-9.768286E-12	-1.023721E+11	0	0	0	0
0	0	0	0.763961	7.442486	-16.793192	7.442486	7027	-1.001374E-11	-9.986278E+10	0	0	0	0
0	0	0	0.763504	7.442613	-16.794119	7.442613	7025	-7.928367E-12	-1.261294E+11	0	0	0	0
0	0	0	0.762475	7.442511	-16.795287	7.442511	7021	-9.521146E-12	-1.050294E+11	0	0	0	0
0	0	0	0.762459	7.442515	-16.795319	7.442515	7021	-9.444989E-12	-1.058762E+11	0	0	0	0
0	0	0	0.762295	7.442572	-16.795679	7.442572	7020	-8.492622E-12	-1.177493E+11	0	0	0	0
0	0	0	0.761707	7.442437	-16.796165	7.442437	7018	-1.113288E-11	-8.982401E+10	0	0	0	0
0	0	0	0.761822	7.442387	-16.795892	7.442387	7018	-1.25538E-11	-7.965717E+10	0	0	0	0
0	0	0	0.761037	7.44258	-16.797422	7.44258	7015	-8.366214E-12	-1.195284E+11	0	0	0	0
0	0	0	0.760711	7.442395	-16.797434	7.442395	7014	-1.228531E-11	-8.139804E+10	0	0	0	0
0	0	0	0.760204	7.442469	-16.798302	7.442469	7012	-1.034291E-11	-9.668456E+10	0	0	0	0
0	0	0	0.759829	7.442387	-16.798623	7.442387	7011	-1.254128E-11	-7.973671E+10	0	0	0	0
0	0	0	0.759649	7.442621	-16.799422	7.442621	7010	-7.806665E-12	-1.280957E+11	0	0	0	0
0	0	0	0.759192	7.442445	-16.799632	7.442445	7009	-1.091274E-11	-9.1636E+10	0	0	0	0
0	0	0	0.759306	7.442736	-16.800164	7.442736	7009	-6.584708E-12	-1.51867E+11	0	0	0	0
0	0	0	0.759355	0	0.759355	0	7009	0	0	0	0	0	0
0	0	0	0.758865	0	0.758865	0	7007	0	0	0	0	0	0
