Vload_(V)	ILoad_(A)	RsLoad_(ohm)	SunsVoc_Voltage_(V)	SunsVoc_Current_(A)	Model_Voltage_(V)	Model_Current_(A)	Carrier_Density_(cm-3)	Lifetime_(s)	Inverse_Lifetime_(s-1)	(Carrier_Density+Doping)/qWni^2_(cm^2/C)	Carrier_Density_at_Vmp_(cm-3)	Lifetime_at_Vmp_(s)	Efficiency_(%)	Intensity_(suns)	Dark_IV_Voltage_(V)	Dark_IV_Current_(A)
3.47622	5.938069	0	46.215602	-0.174764	45.943533	-0.174764	3.22649E+14	3.647182E-5	27418.254571	7.609592E+16	8.823876E+13	3.155014E-5	7.157286	1.143959	0	0
3.508887	5.94211	-0.668744	46.067594	0.238412	46.401756	0.238412	2.982874E+14	3.616228E-5	27652.974264	7.598167E+16	0	0	7.118175	1.141097	0	0
4.606435	5.902003	5.165095	45.915355	0.636662	46.706104	0.636662	2.751156E+14	3.585864E-5	27887.159483	7.5873E+16	0	0	7.140605	1.13506	0	0
8.148026	5.712934	5.447789	45.76586	0.997228	46.84816	0.997228	2.540874E+14	3.553464E-5	28141.443491	7.577438E+16	0	0	7.158337	1.131258	0	0
12.09058	5.358613	5.442648	45.618636	1.330277	46.857086	1.330277	2.349279E+14	3.52299E-5	28384.890317	7.568452E+16	0	0	7.139529	1.127241	0	0
15.970678	4.572015	5.922619	45.473405	1.637557	46.74861	1.637557	2.174251E+14	3.493488E-5	28624.60933	7.560244E+16	0	0	7.157118	1.121375	0	0
19.925475	4.463851	5.216141	45.331588	1.920066	46.541336	1.920066	2.015776E+14	3.466584E-5	28846.770869	7.552811E+16	0	0	7.160928	1.112755	0	0
23.871709	4.292752	4.557769	45.190097	2.181258	46.240874	2.181258	1.869047E+14	3.437722E-5	29088.974737	7.54593E+16	0	0	7.187018	1.103697	0	0
27.8086	4.207244	3.739463	45.049815	2.424483	45.861218	2.424483	1.734007E+14	3.410123E-5	29324.409751	7.539597E+16	0	0	7.209962	1.096057	0	0
31.752358	4.172928	2.83547	44.909697	2.651716	45.407644	2.651716	1.608769E+14	3.382588E-5	29563.116316	7.533723E+16	0	0	7.20469	1.086632	0	0
32.904145	4.161458	2.569942	44.7693	2.861837	44.885503	2.861837	1.492271E+14	3.351956E-5	29833.289634	7.52826E+16	0	0	7.238844	1.075522	0	0
34.070555	4.137463	2.30844	44.63044	3.05737	44.309524	3.05737	1.385278E+14	3.322834E-5	30094.760934	7.523242E+16	0	0	7.260423	1.064957	0	0
35.188873	4.113325	2.057183	44.49532	3.236543	43.697148	3.236543	1.288477E+14	3.295621E-5	30343.268319	7.518702E+16	0	0	7.275038	1.054851	0	0
36.374489	4.094904	1.782281	44.362617	3.403073	43.049963	3.403073	1.199947E+14	3.270803E-5	30573.509688	7.51455E+16	0	0	7.303652	1.045327	0	0
37.504384	4.067683	1.524363	44.230649	3.557	42.366536	3.557	1.117898E+14	3.244143E-5	30824.757043	7.510702E+16	0	0	7.309684	1.035133	0	0
38.594712	4.033562	1.276845	44.099025	3.70075	41.648936	3.70075	1.041616E+14	3.216987E-5	31084.970025	7.507125E+16	0	0	7.33958	1.024428	0	0
39.763993	4.001681	1.002215	43.968495	3.835064	40.904708	3.835064	9.710786E+13	3.190684E-5	31341.223636	7.503817E+16	0	0	7.370612	1.01447	0	0
40.835546	3.871533	0.794334	43.83754	3.96092	40.129449	3.96092	9.050846E+13	3.163147E-5	31614.069653	7.500721E+16	0	0	7.380557	1.004567	0	0
41.904986	3.634937	0.615749	43.706879	4.082137	39.326166	4.082137	8.436856E+13	3.141147E-5	31835.497316	7.497842E+16	0	0	7.410438	0.994201	0	0
42.981502	3.242281	0.458564	43.57746	4.193411	38.508407	4.193411	7.869568E+13	3.116809E-5	32084.080934	7.495181E+16	0	0	7.428632	0.984099	0	0
43.84199	2.797097	0.339281	43.450377	4.295878	37.68515	4.295878	7.349482E+13	3.092451E-5	32336.804768	7.492742E+16	0	0	7.448701	0.973957	0	0
44.688572	2.148415	0.245951	43.323995	4.391915	36.848015	4.391915	6.866217E+13	3.068558E-5	32588.589746	7.490476E+16	0	0	7.482329	0.964289	0	0
45.28075	1.428548	0.228667	43.198709	4.481556	36.001946	4.481556	6.418384E+13	3.044956E-5	32841.1917	7.488376E+16	0	0	7.492604	0.954709	0	0
38.936492	4.036969	1.190123	43.081132	4.564701	35.18822	4.564701	6.024614E+13	3.031181E-5	32990.436228	7.486529E+16	0	0	7.518257	0.944698	0	0
46.15437	0	0	42.958279	4.642142	34.33361	4.642142	5.638868E+13	3.006637E-5	33259.745349	7.48472E+16	0	0	7.545674	0.935177	0	0
0	0	0	42.836015	4.714296	33.473052	4.714296	5.279412E+13	2.980947E-5	33546.377362	7.483034E+16	0	0	7.558289	0.926	0	0
0	0	0	42.716788	4.782168	32.62132	4.782168	4.950899E+13	2.959601E-5	33788.328686	7.481493E+16	0	0	7.588724	0.916822	0	0
0	0	0	42.59779	4.846387	31.762181	4.846387	4.643341E+13	2.939032E-5	34024.806217	7.480051E+16	0	0	7.60383	0.907919	0	0
0	0	0	42.480802	4.906214	30.909731	4.906214	4.359557E+13	2.919399E-5	34253.626896	7.47872E+16	0	0	7.615523	0.898646	0	0
0	0	0	42.364646	4.962105	30.057539	4.962105	4.094911E+13	2.899214E-5	34492.099648	7.477479E+16	0	0	7.645923	0.889368	0	0
0	0	0	42.249405	5.014107	29.207576	5.014107	3.84819E+13	2.877876E-5	34747.840652	7.476322E+16	0	0	7.652609	0.880733	0	0
0	0	0	42.135455	5.062742	28.362352	5.062742	3.618818E+13	2.856711E-5	35005.286652	7.475246E+16	0	0	7.670777	0.871941	0	0
0	0	0	42.021733	5.10838	27.515475	5.10838	3.403509E+13	2.834532E-5	35279.192804	7.474236E+16	0	0	7.694056	0.863385	0	0
0	0	0	41.908795	5.151529	26.6701	5.151529	3.202339E+13	2.8133E-5	35545.445916	7.473293E+16	0	0	7.697689	0.855172	0	0
0	0	0	41.798471	5.191865	25.839998	5.191865	3.017288E+13	2.794017E-5	35790.764355	7.472425E+16	0	0	7.719879	0.846983	0	0
0	0	0	41.689274	5.229637	25.01605	5.229637	2.844642E+13	2.774593E-5	36041.320038	7.471615E+16	0	0	7.732169	0.839299	0	0
0	0	0	41.58042	5.265238	24.192863	5.265238	2.682354E+13	2.754733E-5	36301.156396	7.470854E+16	0	0	7.72625	0.831532	0	0
0	0	0	41.471599	5.299101	23.3677	5.299101	2.529355E+13	2.735271E-5	36559.441716	7.470137E+16	0	0	7.698822	0.823634	0	0
0	0	0	41.363431	5.331148	22.545528	5.331148	2.385911E+13	2.716388E-5	36813.592319	7.469464E+16	0	0	7.59271	0.816217	0	0
0	0	0	41.256374	5.361569	21.729368	5.361569	2.25194E+13	2.699149E-5	37048.707766	7.468835E+16	0	0	7.468925	0.808713	0	0
0	0	0	41.147781	5.390258	20.90267	5.390258	2.123721E+13	2.678773E-5	37330.528316	7.468234E+16	0	0	7.342392	0.801126	0	0
0	0	0	41.040707	5.417235	20.086208	5.417235	2.004436E+13	2.65927E-5	37604.298298	7.467675E+16	0	0	7.172822	0.794024	0	0
0	0	0	40.932801	5.442819	19.263651	5.442819	1.890992E+13	2.638364E-5	37902.276245	7.467143E+16	0	0	6.99377	0.786564	0	0
0	0	0	40.826773	5.467025	18.453591	5.467025	1.785773E+13	2.619596E-5	38173.830709	7.466649E+16	0	0	6.789418	0.779554	0	0
0	0	0	40.72161	5.489811	17.649968	5.489811	1.68719E+13	2.600791E-5	38449.844293	7.466187E+16	0	0	6.560993	0.772477	0	0
0	0	0	40.618163	5.511366	16.858255	5.511366	1.595521E+13	2.583724E-5	38703.816817	7.465757E+16	0	0	6.339799	0.765331	0	0
0	0	0	40.514634	5.531745	16.066506	5.531745	1.508762E+13	2.565771E-5	38974.641426	7.46535E+16	0	0	6.090893	0.758389	0	0
0	0	0	40.411857	5.551875	15.276588	5.551875	1.427295E+13	2.553747E-5	39158.140941	7.464968E+16	0	0	5.837218	0.751339	0	0
0	0	0	40.309798	5.570886	14.492436	5.570886	1.350748E+13	2.541914E-5	39340.427278	7.464609E+16	0	0	5.576975	0.744521	0	0
0	0	0	40.209307	5.58794	13.724247	5.58794	1.279386E+13	2.524892E-5	39605.646515	7.464274E+16	0	0	5.297651	0.737678	0	0
0	0	0	40.108751	5.604462	12.954591	5.604462	1.211748E+13	2.509847E-5	39843.069609	7.463957E+16	0	0	5.018	0.730884	0	0
0	0	0	40.007836	5.619941	12.184142	5.619941	1.147461E+13	2.492332E-5	40123.066985	7.463656E+16	0	0	4.719016	0.724209	0	0
0	0	0	39.909387	5.6345	11.432106	5.6345	1.088031E+13	2.476586E-5	40378.15819	7.463377E+16	0	0	4.423823	0.717462	0	0
0	0	0	39.811003	5.648153	10.682188	5.648153	1.031713E+13	2.45899E-5	40667.098484	7.463113E+16	0	0	4.113384	0.710926	0	0
0	0	0	39.713584	5.661261	9.939007	5.661261	9.788182E+12	2.443389E-5	40926.754919	7.462865E+16	0	0	3.80253	0.704036	0	0
0	0	0	39.616131	5.673777	9.196093	5.673777	9.286173E+12	2.427851E-5	41188.692426	7.462629E+16	0	0	3.481216	0.697381	0	0
0	0	0	39.520051	5.685392	8.465095	5.685392	8.816429E+12	2.410995E-5	41476.652017	7.462409E+16	0	0	3.168042	0.690706	0	0
0	0	0	39.423905	5.696893	7.731934	5.696893	8.37014E+12	2.398107E-5	41699.564719	7.4622E+16	0	0	2.848167	0.684226	0	0
0	0	0	39.328805	5.707651	7.007966	5.707651	7.95092E+12	2.384353E-5	41940.09964	7.462003E+16	0	0	2.549657	0.677722	0	0
0	0	0	39.23248	5.717832	6.276609	5.717832	7.547689E+12	2.368062E-5	42228.631801	7.461814E+16	0	0	2.265324	0.671378	0	0
0	0	0	39.135501	5.727142	5.543726	5.727142	7.16237E+12	2.346358E-5	42619.237004	7.461633E+16	0	0	1.990823	0.665117	0	0
0	0	0	39.041152	5.736313	4.828228	5.736313	6.806379E+12	2.331086E-5	42898.459468	7.461466E+16	0	0	1.73349	0.65896	0	0
0	0	0	38.947457	5.744956	4.118704	5.744956	6.470358E+12	2.315183E-5	43193.134495	7.461309E+16	0	0	1.48588	0.652915	0	0
0	0	0	38.852977	5.753156	3.404693	5.753156	6.148315E+12	2.297516E-5	43525.261015	7.461158E+16	0	0	1.251932	0.646937	0	0
0	0	0	38.760131	5.760999	2.702797	5.760999	5.847453E+12	2.28187E-5	43823.707887	7.461017E+16	0	0	1.038461	0.641055	0	0
0	0	0	38.666893	5.7686	1.998145	5.7686	5.560131E+12	2.267073E-5	44109.744974	7.460882E+16	0	0	0.844287	0.635049	0	0
0	0	0	38.573442	5.7757	1.29375	5.7757	5.286315E+12	2.249671E-5	44450.941083	7.460753E+16	0	0	0.673014	0.629263	0	0
0	0	0	38.480417	5.7825	0.592925	5.7825	5.027133E+12	2.232884E-5	44785.133618	7.460632E+16	0	0	0.523569	0.62354	0	0
0	0	0	38.387489	5.788992	-0.106489	5.788992	4.780908E+12	2.216E-5	45126.353857	7.460516E+16	0	0	0.398898	0.617766	0	0
0	0	0	38.294986	5.795236	-0.802486	5.795236	4.547783E+12	2.200094E-5	45452.60439	7.460407E+16	0	0	0.294159	0.612047	0	0
0	0	0	38.201813	5.801026	-1.501327	5.801026	4.324457E+12	2.180436E-5	45862.396573	7.460302E+16	0	0	0.210113	0.606404	0	0
0	0	0	38.108804	5.806651	-2.198999	5.806651	4.112458E+12	2.162296E-5	46247.132835	7.460203E+16	0	0	0.149333	0.600753	0	0
0	0	0	38.016023	5.812058	-2.894615	5.812058	3.911333E+12	2.1448E-5	46624.392044	7.460109E+16	0	0	0.104474	0.595258	0	0
0	0	0	37.924304	5.817208	-3.581909	5.817208	3.722177E+12	2.128048E-5	46991.416944	7.46002E+16	0	0	0.069375	0.589738	0	0
0	0	0	37.832209	5.822057	-4.270683	5.822057	3.541447E+12	2.109344E-5	47408.093198	7.459935E+16	0	0	0.047108	0.584263	0	0
0	0	0	37.740703	5.82698	-4.956756	5.82698	3.370562E+12	2.096526E-5	47697.943251	7.459855E+16	0	0	0.031657	0.578807	0	0
0	0	0	37.647922	5.831512	-5.649934	5.831512	3.205713E+12	2.07879E-5	48104.906604	7.459778E+16	0	0	0.023225	0.573224	0	0
0	0	0	37.555909	5.835766	-6.336443	5.835766	3.05019E+12	2.060197E-5	48539.055718	7.459705E+16	0	0	0.01304	0.567804	0	0
0	0	0	37.464239	5.839971	-7.020951	5.839971	2.902749E+12	2.044647E-5	48908.198339	7.459636E+16	0	0	0.01039	0.562484	0	0
0	0	0	37.371981	5.843871	-7.708108	5.843871	2.761556E+12	2.025733E-5	49364.844513	7.459569E+16	0	0	0.005484	0.557283	0	0
0	0	0	37.279576	5.847607	-8.395783	5.847607	2.627021E+12	2.006623E-5	49834.978655	7.459506E+16	0	0	0.003308	0.552059	0	0
0	0	0	37.185538	5.851257	-9.095161	5.851257	2.496834E+12	1.987377E-5	50317.582051	7.459445E+16	0	0	0.003936	0.546998	0	0
0	0	0	37.092822	5.854773	-9.784734	5.854773	2.374795E+12	1.970018E-5	50760.969225	7.459388E+16	0	0	0.002763	0.542004	0	0
0	0	0	36.999813	5.858094	-10.475519	5.858094	2.258361E+12	1.95124E-5	51249.466066	7.459333E+16	0	0	0.001721	0.536979	0	0
0	0	0	36.907293	5.861267	-11.162224	5.861267	2.148204E+12	1.932723E-5	51740.46092	7.459282E+16	0	0	-0.00103	0.532018	0	0
0	0	0	36.814709	5.864248	-11.84843	5.864248	2.043347E+12	1.912634E-5	52283.9254	7.459232E+16	0	0	-0.000109	0.527088	0	0
0	0	0	36.721258	5.867348	-12.542396	5.867348	1.942699E+12	1.89812E-5	52683.709762	7.459185E+16	0	0	0.001142	0.522198	0	0
0	0	0	36.629327	5.870039	-13.222635	5.870039	1.848525E+12	1.877557E-5	53260.700032	7.459141E+16	0	0	0.002099	0.517336	0	0
0	0	0	36.537396	5.872605	-13.902314	5.872605	1.758915E+12	1.856561E-5	53863.015988	7.459099E+16	0	0	0.001481	0.512498	0	0
0	0	0	36.444941	5.875176	-14.586274	5.875176	1.673177E+12	1.838253E-5	54399.469425	7.459059E+16	0	0	0.001333	0.507888	0	0
0	0	0	36.352275	5.877651	-15.271418	5.877651	1.591434E+12	1.820093E-5	54942.25419	7.459021E+16	0	0	-0.001086	0.503269	0	0
0	0	0	36.258008	5.87991	-15.966584	5.87991	1.512375E+12	1.796851E-5	55652.921518	7.458983E+16	0	0	0.002337	0.498678	0	0
0	0	0	36.165815	5.882208	-16.64768	5.882208	1.438856E+12	1.779821E-5	56185.430002	7.458949E+16	0	0	0.000709	0.494083	0	0
0	0	0	36.072316	5.884358	-17.337246	5.884358	1.367944E+12	1.759833E-5	56823.56925	7.458916E+16	0	0	0.002046	0.489572	0	0
0	0	0	35.978784	5.886457	-18.027005	5.886457	1.300504E+12	1.741131E-5	57433.929294	7.458884E+16	0	0	0.001728	0.485101	0	0
0	0	0	35.885497	5.888494	-18.71484	5.888494	1.236552E+12	1.723536E-5	58020.255893	7.458854E+16	0	0	-0.002826	0.480717	0	0
0	0	0	35.790935	5.890324	-19.41027	5.890324	1.174935E+12	1.700407E-5	58809.434384	7.458825E+16	0	0	-0.000632	0.476306	0	0
0	0	0	35.696603	5.892252	-20.105353	5.892252	1.116526E+12	1.683869E-5	59387.02962	7.458798E+16	0	0	0.000913	0.472014	0	0
0	0	0	35.601503	5.893946	-20.804091	5.893946	1.060581E+12	1.660908E-5	60208.045104	7.458772E+16	0	0	0.002137	0.467722	0	0
0	0	0	35.506321	5.89564	-21.503752	5.89564	1.007394E+12	1.640596E-5	60953.44802	7.458747E+16	0	0	0.002331	0.463533	0	0
0	0	0	35.408721	5.897163	-22.219449	5.897163	9.556241E+11	1.61425E-5	61948.267117	7.458722E+16	0	0	0.002173	0.459544	0	0
0	0	0	35.312053	5.898802	-22.929904	5.898802	9.069712E+11	1.595992E-5	62656.948288	7.4587E+16	0	0	0.001301	0.455419	0	0
0	0	0	35.217296	5.900322	-23.625776	5.900322	8.616849E+11	1.577357E-5	63397.173803	7.458678E+16	0	0	-0.001024	0.451454	0	0
0	0	0	35.121444	5.901703	-24.328421	5.901703	8.181756E+11	1.554605E-5	64325.009229	7.458658E+16	0	0	-0.000308	0.447338	0	0
0	0	0	35.024923	5.902926	-25.034545	5.902926	7.765819E+11	1.526923E-5	65491.18887	7.458638E+16	0	0	5.485856E-5	0.443249	0	0
0	0	0	34.929185	5.904254	-25.736359	5.904254	7.374151E+11	1.506852E-5	66363.507089	7.45862E+16	0	0	0.002453	0.439312	0	0
0	0	0	34.831128	5.905625	-26.455562	5.905625	6.993461E+11	1.489435E-5	67139.532919	7.458602E+16	0	0	0.001358	0.435382	0	0
0	0	0	34.732827	5.906758	-27.174326	5.906758	6.631546E+11	1.463497E-5	68329.494932	7.458585E+16	0	0	0.001369	0.431541	0	0
0	0	0	34.634884	5.907875	-27.890561	5.907875	6.28958E+11	1.439379E-5	69474.390449	7.458569E+16	0	0	0.001381	0.427818	0	0
0	0	0	34.535178	5.908933	-28.619085	5.908933	5.959562E+11	1.413373E-5	70752.747948	7.458554E+16	0	0	0.001774	0.424037	0	0
0	0	0	34.432743	5.909991	-29.367458	5.909991	5.638539E+11	1.387616E-5	72066.03473	7.458539E+16	0	0	0.001019	0.420374	0	0
0	0	0	34.332089	5.911088	-30.103675	5.911088	5.339945E+11	1.367574E-5	73122.167982	7.458525E+16	0	0	5.817825E-5	0.416744	0	0
0	0	0	34.229638	5.912277	-30.854069	5.912277	5.052253E+11	1.353552E-5	73879.675085	7.458511E+16	0	0	0.001819	0.413073	0	0
0	0	0	34.126371	5.91298	-31.605186	5.91298	4.77795E+11	1.315897E-5	75993.800946	7.458498E+16	0	0	0.001636	0.409586	0	0
0	0	0	34.021649	5.913932	-32.369727	5.913932	4.514991E+11	1.29253E-5	77367.614969	7.458486E+16	0	0	0.001451	0.406068	0	0
0	0	0	33.915556	5.914897	-33.144504	5.914897	4.263339E+11	1.271329E-5	78657.857699	7.458474E+16	0	0	0.000261	0.402597	0	0
0	0	0	33.809528	5.915701	-33.91718	5.915701	4.025856E+11	1.243665E-5	80407.508764	7.458463E+16	0	0	0.000667	0.399078	0	0
0	0	0	33.701229	5.916551	-34.706918	5.916551	3.796938E+11	1.219275E-5	82015.94384	7.458452E+16	0	0	0.001488	0.395623	0	0
0	0	0	33.591313	5.917375	-35.508189	5.917375	3.577907E+11	1.194658E-5	83705.962017	7.458442E+16	0	0	0.003965	0.392235	0	0
0	0	0	33.479209	5.91803	-36.323442	5.91803	3.367524E+11	1.161215E-5	86116.713692	7.458432E+16	0	0	0.000476	0.388856	0	0
0	0	0	33.365961	5.918815	-37.148614	5.918815	3.167554E+11	1.136738E-5	87970.985565	7.458423E+16	0	0	-0.002861	0.385584	0	0
0	0	0	33.251014	5.91951	-37.985145	5.91951	2.976722E+11	1.108273E-5	90230.448542	7.458414E+16	0	0	0.003642	0.38228	0	0
0	0	0	33.135267	5.920225	-38.827849	5.920225	2.796178E+11	1.082759E-5	92356.681728	7.458405E+16	0	0	0.001549	0.379052	0	0
0	0	0	33.016547	5.92088	-39.691424	5.92088	2.622365E+11	1.054187E-5	94859.861011	7.458397E+16	0	0	0.001348	0.375773	0	0
0	0	0	32.896144	5.921503	-40.566881	5.921503	2.457122E+11	1.024886E-5	97571.805285	7.458389E+16	0	0	0.002007	0.372577	0	0
0	0	0	32.773912	5.922086	-41.455187	5.922086	2.300014E+11	9.943605E-6	100567.151589	7.458382E+16	0	0	0.00224	0.369428	0	0
0	0	0	32.649181	5.922696	-42.361991	5.922696	2.150046E+11	9.663717E-6	103479.847143	7.458375E+16	0	0	6.578691E-5	0.36628	0	0
0	0	0	32.521427	5.923328	-43.291035	5.923328	2.006575E+11	9.405779E-6	106317.617426	7.458368E+16	0	0	0.000508	0.363188	0	0
0	0	0	32.391616	5.923997	-44.235556	5.923997	1.870595E+11	9.184934E-6	108873.945434	7.458362E+16	0	0	-0.000156	0.360103	0	0
0	0	0	32.259518	5.924389	-45.193139	5.924389	1.741676E+11	8.797226E-6	113672.19673	7.458356E+16	0	0	-0.000382	0.357046	0	0
0	0	0	32.124953	5.924841	-46.1694	5.924841	1.619481E+11	8.459334E-6	118212.612192	7.45835E+16	0	0	-0.000838	0.353974	0	0
0	0	0	31.986893	5.925434	-47.172883	5.925434	1.503016E+11	8.219364E-6	121663.911838	7.458345E+16	0	0	0.001211	0.350953	0	0
0	0	0	31.852214	5.925875	-48.150106	5.925875	1.397479E+11	7.918857E-6	126280.843081	7.45834E+16	0	0	0.002832	0.348036	0	0
0	0	0	31.709008	5.926428	-49.190479	5.926428	1.293376E+11	7.677207E-6	130255.709754	7.458335E+16	0	0	0.001694	0.345087	0	0
0	0	0	31.559317	5.926705	-50.273982	5.926705	1.19284E+11	7.253033E-6	137873.350738	7.45833E+16	0	0	0.00124	0.342254	0	0
0	0	0	31.408696	5.927258	-51.368146	5.927258	1.099565E+11	7.028005E-6	142287.891016	7.458326E+16	0	0	0.002429	0.339349	0	0
0	0	0	31.253941	5.92768	-52.49044	5.92768	1.011322E+11	6.726391E-6	148668.134164	7.458322E+16	0	0	-0.002067	0.336615	0	0
0	0	0	31.095773	5.928108	-53.637594	5.928108	9.284452E+10	6.440637E-6	155264.137585	7.458318E+16	0	0	0.003186	0.333753	0	0
0	0	0	30.932982	5.928415	-54.816483	5.928415	8.502329E+10	6.085347E-6	164329.161519	7.458314E+16	0	0	0.001522	0.33092	0	0
0	0	0	30.765454	5.928794	-56.030713	5.928794	7.76618E+10	5.785493E-6	172846.114216	7.458311E+16	0	0	0.000803	0.328134	0	0
0	0	0	30.591	5.929264	-57.296415	5.929264	7.067258E+10	5.546395E-6	180297.301154	7.458307E+16	0	0	-0.00189	0.32544	0	0
0	0	0	30.414684	5.92961	-58.573852	5.92961	6.424765E+10	5.248385E-6	190534.805632	7.458304E+16	0	0	0.002549	0.322627	0	0
0	0	0	30.2327	5.930012	-59.893169	5.930012	5.822813E+10	4.993872E-6	200245.401278	7.458301E+16	0	0	0.001572	0.319817	0	0
0	0	0	30.045178	5.930296	-61.250781	5.930296	5.261486E+10	4.676977E-6	213813.329659	7.458299E+16	0	0	0.001334	0.316976	0	0
0	0	0	29.852413	5.93078	-62.649472	5.93078	4.740814E+10	4.493889E-6	222524.395262	7.458296E+16	0	0	0.002867	0.314302	0	0
0	0	0	29.652608	5.930869	-64.09294	5.930869	4.255441E+10	4.083927E-6	244862.38596	7.458294E+16	0	0	0.002123	0.311608	0	0
0	0	0	29.448539	5.931192	-65.570954	5.931192	3.810969E+10	3.829031E-6	261162.660704	7.458292E+16	0	0	-0.001728	0.308966	0	0
0	0	0	29.238378	5.931498	-67.092817	5.931498	3.401698E+10	3.577156E-6	279551.722391	7.45829E+16	0	0	0.000858	0.306387	0	0
0	0	0	29.02165	5.931795	-68.662052	5.931795	3.02562E+10	3.331991E-6	300120.877259	7.458288E+16	0	0	0.001389	0.303829	0	0
0	0	0	28.798241	5.93219	-70.281294	5.93219	2.681419E+10	3.151324E-6	317326.977828	7.458287E+16	0	0	-0.000185	0.301314	0	0
0	0	0	28.567466	5.932276	-71.94867	5.932276	2.36693E+10	2.823035E-6	354228.74954	7.458285E+16	0	0	0.000878	0.298812	0	0
0	0	0	28.331675	5.932618	-73.656695	5.932618	2.083669E+10	2.641273E-6	378605.371683	7.458284E+16	0	0	0.003033	0.296245	0	0
0	0	0	28.090331	5.93277	-75.401659	5.93277	1.828808E+10	2.384565E-6	419363.664627	7.458283E+16	0	0	0.004139	0.293794	0	0
0	0	0	27.83997	5.932964	-77.212552	5.932964	1.597316E+10	2.162028E-6	462528.644766	7.458282E+16	0	0	0.002536	0.291324	0	0
0	0	0	27.581981	5.933234	-79.07998	5.933234	1.389385E+10	1.98558E-6	503631.263411	7.458281E+16	0	0	0.002007	0.288897	0	0
0	0	0	27.318193	5.93333	-80.986242	5.93333	1.204739E+10	1.756474E-6	569322.487662	7.45828E+16	0	0	0.002022	0.286518	0	0
0	0	0	27.046319	5.933619	-82.954531	5.933619	1.040076E+10	1.615093E-6	619159.367703	7.458279E+16	0	0	0.004273	0.284138	0	0
0	0	0	26.765951	5.933998	-84.985987	5.933998	8.93805E+9	1.516923E-6	659229.030023	7.458278E+16	0	0	0.006278	0.281712	0	0
0	0	0	26.480732	5.934047	-87.046409	5.934047	7.660933E+9	1.316217E-6	759752.946189	7.458278E+16	0	0	0.001787	0.279456	0	0
0	0	0	26.187444	5.934284	-89.168768	5.934284	6.537718E+9	1.193552E-6	837835.390854	7.458277E+16	0	0	0.004662	0.277117	0	0
0	0	0	25.885416	5.934498	-91.353924	5.934498	5.552889E+9	1.074479E-6	930683.546583	7.458277E+16	0	0	-0.001067	0.274805	0	0
0	0	0	25.577639	5.934771	-93.581925	5.934771	4.701776E+9	9.851074E-7	1015117.789493	7.458276E+16	0	0	-0.000785	0.272538	0	0
0	0	0	25.262724	5.934752	-95.855683	5.934752	3.965783E+9	8.260173E-7	1210628.437362	7.458276E+16	0	0	0.002724	0.270298	0	0
0	0	0	24.939821	5.934998	-98.192632	5.934998	3.330587E+9	7.494428E-7	1334324.637013	7.458276E+16	0	0	0.000384	0.268035	0	0
0	0	0	24.612181	5.935268	-100.564444	5.935268	2.789976E+9	6.882341E-7	1452993.934749	7.458275E+16	0	0	0.001577	0.265899	0	0
0	0	0	24.276798	5.935304	-102.987357	5.935304	2.327354E+9	5.816511E-7	1719243.742929	7.458275E+16	0	0	-0.00021	0.263687	0	0
0	0	0	23.933199	5.935577	-105.474793	5.935577	1.932838E+9	5.359587E-7	1865815.431453	7.458275E+16	0	0	-0.000514	0.261491	0	0
0	0	0	23.586447	5.935699	-107.981844	5.935699	1.602464E+9	4.671673E-7	2140560.91103	7.458275E+16	0	0	0.000396	0.259335	0	0
0	0	0	23.232737	5.935623	-110.534798	5.935623	1.323571E+9	3.739501E-7	2674153.639057	7.458275E+16	0	0	0.00132	0.257219	0	0
0	0	0	22.873538	5.935867	-113.134639	5.935867	1.089979E+9	3.419715E-7	2924220.079436	7.458275E+16	0	0	0.004424	0.255111	0	0
0	0	0	22.511122	5.935906	-115.75316	5.935906	8.96052E+8	2.862638E-7	3493280.765988	7.458275E+16	0	0	0.003836	0.253007	0	0
0	0	0	22.142024	5.936071	-118.422922	5.936071	7.339727E+8	2.53772E-7	3940545.268977	7.458275E+16	0	0	0.000723	0.250883	0	0
0	0	0	21.769807	5.936038	-121.110599	5.936038	6.001974E+8	2.041664E-7	4897966.061794	7.458274E+16	0	0	0.002312	0.248906	0	0
0	0	0	21.39496	5.936386	-123.826572	5.936386	4.90107E+8	2.012347E-7	4969322.232566	7.458274E+16	0	0	0.000415	0.246846	0	0
0	0	0	21.015719	5.936363	-126.565326	5.936363	3.992603E+8	1.61726E-7	6183297.121399	7.458274E+16	0	0	0.002992	0.244825	0	0
0	0	0	20.637082	5.936593	-129.306088	5.936593	3.253593E+8	1.523396E-7	6564282.134209	7.458274E+16	0	0	0.002691	0.242833	0	0
0	0	0	20.254508	5.936643	-132.070831	5.936643	2.645734E+8	1.281619E-7	7802632.527486	7.458274E+16	0	0	0.00402	0.240844	0	0
0	0	0	19.871886	5.936708	-134.836396	5.936708	2.151382E+8	1.09251E-7	9153237.948733	7.458274E+16	0	0	0.001087	0.238847	0	0
0	0	0	19.488169	5.936754	-137.609398	5.936754	1.748365E+8	9.189357E-8	1.088215E+7	7.458274E+16	0	0	0.001096	0.236883	0	0
0	0	0	19.105105	5.936896	-140.380277	5.936896	1.421346E+8	8.370462E-8	1.194677E+7	7.458274E+16	0	0	0.000435	0.23497	0	0
0	0	0	18.723071	5.936814	-143.137742	5.936814	1.156137E+8	6.363077E-8	1.571567E+7	7.458274E+16	0	0	-0.001923	0.233029	0	0
0	0	0	18.339991	5.936932	-145.90824	5.936932	9.398822E+7	5.711137E-8	1.750965E+7	7.458274E+16	0	0	0.000102	0.231088	0	0
0	0	0	17.960913	5.937063	-148.650292	5.937063	7.657324E+7	5.261205E-8	1.900705E+7	7.458274E+16	0	0	-0.000925	0.22918	0	0
0	0	0	17.582962	5.937116	-151.382061	5.937116	6.242308E+7	4.525644E-8	2.209631E+7	7.458274E+16	0	0	0.000794	0.227334	0	0
0	0	0	17.207429	5.937139	-154.095554	5.937139	5.095431E+7	3.785561E-8	2.641616E+7	7.458274E+16	0	0	-0.001288	0.225501	0	0
0	0	0	16.838593	5.937201	-156.761838	5.937201	4.174351E+7	3.324484E-8	3.007986E+7	7.458274E+16	0	0	0.001508	0.223696	0	0
0	0	0	16.469969	5.937359	-159.42946	5.937359	3.420164E+7	3.329199E-8	3.003726E+7	7.458274E+16	0	0	-0.001308	0.221859	0	0
0	0	0	16.105119	5.937333	-162.064421	5.937333	2.807958E+7	2.635661E-8	3.794115E+7	7.458274E+16	0	0	0.005093	0.22005	0	0
0	0	0	15.744123	5.937524	-164.678104	5.937524	2.310146E+7	2.926113E-8	3.417503E+7	7.458274E+16	0	0	0.001543	0.2183	0	0
0	0	0	15.386705	5.937402	-167.256483	5.937402	1.904268E+7	1.972353E-8	5.070087E+7	7.458274E+16	0	0	0.00264	0.216523	0	0
0	0	0	15.035641	5.937474	-169.794904	5.937474	1.575101E+7	1.829734E-8	5.465274E+7	7.458274E+16	0	0	0.001567	0.214821	0	0
0	0	0	14.687958	5.937547	-172.30895	5.937547	1.305217E+7	1.726039E-8	5.793611E+7	7.458274E+16	0	0	-0.000992	0.21304	0	0
0	0	0	14.344833	5.937547	-174.787822	5.937547	1.084244E+7	1.433823E-8	6.974361E+7	7.458274E+16	0	0	-0.002109	0.211362	0	0
0	0	0	14.006723	5.937524	-177.229724	5.937524	9031262	1.143943E-8	8.741693E+7	7.458274E+16	0	0	0.004962	0.209581	0	0
0	0	0	13.674149	5.937625	-179.635671	5.937625	7545187	1.175202E-8	8.509179E+7	7.458274E+16	0	0	0.001616	0.207927	0	0
0	0	0	13.346199	5.937691	-182.007103	5.937691	6319413	1.15549E-8	8.654335E+7	7.458274E+16	0	0	0.00731	0.206257	0	0
0	0	0	13.029209	5.937711	-184.297865	5.937711	5324230	1.027122E-8	9.735939E+7	7.458274E+16	0	0	0.002405	0.204575	0	0
0	0	0	12.710896	5.937632	-186.59489	5.937632	4482561	7.086842E-9	1.411066E+8	7.458274E+16	0	0	-0.005654	0.202969	0	0
0	0	0	12.399721	5.937764	-188.847422	5.937764	3788536	8.566323E-9	1.167362E+8	7.458274E+16	0	0	0.000504	0.201304	0	0
0	0	0	12.093888	5.937655	-191.05324	5.937655	3211224	5.358981E-9	1.866026E+8	7.458274E+16	0	0	-0.001836	0.199713	0	0
0	0	0	11.792122	5.937849	-193.240046	5.937849	2727877	8.562336E-9	1.167906E+8	7.458274E+16	0	0	0.004448	0.198084	0	0
0	0	0	11.497739	5.937829	-195.366188	5.937829	2326550	6.702264E-9	1.492033E+8	7.458274E+16	0	0	0.003292	0.196509	0	0
0	0	0	11.207913	5.937869	-197.461472	5.937869	1989160	6.857966E-9	1.458158E+8	7.458274E+16	0	0	0.003716	0.194963	0	0
0	0	0	10.922727	5.937724	-199.516741	5.937724	1704968	3.41447E-9	2.928712E+8	7.458274E+16	0	0	0.004149	0.193329	0	0
0	0	0	10.642768	5.937829	-201.543086	5.937829	1465514	4.221819E-9	2.368647E+8	7.458274E+16	0	0	-0.00069	0.191879	0	0
0	0	0	10.369016	5.937872	-203.522399	5.937872	1263924	4.430248E-9	2.25721E+8	7.458274E+16	0	0	0.002167	0.190344	0	0
0	0	0	10.100294	5.937833	-205.462404	5.937833	1093033	3.192531E-9	3.132311E+8	7.458274E+16	0	0	0.00342	0.188802	0	0
0	0	0	9.834416	5.937941	-207.387264	5.937941	946700	5.106037E-9	1.958466E+8	7.458274E+16	0	0	0.008428	0.1873	0	0
0	0	0	9.574973	5.937862	-209.258782	5.937862	822816	2.746717E-9	3.64071E+8	7.458274E+16	0	0	0.000962	0.185841	0	0
0	0	0	9.320528	5.93803	-211.103296	5.93803	717078	1.258409E-8	7.946542E+7	7.458274E+16	0	0	0.000969	0.184327	0	0
0	0	0	9.069726	5.937895	-212.910276	5.937895	626160	2.484776E-9	4.024508E+8	7.458274E+16	0	0	0.003524	0.182896	0	0
0	0	0	8.823498	5.937997	-214.693051	5.937997	548124	5.242816E-9	1.907372E+8	7.458274E+16	0	0	0.00184	0.181474	0	0
0	0	0	8.584195	5.93799	-216.421728	5.93799	481612	4.222423E-9	2.368308E+8	7.458274E+16	0	0	0.000991	0.180035	0	0
0	0	0	8.34914	5.938109	-218.124482	5.938109	424144	-7.41864E-9	-1.347956E+8	7.458274E+16	0	0	0.000999	0.178636	0	0
0	0	0	8.116241	5.93802	-219.803768	5.93802	373969	5.248525E-9	1.905297E+8	7.458274E+16	0	0	0.005819	0.177245	0	0
0	0	0	7.889026	5.937997	-221.444481	5.937997	330744	3.163575E-9	3.160981E+8	7.458274E+16	0	0	0.00542	0.175906	0	0
0	0	0	7.667561	5.937977	-223.043768	5.937977	293426	2.204778E-9	4.535604E+8	7.458274E+16	0	0	0.00324	0.174599	0	0
0	0	0	7.449706	5.937987	-224.618122	5.937987	260827	2.1952E-9	4.555394E+8	7.458274E+16	0	0	0.003264	0.173264	0	0
0	0	0	7.235444	5.937974	-226.165612	5.937974	232300	1.685252E-9	5.93383E+8	7.458274E+16	0	0	-0.002567	0.171937	0	0
0	0	0	7.02378	5.937961	-227.694332	5.937961	207185	1.320754E-9	7.571436E+8	7.458274E+16	0	0	0.006489	0.170582	0	0
0	0	0	6.81767	5.938066	-229.187623	5.938066	185340	3.976052E-8	2.515058E+7	7.458274E+16	0	0	-0.001691	0.169243	0	0
0	0	0	6.615529	5.937948	-230.643352	5.937948	166154	9.44622E-10	1.058624E+9	7.458274E+16	0	0	0.000599	0.167924	0	0
0	0	0	6.417537	5.938099	-232.07988	5.938099	149290	-3.479677E-9	-2.87383E+8	7.458274E+16	0	0	0.005708	0.166589	0	0
0	0	0	6.22273	5.938069	-233.486159	5.938069	134368	-1.413051E-6	-707688.562943	7.458274E+16	0	0	-0.000794	0.165413	0	0
0	0	0	6.031059	5.938072	-234.871101	5.938072	121142	-2.496962E-8	-4.004867E+7	7.458274E+16	0	0	0.001553	0.164146	0	0
0	0	0	5.844534	5.938125	-236.220878	5.938125	109523	-1.352883E-9	-7.391622E+8	7.458274E+16	0	0	0.000616	0.162895	0	0
0	0	0	5.661651	5.938049	-237.539108	5.938049	99213	3.488039E-9	2.866941E+8	7.458274E+16	0	0	0.00444	0.161687	0	0
0	0	0	5.48331	5.938201	-238.833831	5.938201	90095	-4.733016E-10	-2.112818E+9	7.458274E+16	0	0	0.002549	0.16044	0	0
0	0	0	5.305426	5.938145	-240.116748	5.938145	81835	-7.473915E-10	-1.337987E+9	7.458274E+16	0	0	0.002082	0.159304	0	0
0	0	0	5.132099	5.938128	-241.368355	5.938128	74515	-8.693673E-10	-1.150262E+9	7.458274E+16	0	0	0.001122	0.158061	0	0
0	0	0	4.962954	5.938053	-242.587278	5.938053	68004	2.870907E-9	3.48322E+8	7.458274E+16	0	0	0.001621	0.156885	0	0
0	0	0	4.796749	5.938095	-243.789884	5.938095	62161	-1.629514E-9	-6.136799E+8	7.458274E+16	0	0	0.005098	0.155674	0	0
0	0	0	4.634448	5.938217	-244.967614	5.938217	56939	-2.659002E-10	-3.760809E+9	7.458274E+16	0	0	0.002642	0.15451	0	0
0	0	0	4.474091	5.938082	-246.120522	5.938082	52211	-2.730553E-9	-3.662262E+8	7.458274E+16	0	0	-0.003364	0.153358	0	0
0	0	0	4.315579	5.938194	-247.270493	5.938194	47924	-2.650057E-10	-3.773503E+9	7.458274E+16	0	0	0.004198	0.152183	0	0
0	0	0	4.162949	5.938089	-248.368788	5.938089	44128	-1.541105E-9	-6.488851E+8	7.458274E+16	0	0	0.003717	0.151099	0	0
0	0	0	4.012016	5.938184	-249.463335	5.938184	40671	-2.441648E-10	-4.095595E+9	7.458274E+16	0	0	0.001179	0.149995	0	0
0	0	0	3.864776	5.938148	-250.525606	5.938148	37559	-3.287421E-10	-3.041898E+9	7.458274E+16	0	0	-0.002427	0.148883	0	0
0	0	0	3.720623	5.938145	-251.566974	5.938145	34743	-3.173046E-10	-3.151546E+9	7.458274E+16	0	0	-0.002445	0.147751	0	0
0	0	0	3.578855	5.938194	-252.59338	5.938194	32180	-1.77946E-10	-5.619682E+9	7.458274E+16	0	0	0.000157	0.146759	0	0
0	0	0	3.439978	5.938105	-253.592935	5.938105	29853	-5.695354E-10	-1.755817E+9	7.458274E+16	0	0	0.001213	0.145623	0	0
0	0	0	3.302097	5.938181	-254.592402	5.938181	27709	-1.712383E-10	-5.839816E+9	7.458274E+16	0	0	-0.000903	0.144507	0	0
0	0	0	3.169378	5.938309	-255.556888	5.938309	25790	-7.425468E-11	-1.346717E+10	7.458274E+16	0	0	0.011926	0.143491	0	0
0	0	0	3.038995	5.938309	-256.498931	5.938309	24035	-6.920167E-11	-1.445052E+10	7.458274E+16	0	0	-0.000377	0.142539	0	0
0	0	0	2.911748	5.938125	-257.410244	5.938125	22437	-2.77153E-10	-3.608116E+9	7.458274E+16	0	0	-0.005801	0.141439	0	0
0	0	0	2.786625	5.938099	-258.313103	5.938099	20970	-4.887719E-10	-2.045944E+9	7.458274E+16	0	0	0.000164	0.140451	0	0
0	0	0	2.665634	5.938283	-259.195373	5.938283	19642	-6.35116E-11	-1.574516E+10	7.458274E+16	0	0	0.003465	0.139335	0	0
0	0	0	2.548613	5.938168	-260.035785	5.938168	18438	-1.291271E-10	-7.744307E+9	7.458274E+16	0	0	0.008475	0.138267	0	0
0	0	0	2.433372	5.938237	-260.871465	5.938237	17325	-7.13916E-11	-1.400725E+10	7.458274E+16	0	0	0.005185	0.137326	0	0
0	0	0	2.324763	5.938257	-261.657054	5.938257	16337	-6.023645E-11	-1.660124E+10	7.458274E+16	0	0	-0.002639	0.13631	0	0
0	0	0	2.222443	5.938296	-262.398088	5.938296	15458	-4.708609E-11	-2.123769E+10	7.458274E+16	0	0	-0.006049	0.135354	0	0
0	0	0	2.125154	5.938227	-263.097936	5.938227	14665	-6.420579E-11	-1.557492E+10	7.458274E+16	0	0	-0.005521	0.134365	0	0
0	0	0	2.033206	5.93823	-263.762415	5.93823	13955	-5.985092E-11	-1.670818E+10	7.458274E+16	0	0	0.00476	0.133321	0	0
0	0	0	1.945636	5.93826	-264.396444	5.93826	13310	-4.822971E-11	-2.073411E+10	7.458274E+16	0	0	0.000173	0.132333	0	0
0	0	0	1.862623	5.938309	-264.998437	5.938309	12726	-3.664075E-11	-2.729202E+10	7.458274E+16	0	0	0.00308	0.131444	0	0
0	0	0	1.786635	5.938191	-265.542143	5.938191	12213	-6.935859E-11	-1.441783E+10	7.458274E+16	0	0	0.006616	0.13044	0	0
0	0	0	1.712721	5.938174	-266.075437	5.938174	11735	-7.705061E-11	-1.297848E+10	7.458274E+16	0	0	0.00784	0.129511	0	0
0	0	0	1.641681	5.938204	-266.590036	5.938204	11293	-5.787993E-11	-1.727715E+10	7.458274E+16	0	0	0.005518	0.128631	0	0
0	0	0	1.572733	5.938168	-267.086559	5.938168	10880	-7.619606E-11	-1.312404E+10	7.458274E+16	0	0	0.004959	0.127666	0	0
0	0	0	1.507541	5.938339	-267.565314	5.938339	10503	-2.692204E-11	-3.714429E+10	7.458274E+16	0	0	-0.004031	0.126742	0	0
0	0	0	1.445535	5.93824	-268.008849	5.93824	10156	-4.10456E-11	-2.436315E+10	7.458274E+16	0	0	-0.003455	0.125769	0	0
0	0	0	1.388527	5.938184	-268.418199	5.938184	9848	-5.91216E-11	-1.691429E+10	7.458274E+16	0	0	0.006896	0.124869	0	0
0	0	0	1.332826	5.938187	-268.820792	5.938187	9556	-5.577592E-11	-1.792888E+10	7.458274E+16	0	0	0.001413	0.12398	0	0
0	0	0	1.281421	5.938326	-269.198485	5.938326	9294	-2.504442E-11	-3.992905E+10	7.458274E+16	0	0	0.008847	0.123087	0	0
0	0	0	1.230685	5.938128	-269.556066	5.938128	9043	-1.055048E-10	-9.478246E+9	7.458274E+16	0	0	0.004548	0.122167	0	0
0	0	0	1.182531	5.938214	-269.907883	5.938214	8811	-4.208133E-11	-2.376351E+10	7.458274E+16	0	0	-0.000439	0.12127	0	0
0	0	0	1.137856	5.938293	-270.23427	5.938293	8601	-2.658438E-11	-3.761607E+10	7.458274E+16	0	0	0.010296	0.120417	0	0
0	0	0	1.093622	5.938174	-270.548457	5.938174	8397	-5.51337E-11	-1.813773E+10	7.458274E+16	0	0	0.008462	0.119497	0	0
0	0	0	1.052932	5.938273	-270.846956	5.938273	8214	-2.784436E-11	-3.591392E+10	7.458274E+16	0	0	0.002114	0.118668	0	0
0	0	0	1.012373	5.938174	-271.135481	5.938174	8036	-5.276341E-11	-1.895253E+10	7.458274E+16	0	0	0.004061	0.117855	0	0
0	0	0	0.974542	5.938201	-271.410018	5.938201	7873	-4.135971E-11	-2.417812E+10	7.458274E+16	0	0	-0.001104	0.117002	0	0
0	0	0	0.939112	5.938105	-271.661626	5.938105	7724	-1.473584E-10	-6.786175E+9	7.458274E+16	0	0	0.005422	0.116213	0	0
0	0	0	0.903748	5.938135	-271.918493	5.938135	7578	-7.958016E-11	-1.256595E+10	7.458274E+16	0	0	0.008095	0.115312	0	0
0	0	0	0.869641	5.93827	-272.17111	5.93827	7440	-2.563392E-11	-3.901081E+10	7.458274E+16	0	0	0.01147	0.114432	0	0
0	0	0	0.838001	5.938227	-272.397749	5.938227	7313	-3.201752E-11	-3.12329E+10	7.458274E+16	0	0	0.00287	0.113635	0	0
0	0	0	0.808125	5.938118	-272.608612	5.938118	7196	-1.007246E-10	-9.928062E+9	7.458274E+16	0	0	0.004233	0.112834	0	0
0	0	0	0.777465	5.938217	-272.834674	5.938217	7078	-3.305365E-11	-3.025385E+10	7.458274E+16	0	0	-0.000474	0.111997	0	0
0	0	0	0.749598	5.938217	-273.036015	5.938217	6972	-3.255863E-11	-3.071382E+10	7.458274E+16	0	0	0.002249	0.111168	0	0
0	0	0	0.722188	5.938168	-273.231777	5.938168	6870	-4.811277E-11	-2.07845E+10	7.458274E+16	0	0	0.010497	0.110383	0	0
0	0	0	0.696951	5.938115	-273.411688	5.938115	6776	-1.016108E-10	-9.841478E+9	7.458274E+16	0	0	0.00159	0.109506	0	0
0	0	0	0.670979	5.938171	-273.601917	5.938171	6682	-4.528757E-11	-2.208112E+10	7.458274E+16	0	0	0.008561	0.108725	0	0
0	0	0	0.646543	5.938335	-273.786067	5.938335	6594	-1.711083E-11	-5.844253E+10	7.458274E+16	0	0	0.002313	0.107932	0	0
0	0	0	0.621877	5.938132	-273.954857	5.938132	6507	-7.192578E-11	-1.390322E+10	7.458274E+16	0	0	0.006557	0.107254	0	0
0	0	0	0.598894	5.93823	-274.125469	5.93823	6427	-2.756445E-11	-3.627862E+10	7.458274E+16	0	0	0.005183	0.106461	0	0
0	0	0	0.577022	5.93824	-274.283954	5.93824	6351	-2.566765E-11	-3.895955E+10	7.458274E+16	0	0	0.013081	0.105712	0	0
0	0	0	0.555706	5.93822	-274.437056	5.93822	6278	-2.868065E-11	-3.486671E+10	7.458274E+16	0	0	0.000216	0.104899	0	0
0	0	0	0.535467	5.938174	-274.58115	5.938174	6210	-4.077412E-11	-2.452536E+10	7.458274E+16	0	0	0.001667	0.104158	0	0
0	0	0	0.515849	5.938243	-274.72609	5.938243	6145	-2.436669E-11	-4.103964E+10	7.458274E+16	0	0	0.013352	0.103449	0	0
0	0	0	0.496558	5.938204	-274.863642	5.938204	6081	-3.11669E-11	-3.208532E+10	7.458274E+16	0	0	0.006831	0.102719	0	0
0	0	0	0.479831	5.938207	-274.984646	5.938207	6026	-3.015E-11	-3.316749E+10	7.458274E+16	0	0	-0.001257	0.101966	0	0
0	0	0	0.460867	5.938217	-275.122124	5.938217	5965	-2.785603E-11	-3.589887E+10	7.458274E+16	0	0	0.016611	0.101221	0	0
0	0	0	0.445872	5.938197	-275.22955	5.938197	5917	-3.188075E-11	-3.136689E+10	7.458274E+16	0	0	0.008476	0.100472	0	0
0	0	0	0.428099	5.938072	-275.352154	5.938072	5860	-1.207847E-9	-8.279198E+8	7.458274E+16	0	0	0.010802	0.099738	0	0
0	0	0	0.41268	5.938191	-275.469059	5.938191	5811	-3.300113E-11	-3.0302E+10	7.458274E+16	0	0	0.011634	0.099041	0	0
0	0	0	0.397162	5.938296	-275.586065	5.938296	5762	-1.755143E-11	-5.69754E+10	7.458274E+16	0	0	0.002527	0.098332	0	0
0	0	0	0.38233	5.938102	-275.684212	5.938102	5717	-1.19954E-10	-8.336528E+9	7.458274E+16	0	0	-0.003624	0.097614	0	0
0	0	0	0.368805	5.938276	-275.790031	5.938276	5675	-1.893223E-11	-5.281998E+10	7.458274E+16	0	0	0.003337	0.096945	0	0
0	0	0	0.355623	5.938257	-275.884356	5.938257	5634	-2.077322E-11	-4.813889E+10	7.458274E+16	0	0	0.004143	0.096192	0	0
0	0	0	0.341787	5.938178	-275.980649	5.938178	5593	-3.561083E-11	-2.808135E+10	7.458274E+16	0	0	0.012822	0.095566	0	0
0	0	0	0.329912	5.938358	-276.074862	5.938358	5557	-1.327313E-11	-7.534018E+10	7.458274E+16	0	0	0.004992	0.094837	0	0
0	0	0	0.317253	5.938276	-276.162503	5.938276	5519	-1.84118E-11	-5.431299E+10	7.458274E+16	0	0	0.005023	0.094215	0	0
0	0	0	0.305688	5.938043	-276.235194	5.938043	5485	1.445067E-10	6.920094E+9	7.458274E+16	0	0	0.003452	0.093546	0	0
0	0	0	0.293012	5.938187	-276.333512	5.938187	5447	-3.179274E-11	-3.145372E+10	7.458274E+16	0	0	0.015607	0.092824	0	0
0	0	0	0.281823	5.938161	-276.413129	5.938161	5414	-4.062229E-11	-2.461703E+10	7.458274E+16	0	0	-0.01034	0.092167	0	0
0	0	0	0.272937	5.938322	-276.484837	5.938322	5389	-1.471021E-11	-6.797998E+10	7.458274E+16	0	0	0.010074	0.091585	0	0
0	0	0	0.261176	5.938043	-276.556789	5.938043	5354	1.410554E-10	7.089412E+9	7.458274E+16	0	0	-0.001403	0.090872	0	0
0	0	0	0.252094	5.938184	-276.628995	5.938184	5328	-3.198618E-11	-3.12635E+10	7.458274E+16	0	0	0.00191	0.090234	0	0
0	0	0	0.2444	5.938178	-276.684276	5.938178	5306	-3.378349E-11	-2.960026E+10	7.458274E+16	0	0	0.002759	0.089612	0	0
0	0	0	0.234485	5.93822	-276.757906	5.93822	5278	-2.411221E-11	-4.147276E+10	7.458274E+16	0	0	0.001937	0.088947	0	0
0	0	0	0.224586	5.938181	-276.827585	5.938181	5249	-3.243819E-11	-3.082786E+10	7.458274E+16	0	0	0.003646	0.088309	0	0
0	0	0	0.218134	5.938079	-276.869448	5.938079	5231	-3.641599E-10	-2.746047E+9	7.458274E+16	0	0	-0.003157	0.087727	0	0
0	0	0	0.209313	5.938112	-276.934712	5.938112	5206	-8.40635E-11	-1.189577E+10	7.458274E+16	0	0	-0.00146	0.087118	0	0
0	0	0	0.200133	5.938286	-277.009169	5.938286	5180	-1.649562E-11	-6.062217E+10	7.458274E+16	0	0	-0.003201	0.086436	0	0
0	0	0	0.192897	5.938168	-277.055928	5.938168	5160	-3.61371E-11	-2.767239E+10	7.458274E+16	0	0	0.006353	0.085902	0	0
0	0	0	0.18651	5.93821	-277.104068	5.93821	5142	-2.512904E-11	-3.979459E+10	7.458274E+16	0	0	0.002015	0.085316	0	0
0	0	0	0.177706	5.938194	-277.166913	5.938194	5118	-2.830104E-11	-3.533439E+10	7.458274E+16	0	0	0.003793	0.084679	0	0
0	0	0	0.170339	5.938112	-277.216301	5.938112	5098	-8.231958E-11	-1.214778E+10	7.458274E+16	0	0	0.000266	0.084153	0	0
0	0	0	0.164295	5.938365	-277.271791	5.938365	5081	-1.186655E-11	-8.427049E+10	7.458274E+16	0	0	0.002949	0.083523	0	0
0	0	0	0.157696	5.938273	-277.315172	5.938273	5063	-1.716289E-11	-5.826524E+10	7.458274E+16	0	0	-0.00603	0.082921	0	0
0	0	0	0.152322	5.938181	-277.3497	5.938181	5048	-3.119603E-11	-3.205536E+10	7.458274E+16	0	0	0.009332	0.082331	0	0
0	0	0	0.145135	5.938237	-277.40424	5.938237	5029	-2.072314E-11	-4.825525E+10	7.458274E+16	0	0	-0.002462	0.081785	0	0
0	0	0	0.138421	5.938099	-277.446293	5.938099	5010	-1.167738E-10	-8.563563E+9	7.458274E+16	0	0	-0.00156	0.081228	0	0
0	0	0	0.133178	5.938164	-277.487249	5.938164	4996	-3.619423E-11	-2.762871E+10	7.458274E+16	0	0	0.010446	0.080602	0	0
0	0	0	0.128424	5.938141	-277.520517	5.938141	4984	-4.758554E-11	-2.101479E+10	7.458274E+16	0	0	0.002139	0.080076	0	0
0	0	0	0.123083	5.938151	-277.55957	5.938151	4969	-4.17538E-11	-2.394992E+10	7.458274E+16	0	0	0.008705	0.07955	0	0
0	0	0	0.116369	5.938191	-277.60992	5.938191	4951	-2.811712E-11	-3.556552E+10	7.458274E+16	0	0	0.009707	0.07898	0	0
0	0	0	0.11075	5.938171	-277.649596	5.938171	4936	-3.345397E-11	-2.989182E+10	7.458274E+16	0	0	0.006926	0.078422	0	0
0	0	0	0.105539	5.938197	-277.688474	5.938197	4922	-2.65197E-11	-3.770781E+10	7.458274E+16	0	0	0.009835	0.077896	0	0
0	0	0	0.101374	5.938194	-277.718415	5.938194	4911	-2.715639E-11	-3.682374E+10	7.458274E+16	0	0	0.008936	0.077386	0	0
0	0	0	0.096866	5.93826	-277.754064	5.93826	4899	-1.775187E-11	-5.633211E+10	7.458274E+16	0	0	0.004166	0.07672	0	0
0	0	0	0.091655	5.938128	-277.78556	5.938128	4886	-5.7005E-11	-1.754232E+10	7.458274E+16	0	0	-0.006527	0.076266	0	0
0	0	0	0.085922	5.938158	-277.828369	5.938158	4870	-3.789291E-11	-2.639016E+10	7.458274E+16	0	0	0.004217	0.075736	0	0
0	0	0	0.080351	5.938082	-277.865075	5.938082	4856	-2.539609E-10	-3.937613E+9	7.458274E+16	0	0	0.014128	0.075154	0	0
0	0	0	0.075908	5.938187	-277.902099	5.938187	4844	-2.827318E-11	-3.53692E+10	7.458274E+16	0	0	0.016203	0.074664	0	0
0	0	0	0.072331	5.938339	-277.935023	5.938339	4835	-1.239342E-11	-8.068801E+10	7.458274E+16	0	0	0.002301	0.074154	0	0
0	0	0	0.068133	5.938178	-277.957814	5.938178	4824	-3.071458E-11	-3.255783E+10	7.458274E+16	0	0	0.003322	0.073668	0	0
0	0	0	0.063069	5.938214	-277.996093	5.938214	4810	-2.297256E-11	-4.35302E+10	7.458274E+16	0	0	0.003343	0.073194	0	0
0	0	0	0.057728	5.938237	-278.035762	5.938237	4797	-1.976713E-11	-5.058904E+10	7.458274E+16	0	0	-0.001734	0.072663	0	0
0	0	0	0.053187	5.938191	-278.066417	5.938191	4785	-2.717439E-11	-3.679935E+10	7.458274E+16	0	0	0.010568	0.072213	0	0
0	0	0	0.049495	5.938339	-278.100017	5.938339	4775	-1.223962E-11	-8.170189E+10	7.458274E+16	0	0	0.015808	0.071683	0	0
0	0	0	0.046114	5.938102	-278.113362	5.938102	4767	-1.000211E-10	-9.997888E+9	7.458274E+16	0	0	0.008629	0.071217	0	0
0	0	0	0.043762	5.938168	-278.133436	5.938168	4761	-3.334278E-11	-2.99915E+10	7.458274E+16	0	0	-0.003872	0.070731	0	0
0	0	0	0.039956	5.93823	-278.16386	5.93823	4751	-2.037633E-11	-4.907655E+10	7.458274E+16	0	0	-0.00179	0.070249	0	0
0	0	0	0.036901	5.938187	-278.183928	5.938187	4743	-2.768367E-11	-3.612237E+10	7.458274E+16	0	0	0.011966	0.069846	0	0
0	0	0	0.032867	5.938164	-278.212	5.938164	4733	-3.428889E-11	-2.916397E+10	7.458274E+16	0	0	0.013123	0.0693	0	0
0	0	0	0.029142	5.938161	-278.238754	5.938161	4723	-3.543758E-11	-2.821863E+10	7.458274E+16	0	0	0.020737	0.068786	0	0
0	0	0	0.025516	5.938227	-278.268035	5.938227	4714	-2.063867E-11	-4.845273E+10	7.458274E+16	0	0	0.007889	0.06836	0	0
0	0	0	0.022086	5.938289	-278.295746	5.938289	4705	-1.475943E-11	-6.775331E+10	7.458274E+16	0	0	-0.00076	0.068025	0	0
0	0	0	0.019619	5.938207	-278.309716	5.938207	4699	-2.35106E-11	-4.253401E+10	7.458274E+16	0	0	-0.006236	0.067487	0	0
0	0	0	0.017218	5.93821	-278.327219	5.93821	4693	-2.293477E-11	-4.360191E+10	7.458274E+16	0	0	-0.002975	0.066977	0	0
0	0	0	0.014997	5.938132	-278.339572	5.938132	4687	-5.180823E-11	-1.930195E+10	7.458274E+16	0	0	0.002553	0.066463	0	0
0	0	0	0.012677	5.938151	-278.357255	5.938151	4681	-3.933377E-11	-2.542344E+10	7.458274E+16	0	0	0.001452	0.06602	0	0
0	0	0	0.010815	5.938243	-278.375023	5.938243	4677	-1.854564E-11	-5.392102E+10	7.458274E+16	0	0	-0.004159	0.06559	0	0
0	0	0	0.007907	5.938263	-278.396955	5.938263	4669	-1.663179E-11	-6.012582E+10	7.458274E+16	0	0	0.006	0.065096	0	0
0	0	0	0.005604	5.938049	-278.403579	5.938049	4663	1.639376E-10	6.099883E+9	7.458274E+16	0	0	0.015161	0.064629	0	0
0	0	0	0.002958	5.938125	-278.426242	5.938125	4657	-5.752558E-11	-1.738357E+10	7.458274E+16	0	0	-0.006545	0.064135	0	0
0	0	0	0.000328	5.938105	-278.444319	5.938105	4650	-8.871267E-11	-1.127235E+10	7.458274E+16	0	0	0.01653	0.063689	0	0
0	0	0	-0.002563	5.93828	-278.473376	5.93828	4643	-1.524745E-11	-6.558472E+10	7.458274E+16	0	0	0.01432	0.063211	0	0
0	0	0	-0.005242	5.938171	-278.487645	5.938171	4636	-3.142071E-11	-3.182615E+10	7.458274E+16	0	0	-0.004331	0.062844	0	0
0	0	0	-0.007235	5.938161	-278.501581	5.938161	4631	-3.474729E-11	-2.877922E+10	7.458274E+16	0	0	0.012137	0.06241	0	0
0	0	0	-0.009571	5.938224	-278.521387	5.938224	4625	-2.067966E-11	-4.835669E+10	7.458274E+16	0	0	0.014606	0.061912	0	0
0	0	0	-0.011008	5.938247	-278.532851	5.938247	4622	-1.798828E-11	-5.559175E+10	7.458274E+16	0	0	0.006328	0.061549	0	0
0	0	0	-0.012968	5.938247	-278.547014	5.938247	4617	-1.796882E-11	-5.565195E+10	7.458274E+16	0	0	0.013586	0.061107	0	0
0	0	0	-0.014177	5.938164	-278.551893	5.938164	4614	-3.342677E-11	-2.991614E+10	7.458274E+16	0	0	0.020925	0.060716	0	0
0	0	0	-0.01599	5.938178	-278.56561	5.938178	4609	-2.934566E-11	-3.407659E+10	7.458274E+16	0	0	-0.008153	0.06033	0	0
0	0	0	-0.01764	5.938161	-278.576759	5.938161	4605	-3.455221E-11	-2.894171E+10	7.458274E+16	0	0	0.013852	0.059867	0	0
0	0	0	-0.019176	5.938296	-278.594174	5.938296	4601	-1.401495E-11	-7.135237E+10	7.458274E+16	0	0	-0.015641	0.059572	0	0
0	0	0	-0.021332	5.938253	-278.607748	5.938253	4596	-1.72485E-11	-5.797607E+10	7.458274E+16	0	0	-0.000868	0.059114	0	0
0	0	0	-0.023308	5.938224	-278.620641	5.938224	4591	-2.052764E-11	-4.871481E+10	7.458274E+16	0	0	0.005364	0.058775	0	0
0	0	0	-0.025432	5.93828	-278.638605	5.93828	4586	-1.506027E-11	-6.639988E+10	7.458274E+16	0	0	0.001631	0.058417	0	0
0	0	0	-0.027719	5.938043	-278.644024	5.938043	4580	1.206638E-10	8.287492E+9	7.458274E+16	0	0	0.020597	0.057978	0	0
0	0	0	-0.030463	5.938161	-278.669403	5.938161	4573	-3.431211E-11	-2.914423E+10	7.458274E+16	0	0	0.009281	0.057604	0	0
0	0	0	-0.032603	5.938181	-278.685789	5.938181	4568	-2.822969E-11	-3.54237E+10	7.458274E+16	0	0	0.004224	0.057197	0	0
0	0	0	-0.034857	5.938191	-278.702538	5.938191	4562	-2.590796E-11	-3.859818E+10	7.458274E+16	0	0	0.014552	0.056831	0	0
0	0	0	-0.037144	5.938132	-278.716284	5.938132	4557	-5.037126E-11	-1.985259E+10	7.458274E+16	0	0	-0.007388	0.056444	0	0
0	0	0	-0.038875	5.938253	-278.734502	5.938253	4553	-1.708712E-11	-5.852362E+10	7.458274E+16	0	0	0.017361	0.05603	0	0
0	0	0	-0.040884	5.938145	-278.743927	5.938145	4548	-4.153646E-11	-2.407524E+10	7.458274E+16	0	0	0.009588	0.055667	0	0
0	0	0	-0.04206	5.938197	-278.754893	5.938197	4545	-2.448843E-11	-4.083561E+10	7.458274E+16	0	0	0.004365	0.055252	0	0
0	0	0	-0.044004	5.938243	-278.771097	5.938243	4540	-1.80024E-11	-5.554815E+10	7.458274E+16	0	0	0.00572	0.054918	0	0
0	0	0	-0.045719	5.938148	-278.779015	5.938148	4536	-3.970218E-11	-2.518753E+10	7.458274E+16	0	0	-0.014319	0.054575	0	0
0	0	0	-0.047304	5.938148	-278.790463	5.938148	4532	-3.966717E-11	-2.520977E+10	7.458274E+16	0	0	-0.010359	0.054264	0	0
0	0	0	-0.04897	5.938135	-278.801884	5.938135	4528	-4.755067E-11	-2.10302E+10	7.458274E+16	0	0	0.013949	0.05389	0	0
0	0	0	-0.050326	5.938178	-278.813685	5.938178	4524	-2.880447E-11	-3.471684E+10	7.458274E+16	0	0	0.0127	0.053423	0	0
0	0	0	-0.052073	5.938178	-278.826313	5.938178	4520	-2.8779E-11	-3.474756E+10	7.458274E+16	0	0	0.022402	0.053065	0	0
0	0	0	-0.054262	5.938243	-278.845213	5.938243	4515	-1.790327E-11	-5.585572E+10	7.458274E+16	0	0	-0.017535	0.052806	0	0
0	0	0	-0.055961	5.938099	-278.850698	5.938099	4511	-1.051431E-10	-9.510852E+9	7.458274E+16	0	0	0.004581	0.052503	0	0
0	0	0	-0.057807	5.938316	-278.874219	5.938316	4506	-1.262782E-11	-7.919023E+10	7.458274E+16	0	0	-0.003774	0.052128	0	0
0	0	0	-0.060551	5.938069	-278.882472	5.938069	4499	-4.729338E-8	-2.114461E+7	7.458274E+16	0	0	0.003233	0.051805	0	0
0	0	0	-0.061597	5.938036	-278.888481	5.938036	4497	9.473417E-11	1.055585E+10	7.458274E+16	0	0	0.006082	0.051475	0	0
0	0	0	-0.063655	5.938148	-278.908599	5.938148	4492	-3.931706E-11	-2.543425E+10	7.458274E+16	0	0	0.017506	0.051136	0	0
0	0	0	-0.065076	5.938171	-278.919947	5.938171	4489	-3.042441E-11	-3.286835E+10	7.458274E+16	0	0	0.00043	0.050797	0	0
0	0	0	-0.066187	5.93823	-278.93075	5.93823	4486	-1.923979E-11	-5.197563E+10	7.458274E+16	0	0	-0.00821	0.050494	0	0
0	0	0	-0.067412	5.938342	-278.94485	5.938342	4483	-1.135273E-11	-8.808454E+10	7.458274E+16	0	0	-0.012606	0.050179	0	0
0	0	0	-0.068294	5.938141	-278.941807	5.938141	4481	-4.278307E-11	-2.337373E+10	7.458274E+16	0	0	0.009177	0.049896	0	0
0	0	0	-0.069731	5.938197	-278.954817	5.938197	4477	-2.412204E-11	-4.145586E+10	7.458274E+16	0	0	0.035681	0.049482	0	0
0	0	0	-0.070499	5.938158	-278.958512	5.938158	4476	-3.482724E-11	-2.871316E+10	7.458274E+16	0	0	0.028519	0.049151	0	0
0	0	0	-0.071316	5.938237	-278.968117	5.938237	4473	-1.843201E-11	-5.425344E+10	7.458274E+16	0	0	0.024206	0.048892	0	0
0	0	0	-0.072328	5.938184	-278.972965	5.938184	4471	-2.684126E-11	-3.725608E+10	7.458274E+16	0	0	0.003433	0.048629	0	0
0	0	0	-0.072933	5.938135	-278.975016	5.938135	4469	-4.693108E-11	-2.130784E+10	7.458274E+16	0	0	0.013966	0.048318	0	0
0	0	0	-0.073684	5.938112	-278.979364	5.938112	4468	-7.21467E-11	-1.386065E+10	7.458274E+16	0	0	0.035257	0.047932	0	0
0	0	0	-0.073635	5.938145	-278.980554	5.938145	4468	-4.080582E-11	-2.450631E+10	7.458274E+16	0	0	0.000456	0.047721	0	0
0	0	0	-0.074795	5.93826	-278.994336	5.93826	4465	-1.617924E-11	-6.180761E+10	7.458274E+16	0	0	-0.001072	0.047354	0	0
0	0	0	-0.075546	5.938148	-278.994516	5.938148	4463	-3.906323E-11	-2.559952E+10	7.458274E+16	0	0	0.005084	0.047031	0	0
0	0	0	-0.076167	5.93825	-279.003787	5.93825	4461	-1.704614E-11	-5.866432E+10	7.458274E+16	0	0	0.008205	0.046792	0	0
0	0	0	-0.076837	5.938168	-279.004766	5.938168	4460	-3.123478E-11	-3.201559E+10	7.458274E+16	0	0	0.002025	0.046473	0	0
0	0	0	-0.077458	5.938138	-279.007861	5.938138	4459	-4.459838E-11	-2.242234E+10	7.458274E+16	0	0	0.008306	0.04619	0	0
0	0	0	-0.078078	5.938118	-279.011419	5.938118	4457	-6.238598E-11	-1.602924E+10	7.458274E+16	0	0	0.003624	0.045927	0	0
0	0	0	-0.078617	5.93821	-279.019637	5.93821	4456	-2.177655E-11	-4.592096E+10	7.458274E+16	0	0	0.013164	0.045608	0	0
0	0	0	-0.079565	5.938263	-279.028952	5.938263	4454	-1.586592E-11	-6.302817E+10	7.458274E+16	0	0	0.016437	0.045314	0	0
0	0	0	-0.080349	5.938247	-279.033845	5.938247	4452	-1.732666E-11	-5.771453E+10	7.458274E+16	0	0	0.014934	0.045019	0	0
0	0	0	-0.081263	5.938128	-279.034896	5.938128	4450	-5.191819E-11	-1.926107E+10	7.458274E+16	0	0	0.005335	0.044704	0	0
0	0	0	-0.081558	5.938309	-279.045512	5.938309	4449	-1.280958E-11	-7.806658E+10	7.458274E+16	0	0	-0.007628	0.044509	0	0
0	0	0	-0.082309	5.938148	-279.043376	5.938148	4447	-3.892319E-11	-2.569163E+10	7.458274E+16	0	0	0.003758	0.044194	0	0
0	0	0	-0.083273	5.93825	-279.055125	5.93825	4444	-1.698118E-11	-5.888874E+10	7.458274E+16	0	0	0.0153	0.043879	0	0
0	0	0	-0.084334	5.938082	-279.054922	5.938082	4442	-2.323094E-10	-4.304604E+9	7.458274E+16	0	0	0.017053	0.043592	0	0
0	0	0	-0.084988	5.938089	-279.059951	5.938089	4441	-1.550953E-10	-6.44765E+9	7.458274E+16	0	0	0.033773	0.043361	0	0
0	0	0	-0.08587	5.938286	-279.075589	5.938286	4438	-1.413273E-11	-7.075774E+10	7.458274E+16	0	0	0.013893	0.043086	0	0
0	0	0	-0.086801	5.938069	-279.072125	5.938069	4436	-4.663112E-8	-2.144491E+7	7.458274E+16	0	0	0.007245	0.042791	0	0
0	0	0	-0.088059	5.938194	-279.08708	5.938194	4433	-2.451319E-11	-4.079436E+10	7.458274E+16	0	0	-0.011355	0.042524	0	0
0	0	0	-0.089643	5.938243	-279.100844	5.938243	4429	-1.756225E-11	-5.69403E+10	7.458274E+16	0	0	0.012435	0.042293	0	0
0	0	0	-0.090427	5.938174	-279.103266	5.938174	4427	-2.906715E-11	-3.440309E+10	7.458274E+16	0	0	0.022812	0.04199	0	0
0	0	0	-0.09144	5.938194	-279.11151	5.938194	4425	-2.446896E-11	-4.086811E+10	7.458274E+16	0	0	0.014309	0.041763	0	0
0	0	0	-0.092845	5.938408	-279.131698	5.938408	4422	-9.024258E-12	-1.108124E+11	7.458274E+16	0	0	0.012659	0.041504	0	0
0	0	0	-0.092828	5.938128	-279.118453	5.938128	4422	-5.159151E-11	-1.938303E+10	7.458274E+16	0	0	0.009253	0.041209	0	0
0	0	0	-0.094511	5.938224	-279.135087	5.938224	4418	-1.975411E-11	-5.062239E+10	7.458274E+16	0	0	0.011066	0.040946	0	0
0	0	0	-0.095981	5.93823	-279.146018	5.93823	4414	-1.893099E-11	-5.282344E+10	7.458274E+16	0	0	0.023472	0.040743	0	0
0	0	0	-0.096634	5.93826	-279.152129	5.93826	4413	-1.599081E-11	-6.253591E+10	7.458274E+16	0	0	0.03608	0.04044	0	0
0	0	0	-0.097026	5.938365	-279.159904	5.938365	4412	-1.030412E-11	-9.704859E+10	7.458274E+16	0	0	0.023785	0.040181	0	0
0	0	0	-0.09781	5.938243	-279.159854	5.938243	4410	-1.748691E-11	-5.718562E+10	7.458274E+16	0	0	0.01674	0.039906	0	0
0	0	0	-0.09897	5.938164	-279.164526	5.938164	4407	-3.192713E-11	-3.132132E+10	7.458274E+16	0	0	0.018646	0.039667	0	0
0	0	0	-0.099411	5.938181	-279.168485	5.938181	4406	-2.722855E-11	-3.672616E+10	7.458274E+16	0	0	-0.003092	0.039467	0	0
0	0	0	-0.09995	5.938217	-279.174079	5.938217	4405	-2.057097E-11	-4.86122E+10	7.458274E+16	0	0	0.009699	0.039212	0	0
0	0	0	-0.100506	5.938224	-279.1784	5.938224	4403	-1.968704E-11	-5.079485E+10	7.458274E+16	0	0	0.035567	0.038925	0	0
0	0	0	-0.101339	5.93826	-279.186118	5.93826	4401	-1.594733E-11	-6.270643E+10	7.458274E+16	0	0	-0.010558	0.038714	0	0
0	0	0	-0.101861	5.938164	-279.185416	5.938164	4400	-3.187642E-11	-3.137115E+10	7.458274E+16	0	0	0.01361	0.038451	0	0
0	0	0	-0.10227	5.938257	-279.192691	5.938257	4399	-1.621963E-11	-6.165367E+10	7.458274E+16	0	0	-0.036912	0.038244	0	0
0	0	0	-0.103054	5.938171	-279.19434	5.938171	4397	-2.980087E-11	-3.355607E+10	7.458274E+16	0	0	0.023174	0.038025	0	0
0	0	0	-0.10307	5.93823	-279.197238	5.93823	4397	-1.885808E-11	-5.302767E+10	7.458274E+16	0	0	-0.001326	0.037802	0	0
0	0	0	-0.103822	5.938309	-279.206375	5.938309	4396	-1.265698E-11	-7.900778E+10	7.458274E+16	0	0	0.034906	0.037535	0	0
0	0	0	-0.103969	5.938243	-279.204347	5.938243	4395	-1.742743E-11	-5.738079E+10	7.458274E+16	0	0	0.037075	0.037256	0	0
0	0	0	-0.104802	5.938303	-279.213147	5.938303	4393	-1.300454E-11	-7.689625E+10	7.458274E+16	0	0	0.012167	0.037044	0	0
0	0	0	-0.105406	5.938204	-279.212879	5.938204	4392	-2.251028E-11	-4.442414E+10	7.458274E+16	0	0	0.023851	0.036881	0	0
0	0	0	-0.105063	5.938125	-279.206693	5.938125	4392	-5.425216E-11	-1.843244E+10	7.458274E+16	0	0	-0.015025	0.036638	0	0
0	0	0	-0.10552	5.938326	-279.219421	5.938326	4391	-1.183237E-11	-8.451391E+10	7.458274E+16	0	0	0.022174	0.036419	0	0
0	0	0	-0.105537	5.938138	-279.210734	5.938138	4391	-4.391825E-11	-2.276958E+10	7.458274E+16	0	0	0.006513	0.036196	0	0
0	0	0	-0.105863	5.93826	-279.21881	5.93826	4391	-1.591109E-11	-6.284923E+10	7.458274E+16	0	0	0.02244	0.035964	0	0
0	0	0	-0.105798	5.938079	-279.209841	5.938079	4391	-3.056826E-10	-3.271367E+9	7.458274E+16	0	0	0.018606	0.035685	0	0
0	0	0	-0.10588	5.938171	-279.214757	5.938171	4391	-2.976021E-11	-3.360192E+10	7.458274E+16	0	0	0.016668	0.035542	0	0
0	0	0	-0.106533	5.938099	-279.216079	5.938099	4389	-1.022995E-10	-9.775223E+9	7.458274E+16	0	0	-0.003436	0.035295	0	0
0	0	0	-0.10668	5.938201	-279.22193	5.938201	4389	-2.3057E-11	-4.337078E+10	7.458274E+16	0	0	0.033137	0.035084	0	0
0	0	0	-0.106631	5.938115	-279.21756	5.938115	4389	-6.581606E-11	-1.519386E+10	7.458274E+16	0	0	0.02923	0.03488	0	0
0	0	0	-0.106811	5.938099	-279.218085	5.938099	4388	-1.022762E-10	-9.77745E+9	7.458274E+16	0	0	0.006777	0.034709	0	0
0	0	0	-0.10704	5.938128	-279.221128	5.938128	4388	-5.119483E-11	-1.953322E+10	7.458274E+16	0	0	0.031674	0.034418	0	0
0	0	0	-0.107383	5.938178	-279.225924	5.938178	4387	-2.793218E-11	-3.5801E+10	7.458274E+16	0	0	0.017232	0.034307	0	0
0	0	0	-0.107709	5.938289	-279.233537	5.938289	4386	-1.375873E-11	-7.26811E+10	7.458274E+16	0	0	0.008988	0.034067	0	0
0	0	0	-0.108281	5.93825	-279.235813	5.93825	4385	-1.675573E-11	-5.968108E+10	7.458274E+16	0	0	0.006937	0.03386	0	0
0	0	0	-0.108248	5.938164	-279.231561	5.938164	4385	-3.176775E-11	-3.147846E+10	7.458274E+16	0	0	0.01965	0.033677	0	0
0	0	0	-0.108412	5.938112	-279.230269	5.938112	4384	-7.079032E-11	-1.412623E+10	7.458274E+16	0	0	0.002764	0.033458	0	0
0	0	0	-0.108559	5.93825	-279.23782	5.93825	4384	-1.675191E-11	-5.96947E+10	7.458274E+16	0	0	0.01563	0.033211	0	0
0	0	0	-0.108934	5.938224	-279.239298	5.938224	4383	-1.959761E-11	-5.102663E+10	7.458274E+16	0	0	0.020016	0.033027	0	0
0	0	0	-0.108983	5.938164	-279.236872	5.938164	4383	-3.175326E-11	-3.149283E+10	7.458274E+16	0	0	0.020149	0.0328	0	0
0	0	0	-0.109735	5.938247	-279.246163	5.938247	4382	-1.705423E-11	-5.863648E+10	7.458274E+16	0	0	0.018053	0.032661	0	0
0	0	0	-0.110143	5.938155	-279.244787	5.938155	4380	-3.539004E-11	-2.825653E+10	7.458274E+16	0	0	-0.001531	0.032461	0	0
0	0	0	-0.110813	5.938141	-279.249008	5.938141	4379	-4.180921E-11	-2.391818E+10	7.458274E+16	0	0	-0.01695	0.03225	0	0
0	0	0	-0.110764	5.938227	-279.252671	5.938227	4379	-1.917199E-11	-5.215944E+10	7.458274E+16	0	0	0.036113	0.032031	0	0
0	0	0	-0.111662	5.938352	-279.265033	5.938352	4377	-1.069772E-11	-9.347782E+10	7.458274E+16	0	0	-0.006015	0.031848	0	0
0	0	0	-0.111956	5.938243	-279.262059	5.938243	4376	-1.735209E-11	-5.762993E+10	7.458274E+16	0	0	0.005154	0.031649	0	0
0	0	0	-0.111924	5.938158	-279.257806	5.938158	4377	-3.405693E-11	-2.93626E+10	7.458274E+16	0	0	-0.003829	0.031473	0	0
0	0	0	-0.113116	5.93821	-279.268893	5.93821	4374	-2.137581E-11	-4.678184E+10	7.458274E+16	0	0	0.002941	0.031326	0	0
0	0	0	-0.113459	5.938158	-279.2689	5.938158	4373	-3.402581E-11	-2.938946E+10	7.458274E+16	0	0	0.000684	0.031059	0	0
0	0	0	-0.113655	5.938273	-279.275724	5.938273	4372	-1.482049E-11	-6.747413E+10	7.458274E+16	0	0	0.002979	0.030903	0	0
0	0	0	-0.114831	5.93822	-279.281749	5.93822	4369	-1.99595E-11	-5.010145E+10	7.458274E+16	0	0	0.007614	0.030684	0	0
0	0	0	-0.115419	5.93824	-279.286925	5.93824	4368	-1.765333E-11	-5.664654E+10	7.458274E+16	0	0	-0.001625	0.030493	0	0
0	0	0	-0.115681	5.938306	-279.291903	5.938306	4367	-1.274807E-11	-7.844326E+10	7.458274E+16	0	0	0.019365	0.030325	0	0
0	0	0	-0.116301	5.938263	-279.294379	5.938263	4366	-1.555245E-11	-6.429855E+10	7.458274E+16	0	0	0.019425	0.030222	0	0
0	0	0	-0.118	5.93823	-279.305108	5.93823	4362	-1.870797E-11	-5.345316E+10	7.458274E+16	0	0	-0.004005	0.030015	0	0
0	0	0	-0.117804	5.938349	-279.309255	5.938349	4362	-1.078646E-11	-9.270884E+10	7.458274E+16	0	0	0.031522	0.029823	0	0
0	0	0	-0.118147	5.938303	-279.30957	5.938303	4362	-1.291277E-11	-7.744274E+10	7.458274E+16	0	0	0.026938	0.02964	0	0
0	0	0	-0.119209	5.938257	-279.315078	5.938257	4359	-1.607215E-11	-6.221943E+10	7.458274E+16	0	0	0.015111	0.029449	0	0
0	0	0	-0.119601	5.938276	-279.318837	5.938276	4358	-1.453862E-11	-6.878233E+10	7.458274E+16	0	0	0.015193	0.029281	0	0
0	0	0	-0.120058	5.938171	-279.317197	5.938171	4357	-2.952977E-11	-3.386413E+10	7.458274E+16	0	0	0.024969	0.029118	0	0
0	0	0	-0.120336	5.938266	-279.323685	5.938266	4357	-1.52618E-11	-6.552306E+10	7.458274E+16	0	0	-0.001707	0.028943	0	0
0	0	0	-0.121283	5.938293	-279.331766	5.938293	4354	-1.345755E-11	-7.430772E+10	7.458274E+16	0	0	0.022811	0.028759	0	0
0	0	0	-0.121071	5.93823	-279.327296	5.93823	4355	-1.867795E-11	-5.353907E+10	7.458274E+16	0	0	0.015554	0.028564	0	0
0	0	0	-0.121055	5.938224	-279.326869	5.938224	4355	-1.947242E-11	-5.13547E+10	7.458274E+16	0	0	0	0	0	0
0	0	0	-0.12192	5.938289	-279.336214	5.938289	4353	-1.365521E-11	-7.32321E+10	7.458274E+16	0	0	0	0	0	0
0	0	0	-0.122133	5.938174	-279.33234	5.938174	4352	-2.857471E-11	-3.499598E+10	7.458274E+16	0	0	0	0	0	0
0	0	0	-0.122084	5.938332	-279.339404	5.938332	4352	-1.143417E-11	-8.745716E+10	7.458274E+16	0	0	0	0	0	0
0	0	0	-0.122035	5.938243	-279.334877	5.938243	4353	-1.726089E-11	-5.793443E+10	7.458274E+16	0	0	0	0	0	0
0	0	0	-0.122623	5.938283	-279.34098	5.938283	4351	-1.406878E-11	-7.107937E+10	7.458274E+16	0	0	0	0	0	0
0	0	0	-0.12259	5.93824	-279.338735	5.93824	4351	-1.758462E-11	-5.686787E+10	7.458274E+16	0	0	0	0	0	0
0	0	0	-0.12308	5.93823	-279.341812	5.93823	4350	-1.86565E-11	-5.360061E+10	7.458274E+16	0	0	0	0	0	0
0	0	0	-0.122933	5.938289	-279.343532	5.938289	4350	-1.36458E-11	-7.32826E+10	7.458274E+16	0	0	0	0	0	0
0	0	0	-0.122443	5.938168	-279.334273	5.938168	4352	-3.047842E-11	-3.28101E+10	7.458274E+16	0	0	0	0	0	0
