Vload_(V)	ILoad_(A)	RsLoad_(ohm)	SunsVoc_Voltage_(V)	SunsVoc_Current_(A)	Model_Voltage_(V)	Model_Current_(A)	Carrier_Density_(cm-3)	Lifetime_(s)	Inverse_Lifetime_(s-1)	(Carrier_Density+Doping)/qWni^2_(cm^2/C)	Carrier_Density_at_Vmp_(cm-3)	Lifetime_at_Vmp_(s)	Efficiency_(%)	Intensity_(suns)	Dark_IV_Voltage_(V)	Dark_IV_Current_(A)
5.863597	10.182773	0	47.187584	-0.268016	47.251941	-0.268016	5.384979E+14	3.560448E-5	28085.871835	7.710823E+16	1.694302E+13	2.590569E-5	17.807684	1.13429	0	0
5.872193	10.182083	1.574724	47.046371	0.430414	46.943698	0.430414	5.000887E+14	3.543293E-5	28221.916631	7.692809E+16	0	0	17.734592	1.133374	0	0
5.970423	10.189076	-0.506536	46.900486	1.102948	46.639185	1.102948	4.632071E+14	3.525067E-5	28367.895013	7.675512E+16	0	0	17.741172	1.129906	0	0
8.048264	10.160776	2.556302	46.751547	1.728583	46.344906	1.728583	4.282883E+14	3.500531E-5	28566.789947	7.659136E+16	0	0	17.735466	1.127128	0	0
12.016052	10.059605	2.583658	46.606626	2.300177	46.06925	2.300177	3.967818E+14	3.478181E-5	28750.400797	7.64436E+16	0	0	17.711415	1.123473	0	0
15.989417	10.045707	2.214268	46.466426	2.818904	45.812285	2.818904	3.684614E+14	3.457448E-5	28922.839779	7.631078E+16	0	0	17.738079	1.117629	0	0
19.947206	10.022223	1.858011	46.328513	3.301346	45.567513	3.301346	3.425362E+14	3.439519E-5	29073.637118	7.618919E+16	0	0	17.729586	1.108928	0	0
23.890799	9.995835	1.500729	46.18841	3.752969	45.32919	3.752969	3.180315E+14	3.417765E-5	29258.721529	7.607427E+16	0	0	17.727623	1.100609	0	0
27.834199	9.952525	1.154995	46.049631	4.171171	45.101143	4.171171	2.954566E+14	3.396043E-5	29445.885518	7.59684E+16	0	0	17.703787	1.093502	0	0
31.779537	9.936789	0.773515	45.913009	4.556622	44.883838	4.556622	2.747727E+14	3.374675E-5	29632.361563	7.587139E+16	0	0	17.673638	1.084629	0	0
32.943362	9.921989	0.669727	45.77748	4.909794	44.675987	4.909794	2.556635E+14	3.35029E-5	29848.052857	7.578177E+16	0	0	17.696952	1.073903	0	0
34.08716	9.899448	0.573069	45.64414	5.239064	44.476593	5.239064	2.381418E+14	3.32853E-5	30043.197833	7.56996E+16	0	0	17.718837	1.062575	0	0
35.238154	9.88085	0.470835	45.510049	5.549078	44.28174	5.549078	2.217161E+14	3.306279E-5	30245.402503	7.562256E+16	0	0	17.725386	1.052232	0	0
36.398548	9.870332	0.361194	45.378392	5.839686	44.094359	5.839686	2.066775E+14	3.288247E-5	30411.272274	7.555203E+16	0	0	17.715381	1.042857	0	0
37.538638	9.849533	0.259544	45.248009	6.104	43.914763	6.104	1.927782E+14	3.265864E-5	30619.705161	7.548685E+16	0	0	17.680923	1.03294	0	0
38.692784	9.81014	0.166563	45.120076	6.349086	43.742387	6.349086	1.800391E+14	3.245039E-5	30816.21332	7.54271E+16	0	0	17.678254	1.022393	0	0
39.779997	9.532428	0.17666	44.991425	6.58061	43.57297	6.58061	1.680686E+14	3.223985E-5	31017.469494	7.537096E+16	0	0	17.700378	1.011711	0	0
40.872013	9.061785	0.188578	44.861417	6.797043	43.406198	6.797043	1.567726E+14	3.199539E-5	31254.465586	7.531798E+16	0	0	17.718916	1.0011	0	0
41.923528	8.353995	0.198753	44.735216	7.001737	43.246059	7.001737	1.465274E+14	3.182877E-5	31418.078986	7.526994E+16	0	0	17.721451	0.991111	0	0
42.962406	7.375302	0.203006	44.61073	7.189207	43.091715	7.189207	1.370721E+14	3.163951E-5	31606.018242	7.522559E+16	0	0	17.698611	0.981429	0	0
43.96601	6.133297	0.203077	44.489282	7.360829	42.944008	7.360829	1.284312E+14	3.144792E-5	31798.580523	7.518507E+16	0	0	17.676548	0.971915	0	0
44.940028	4.617118	0.202056	44.368307	7.521316	42.799523	7.521316	1.203616E+14	3.124915E-5	32000.847382	7.514722E+16	0	0	17.687961	0.962014	0	0
45.836582	2.93277	0.213069	44.246908	7.673195	42.656869	7.673195	1.127698E+14	3.105001E-5	32206.086597	7.511162E+16	0	0	17.712327	0.95177	0	0
46.611042	1.253393	0.222139	44.127355	7.814858	42.518414	7.814858	1.057585E+14	3.086164E-5	32402.670878	7.507874E+16	0	0	17.726808	0.941813	0	0
39.082673	9.732231	0.167697	44.007034	7.948272	42.381327	7.948272	9.91396E+13	3.065746E-5	32618.466676	7.504769E+16	0	0	17.710491	0.932869	0	0
47.135072	0	0	43.886942	8.072564	42.24666	8.072564	9.294396E+13	3.043445E-5	32857.49291	7.501864E+16	0	0	17.681359	0.924295	0	0
0	0	0	43.769659	8.1899	42.116283	8.1899	8.726515E+13	3.025735E-5	33049.813179	7.4992E+16	0	0	17.678994	0.915179	0	0
0	0	0	43.652948	8.30019	41.988146	8.30019	8.195675E+13	3.008154E-5	33242.962732	7.496711E+16	0	0	17.707051	0.905437	0	0
0	0	0	43.537462	8.403498	41.862798	8.403498	7.702047E+13	2.991112E-5	33432.368907	7.494396E+16	0	0	17.724345	0.896361	0	0
0	0	0	43.422516	8.499973	41.739558	8.499973	7.240116E+13	2.972916E-5	33637.004928	7.492229E+16	0	0	17.710283	0.888178	0	0
0	0	0	43.310264	8.590352	41.620202	8.590352	6.815654E+13	2.957464E-5	33812.748239	7.490239E+16	0	0	17.676246	0.880294	0	0
0	0	0	43.20288	8.675132	41.506562	8.675132	6.432815E+13	2.948308E-5	33917.755428	7.488443E+16	0	0	17.669842	0.871736	0	0
0	0	0	43.09058	8.754491	41.389744	8.754491	6.055344E+13	2.929507E-5	34135.431091	7.486673E+16	0	0	17.697701	0.862461	0	0
0	0	0	42.978393	8.828717	41.27422	8.828717	5.700295E+13	2.908911E-5	34377.121495	7.485008E+16	0	0	17.7169	0.853688	0	0
0	0	0	42.869572	8.898586	41.162747	8.898586	5.375732E+13	2.892538E-5	34571.712915	7.483486E+16	0	0	17.696613	0.846214	0	0
0	0	0	42.760636	8.964654	41.052066	8.964654	5.069278E+13	2.875584E-5	34775.542643	7.482048E+16	0	0	17.66043	0.839107	0	0
0	0	0	42.653122	9.026358	40.94365	9.026358	4.783905E+13	2.858503E-5	34983.344794	7.48071E+16	0	0	17.65869	0.83102	0	0
0	0	0	42.546032	9.085215	40.8363	9.085215	4.515585E+13	2.842864E-5	35175.791417	7.479452E+16	0	0	17.684421	0.822426	0	0
0	0	0	42.439399	9.140027	40.730258	9.140027	4.263326E+13	2.825138E-5	35396.497498	7.478269E+16	0	0	17.702268	0.814147	0	0
0	0	0	42.334776	9.192054	40.626667	9.192054	4.029486E+13	2.810405E-5	35582.056358	7.477172E+16	0	0	17.677384	0.807132	0	0
0	0	0	42.230561	9.241188	40.524098	9.241188	3.809281E+13	2.795458E-5	35772.310149	7.476139E+16	0	0	17.636662	0.800547	0	0
0	0	0	42.126297	9.286579	40.422286	9.286579	3.600988E+13	2.776446E-5	36017.26417	7.475162E+16	0	0	17.639794	0.79281	0	0
0	0	0	42.022784	9.330171	40.321581	9.330171	3.40544E+13	2.759921E-5	36232.921003	7.474245E+16	0	0	17.670131	0.784539	0	0
0	0	0	41.921836	9.370753	40.223818	9.370753	3.224948E+13	2.744264E-5	36439.647499	7.473399E+16	0	0	17.683937	0.776779	0	0
0	0	0	41.821476	9.409603	40.126985	9.409603	3.054974E+13	2.730248E-5	36626.707855	7.472602E+16	0	0	17.646235	0.770346	0	0
0	0	0	41.721639	9.446045	40.031138	9.446045	2.894758E+13	2.71503E-5	36832.00306	7.47185E+16	0	0	17.615914	0.763653	0	0
0	0	0	41.623043	9.481048	39.936737	9.481048	2.744768E+13	2.702766E-5	36999.128513	7.471147E+16	0	0	17.62083	0.75614	0	0
0	0	0	41.52417	9.514948	39.842361	9.514948	2.602148E+13	2.692397E-5	37141.624449	7.470478E+16	0	0	17.653415	0.748116	0	0
0	0	0	41.426276	9.546467	39.749353	9.546467	2.468232E+13	2.680337E-5	37308.736877	7.46985E+16	0	0	17.650505	0.741033	0	0
0	0	0	41.330033	9.576567	39.658135	9.576567	2.343283E+13	2.671003E-5	37439.123585	7.469264E+16	0	0	17.612011	0.734791	0	0
0	0	0	41.233511	9.604907	39.56704	9.604907	2.224318E+13	2.659743E-5	37597.623415	7.468706E+16	0	0	17.586849	0.728266	0	0
0	0	0	41.135405	9.631485	39.474895	9.631485	2.109579E+13	2.644156E-5	37819.254691	7.468168E+16	0	0	17.611215	0.720709	0	0
0	0	0	41.039848	9.656737	39.385309	9.656737	2.003506E+13	2.63175E-5	37997.524157	7.46767E+16	0	0	17.638292	0.713342	0	0
0	0	0	40.944845	9.680714	39.29649	9.680714	1.90333E+13	2.619562E-5	38174.324891	7.467201E+16	0	0	17.618954	0.707172	0	0
0	0	0	40.850431	9.702925	39.208544	9.702925	1.808732E+13	2.604594E-5	38393.694745	7.466757E+16	0	0	17.575534	0.701508	0	0
0	0	0	40.756997	9.724705	39.121592	9.724705	1.71974E+13	2.594192E-5	38547.648481	7.46634E+16	0	0	17.566266	0.695103	0	0
0	0	0	40.663187	9.745292	39.034549	9.745292	1.634791E+13	2.582095E-5	38728.246457	7.465941E+16	0	0	17.598293	0.68798	0	0
0	0	0	40.569704	9.764298	38.948103	9.764298	1.554308E+13	2.566472E-5	38963.98737	7.465564E+16	0	0	17.609318	0.681483	0	0
0	0	0	40.477544	9.78271	38.862973	9.78271	1.47884E+13	2.554247E-5	39150.484661	7.46521E+16	0	0	17.567264	0.676237	0	0
0	0	0	40.384535	9.800496	38.777228	9.800496	1.406388E+13	2.542124E-5	39337.185864	7.46487E+16	0	0	17.533263	0.670649	0	0
0	0	0	40.293094	9.817006	38.693124	9.817006	1.338616E+13	2.528834E-5	39543.91737	7.464552E+16	0	0	17.550823	0.663992	0	0
0	0	0	40.200689	9.832949	38.608287	9.832949	1.273443E+13	2.515356E-5	39755.802303	7.464246E+16	0	0	17.586834	0.656997	0	0
0	0	0	40.108512	9.848393	38.523767	9.848393	1.211591E+13	2.503716E-5	39940.624359	7.463956E+16	0	0	17.571749	0.651245	0	0
0	0	0	40.018427	9.86264	38.44133	9.86264	1.154044E+13	2.490928E-5	40145.686155	7.463687E+16	0	0	17.518046	0.646247	0	0
0	0	0	39.928521	9.876441	38.359153	9.876441	1.099335E+13	2.479747E-5	40326.700177	7.46343E+16	0	0	17.504876	0.640404	0	0
0	0	0	39.838876	9.889131	38.277412	9.889131	1.047366E+13	2.464615E-5	40574.280728	7.463186E+16	0	0	17.540555	0.633444	0	0
0	0	0	39.749363	9.901744	38.195824	9.901744	9.979221E+12	2.453666E-5	40755.338914	7.462954E+16	0	0	17.550816	0.627206	0	0
0	0	0	39.660273	9.913406	38.114787	9.913406	9.510294E+12	2.439601E-5	40990.315989	7.462734E+16	0	0	17.512011	0.621997	0	0
0	0	0	39.571266	9.924527	38.03393	9.924527	9.063789E+12	2.425191E-5	41233.865824	7.462525E+16	0	0	17.468019	0.616811	0	0
0	0	0	39.484121	9.935534	37.954768	9.935534	8.646931E+12	2.416651E-5	41379.58486	7.462329E+16	0	0	17.492391	0.610318	0	0
0	0	0	39.395309	9.94562	37.874288	9.94562	8.241812E+12	2.401393E-5	41642.494535	7.462139E+16	0	0	17.522476	0.603793	0	0
0	0	0	39.305142	9.95555	37.792646	9.95555	7.849912E+12	2.387156E-5	41890.847016	7.461956E+16	0	0	17.500825	0.598452	0	0
0	0	0	39.216363	9.964861	37.712352	9.964861	7.482249E+12	2.37258E-5	42148.212797	7.461783E+16	0	0	17.448366	0.593728	0	0
0	0	0	39.1293	9.973856	37.633647	9.973856	7.138411E+12	2.361004E-5	42354.85774	7.461622E+16	0	0	17.449006	0.587901	0	0
0	0	0	39.041942	9.982666	37.554726	9.982666	6.809285E+12	2.351303E-5	42529.607665	7.461468E+16	0	0	17.491823	0.581276	0	0
0	0	0	38.954846	9.990503	37.476198	9.990503	6.496245E+12	2.334645E-5	42833.072125	7.461321E+16	0	0	17.48971	0.57576	0	0
0	0	0	38.868338	9.998457	37.398191	9.998457	6.19956E+12	2.32417E-5	43026.105541	7.461182E+16	0	0	17.43083	0.571339	0	0
0	0	0	38.781911	10.005794	37.320362	10.005794	5.916681E+12	2.310077E-5	43288.60391	7.461049E+16	0	0	17.401394	0.566281	0	0
0	0	0	38.695338	10.012752	37.242471	10.012752	5.646257E+12	2.294707E-5	43578.549676	7.460922E+16	0	0	17.437272	0.560087	0	0
0	0	0	38.608323	10.01949	37.164234	10.01949	5.386904E+12	2.279647E-5	43866.441087	7.460801E+16	0	0	17.462593	0.55416	0	0
0	0	0	38.521782	10.026018	37.086461	10.026018	5.140776E+12	2.266082E-5	44129.038391	7.460685E+16	0	0	17.414635	0.549795	0	0
0	0	0	38.436091	10.032302	37.009489	10.032302	4.908142E+12	2.253895E-5	44367.641039	7.460576E+16	0	0	17.365858	0.545426	0	0
0	0	0	38.349027	10.038192	36.931367	10.038192	4.682559E+12	2.237907E-5	44684.600256	7.46047E+16	0	0	17.384835	0.539758	0	0
0	0	0	38.262829	10.043867	36.854055	10.043867	4.469432E+12	2.223308E-5	44978.020767	7.46037E+16	0	0	17.423939	0.533772	0	0
0	0	0	38.178281	10.049642	36.778204	10.049642	4.269809E+12	2.216139E-5	45123.53237	7.460277E+16	0	0	17.392192	0.529371	0	0
0	0	0	38.09272	10.055224	36.701492	10.055224	4.076866E+12	2.208604E-5	45277.479583	7.460186E+16	0	0	17.338589	0.525278	0	0
0	0	0	38.007012	10.059813	36.624797	10.059813	3.892332E+12	2.187328E-5	45717.878217	7.4601E+16	0	0	17.331214	0.520435	0	0
0	0	0	37.922791	10.064616	36.549401	10.064616	3.719134E+12	2.174953E-5	45978.006926	7.460018E+16	0	0	17.379441	0.514627	0	0
0	0	0	37.838602	10.069141	36.47408	10.069141	3.553704E+12	2.160974E-5	46275.435603	7.459941E+16	0	0	17.36932	0.509983	0	0
0	0	0	37.754397	10.073399	36.398789	10.073399	3.395602E+12	2.145226E-5	46615.14073	7.459867E+16	0	0	17.30575	0.506348	0	0
0	0	0	37.670176	10.077826	36.323469	10.077826	3.244503E+12	2.136234E-5	46811.355243	7.459796E+16	0	0	17.279056	0.501984	0	0
0	0	0	37.585628	10.081762	36.247932	10.081762	3.099579E+12	2.120329E-5	47162.483183	7.459728E+16	0	0	17.323992	0.496427	0	0
0	0	0	37.501488	10.085747	36.172759	10.085747	2.961781E+12	2.109284E-5	47409.455525	7.459663E+16	0	0	17.335176	0.491636	0	0
0	0	0	37.416466	10.089422	36.096852	10.089422	2.828759E+12	2.093857E-5	47758.754771	7.459601E+16	0	0	17.272146	0.488176	0	0
0	0	0	37.330693	10.092765	36.020328	10.092765	2.700613E+12	2.073248E-5	48233.500888	7.459541E+16	0	0	17.234607	0.484306	0	0
0	0	0	37.245361	10.096362	35.944169	10.096362	2.578886E+12	2.062202E-5	48491.846081	7.459484E+16	0	0	17.274681	0.47908	0	0
0	0	0	37.161483	10.099834	35.869322	10.099834	2.464581E+12	2.053308E-5	48701.910912	7.45943E+16	0	0	17.300103	0.474281	0	0
0	0	0	37.076657	10.102815	35.793704	10.102815	2.354136E+12	2.034406E-5	49154.405429	7.459378E+16	0	0	17.248194	0.470969	0	0
0	0	0	36.992566	10.1058	35.718743	10.1058	2.249533E+12	2.019404E-5	49519.550215	7.459329E+16	0	0	17.196283	0.467617	0	0
0	0	0	36.907724	10.108864	35.643111	10.108864	2.148704E+12	2.008853E-5	49779.643085	7.459282E+16	0	0	17.231273	0.46277	0	0
0	0	0	36.823111	10.111792	35.567705	10.111792	2.052648E+12	1.998204E-5	50044.932039	7.459237E+16	0	0	17.259746	0.458142	0	0
0	0	0	36.737876	10.114218	35.491816	10.114218	1.960228E+12	1.975769E-5	50613.20215	7.459194E+16	0	0	17.215914	0.454794	0	0
0	0	0	36.652234	10.117174	35.415505	10.117174	1.871555E+12	1.971393E-5	50725.554409	7.459152E+16	0	0	17.152433	0.451721	0	0
0	0	0	36.567147	10.119243	35.339799	10.119243	1.787429E+12	1.944111E-5	51437.394352	7.459112E+16	0	0	17.17958	0.447029	0	0
0	0	0	36.481831	10.121341	35.263891	10.121341	1.706874E+12	1.919895E-5	52086.188619	7.459075E+16	0	0	17.219815	0.44227	0	0
0	0	0	36.393199	10.123795	35.185004	10.123795	1.62703E+12	1.906213E-5	52460.044621	7.459037E+16	0	0	17.177392	0.439022	0	0
0	0	0	36.307492	10.125701	35.108779	10.125701	1.553373E+12	1.880701E-5	53171.66551	7.459003E+16	0	0	17.100475	0.436279	0	0
0	0	0	36.221555	10.128475	35.032253	10.128475	1.482867E+12	1.887079E-5	52991.943306	7.45897E+16	0	0	17.120018	0.431943	0	0
0	0	0	36.134295	10.129947	34.954712	10.129947	1.41455E+12	1.85027E-5	54046.176112	7.458938E+16	0	0	17.168823	0.427243	0	0
0	0	0	36.047673	10.132083	34.877661	10.132083	1.349844E+12	1.840032E-5	54346.88496	7.458907E+16	0	0	17.131797	0.424011	0	0
0	0	0	35.960021	10.133982	34.799729	10.133982	1.287381E+12	1.823199E-5	54848.662792	7.458878E+16	0	0	17.059296	0.421348	0	0
0	0	0	35.871683	10.135892	34.721191	10.135892	1.227354E+12	1.809009E-5	55278.897973	7.45885E+16	0	0	17.0743	0.417099	0	0
0	0	0	35.783493	10.137554	34.642816	10.137554	1.170218E+12	1.788194E-5	55922.356997	7.458823E+16	0	0	17.119106	0.412635	0	0
0	0	0	35.69442	10.13965	34.563613	10.13965	1.115209E+12	1.786949E-5	55961.318065	7.458797E+16	0	0	17.077608	0.409514	0	0
0	0	0	35.605233	10.141035	34.484391	10.141035	1.062721E+12	1.759356E-5	56838.982929	7.458773E+16	0	0	17.002943	0.406927	0	0
0	0	0	35.513547	10.142386	34.402961	10.142386	1.011336E+12	1.730317E-5	57792.864908	7.458748E+16	0	0	17.015916	0.402869	0	0
0	0	0	35.422857	10.144031	34.322385	10.144031	9.629538E+11	1.717478E-5	58224.915626	7.458726E+16	0	0	17.067504	0.398285	0	0
0	0	0	35.331938	10.145338	34.241645	10.145338	9.167728E+11	1.69218E-5	59095.361825	7.458704E+16	0	0	17.028841	0.395256	0	0
0	0	0	35.240529	10.146644	34.160474	10.146644	8.725751E+11	1.668817E-5	59922.671013	7.458683E+16	0	0	16.947262	0.392876	0	0
0	0	0	35.149284	10.148214	34.079423	10.148214	8.305815E+11	1.660696E-5	60215.698839	7.458664E+16	0	0	16.95866	0.38903	0	0
0	0	0	35.056438	10.149813	33.996953	10.149813	7.899249E+11	1.656008E-5	60386.169112	7.458645E+16	0	0	17.014501	0.38457	0	0
0	0	0	34.963151	10.150622	33.914177	10.150622	7.510793E+11	1.614206E-5	61949.980804	7.458626E+16	0	0	16.966302	0.381835	0	0
0	0	0	34.868982	10.151865	33.830576	10.151865	7.138034E+11	1.5958E-5	62664.506784	7.458609E+16	0	0	16.883664	0.379591	0	0
0	0	0	34.774617	10.153356	33.746779	10.153356	6.783056E+11	1.593293E-5	62763.08273	7.458592E+16	0	0	16.911153	0.375621	0	0
0	0	0	34.678373	10.154402	33.661365	10.154402	6.439189E+11	1.568265E-5	63764.753123	7.458576E+16	0	0	16.954307	0.371563	0	0
0	0	0	34.580153	10.15507	33.574239	10.15507	6.106225E+11	1.523021E-5	65658.96027	7.458561E+16	0	0	16.900662	0.368973	0	0
0	0	0	34.482815	10.156583	33.487813	10.156583	5.79324E+11	1.528455E-5	65425.554085	7.458546E+16	0	0	16.822852	0.366713	0	0
0	0	0	34.383451	10.157403	33.399662	10.157403	5.490283E+11	1.495341E-5	66874.369495	7.458532E+16	0	0	16.8569	0.362711	0	0
0	0	0	34.28345	10.15842	33.310929	10.15842	5.201376E+11	1.475819E-5	67758.997059	7.458518E+16	0	0	16.904596	0.358669	0	0
0	0	0	34.181996	10.159155	33.220937	10.159155	4.923801E+11	1.440548E-5	69418.033585	7.458505E+16	0	0	16.831858	0.356385	0	0
0	0	0	34.080052	10.160285	33.130476	10.160285	4.659804E+11	1.431792E-5	69842.561625	7.458493E+16	0	0	16.759653	0.354045	0	0
0	0	0	33.976114	10.161172	33.038273	10.161172	4.405212E+11	1.409153E-5	70964.610421	7.458481E+16	0	0	16.810786	0.350011	0	0
0	0	0	33.871034	10.16207	32.945058	10.16207	4.161958E+11	1.389105E-5	71988.816601	7.458469E+16	0	0	16.83909	0.346368	0	0
0	0	0	33.764058	10.162844	32.850176	10.162844	3.928109E+11	1.361982E-5	73422.432802	7.458458E+16	0	0	16.755999	0.344427	0	0
0	0	0	33.655678	10.163714	32.754043	10.163714	3.704586E+11	1.343113E-5	74453.902623	7.458448E+16	0	0	16.711876	0.341888	0	0
0	0	0	33.544112	10.16477	32.655073	10.16477	3.48777E+11	1.338677E-5	74700.63906	7.458438E+16	0	0	16.76738	0.337798	0	0
0	0	0	33.432873	10.165398	32.556432	10.165398	3.284224E+11	1.306072E-5	76565.438667	7.458428E+16	0	0	16.774408	0.33465	0	0
0	0	0	33.318368	10.165772	32.454919	10.165772	3.0871E+11	1.254667E-5	79702.411624	7.458419E+16	0	0	16.67483	0.333003	0	0
0	0	0	33.202261	10.166754	32.351937	10.166754	2.899298E+11	1.250605E-5	79961.294635	7.45841E+16	0	0	16.645272	0.330337	0	0
0	0	0	33.083198	10.16746	32.246361	10.16746	2.718571E+11	1.226731E-5	81517.437079	7.458402E+16	0	0	16.723782	0.326219	0	0
0	0	0	32.962681	10.167896	32.139519	10.167896	2.547108E+11	1.183007E-5	84530.342926	7.458394E+16	0	0	16.688128	0.323712	0	0
0	0	0	32.839289	10.168703	32.030102	10.168703	2.382753E+11	1.170185E-5	85456.537194	7.458386E+16	0	0	16.594524	0.32201	0	0
0	0	0	32.712794	10.169127	31.917966	10.169127	2.225266E+11	1.126809E-5	88746.16258	7.458379E+16	0	0	16.604125	0.318861	0	0
0	0	0	32.58228	10.169642	31.802263	10.169642	2.073679E+11	1.091179E-5	91643.955736	7.458371E+16	0	0	16.661171	0.315158	0	0
0	0	0	32.449904	10.170387	31.684895	10.170387	1.930474E+11	1.076964E-5	92853.572844	7.458365E+16	0	0	16.594233	0.313341	0	0
0	0	0	32.314196	10.170772	31.564602	10.170772	1.793924E+11	1.032873E-5	96817.318512	7.458358E+16	0	0	16.518925	0.311495	0	0
0	0	0	32.175923	10.17154	31.44201	10.17154	1.664723E+11	1.024025E-5	97653.835664	7.458352E+16	0	0	16.57111	0.307972	0	0
0	0	0	32.036115	10.171941	31.318085	10.171941	1.543546E+11	9.846709E-6	101556.771078	7.458347E+16	0	0	16.595032	0.304811	0	0
0	0	0	31.895049	10.172551	31.193033	10.172551	1.430216E+11	9.668054E-6	103433.430389	7.458341E+16	0	0	16.490558	0.303471	0	0
0	0	0	31.742402	10.173172	31.057719	10.173172	1.316936E+11	9.478226E-6	105504.979945	7.458336E+16	0	0	16.458961	0.3011	0	0
0	0	0	31.587844	10.173331	30.920744	10.173331	1.211377E+11	8.865169E-6	112801.00539	7.458331E+16	0	0	16.536209	0.297337	0	0
0	0	0	31.428842	10.173828	30.77981	10.173828	1.111606E+11	8.587211E-6	116452.248142	7.458326E+16	0	0	16.497728	0.295185	0	0
0	0	0	31.264532	10.174348	30.634173	10.174348	1.017128E+11	8.342031E-6	119874.886743	7.458322E+16	0	0	16.388244	0.293897	0	0
0	0	0	31.095044	10.174518	30.48397	10.174518	9.280794E+10	7.768555E-6	128724.060793	7.458318E+16	0	0	16.417554	0.290724	0	0
0	0	0	30.920541	10.175055	30.329302	10.175055	8.44534E+10	7.560633E-6	132264.061687	7.458314E+16	0	0	16.470879	0.287412	0	0
0	0	0	30.738737	10.17562	30.168165	10.17562	7.65482E+10	7.393901E-6	135246.60564	7.45831E+16	0	0	16.376579	0.286009	0	0
0	0	0	30.551819	10.175547	30.002534	10.175547	6.919146E+10	6.616422E-6	151139.099355	7.458307E+16	0	0	16.319214	0.284112	0	0
0	0	0	30.359348	10.176101	29.831948	10.176101	6.235425E+10	6.45713E-6	154867.559218	7.458303E+16	0	0	16.396775	0.280584	0	0
0	0	0	30.160049	10.176603	29.655317	10.176603	5.598565E+10	6.269887E-6	159492.499361	7.4583E+16	0	0	16.380657	0.278272	0	0
0	0	0	29.953825	10.177078	29.472553	10.177078	5.007965E+10	6.075608E-6	164592.581487	7.458298E+16	0	0	16.265701	0.277164	0	0
0	0	0	29.738273	10.177231	29.28154	10.177231	4.457139E+10	5.556701E-6	179962.895724	7.458295E+16	0	0	16.285384	0.274354	0	0
0	0	0	29.517919	10.177671	29.08626	10.177671	3.956613E+10	5.358639E-6	186614.555489	7.458293E+16	0	0	16.343315	0.271134	0	0
0	0	0	29.290589	10.17783	28.884813	10.17783	3.499077E+10	4.891062E-6	204454.566561	7.458291E+16	0	0	16.239764	0.269942	0	0
0	0	0	29.057004	10.178045	28.677822	10.178045	3.084001E+10	4.506831E-6	221885.38738	7.458289E+16	0	0	16.185376	0.268112	0	0
0	0	0	28.812262	10.178265	28.460945	10.178265	2.70182E+10	4.141518E-6	241457.376227	7.458287E+16	0	0	16.267326	0.264668	0	0
0	0	0	28.559549	10.178678	28.236999	10.178678	2.356822E+10	3.976279E-6	251491.414406	7.458285E+16	0	0	16.236677	0.262627	0	0
0	0	0	28.299812	10.179062	28.006834	10.179062	2.048086E+10	3.812861E-6	262270.243714	7.458284E+16	0	0	16.11452	0.261643	0	0
0	0	0	28.031859	10.179282	27.769394	10.179282	1.771906E+10	3.506998E-6	285144.151755	7.458282E+16	0	0	16.160062	0.258669	0	0
0	0	0	27.752112	10.179305	27.521509	10.179305	1.523226E+10	3.034893E-6	329500.863729	7.458281E+16	0	0	16.196131	0.255931	0	0
0	0	0	27.465357	10.179362	27.267415	10.179362	1.304496E+10	2.642439E-6	378438.192229	7.45828E+16	0	0	16.073619	0.25503	0	0
0	0	0	27.168933	10.17996	27.004743	10.17996	1.11135E+10	2.729763E-6	366332.200304	7.458279E+16	0	0	16.055101	0.252902	0	0
0	0	0	26.863361	10.179656	26.733982	10.179656	9.421318E+9	2.088459E-6	478821.970201	7.458279E+16	0	0	16.132577	0.249629	0	0
0	0	0	26.550797	10.18013	26.457017	10.18013	7.956663E+9	2.080029E-6	480762.523621	7.458278E+16	0	0	16.053366	0.24831	0	0
0	0	0	26.229969	10.180339	26.172732	10.180339	6.689749E+9	1.898939E-6	526609.921004	7.458277E+16	0	0	15.958124	0.24713	0	0
0	0	0	25.898784	10.180627	25.879272	10.180627	5.593161E+9	1.800558E-6	555383.241423	7.458277E+16	0	0	16.040744	0.243917	0	0
0	0	0	25.562389	10.180559	25.581197	10.180559	4.663173E+9	1.455499E-6	687049.793364	7.458276E+16	0	0	16.025684	0.241881	0	0
0	0	0	25.218969	10.18092	25.2769	10.18092	3.873082E+9	1.444458E-6	692301.29642	7.458276E+16	0	0	15.898347	0.241139	0	0
0	0	0	24.868167	10.181332	24.966064	10.181332	3.204044E+9	1.536362E-6	650888.196497	7.458276E+16	0	0	15.949568	0.238329	0	0
0	0	0	24.511859	10.181282	24.650347	10.181282	2.6427E+9	1.224252E-6	816825.050352	7.458275E+16	0	0	15.982921	0.235862	0	0
0	0	0	24.147287	10.1814	24.32731	10.1814	2.169986E+9	1.092057E-6	915702.940728	7.458275E+16	0	0	15.848114	0.235192	0	0
0	0	0	23.781097	10.181507	24.00284	10.181507	1.780271E+9	9.718408E-7	1028975.099628	7.458275E+16	0	0	15.846804	0.233016	0	0
0	0	0	23.409941	10.181846	23.673976	10.181846	1.456632E+9	1.085265E-6	921433.98283	7.458275E+16	0	0	15.915826	0.23013	0	0
0	0	0	23.034179	10.181823	23.341024	10.181823	1.188863E+9	8.648293E-7	1156297.573807	7.458275E+16	0	0	15.795473	0.229369	0	0
0	0	0	22.657078	10.181716	23.006881	10.181716	9.696151E+8	6.339152E-7	1577497.988398	7.458275E+16	0	0	15.754373	0.227699	0	0
0	0	0	22.275713	10.182224	22.668983	10.182224	7.889802E+8	9.92146E-7	1007916.179779	7.458275E+16	0	0	15.844108	0.224606	0	0
0	0	0	21.892453	10.182303	22.329393	10.182303	6.413394E+8	9.418608E-7	1061727.965007	7.458274E+16	0	0	15.734875	0.223757	0	0
0	0	0	21.508622	10.182461	21.9893	10.182461	5.211654E+8	1.151927E-6	868110.698376	7.458274E+16	0	0	15.655643	0.222577	0	0
0	0	0	21.123435	10.182162	21.647984	10.182162	4.231992E+8	4.783217E-7	2090643.214881	7.458274E+16	0	0	15.762142	0.21944	0	0
0	0	0	20.739179	10.182416	21.307521	10.182416	3.438213E+8	6.642699E-7	1505412.261916	7.458274E+16	0	0	15.687557	0.21824	0	0
0	0	0	20.354253	10.182201	20.966439	10.182201	2.792309E+8	3.374116E-7	2963739.398311	7.458274E+16	0	0	15.587568	0.217275	0	0
0	0	0	19.970814	10.182342	20.626695	10.182342	2.269568E+8	3.639568E-7	2747578.902219	7.458274E+16	0	0	15.68328	0.214186	0	0
0	0	0	19.58842	10.182703	20.287894	10.182703	1.84573E+8	1.819697E-6	549542.181848	7.458274E+16	0	0	15.623019	0.212923	0	0
0	0	0	19.208264	10.182444	19.951033	10.182444	1.502861E+8	3.152708E-7	3171875.871034	7.458274E+16	0	0	15.500344	0.212301	0	0
0	0	0	18.831016	10.182573	19.616776	10.182573	1.225609E+8	4.240369E-7	2358285.354621	7.458274E+16	0	0	15.6021	0.209303	0	0
0	0	0	18.454829	10.183177	19.2835	10.183177	1.000079E+8	-1.71273E-7	-5838633.37082	7.458274E+16	0	0	15.552151	0.207932	0	0
0	0	0	18.081893	10.182968	18.953039	10.182968	8.174847E+7	-2.898207E-7	-3450409.61244	7.458274E+16	0	0	15.432147	0.207243	0	0
0	0	0	17.713155	10.182872	18.626307	10.182872	6.697469E+7	-4.670981E-7	-2140877.857931	7.458274E+16	0	0	15.535118	0.204269	0	0
0	0	0	17.346884	10.182754	18.301757	10.182754	5.494407E+7	1.967133E-6	508353.91754	7.458274E+16	0	0	15.476473	0.202982	0	0
0	0	0	16.988747	10.183087	17.984458	10.183087	4.527315E+7	-9.985048E-8	-1.001497E+7	7.458274E+16	0	0	15.342124	0.202436	0	0
0	0	0	16.630806	10.183103	17.667304	10.183103	3.730841E+7	-7.806925E-8	-1.280914E+7	7.458274E+16	0	0	15.451719	0.199494	0	0
0	0	0	16.27641	10.18285	17.353262	10.18285	3.080383E+7	-2.780824E-7	-3596056.966865	7.458274E+16	0	0	15.37847	0.198398	0	0
0	0	0	15.926963	10.183008	17.043648	10.183008	2.550145E+7	-7.517995E-8	-1.330142E+7	7.458274E+16	0	0	15.286038	0.197525	0	0
0	0	0	15.580097	10.182985	16.736302	10.182985	2.114126E+7	-6.89595E-8	-1.450127E+7	7.458274E+16	0	0	15.387199	0.194651	0	0
0	0	0	15.238948	10.183335	16.434064	10.183335	1.758082E+7	-2.164095E-8	-4.620869E+7	7.458274E+16	0	0	15.291744	0.193834	0	0
0	0	0	14.901948	10.183442	16.135477	10.183442	1.465282E+7	-1.514669E-8	-6.602102E+7	7.458274E+16	0	0	15.198533	0.192969	0	0
0	0	0	14.568166	10.183211	15.839699	10.183211	1.223374E+7	-1.932939E-8	-5.17347E+7	7.458274E+16	0	0	15.308975	0.190107	0	0
0	0	0	14.239889	10.183278	15.548836	10.183278	1.024446E+7	-1.401799E-8	-7.133692E+7	7.458274E+16	0	0	15.178689	0.189605	0	0
0	0	0	13.915402	10.183633	15.261369	10.183633	8596248	-6.905853E-9	-1.448047E+8	7.458274E+16	0	0	15.142531	0.188186	0	0
0	0	0	13.59472	10.183154	14.977163	10.183154	7228069	-1.311026E-8	-7.627612E+7	7.458274E+16	0	0	15.229556	0.185639	0	0
0	0	0	13.281944	10.183165	14.700028	10.183165	6103679	-1.075261E-8	-9.300065E+7	7.458274E+16	0	0	15.08817	0.185272	0	0
0	0	0	12.971668	10.183554	14.425161	10.183554	5161166	-4.565126E-9	-2.19052E+8	7.458274E+16	0	0	15.082042	0.183602	0	0
0	0	0	12.66376	10.183662	14.152354	10.183662	4369785	-3.399102E-9	-2.941953E+8	7.458274E+16	0	0	15.136158	0.181398	0	0
0	0	0	12.361308	10.183413	13.884328	10.183413	3710677	-4.004577E-9	-2.497143E+8	7.458274E+16	0	0	14.966634	0.181298	0	0
0	0	0	12.062188	10.18334	13.619281	10.18334	3156666	-3.847001E-9	-2.599427E+8	7.458274E+16	0	0	15.038102	0.178911	0	0
0	0	0	11.766793	10.183475	13.357565	10.183475	2690780	-2.647494E-9	-3.777157E+8	7.458274E+16	0	0	15.018135	0.177488	0	0
0	0	0	11.476085	10.183464	13.099981	10.183464	2299475	-2.299398E-9	-4.348965E+8	7.458274E+16	0	0	14.887493	0.177053	0	0
0	0	0	11.189804	10.183425	12.846314	10.183425	1969783	-2.089011E-9	-4.786955E+8	7.458274E+16	0	0	14.995887	0.174422	0	0
0	0	0	10.9055	10.183633	12.59444	10.183633	1689165	-1.356998E-9	-7.369206E+8	7.458274E+16	0	0	14.870949	0.173984	0	0
0	0	0	10.626619	10.183481	12.347311	10.183481	1452776	-1.418022E-9	-7.052076E+8	7.458274E+16	0	0	14.827821	0.172764	0	0
0	0	0	10.351478	10.183538	12.103531	10.183538	1251999	-1.131913E-9	-8.834599E+8	7.458274E+16	0	0	14.908431	0.170409	0	0
0	0	0	10.079131	10.183397	11.862193	10.183397	1080599	-1.197823E-9	-8.348477E+8	7.458274E+16	0	0	14.743979	0.170337	0	0
0	0	0	9.810557	10.183436	11.624228	10.183436	934569	-9.742775E-10	-1.026402E+9	7.458274E+16	0	0	14.803541	0.168125	0	0
0	0	0	9.546736	10.183397	11.390462	10.183397	810352	-8.982596E-10	-1.113264E+9	7.458274E+16	0	0	14.775915	0.166837	0	0
0	0	0	9.285104	10.183673	11.158693	10.183673	703478	-5.40352E-10	-1.850646E+9	7.458274E+16	0	0	14.632178	0.16655	0	0
0	0	0	9.0262	10.183932	10.929339	10.183932	611600	-3.646626E-10	-2.742261E+9	7.458274E+16	0	0	14.755567	0.163947	0	0
0	0	0	8.772082	10.183831	10.704159	10.183831	533099	-3.483581E-10	-2.870609E+9	7.458274E+16	0	0	14.61661	0.163664	0	0
0	0	0	8.522734	10.183701	10.483199	10.183701	465873	-3.469726E-10	-2.882072E+9	7.458274E+16	0	0	14.615738	0.16209	0	0
0	0	0	8.274856	10.183949	10.263615	10.183949	407449	-2.394447E-10	-4.17633E+9	7.458274E+16	0	0	14.642942	0.160336	0	0
0	0	0	8.030081	10.183662	10.046676	10.183662	356950	-2.776585E-10	-3.601547E+9	7.458274E+16	0	0	14.477704	0.16026	0	0
0	0	0	7.790583	10.183633	9.834462	10.183633	313603	-2.519343E-10	-3.96929E+9	7.458274E+16	0	0	14.598549	0.157817	0	0
0	0	0	7.553861	10.18347	9.624681	10.18347	275934	-2.736917E-10	-3.653746E+9	7.458274E+16	0	0	14.45174	0.15761	0	0
0	0	0	7.319606	10.183994	9.417227	10.183994	243113	-1.375924E-10	-7.267843E+9	7.458274E+16	0	0	14.46235	0.156047	0	0
0	0	0	7.087001	10.183695	9.211065	10.183695	214388	-1.606478E-10	-6.224796E+9	7.458274E+16	0	0	14.479943	0.154445	0	0
0	0	0	6.859786	10.183481	9.009696	10.183481	189608	-1.85072E-10	-5.403302E+9	7.458274E+16	0	0	14.333312	0.154194	0	0
0	0	0	6.635594	10.183521	8.811058	10.183521	167966	-1.552916E-10	-6.439498E+9	7.458274E+16	0	0	14.430804	0.15195	0	0
0	0	0	6.413345	10.183848	8.614204	10.183848	148952	-9.580179E-11	-1.043822E+10	7.458274E+16	0	0	14.295236	0.151734	0	0
0	0	0	6.193284	10.184107	8.419276	10.184107	132245	-6.851818E-11	-1.459467E+10	7.458274E+16	0	0	14.315482	0.150124	0	0
0	0	0	5.978386	10.183831	8.228805	10.183831	117741	-7.693887E-11	-1.299733E+10	7.458274E+16	0	0	14.280562	0.149052	0	0
0	0	0	5.767048	10.183819	8.041547	10.183819	105030	-6.937241E-11	-1.441495E+10	7.458274E+16	0	0	14.198823	0.148311	0	0
0	0	0	5.55803	10.183932	7.856372	10.183932	93808	-5.593242E-11	-1.787872E+10	7.458274E+16	0	0	14.264879	0.146349	0	0
0	0	0	5.35009	10.183645	7.672062	10.183645	83835	-6.64778E-11	-1.504262E+10	7.458274E+16	0	0	14.088364	0.146433	0	0
0	0	0	5.147035	10.183943	7.492213	10.183943	75119	-4.435769E-11	-2.254401E+10	7.458274E+16	0	0	14.188837	0.144217	0	0
0	0	0	4.947082	10.183893	7.315033	10.183893	67423	-4.161761E-11	-2.402829E+10	7.458274E+16	0	0	14.04943	0.14403	0	0
0	0	0	4.75025	10.183521	7.140543	10.183521	60617	-5.604295E-11	-1.784346E+10	7.458274E+16	0	0	14.089246	0.142344	0	0
0	0	0	4.555345	10.183752	6.967902	10.183752	54556	-3.852542E-11	-2.595689E+10	7.458274E+16	0	0	14.040517	0.141423	0	0
0	0	0	4.362874	10.183701	6.797351	10.183701	49165	-3.661707E-11	-2.730967E+10	7.458274E+16	0	0	13.970565	0.140626	0	0
0	0	0	4.176104	10.183729	6.631869	10.183729	44443	-3.212427E-11	-3.112911E+10	7.458274E+16	0	0	14.012926	0.138999	0	0
0	0	0	3.992976	10.183791	6.469624	10.183791	40254	-2.732398E-11	-3.659789E+10	7.458274E+16	0	0	13.851708	0.138916	0	0
0	0	0	3.813475	10.183633	6.310538	10.183633	36532	-2.934813E-11	-3.407372E+10	7.458274E+16	0	0	13.949518	0.136859	0	0
0	0	0	3.639299	10.18405	6.156312	10.18405	33249	-1.798712E-11	-5.559534E+10	7.458274E+16	0	0	13.792934	0.136847	0	0
0	0	0	3.471999	10.183842	6.008025	10.183842	30374	-1.963876E-11	-5.091971E+10	7.458274E+16	0	0	13.852771	0.13497	0	0
0	0	0	3.312933	10.183831	5.867081	10.183831	27871	-1.821254E-11	-5.490721E+10	7.458274E+16	0	0	13.7137	0.134766	0	0
0	0	0	3.163209	10.183881	5.734432	10.183881	25704	-1.602751E-11	-6.239274E+10	7.458274E+16	0	0	13.755716	0.1332	0	0
0	0	0	3.02198	10.183842	5.609286	10.183842	23815	-1.539794E-11	-6.494375E+10	7.458274E+16	0	0	13.659805	0.13265	0	0
0	0	0	2.887595	10.184062	5.49027	10.184062	22146	-1.187577E-11	-8.420509E+10	7.458274E+16	0	0	13.660877	0.131378	0	0
0	0	0	2.761116	10.183791	5.378134	10.183791	20683	-1.40394E-11	-7.122813E+10	7.458274E+16	0	0	13.603613	0.130533	0	0
0	0	0	2.642053	10.183538	5.272573	10.183538	19394	-1.753381E-11	-5.703266E+10	7.458274E+16	0	0	13.5806	0.129549	0	0
0	0	0	2.526812	10.183763	5.170522	10.183763	18222	-1.272113E-11	-7.860939E+10	7.458274E+16	0	0	13.544336	0.128512	0	0
0	0	0	2.419951	10.183887	5.07587	10.183887	17199	-1.067001E-11	-9.372063E+10	7.458274E+16	0	0	13.467753	0.127823	0	0
0	0	0	2.318153	10.18391	4.985678	10.18391	16279	-9.898853E-12	-1.010218E+11	7.458274E+16	0	0	13.4587	0.126679	0	0
0	0	0	2.223445	10.183673	4.9017	10.183673	15466	-1.187966E-11	-8.417747E+10	7.458274E+16	0	0	13.387376	0.126001	0	0
0	0	0	2.132576	10.183859	4.821234	10.183859	14725	-9.372354E-12	-1.066968E+11	7.458274E+16	0	0	13.392384	0.12475	0	0
0	0	0	2.046198	10.183538	4.744614	10.183538	14053	-1.27051E-11	-7.870857E+10	7.458274E+16	0	0	13.323733	0.1241	0	0
0	0	0	1.965701	10.183397	4.673252	10.183397	13455	-1.49146E-11	-6.704838E+10	7.458274E+16	0	0	13.317008	0.122932	0	0
0	0	0	1.891868	10.183988	4.60799	10.183988	12928	-7.350679E-12	-1.360419E+11	7.458274E+16	0	0	13.235514	0.122262	0	0
0	0	0	1.818134	10.183926	4.542641	10.183926	12423	-7.443341E-12	-1.343483E+11	7.458274E+16	0	0	13.219815	0.121234	0	0
0	0	0	1.749822	10.183667	4.482044	10.183667	11972	-9.253859E-12	-1.08063E+11	7.458274E+16	0	0	13.160825	0.120501	0	0
0	0	0	1.68089	10.183374	4.420888	10.183374	11534	-1.326505E-11	-7.538608E+10	7.458274E+16	0	0	13.130748	0.119508	0	0
0	0	0	1.617724	10.18378	4.365029	10.18378	11148	-7.65189E-12	-1.306867E+11	7.458274E+16	0	0	13.111716	0.118543	0	0
0	0	0	1.557792	10.183977	4.31198	10.183977	10792	-6.19364E-12	-1.61456E+11	7.458274E+16	0	0	13.026503	0.117958	0	0
0	0	0	1.500654	10.183701	4.261277	10.183701	10464	-7.793369E-12	-1.283142E+11	7.458274E+16	0	0	13.017786	0.116849	0	0
0	0	0	1.44706	10.184005	4.213873	10.184005	10165	-5.70035E-12	-1.754278E+11	7.458274E+16	0	0	12.921477	0.116343	0	0
0	0	0	1.395377	10.183966	4.168069	10.183966	9885	-5.726729E-12	-1.746197E+11	7.458274E+16	0	0	12.941321	0.115124	0	0
0	0	0	1.345214	10.183718	4.123554	10.183718	9621	-7.037244E-12	-1.421011E+11	7.458274E+16	0	0	12.851812	0.114637	0	0
0	0	0	1.299411	10.183876	4.083014	10.183876	9385	-5.881856E-12	-1.700144E+11	7.458274E+16	0	0	12.862059	0.113429	0	0
0	0	0	1.253593	10.183876	4.042416	10.183876	9156	-5.738335E-12	-1.742666E+11	7.458274E+16	0	0	12.776321	0.112879	0	0
0	0	0	1.211825	10.18369	4.005357	10.18369	8951	-6.748527E-12	-1.481805E+11	7.458274E+16	0	0	12.756336	0.111919	0	0
0	0	0	1.171201	10.183943	3.969432	10.183943	8757	-5.170999E-12	-1.933862E+11	7.458274E+16	0	0	12.698096	0.111257	0	0
0	0	0	1.130936	10.18396	3.93376	10.18396	8568	-4.987316E-12	-2.005086E+11	7.458274E+16	0	0	12.652405	0.110516	0	0
0	0	0	1.093431	10.183859	3.900501	10.183859	8396	-5.343992E-12	-1.87126E+11	7.458274E+16	0	0	12.634042	0.109531	0	0
0	0	0	1.058116	10.183554	3.869126	10.183554	8238	-7.286615E-12	-1.372379E+11	7.458274E+16	0	0	12.561378	0.108909	0	0
0	0	0	1.023372	10.183695	3.83838	10.183695	8084	-6.057601E-12	-1.650818E+11	7.458274E+16	0	0	12.568247	0.107913	0	0
0	0	0	0.990327	10.183538	3.809057	10.183538	7941	-7.179334E-12	-1.392887E+11	7.458274E+16	0	0	12.492939	0.107315	0	0
0	0	0	0.958491	10.183712	3.780897	10.183712	7805	-5.743209E-12	-1.741187E+11	7.458274E+16	0	0	12.4543	0.106554	0	0
0	0	0	0.928533	10.183893	3.754402	10.183893	7680	-4.740567E-12	-2.109452E+11	7.458274E+16	0	0	12.408615	0.105856	0	0
0	0	0	0.898445	10.183859	3.727733	10.183859	7556	-4.809339E-12	-2.079288E+11	7.458274E+16	0	0	12.382379	0.105063	0	0
0	0	0	0.870333	10.184186	3.702916	10.184186	7442	-3.640389E-12	-2.746959E+11	7.458274E+16	0	0	12.345847	0.104298	0	0
0	0	0	0.843642	10.183853	3.679174	10.183853	7336	-4.693683E-12	-2.130523E+11	7.458274E+16	0	0	12.297869	0.103528	0	0
0	0	0	0.817866	10.184214	3.656436	10.184214	7234	-3.469415E-12	-2.882331E+11	7.458274E+16	0	0	12.240786	0.102859	0	0
0	0	0	0.792678	10.18369	3.633972	10.18369	7137	-5.380878E-12	-1.858433E+11	7.458274E+16	0	0	12.215061	0.102137	0	0
0	0	0	0.767735	10.183898	3.611929	10.183898	7041	-4.324361E-12	-2.312481E+11	7.458274E+16	0	0	12.155251	0.101452	0	0
0	0	0	0.743789	10.183673	3.590648	10.183673	6950	-5.338398E-12	-1.873221E+11	7.458274E+16	0	0	12.130527	0.100674	0	0
0	0	0	0.721165	10.183955	3.570681	10.183955	6866	-4.015675E-12	-2.490241E+11	7.458274E+16	0	0	12.098308	0.099941	0	0
0	0	0	0.699914	10.184017	3.551869	10.184017	6788	-3.772075E-12	-2.651061E+11	7.458274E+16	0	0	12.046712	0.099303	0	0
0	0	0	0.678858	10.183904	3.533181	10.183904	6711	-4.101136E-12	-2.438349E+11	7.458274E+16	0	0	12.02663	0.098562	0	0
0	0	0	0.658832	10.183774	3.515401	10.183774	6638	-4.581923E-12	-2.18249E+11	7.458274E+16	0	0	11.987597	0.0979	0	0
0	0	0	0.639067	10.183577	3.497833	10.183577	6568	-5.646497E-12	-1.771009E+11	7.458274E+16	0	0	11.955402	0.097219	0	0
0	0	0	0.620789	10.183577	3.481637	10.183577	6503	-5.590617E-12	-1.788711E+11	7.458274E+16	0	0	11.899816	0.096577	0	0
0	0	0	0.603964	10.183853	3.466807	10.183853	6444	-4.122968E-12	-2.425437E+11	7.458274E+16	0	0	11.887151	0.095832	0	0
0	0	0	0.586225	10.183752	3.451061	10.183752	6383	-4.507438E-12	-2.218555E+11	7.458274E+16	0	0	11.855764	0.09513	0	0
0	0	0	0.570429	10.183814	3.437082	10.183814	6328	-4.202294E-12	-2.379653E+11	7.458274E+16	0	0	11.816614	0.094552	0	0
0	0	0	0.553229	10.183791	3.421836	10.183791	6270	-4.256008E-12	-2.349619E+11	7.458274E+16	0	0	11.765093	0.093902	0	0
0	0	0	0.537874	10.18387	3.408253	10.18387	6218	-3.917032E-12	-2.552953E+11	7.458274E+16	0	0	11.712879	0.093336	0	0
0	0	0	0.523336	10.18378	3.395346	10.18378	6170	-4.235034E-12	-2.361256E+11	7.458274E+16	0	0	11.693328	0.092591	0	0
0	0	0	0.50937	10.18405	3.383048	10.18405	6123	-3.312434E-12	-3.018928E+11	7.458274E+16	0	0	11.646071	0.091985	0	0
0	0	0	0.495028	10.184135	3.370364	10.184135	6076	-3.082914E-12	-3.243685E+11	7.458274E+16	0	0	11.61821	0.091268	0	0
0	0	0	0.482483	10.183887	3.359179	10.183887	6035	-3.744026E-12	-2.670922E+11	7.458274E+16	0	0	11.560355	0.090674	0	0
0	0	0	0.469465	10.183757	3.347607	10.183757	5992	-4.207091E-12	-2.376939E+11	7.458274E+16	0	0	11.501068	0.090128	0	0
0	0	0	0.457883	10.183848	3.337371	10.183848	5955	-3.83009E-12	-2.610904E+11	7.458274E+16	0	0	11.475373	0.08949	0	0
0	0	0	0.445077	10.18356	3.325943	10.18356	5914	-5.193531E-12	-1.925472E+11	7.458274E+16	0	0	11.442361	0.088808	0	0
0	0	0	0.433839	10.183893	3.316079	10.183893	5878	-3.628262E-12	-2.75614E+11	7.458274E+16	0	0	11.398405	0.088286	0	0
0	0	0	0.421474	10.183887	3.305121	10.183887	5839	-3.622431E-12	-2.760577E+11	7.458274E+16	0	0	11.344861	0.08766	0	0
0	0	0	0.410889	10.183492	3.295631	10.183492	5805	-5.577303E-12	-1.792981E+11	7.458274E+16	0	0	11.308182	0.087074	0	0
0	0	0	0.401709	10.183763	3.287573	10.183763	5777	-4.033034E-12	-2.479523E+11	7.458274E+16	0	0	11.254229	0.0865	0	0
0	0	0	0.390666	10.183881	3.277823	10.183881	5743	-3.580998E-12	-2.792518E+11	7.458274E+16	0	0	11.206147	0.085962	0	0
0	0	0	0.381029	10.183876	3.269282	10.183876	5713	-3.580506E-12	-2.792902E+11	7.458274E+16	0	0	11.182405	0.085253	0	0
0	0	0	0.373041	10.183864	3.262201	10.183864	5688	-3.601668E-12	-2.776491E+11	7.458274E+16	0	0	11.148741	0.084691	0	0
0	0	0	0.363404	10.183943	3.253685	10.183943	5658	-3.341043E-12	-2.993078E+11	7.458274E+16	0	0	11.088531	0.084153	0	0
0	0	0	0.353816	10.18378	3.245142	10.18378	5629	-3.863697E-12	-2.588195E+11	7.458274E+16	0	0	11.046873	0.083603	0	0
0	0	0	0.346073	10.183926	3.238324	10.183926	5606	-3.35888E-12	-2.977183E+11	7.458274E+16	0	0	11.011482	0.082977	0	0
0	0	0	0.338739	10.183791	3.231787	10.183791	5583	-3.78968E-12	-2.638745E+11	7.458274E+16	0	0	10.951244	0.082495	0	0
0	0	0	0.329412	10.184011	3.223585	10.184011	5556	-3.101516E-12	-3.22423E+11	7.458274E+16	0	0	10.90805	0.081933	0	0
0	0	0	0.321636	10.183735	3.216617	10.183735	5532	-3.975197E-12	-2.515599E+11	7.458274E+16	0	0	10.859587	0.081355	0	0
0	0	0	0.31458	10.183791	3.210381	10.183791	5511	-3.740807E-12	-2.67322E+11	7.458274E+16	0	0	10.828566	0.080761	0	0
0	0	0	0.306984	10.18365	3.203611	10.18365	5488	-4.323793E-12	-2.312784E+11	7.458274E+16	0	0	10.793171	0.080207	0	0
0	0	0	0.298866	10.183938	3.196499	10.183938	5465	-3.242698E-12	-3.083852E+11	7.458274E+16	0	0	10.735075	0.079716	0	0
0	0	0	0.291989	10.183645	3.190322	10.183645	5444	-4.316874E-12	-2.316491E+11	7.458274E+16	0	0	10.673636	0.079258	0	0
0	0	0	0.286533	10.183763	3.185522	10.183763	5428	-3.789391E-12	-2.638947E+11	7.458274E+16	0	0	10.646089	0.078696	0	0
0	0	0	0.28031	10.18378	3.180013	10.18378	5410	-3.713377E-12	-2.692967E+11	7.458274E+16	0	0	10.596219	0.078142	0	0
0	0	0	0.272975	10.183707	3.173493	10.183707	5389	-3.989375E-12	-2.506658E+11	7.458274E+16	0	0	10.552849	0.077572	0	0
0	0	0	0.266621	10.183678	3.167855	10.183678	5370	-4.09909E-12	-2.439566E+11	7.458274E+16	0	0	10.535522	0.077042	0	0
0	0	0	0.260463	10.183662	3.162394	10.183662	5352	-4.163126E-12	-2.402041E+11	7.458274E+16	0	0	10.467263	0.076579	0	0
0	0	0	0.255138	10.184067	3.157791	10.184067	5337	-2.849494E-12	-3.509395E+11	7.458274E+16	0	0	10.404189	0.076085	0	0
0	0	0	0.249192	10.184214	3.152565	10.184214	5320	-2.551463E-12	-3.919319E+11	7.458274E+16	0	0	10.371021	0.075555	0	0
0	0	0	0.243442	10.184129	3.147446	10.184129	5303	-2.701884E-12	-3.701121E+11	7.458274E+16	0	0	10.316078	0.075152	0	0
0	0	0	0.237137	10.183571	3.1417	10.183571	5285	-4.575596E-12	-2.185508E+11	7.458274E+16	0	0	10.278227	0.074543	0	0
0	0	0	0.232155	10.183898	3.137379	10.183898	5271	-3.237282E-12	-3.089011E+11	7.458274E+16	0	0	10.231139	0.07406	0	0
0	0	0	0.227108	10.183853	3.132894	10.183853	5257	-3.363507E-12	-2.973087E+11	7.458274E+16	0	0	10.163046	0.073638	0	0
0	0	0	0.222126	10.183752	3.128451	10.183752	5243	-3.702412E-12	-2.700942E+11	7.458274E+16	0	0	10.132352	0.073144	0	0
0	0	0	0.217029	10.183718	3.123925	10.183718	5228	-3.824001E-12	-2.615062E+11	7.458274E+16	0	0	10.087674	0.072605	0	0
0	0	0	0.211623	10.183752	3.119144	10.183752	5212	-3.680521E-12	-2.717007E+11	7.458274E+16	0	0	10.038456	0.072103	0	0
0	0	0	0.205938	10.183943	3.114162	10.183943	5197	-3.068823E-12	-3.258579E+11	7.458274E+16	0	0	9.998926	0.071549	0	0
0	0	0	0.201626	10.183746	3.110285	10.183746	5185	-3.682671E-12	-2.715421E+11	7.458274E+16	0	0	9.94074	0.07117	0	0
0	0	0	0.197428	10.18365	3.106538	10.18365	5173	-4.075616E-12	-2.453617E+11	7.458274E+16	0	0	9.893058	0.07064	0	0
0	0	0	0.193393	10.183831	3.103015	10.183831	5162	-3.373153E-12	-2.964585E+11	7.458274E+16	0	0	9.838262	0.070274	0	0
0	0	0	0.18846	10.184146	3.098734	10.184146	5148	-2.590607E-12	-3.8601E+11	7.458274E+16	0	0	9.796285	0.069751	0	0
0	0	0	0.183592	10.183825	3.094329	10.183825	5134	-3.372837E-12	-2.964863E+11	7.458274E+16	0	0	9.750684	0.069241	0	0
0	0	0	0.179558	10.183413	3.090636	10.183413	5123	-5.528752E-12	-1.808727E+11	7.458274E+16	0	0	9.701909	0.068803	0	0
0	0	0	0.176144	10.183735	3.087703	10.183735	5114	-3.67483E-12	-2.721215E+11	7.458274E+16	0	0	9.671796	0.068237	0	0
0	0	0	0.172174	10.183859	3.084222	10.183859	5103	-3.248022E-12	-3.078797E+11	7.458274E+16	0	0	9.611661	0.067846	0	0
0	0	0	0.169201	10.184005	3.08163	10.184005	5095	-2.857185E-12	-3.499948E+11	7.458274E+16	0	0	9.557889	0.0674	0	0
0	0	0	0.166098	10.18374	3.078804	10.18374	5086	-3.633409E-12	-2.752236E+11	7.458274E+16	0	0	9.519304	0.067021	0	0
0	0	0	0.16306	10.18391	3.07616	10.18391	5078	-3.087805E-12	-3.238547E+11	7.458274E+16	0	0	9.467976	0.066531	0	0
0	0	0	0.159678	10.183949	3.073176	10.183949	5069	-2.978888E-12	-3.356957E+11	7.458274E+16	0	0	9.44909	0.066017	0	0
0	0	0	0.156722	10.183836	3.070524	10.183836	5060	-3.288967E-12	-3.040469E+11	7.458274E+16	0	0	9.404117	0.065566	0	0
0	0	0	0.153471	10.183791	3.067631	10.183791	5052	-3.429243E-12	-2.916095E+11	7.458274E+16	0	0	9.335387	0.06512	0	0
0	0	0	0.149731	10.183859	3.064335	10.183859	5041	-3.208559E-12	-3.116663E+11	7.458274E+16	0	0	9.286798	0.064757	0	0
0	0	0	0.147035	10.183605	3.061875	10.183605	5034	-4.181097E-12	-2.391717E+11	7.458274E+16	0	0	9.255871	0.064323	0	0
0	0	0	0.144716	10.183769	3.059866	10.183769	5027	-3.48957E-12	-2.865682E+11	7.458274E+16	0	0	9.193916	0.063932	0	0
0	0	0	0.142968	10.18378	3.058321	10.18378	5023	-3.447743E-12	-2.900448E+11	7.458274E+16	0	0	9.150023	0.063446	0	0
0	0	0	0.140469	10.183554	3.056042	10.183554	5016	-4.436715E-12	-2.25392E+11	7.458274E+16	0	0	9.115367	0.062959	0	0
0	0	0	0.138541	10.183724	3.054383	10.183724	5011	-3.643535E-12	-2.744587E+11	7.458274E+16	0	0	9.068261	0.062525	0	0
0	0	0	0.136353	10.183949	3.052508	10.183949	5005	-2.941277E-12	-3.399883E+11	7.458274E+16	0	0	8.996865	0.062234	0	0
0	0	0	0.133657	10.183915	3.05011	10.183915	4998	-3.024157E-12	-3.306707E+11	7.458274E+16	0	0	8.923398	0.061867	0	0
0	0	0	0.131109	10.183786	3.047815	10.183786	4990	-3.40602E-12	-2.935978E+11	7.458274E+16	0	0	8.895083	0.061397	0	0
0	0	0	0.129165	10.183819	3.046102	10.183819	4985	-3.292597E-12	-3.037116E+11	7.458274E+16	0	0	8.856927	0.060915	0	0
0	0	0	0.126617	10.184152	3.04394	10.184152	4979	-2.495317E-12	-4.007506E+11	7.458274E+16	0	0	8.804666	0.060552	0	0
0	0	0	0.124673	10.18409	3.0422	10.18409	4973	-2.609681E-12	-3.831886E+11	7.458274E+16	0	0	8.742305	0.060137	0	0
0	0	0	0.122239	10.183769	3.039951	10.183769	4967	-3.44792E-12	-2.900299E+11	7.458274E+16	0	0	8.702507	0.059755	0	0
0	0	0	0.120655	10.183695	3.038526	10.183695	4963	-3.718936E-12	-2.688941E+11	7.458274E+16	0	0	8.657677	0.059308	0	0
0	0	0	0.118401	10.183808	3.036561	10.183808	4956	-3.309105E-12	-3.021965E+11	7.458274E+16	0	0	8.622082	0.058973	0	0
0	0	0	0.115934	10.183955	3.034418	10.183955	4950	-2.895076E-12	-3.454141E+11	7.458274E+16	0	0	8.587389	0.058451	0	0
0	0	0	0.114546	10.183752	3.033129	10.183752	4946	-3.492682E-12	-2.863129E+11	7.458274E+16	0	0	8.50825	0.058164	0	0
0	0	0	0.112847	10.183712	3.031613	10.183712	4942	-3.636507E-12	-2.749891E+11	7.458274E+16	0	0	8.451909	0.05777	0	0
0	0	0	0.111214	10.183853	3.030206	10.183853	4937	-3.158767E-12	-3.165793E+11	7.458274E+16	0	0	8.38809	0.057467	0	0
0	0	0	0.109368	10.183746	3.02854	10.183746	4932	-3.502976E-12	-2.854715E+11	7.458274E+16	0	0	8.346817	0.057048	0	0
0	0	0	0.107016	10.183932	3.026509	10.183932	4926	-2.937096E-12	-3.404724E+11	7.458274E+16	0	0	8.318879	0.056622	0	0
0	0	0	0.105643	10.183972	3.025304	10.183972	4923	-2.838651E-12	-3.5228E+11	7.458274E+16	0	0	8.286732	0.056159	0	0
0	0	0	0.103357	10.183729	3.023209	10.183729	4916	-3.553381E-12	-2.814221E+11	7.458274E+16	0	0	8.212256	0.055884	0	0
0	0	0	0.101707	10.183881	3.02179	10.183881	4912	-3.062835E-12	-3.264949E+11	7.458274E+16	0	0	8.152916	0.055482	0	0
0	0	0	0.099224	10.183678	3.019532	10.183678	4906	-3.744904E-12	-2.670296E+11	7.458274E+16	0	0	8.077302	0.05529	0	0
0	0	0	0.096855	10.184473	3.017662	10.184473	4899	-1.991175E-12	-5.02216E+11	7.458274E+16	0	0	8.044095	0.054852	0	0
0	0	0	0.094863	10.183859	3.01572	10.183859	4894	-3.114995E-12	-3.210278E+11	7.458274E+16	0	0	7.993802	0.054509	0	0
0	0	0	0.092412	10.183538	3.013457	10.183538	4887	-4.41826E-12	-2.263334E+11	7.458274E+16	0	0	7.960162	0.054075	0	0
0	0	0	0.090991	10.183932	3.012311	10.183932	4883	-2.911457E-12	-3.434706E+11	7.458274E+16	0	0	7.88482	0.05382	0	0
0	0	0	0.088655	10.183955	3.010247	10.183955	4878	-2.852966E-12	-3.505125E+11	7.458274E+16	0	0	7.846082	0.053421	0	0
0	0	0	0.086777	10.183735	3.00852	10.183735	4873	-3.501651E-12	-2.855796E+11	7.458274E+16	0	0	7.807665	0.053018	0	0
0	0	0	0.085437	10.183678	3.007317	10.183678	4869	-3.716661E-12	-2.690587E+11	7.458274E+16	0	0	7.730746	0.052807	0	0
0	0	0	0.083755	10.183988	3.005915	10.183988	4865	-2.766171E-12	-3.615106E+11	7.458274E+16	0	0	7.678023	0.052397	0	0
0	0	0	0.082171	10.183802	3.004458	10.183802	4860	-3.262779E-12	-3.064872E+11	7.458274E+16	0	0	7.641969	0.052038	0	0
0	0	0	0.080112	10.183633	3.002586	10.183633	4855	-3.900284E-12	-2.563916E+11	7.458274E+16	0	0	7.582996	0.051719	0	0
0	0	0	0.07923	10.183949	3.001895	10.183949	4853	-2.851952E-12	-3.50637E+11	7.458274E+16	0	0	7.535074	0.051364	0	0
0	0	0	0.077368	10.183864	3.00022	10.183864	4848	-3.069776E-12	-3.257567E+11	7.458274E+16	0	0	7.458889	0.051101	0	0
0	0	0	0.075343	10.183611	2.998353	10.183611	4843	-3.995386E-12	-2.502887E+11	7.458274E+16	0	0	7.406144	0.050723	0	0
0	0	0	0.074265	10.183977	2.997503	10.183977	4840	-2.777726E-12	-3.600067E+11	7.458274E+16	0	0	7.358558	0.050463	0	0
0	0	0	0.072762	10.18387	2.996141	10.18387	4836	-3.04644E-12	-3.28252E+11	7.458274E+16	0	0	7.314107	0.050029	0	0
0	0	0	0.071096	10.18387	2.994664	10.18387	4831	-3.043291E-12	-3.285917E+11	7.458274E+16	0	0	7.267406	0.049758	0	0
0	0	0	0.069838	10.183955	2.993574	10.183955	4828	-2.823722E-12	-3.541425E+11	7.458274E+16	0	0	7.213078	0.049419	0	0
0	0	0	0.069021	10.183639	2.99276	10.183639	4826	-3.851742E-12	-2.596228E+11	7.458274E+16	0	0	7.14189	0.049204	0	0
0	0	0	0.067404	10.184022	2.991437	10.184022	4822	-2.66748E-12	-3.748856E+11	7.458274E+16	0	0	7.090379	0.048817	0	0
0	0	0	0.065722	10.183774	2.989875	10.183774	4817	-3.324966E-12	-3.00755E+11	7.458274E+16	0	0	7.053433	0.04853	0	0
0	0	0	0.065101	10.1836	2.989275	10.1836	4816	-4.027322E-12	-2.48304E+11	7.458274E+16	0	0	6.991285	0.048188	0	0
0	0	0	0.063647	10.183712	2.988019	10.183712	4812	-3.540848E-12	-2.824182E+11	7.458274E+16	0	0	6.942706	0.047861	0	0
0	0	0	0.062945	10.183797	2.987421	10.183797	4810	-3.246995E-12	-3.07977E+11	7.458274E+16	0	0	6.890931	0.047594	0	0
0	0	0	0.062046	10.183498	2.986539	10.183498	4808	-4.583483E-12	-2.181747E+11	7.458274E+16	0	0	6.824792	0.047263	0	0
0	0	0	0.061001	10.183633	2.985652	10.183633	4805	-3.860116E-12	-2.590596E+11	7.458274E+16	0	0	6.790238	0.046972	0	0
0	0	0	0.06038	10.183521	2.985069	10.183521	4804	-4.441499E-12	-2.251492E+11	7.458274E+16	0	0	6.690525	0.04682	0	0
0	0	0	0.059318	10.184028	2.984274	10.184028	4801	-2.643931E-12	-3.782247E+11	7.458274E+16	0	0	6.682936	0.04639	0	0
0	0	0	0.058534	10.184163	2.983619	10.184163	4798	-2.385102E-12	-4.192693E+11	7.458274E+16	0	0	6.614637	0.046159	0	0
0	0	0	0.058126	10.183876	2.983174	10.183876	4798	-3.007048E-12	-3.32552E+11	7.458274E+16	0	0	6.570664	0.045732	0	0
0	0	0	0.056819	10.183786	2.98199	10.183786	4794	-3.272236E-12	-3.056014E+11	7.458274E+16	0	0	6.510572	0.045525	0	0
0	0	0	0.056198	10.183735	2.981426	10.183735	4793	-3.444165E-12	-2.903462E+11	7.458274E+16	0	0	6.463052	0.045158	0	0
0	0	0	0.055676	10.183786	2.980977	10.183786	4791	-3.270188E-12	-3.057928E+11	7.458274E+16	0	0	6.388756	0.044963	0	0
0	0	0	0.055022	10.183622	2.980351	10.183622	4789	-3.898362E-12	-2.56518E+11	7.458274E+16	0	0	6.365609	0.044608	0	0
0	0	0	0.0545	10.183955	2.979984	10.183955	4788	-2.800328E-12	-3.57101E+11	7.458274E+16	0	0	6.290257	0.044353	0	0
0	0	0	0.054369	10.183684	2.97979	10.183684	4788	-3.632211E-12	-2.753144E+11	7.458274E+16	0	0	6.252597	0.044046	0	0
0	0	0	0.053275	10.183735	2.978835	10.183735	4785	-3.438416E-12	-2.908316E+11	7.458274E+16	0	0	6.209373	0.043831	0	0
0	0	0	0.052785	10.183735	2.978401	10.183735	4784	-3.437697E-12	-2.908924E+11	7.458274E+16	0	0	6.121028	0.043508	0	0
0	0	0	0.052	10.183667	2.977687	10.183667	4782	-3.696287E-12	-2.705417E+11	7.458274E+16	0	0	6.074727	0.043261	0	0
0	0	0	0.051396	10.183729	2.977169	10.183729	4780	-3.455078E-12	-2.894291E+11	7.458274E+16	0	0	6.010093	0.04301	0	0
0	0	0	0.050743	10.183994	2.976666	10.183994	4779	-2.704726E-12	-3.697232E+11	7.458274E+16	0	0	5.964863	0.042699	0	0
0	0	0	0.049959	10.183769	2.975907	10.183769	4776	-3.315335E-12	-3.016287E+11	7.458274E+16	0	0	5.931444	0.04236	0	0
0	0	0	0.048897	10.183853	2.97499	10.183853	4774	-3.054477E-12	-3.273883E+11	7.458274E+16	0	0	5.859441	0.042157	0	0
0	0	0	0.048358	10.183972	2.974547	10.183972	4772	-2.751583E-12	-3.634272E+11	7.458274E+16	0	0	5.803434	0.04187	0	0
0	0	0	0.04692	10.183926	2.97326	10.183926	4768	-2.856786E-12	-3.500438E+11	7.458274E+16	0	0	5.756228	0.041702	0	0
0	0	0	0.046708	10.183876	2.973057	10.183876	4768	-2.988246E-12	-3.346444E+11	7.458274E+16	0	0	5.698109	0.041423	0	0
0	0	0	0.045859	10.183831	2.972292	10.183831	4766	-3.114383E-12	-3.210908E+11	7.458274E+16	0	0	5.651464	0.041093	0	0
0	0	0	0.044797	10.184045	2.971413	10.184045	4763	-2.588121E-12	-3.863807E+11	7.458274E+16	0	0	5.599837	0.04077	0	0
0	0	0	0.043833	10.183656	2.970447	10.183656	4761	-3.727061E-12	-2.683079E+11	7.458274E+16	0	0	5.509084	0.040658	0	0
0	0	0	0.04282	10.183521	2.969511	10.183521	4758	-4.39897E-12	-2.273259E+11	7.458274E+16	0	0	5.472107	0.040343	0	0
0	0	0	0.041432	10.183876	2.968382	10.183876	4754	-2.979472E-12	-3.356299E+11	7.458274E+16	0	0	5.446985	0.040096	0	0
0	0	0	0.040354	10.183757	2.967393	10.183757	4752	-3.336465E-12	-2.997184E+11	7.458274E+16	0	0	5.360139	0.039861	0	0
0	0	0	0.039537	10.183972	2.966731	10.183972	4750	-2.738898E-12	-3.651104E+11	7.458274E+16	0	0	5.297855	0.039614	0	0
0	0	0	0.038345	10.183481	2.965534	10.183481	4746	-4.632462E-12	-2.158679E+11	7.458274E+16	0	0	5.263319	0.039291	0	0
0	0	0	0.038214	10.183724	2.965487	10.183724	4746	-3.450851E-12	-2.897836E+11	7.458274E+16	0	0	5.209142	0.039084	0	0
0	0	0	0.036875	10.183848	2.964336	10.183848	4743	-3.050566E-12	-3.278081E+11	7.458274E+16	0	0	5.154446	0.038832	0	0
0	0	0	0.03547	10.183769	2.963069	10.183769	4739	-3.289651E-12	-3.039836E+11	7.458274E+16	0	0	5.074541	0.038725	0	0
0	0	0	0.034702	10.183977	2.962449	10.183977	4737	-2.718613E-12	-3.678346E+11	7.458274E+16	0	0	5.055203	0.038394	0	0
0	0	0	0.033902	10.184039	2.961757	10.184039	4735	-2.584363E-12	-3.869426E+11	7.458274E+16	0	0	4.991903	0.038119	0	0
0	0	0	0.033199	10.183656	2.961025	10.183656	4733	-3.705141E-12	-2.698952E+11	7.458274E+16	0	0	4.947462	0.037916	0	0
0	0	0	0.032268	10.183667	2.960203	10.183667	4731	-3.656867E-12	-2.734582E+11	7.458274E+16	0	0	4.889298	0.037593	0	0
0	0	0	0.031876	10.183712	2.959869	10.183712	4730	-3.48051E-12	-2.873142E+11	7.458274E+16	0	0	4.813354	0.037413	0	0
0	0	0	0.030765	10.183791	2.958907	10.183791	4727	-3.208637E-12	-3.116589E+11	7.458274E+16	0	0	4.745533	0.037226	0	0
0	0	0	0.030553	10.183752	2.958708	10.183752	4727	-3.338032E-12	-2.995777E+11	7.458274E+16	0	0	4.716544	0.036959	0	0
0	0	0	0.0307	10.183667	2.958813	10.183667	4727	-3.653775E-12	-2.736896E+11	7.458274E+16	0	0	4.644674	0.036824	0	0
0	0	0	0.029573	10.18391	2.957885	10.18391	4724	-2.872546E-12	-3.481232E+11	7.458274E+16	0	0	4.617751	0.036469	0	0
0	0	0	0.02923	10.183645	2.957504	10.183645	4723	-3.74515E-12	-2.67012E+11	7.458274E+16	0	0	4.517605	0.036278	0	0
0	0	0	0.028724	10.183583	2.957038	10.183583	4722	-4.031221E-12	-2.480638E+11	7.458274E+16	0	0	4.498372	0.036042	0	0
0	0	0	0.02874	10.183836	2.957125	10.183836	4722	-3.069269E-12	-3.258105E+11	7.458274E+16	0	0	4.372776	0.035931	0	0
0	0	0	0.02776	10.183611	2.956192	10.183611	4720	-3.893913E-12	-2.568111E+11	7.458274E+16	0	0	4.392296	0.035616	0	0
0	0	0	0.027646	10.183757	2.956133	10.183757	4719	-3.313295E-12	-3.018144E+11	7.458274E+16	0	0	4.341345	0.035428	0	0
0	0	0	0.02691	10.1836	2.955436	10.1836	4717	-3.944534E-12	-2.535153E+11	7.458274E+16	0	0	4.27569	0.035106	0	0
0	0	0	0.027188	10.183374	2.955617	10.183374	4718	-5.426088E-12	-1.842948E+11	7.458274E+16	0	0	4.203684	0.035014	0	0
0	0	0	0.027172	10.183836	2.955736	10.183836	4718	-3.066669E-12	-3.260867E+11	7.458274E+16	0	0	4.175449	0.034743	0	0
0	0	0	0.027106	10.183662	2.955628	10.183662	4718	-3.669961E-12	-2.724825E+11	7.458274E+16	0	0	4.095373	0.034552	0	0
0	0	0	0.026943	10.183966	2.955571	10.183966	4717	-2.732724E-12	-3.659352E+11	7.458274E+16	0	0	4.04637	0.03432	0	0
0	0	0	0.026453	10.183904	2.955119	10.183904	4716	-2.881979E-12	-3.469838E+11	7.458274E+16	0	0	4.01731	0.034113	0	0
0	0	0	0.026322	10.183673	2.954936	10.183673	4716	-3.622429E-12	-2.760578E+11	7.458274E+16	0	0	3.930213	0.033926	0	0
0	0	0	0.025685	10.183746	2.954393	10.183746	4714	-3.348141E-12	-2.986732E+11	7.458274E+16	0	0	3.903229	0.033675	0	0
0	0	0	0.026143	10.184124	2.954907	10.184124	4715	-2.412324E-12	-4.145379E+11	7.458274E+16	0	0	3.838592	0.033408	0	0
0	0	0	0.026012	10.183667	2.95466	10.183667	4715	-3.644499E-12	-2.743861E+11	7.458274E+16	0	0	3.733184	0.03334	0	0
0	0	0	0.025685	10.183791	2.954406	10.183791	4714	-3.199812E-12	-3.125183E+11	7.458274E+16	0	0	3.775716	0.033093	0	0
0	0	0	0.025424	10.183718	2.954153	10.183718	4714	-3.448037E-12	-2.900201E+11	7.458274E+16	0	0	3.647733	0.032981	0	0
0	0	0	0.025702	10.183724	2.954401	10.183724	4714	-3.427584E-12	-2.917507E+11	7.458274E+16	0	0	3.608502	0.032654	0	0
0	0	0	0.024999	10.184	2.953858	10.184	4712	-2.65455E-12	-3.767117E+11	7.458274E+16	0	0	3.542353	0.032567	0	0
0	0	0	0.024705	10.18387	2.95356	10.18387	4712	-2.968326E-12	-3.368902E+11	7.458274E+16	0	0	3.504968	0.032208	0	0
0	0	0	0.024052	10.183408	2.952848	10.183408	4710	-5.128192E-12	-1.950005E+11	7.458274E+16	0	0	3.453279	0.03214	0	0
0	0	0	0.023954	10.184045	2.952945	10.184045	4710	-2.559322E-12	-3.907285E+11	7.458274E+16	0	0	3.418477	0.031997	0	0
0	0	0	0.023644	10.183763	2.952589	10.183763	4709	-3.287443E-12	-3.041878E+11	7.458274E+16	0	0	3.343099	0.031785	0	0
0	0	0	0.023203	10.183904	2.952238	10.183904	4708	-2.87709E-12	-3.475734E+11	7.458274E+16	0	0	3.323781	0.031466	0	0
0	0	0	0.02299	10.184079	2.9521	10.184079	4707	-2.491424E-12	-4.013768E+11	7.458274E+16	0	0	3.250306	0.031351	0	0
0	0	0	0.022353	10.18378	2.95145	10.18378	4706	-3.230157E-12	-3.095824E+11	7.458274E+16	0	0	3.215091	0.031172	0	0
0	0	0	0.021504	10.183949	2.950746	10.183949	4704	-2.764389E-12	-3.617435E+11	7.458274E+16	0	0	3.146132	0.03098	0	0
0	0	0	0.021063	10.184062	2.950388	10.184062	4703	-2.521978E-12	-3.965141E+11	7.458274E+16	0	0	3.059699	0.030928	0	0
0	0	0	0.021112	10.183577	2.950292	10.183577	4703	-4.04316E-12	-2.473313E+11	7.458274E+16	0	0	3.053047	0.030566	0	0
0	0	0	0.020671	10.183769	2.949956	10.183769	4702	-3.263967E-12	-3.063757E+11	7.458274E+16	0	0	3.013523	0.030338	0	0
0	0	0	0.020034	10.183735	2.949382	10.183735	4700	-3.377336E-12	-2.960913E+11	7.458274E+16	0	0	2.947724	0.030155	0	0
0	0	0	0.019119	10.183791	2.948588	10.183791	4698	-3.188952E-12	-3.135827E+11	7.458274E+16	0	0	2.909321	0.029928	0	0
0	0	0	0.019364	10.183853	2.948823	10.183853	4698	-3.005851E-12	-3.326845E+11	7.458274E+16	0	0	2.826782	0.029876	0	0
0	0	0	0.018139	10.183921	2.947756	10.183921	4695	-2.826865E-12	-3.537488E+11	7.458274E+16	0	0	2.785571	0.029721	0	0
0	0	0	0.018302	10.183746	2.947851	10.183746	4695	-3.334646E-12	-2.998819E+11	7.458274E+16	0	0	2.745642	0.029517	0	0
0	0	0	0.017485	10.184124	2.947236	10.184124	4694	-2.40158E-12	-4.163925E+11	7.458274E+16	0	0	2.709048	0.029298	0	0
0	0	0	0.016995	10.183887	2.946734	10.183887	4692	-2.910849E-12	-3.435424E+11	7.458274E+16	0	0	2.67772	0.029099	0	0
0	0	0	0.016391	10.184096	2.946258	10.184096	4691	-2.451202E-12	-4.079632E+11	7.458274E+16	0	0	2.597981	0.029015	0	0
0	0	0	0.016048	10.183814	2.945873	10.183814	4690	-3.114532E-12	-3.210755E+11	7.458274E+16	0	0	0	0	0	0
0	0	0	0.015607	10.184005	2.945537	10.184005	4689	-2.629507E-12	-3.802994E+11	7.458274E+16	0	0	0	0	0	0
0	0	0	0.014561	10.184175	2.94466	10.184175	4686	-2.310685E-12	-4.327722E+11	7.458274E+16	0	0	0	0	0	0
0	0	0	0.015003	10.183769	2.944934	10.183769	4687	-3.253554E-12	-3.073562E+11	7.458274E+16	0	0	0	0	0	0
0	0	0	0.014807	10.184039	2.944838	10.184039	4687	-2.558164E-12	-3.909053E+11	7.458274E+16	0	0	0	0	0	0
0	0	0	0.014235	10.184028	2.944328	10.184028	4685	-2.58005E-12	-3.875895E+11	7.458274E+16	0	0	0	0	0	0
0	0	0	0.013336	10.18396	2.943513	10.18396	4683	-2.725911E-12	-3.668499E+11	7.458274E+16	0	0	0	0	0	0
0	0	0	0.013826	10.183926	2.943937	10.183926	4684	-2.806456E-12	-3.563212E+11	7.458274E+16	0	0	0	0	0	0
0	0	0	0.013549	10.183994	2.943711	10.183994	4683	-2.650394E-12	-3.773024E+11	7.458274E+16	0	0	0	0	0	0
0	0	0	0.012993	10.183983	2.943215	10.183983	4682	-2.674526E-12	-3.738981E+11	7.458274E+16	0	0	0	0	0	0
