Vload_(V)	ILoad_(A)	RsLoad_(ohm)	SunsVoc_Voltage_(V)	SunsVoc_Current_(A)	Model_Voltage_(V)	Model_Current_(A)	Carrier_Density_(cm-3)	Lifetime_(s)	Inverse_Lifetime_(s-1)	(Carrier_Density+Doping)/qWni^2_(cm^2/C)	Carrier_Density_at_Vmp_(cm-3)	Lifetime_at_Vmp_(s)	Efficiency_(%)	Intensity_(suns)	Dark_IV_Voltage_(V)	Dark_IV_Current_(A)
3.436279	5.929196	0	46.263557	-0.313382	45.782499	-0.313382	3.309532E+14	3.663299E-5	27297.619169	7.613487E+16	8.82138E+13	3.159568E-5	7.171604	1.130422	0	0
3.468472	5.938891	-1.906633	46.111139	0.115238	46.270211	0.115238	3.052608E+14	3.628014E-5	27563.137034	7.601438E+16	0	0	7.152772	1.127577	0	0
4.583142	5.897286	5.121545	45.958001	0.528028	46.604817	0.528028	2.814221E+14	3.600312E-5	27775.23866	7.590258E+16	0	0	7.176206	1.123468	0	0
8.1249	5.715893	5.42941	45.805354	0.903694	46.772356	0.903694	2.594837E+14	3.567799E-5	28028.369748	7.579969E+16	0	0	7.191086	1.121882	0	0
12.092223	5.345857	5.458299	45.657052	1.242914	46.799976	1.242914	2.397854E+14	3.535608E-5	28283.58676	7.57073E+16	0	0	7.172839	1.119634	0	0
15.978369	4.567569	5.925667	45.511004	1.555812	46.71106	1.555812	2.21829E+14	3.504858E-5	28531.748063	7.562309E+16	0	0	7.179312	1.114597	0	0
19.937977	4.461782	5.214013	45.369791	1.842055	46.526657	1.842055	2.057309E+14	3.478159E-5	28750.767831	7.554759E+16	0	0	7.193956	1.107691	0	0
23.878541	4.292859	4.553657	45.227827	2.108564	46.248287	2.108564	1.907109E+14	3.449133E-5	28992.731585	7.547715E+16	0	0	7.210357	1.101458	0	0
27.829125	4.205214	3.734698	45.085225	2.358674	45.88539	2.358674	1.767155E+14	3.419894E-5	29240.621973	7.541151E+16	0	0	7.21989	1.095967	0	0
31.781513	4.169522	2.829533	44.943735	2.592502	45.450969	2.592502	1.638343E+14	3.3928E-5	29474.138356	7.53511E+16	0	0	7.217414	1.088455	0	0
32.91964	4.157873	2.567229	44.801771	2.809682	44.946705	2.809682	1.518448E+14	3.363433E-5	29731.489027	7.529487E+16	0	0	7.24174	1.079006	0	0
34.080955	4.143537	2.300134	44.656735	3.016535	44.368347	3.016535	1.404938E+14	3.333012E-5	30002.859778	7.524164E+16	0	0	7.264931	1.069581	0	0
35.22537	4.116112	2.043897	44.515065	3.205541	43.747741	3.205541	1.302193E+14	3.303641E-5	30269.601362	7.519345E+16	0	0	7.279265	1.060511	0	0
36.353795	4.092757	1.786692	44.381954	3.374872	43.118201	3.374872	1.212461E+14	3.279907E-5	30488.647875	7.515137E+16	0	0	7.294809	1.051274	0	0
37.531728	4.066724	1.516083	44.249513	3.5298	42.453321	3.5298	1.129276E+14	3.252129E-5	30749.064333	7.511236E+16	0	0	7.312598	1.0409	0	0
38.670118	4.029513	1.258407	44.117382	3.675867	41.753961	3.675867	1.051936E+14	3.225778E-5	31000.257624	7.507609E+16	0	0	7.334493	1.030579	0	0
39.813727	3.994561	0.991419	43.984189	3.813447	41.016854	3.813447	9.793021E+13	3.198322E-5	31266.377813	7.504202E+16	0	0	7.36241	1.020923	0	0
40.942685	3.857161	0.771379	43.850833	3.942919	40.249142	3.942919	9.115751E+13	3.17119E-5	31533.886029	7.501026E+16	0	0	7.379056	1.011366	0	0
41.993506	3.610153	0.600024	43.716824	4.066293	39.449431	4.066293	8.482094E+13	3.146173E-5	31784.639338	7.498054E+16	0	0	7.400047	1.001563	0	0
43.037691	3.253388	0.434783	43.586359	4.179361	38.64696	4.179361	7.907331E+13	3.122501E-5	32025.604361	7.495359E+16	0	0	7.424034	0.991588	0	0
43.917629	2.775612	0.31779	43.458198	4.283462	37.838649	4.283462	7.380478E+13	3.098807E-5	32270.475847	7.492888E+16	0	0	7.446833	0.982056	0	0
44.67875	2.173676	0.237973	43.329497	4.381141	37.009581	4.381141	6.886581E+13	3.073881E-5	32532.153311	7.490571E+16	0	0	7.470316	0.972715	0	0
45.310961	1.406995	0.216711	43.203508	4.471866	36.180957	4.471866	6.43499E+13	3.051122E-5	32774.81618	7.488453E+16	0	0	7.489116	0.963166	0	0
39.114011	4.027361	1.149482	43.083449	4.556636	35.372593	4.556636	6.032134E+13	3.036752E-5	32929.912157	7.486564E+16	0	0	7.511191	0.953319	0	0
46.154176	0	0	42.95679	4.635887	34.515939	4.635887	5.634345E+13	3.010307E-5	33219.193874	7.484699E+16	0	0	7.534838	0.943663	0	0
0	0	0	42.833398	4.709026	33.669704	4.709026	5.271974E+13	2.985538E-5	33494.800287	7.482999E+16	0	0	7.556133	0.934362	0	0
0	0	0	42.712538	4.777395	32.829839	4.777395	4.939573E+13	2.963341E-5	33745.694443	7.48144E+16	0	0	7.577108	0.924985	0	0
0	0	0	42.59238	4.841883	31.985861	4.841883	4.629821E+13	2.942247E-5	33987.621913	7.479987E+16	0	0	7.597128	0.915663	0	0
0	0	0	42.473432	4.902408	31.142542	4.902408	4.34227E+13	2.922171E-5	34221.126366	7.478639E+16	0	0	7.615335	0.90629	0	0
0	0	0	42.355185	4.958985	30.29845	4.958985	4.074075E+13	2.901566E-5	34464.142729	7.477381E+16	0	0	7.634135	0.897085	0	0
0	0	0	42.238801	5.011597	29.462229	5.011597	3.826246E+13	2.881306E-5	34706.475766	7.476219E+16	0	0	7.652192	0.887931	0	0
0	0	0	42.122008	5.06101	28.619606	5.06101	3.592668E+13	2.859393E-5	34972.458363	7.475123E+16	0	0	7.667347	0.878845	0	0
0	0	0	42.005199	5.10748	27.773368	5.10748	3.373289E+13	2.836623E-5	35253.183139	7.474094E+16	0	0	7.685698	0.869807	0	0
0	0	0	41.889795	5.151619	26.931635	5.151619	3.16968E+13	2.816708E-5	35502.43055	7.47314E+16	0	0	7.701039	0.861147	0	0
0	0	0	41.776433	5.192729	26.101516	5.192729	2.981622E+13	2.797491E-5	35746.309899	7.472258E+16	0	0	7.716198	0.852738	0	0
0	0	0	41.662727	5.231018	25.268613	5.231018	2.804182E+13	2.775297E-5	36032.173282	7.471425E+16	0	0	7.724563	0.844481	0	0
0	0	0	41.551292	5.267183	24.448181	5.267183	2.640518E+13	2.756084E-5	36283.364865	7.470658E+16	0	0	7.72737	0.836144	0	0
0	0	0	41.43989	5.301287	23.626706	5.301287	2.486435E+13	2.736214E-5	36546.853815	7.469935E+16	0	0	7.681583	0.827807	0	0
0	0	0	41.330269	5.333272	22.816294	5.333272	2.343582E+13	2.717434E-5	36799.425849	7.469265E+16	0	0	7.568877	0.819654	0	0
0	0	0	41.220581	5.363495	22.004658	5.363495	2.208847E+13	2.698039E-5	37063.950976	7.468633E+16	0	0	7.437058	0.811552	0	0
0	0	0	41.112757	5.391722	21.205717	5.391722	2.083941E+13	2.679156E-5	37325.193567	7.468048E+16	0	0	7.283884	0.803486	0	0
0	0	0	41.0032	5.418297	20.395631	5.418297	1.964253E+13	2.656634E-5	37641.612978	7.467486E+16	0	0	7.099996	0.79556	0	0
0	0	0	40.896796	5.443459	19.605729	5.443459	1.854586E+13	2.638248E-5	37903.936754	7.466972E+16	0	0	6.893333	0.787777	0	0
0	0	0	40.790164	5.46725	18.81441	5.46725	1.750818E+13	2.618903E-5	38183.921921	7.466485E+16	0	0	6.667425	0.780101	0	0
0	0	0	40.684479	5.489872	18.028991	5.489872	1.653696E+13	2.601001E-5	38446.728708	7.46603E+16	0	0	6.428717	0.772482	0	0
0	0	0	40.579414	5.511128	17.248596	5.511128	1.56248E+13	2.582482E-5	38722.439788	7.465602E+16	0	0	6.184507	0.764974	0	0
0	0	0	40.474938	5.531448	16.471622	5.531448	1.47676E+13	2.565495E-5	38978.834122	7.4652E+16	0	0	5.925158	0.757629	0	0
0	0	0	40.371376	5.55178	15.696351	5.55178	1.396428E+13	2.556629E-5	39114.012473	7.464823E+16	0	0	5.65385	0.750336	0	0
0	0	0	40.267472	5.570197	14.923238	5.570197	1.320218E+13	2.541099E-5	39353.048374	7.464466E+16	0	0	5.374067	0.743159	0	0
0	0	0	40.164482	5.587501	14.157524	5.587501	1.248781E+13	2.525321E-5	39598.918976	7.464131E+16	0	0	5.091422	0.736026	0	0
0	0	0	40.059679	5.604171	13.379082	5.604171	1.180049E+13	2.508727E-5	39860.852017	7.463808E+16	0	0	4.804478	0.729048	0	0
0	0	0	39.957065	5.619503	12.618282	5.619503	1.116418E+13	2.490949E-5	40145.344164	7.46351E+16	0	0	4.506635	0.722122	0	0
0	0	0	39.854728	5.634073	11.85994	5.634073	1.056373E+13	2.473339E-5	40431.167025	7.463228E+16	0	0	4.212279	0.715395	0	0
0	0	0	39.753372	5.647846	11.109211	5.647846	1.000086E+13	2.456179E-5	40713.650028	7.462964E+16	0	0	3.920221	0.708716	0	0
0	0	0	39.652718	5.66088	10.36421	5.66088	9.471552E+12	2.439182E-5	40997.348328	7.462716E+16	0	0	3.625759	0.701933	0	0
0	0	0	39.552129	5.673344	9.619996	5.673344	8.97056E+12	2.422703E-5	41276.21567	7.462481E+16	0	0	3.332158	0.695373	0	0
0	0	0	39.452357	5.685183	8.882128	5.685183	8.499803E+12	2.406938E-5	41546.561537	7.46226E+16	0	0	3.036435	0.688838	0	0
0	0	0	39.354104	5.696514	8.154947	5.696514	8.060351E+12	2.393646E-5	41777.266917	7.462054E+16	0	0	2.740774	0.682414	0	0
0	0	0	39.25528	5.707158	7.425452	5.707158	7.641247E+12	2.377969E-5	42052.689731	7.461858E+16	0	0	2.456165	0.675954	0	0
0	0	0	39.154054	5.716998	6.682052	5.716998	7.234533E+12	2.355808E-5	42448.282352	7.461667E+16	0	0	2.174372	0.669717	0	0
0	0	0	39.056422	5.72653	5.962898	5.72653	6.862771E+12	2.339845E-5	42737.864662	7.461493E+16	0	0	1.909132	0.663472	0	0
0	0	0	38.95946	5.735426	5.250154	5.735426	6.512461E+12	2.322351E-5	43059.80778	7.461328E+16	0	0	1.652002	0.657387	0	0
0	0	0	38.862285	5.743984	4.536228	5.743984	6.179316E+12	2.305378E-5	43376.841443	7.461172E+16	0	0	1.408583	0.651258	0	0
0	0	0	38.765698	5.752196	3.826745	5.752196	5.865071E+12	2.289648E-5	43674.833937	7.461025E+16	0	0	1.1764	0.645145	0	0
0	0	0	38.669732	5.760018	3.122302	5.760018	5.568668E+12	2.27445E-5	43966.667919	7.460886E+16	0	0	0.966926	0.639131	0	0
0	0	0	38.573407	5.767168	2.418087	5.767168	5.286213E+12	2.254361E-5	44358.470456	7.460753E+16	0	0	0.776148	0.633185	0	0
0	0	0	38.477473	5.774226	1.715747	5.774226	5.019143E+12	2.237957E-5	44683.604375	7.460628E+16	0	0	0.612089	0.627335	0	0
0	0	0	38.381213	5.78104	1.011367	5.78104	4.764721E+12	2.222229E-5	44999.86603	7.460509E+16	0	0	0.472479	0.621589	0	0
0	0	0	38.284202	5.787461	0.303073	5.787461	4.521356E+12	2.204252E-5	45366.866132	7.460395E+16	0	0	0.354313	0.61583	0	0
0	0	0	38.187272	5.793481	-0.403253	5.793481	4.290607E+12	2.18454E-5	45776.228664	7.460286E+16	0	0	0.258189	0.610187	0	0
0	0	0	38.091878	5.799149	-1.097813	5.799149	4.075011E+12	2.165199E-5	46185.1416	7.460185E+16	0	0	0.184506	0.604568	0	0
0	0	0	37.995912	5.804701	-1.796615	5.804701	3.869051E+12	2.147443E-5	46567.018498	7.460089E+16	0	0	0.130531	0.599057	0	0
0	0	0	37.900665	5.810086	-2.490382	5.810086	3.674925E+12	2.131914E-5	46906.204893	7.459998E+16	0	0	0.088418	0.593505	0	0
0	0	0	37.80581	5.815086	-3.179769	5.815086	3.491276E+12	2.114121E-5	47300.976619	7.459912E+16	0	0	0.060031	0.588126	0	0
0	0	0	37.710187	5.819938	-3.874362	5.819938	3.315428E+12	2.096787E-5	47692.017399	7.459829E+16	0	0	0.040847	0.582777	0	0
0	0	0	37.614564	5.824453	-4.56746	5.824453	3.148434E+12	2.077011E-5	48146.102716	7.459751E+16	0	0	0.026863	0.577334	0	0
0	0	0	37.520068	5.828883	-5.253012	5.828883	2.991673E+12	2.060747E-5	48526.082689	7.459677E+16	0	0	0.017501	0.571814	0	0
0	0	0	37.423938	5.833107	-5.949189	5.833107	2.840206E+12	2.042419E-5	48961.540973	7.459606E+16	0	0	0.012012	0.566614	0	0
0	0	0	37.328953	5.837025	-6.635966	5.837025	2.698074E+12	2.022683E-5	49439.294915	7.45954E+16	0	0	0.008177	0.561341	0	0
0	0	0	37.231435	5.840924	-7.340894	5.840924	2.559548E+12	2.003589E-5	49910.439576	7.459475E+16	0	0	0.005893	0.556161	0	0
0	0	0	37.134946	5.844622	-8.037909	5.844622	2.429484E+12	1.984937E-5	50379.435802	7.459414E+16	0	0	0.004607	0.55112	0	0
0	0	0	37.038817	5.848042	-8.730975	5.848042	2.306477E+12	1.96384E-5	50920.65304	7.459356E+16	0	0	0.002848	0.546086	0	0
0	0	0	36.942785	5.85161	-9.42521	5.85161	2.189812E+12	1.95027E-5	51274.94549	7.459301E+16	0	0	0.001361	0.541149	0	0
0	0	0	36.846591	5.854732	-10.117685	5.854732	2.078865E+12	1.929065E-5	51838.589654	7.459249E+16	0	0	0.001373	0.536227	0	0
0	0	0	36.749563	5.857744	-10.815672	5.857744	1.972649E+12	1.907679E-5	52419.730708	7.459199E+16	0	0	0.001077	0.531313	0	0
0	0	0	36.651768	5.86073	-11.519367	5.86073	1.871083E+12	1.88837E-5	52955.735207	7.459152E+16	0	0	0.001863	0.526535	0	0
0	0	0	36.554135	5.863509	-12.220798	5.863509	1.774903E+12	1.867082E-5	53559.5146	7.459107E+16	0	0	0.00047	0.521737	0	0
0	0	0	36.455834	5.86628	-12.927372	5.86628	1.683056E+12	1.84845E-5	54099.38602	7.459064E+16	0	0	-0.000632	0.517031	0	0
0	0	0	36.357336	5.869055	-13.63589	5.869055	1.595793E+12	1.833464E-5	54541.565839	7.459023E+16	0	0	-0.000478	0.512312	0	0
0	0	0	36.256257	5.871445	-14.359613	5.871445	1.510945E+12	1.807838E-5	55314.688044	7.458983E+16	0	0	-0.000482	0.507602	0	0
0	0	0	36.157073	5.873842	-15.070691	5.873842	1.432073E+12	1.787663E-5	55938.950951	7.458946E+16	0	0	0.000324	0.502943	0	0
0	0	0	36.056729	5.876051	-15.788672	5.876051	1.356468E+12	1.763672E-5	56699.874573	7.45891E+16	0	0	0.002126	0.498341	0	0
0	0	0	35.956451	5.878318	-16.507166	5.878318	1.284899E+12	1.745067E-5	57304.378389	7.458877E+16	0	0	0.00198	0.493742	0	0
0	0	0	35.853265	5.880691	-17.247334	5.880691	1.215195E+12	1.731135E-5	57765.584766	7.458844E+16	0	0	-4.545888E-18	0.489282	0	0
0	0	0	35.75052	5.882562	-17.98034	5.882562	1.149546E+12	1.70331E-5	58709.225009	7.458813E+16	0	0	0.000168	0.484779	0	0
0	0	0	35.648592	5.884318	-18.706979	5.884318	1.087923E+12	1.675068E-5	59699.057974	7.458784E+16	0	0	0.000339	0.48038	0	0
0	0	0	35.547073	5.886155	-19.431895	5.886155	1.029831E+12	1.653309E-5	60484.772252	7.458757E+16	0	0	0.000854	0.476012	0	0
0	0	0	35.443495	5.887983	-20.171453	5.887983	9.737565E+11	1.632603E-5	61251.860775	7.458731E+16	0	0	0.000862	0.471684	0	0
0	0	0	35.341011	5.88961	-20.90185	5.88961	9.2128E+11	1.608125E-5	62184.231553	7.458706E+16	0	0	0.000348	0.46746	0	0
0	0	0	35.240128	5.891211	-21.621159	5.891211	8.72386E+11	1.586965E-5	63013.352543	7.458683E+16	0	0	-0.00263	0.463367	0	0
0	0	0	35.141075	5.892667	-22.326609	5.892667	8.26904E+11	1.564179E-5	63931.30745	7.458662E+16	0	0	0.001415	0.459211	0	0
0	0	0	35.041418	5.894076	-23.036113	5.894076	7.835372E+11	1.541623E-5	64866.681568	7.458642E+16	0	0	-0.000892	0.455122	0	0
0	0	0	34.941662	5.895455	-23.746286	5.895455	7.424052E+11	1.520397E-5	65772.301474	7.458622E+16	0	0	0.002338	0.451021	0	0
0	0	0	34.842723	5.896831	-24.450997	5.896831	7.03743E+11	1.502472E-5	66556.990102	7.458604E+16	0	0	0.001089	0.446849	0	0
0	0	0	34.741644	5.898049	-25.169331	5.898049	6.66323E+11	1.478199E-5	67649.903568	7.458587E+16	0	0	0.001831	0.442756	0	0
0	0	0	34.641007	5.899046	-25.882571	5.899046	6.31043E+11	1.446238E-5	69144.93336	7.45857E+16	0	0	-0.000554	0.438723	0	0
0	0	0	34.539307	5.90022	-26.60527	5.90022	5.972881E+11	1.424365E-5	70206.719928	7.458554E+16	0	0	0.001304	0.434865	0	0
0	0	0	34.4347	5.901244	-27.346952	5.901244	5.644507E+11	1.395345E-5	71666.844693	7.458539E+16	0	0	-0.000188	0.430892	0	0
0	0	0	34.330616	5.902402	-28.086619	5.902402	5.335694E+11	1.376009E-5	72673.937371	7.458524E+16	0	0	0.002463	0.427082	0	0
0	0	0	34.225895	5.90352	-28.830564	5.90352	5.042039E+11	1.356926E-5	73696.002081	7.458511E+16	0	0	0.000191	0.423296	0	0
0	0	0	34.11936	5.904307	-29.583844	5.904307	4.759878E+11	1.321482E-5	75672.598133	7.458497E+16	0	0	-0.000193	0.419471	0	0
0	0	0	34.011796	5.905281	-30.346527	5.905281	4.491007E+11	1.297598E-5	77065.460117	7.458485E+16	0	0	0.000778	0.415769	0	0
0	0	0	33.902158	5.906455	-31.126135	5.906455	4.232575E+11	1.286049E-5	77757.50821	7.458473E+16	0	0	0.00098	0.412106	0	0
0	0	0	33.791132	5.907205	-31.911008	5.907205	3.98602E+11	1.25246E-5	79842.86578	7.458461E+16	0	0	-0.000198	0.408432	0	0
0	0	0	33.678178	5.908077	-32.710895	5.908077	3.749919E+11	1.226898E-5	81506.391115	7.45845E+16	0	0	-0.000598	0.404845	0	0
0	0	0	33.563721	5.908889	-33.520825	5.908889	3.524937E+11	1.19943E-5	83372.929252	7.45844E+16	0	0	0.004223	0.401215	0	0
0	0	0	33.444609	5.909574	-34.362052	5.909574	3.305125E+11	1.163867E-5	85920.46506	7.458429E+16	0	0	0.00223	0.39772	0	0
0	0	0	33.325774	5.910399	-35.203136	5.910399	3.099485E+11	1.139392E-5	87766.068577	7.45842E+16	0	0	0.000409	0.394249	0	0
0	0	0	33.204245	5.911156	-36.062476	5.911156	2.902408E+11	1.111696E-5	89952.645856	7.45841E+16	0	0	0.001856	0.390794	0	0
0	0	0	33.081	5.911834	-36.933072	5.911834	2.715343E+11	1.080642E-5	92537.580853	7.458402E+16	0	0	-0.00104	0.387355	0	0
0	0	0	32.953884	5.912665	-37.832784	5.912665	2.535024E+11	1.059654E-5	94370.41705	7.458393E+16	0	0	0.001887	0.383943	0	0
0	0	0	32.825412	5.9133	-38.739819	5.9133	2.364945E+11	1.028045E-5	97271.975558	7.458385E+16	0	0	0.002115	0.380584	0	0
0	0	0	32.693673	5.913856	-39.668928	5.913856	2.202384E+11	9.920875E-6	100797.562161	7.458377E+16	0	0	0.002132	0.377288	0	0
0	0	0	32.557932	5.914353	-40.625478	5.914353	2.046565E+11	9.527668E-6	104957.476839	7.45837E+16	0	0	0.00086	0.374028	0	0
0	0	0	32.418728	5.915146	-41.61011	5.915146	1.898213E+11	9.335385E-6	107119.31268	7.458363E+16	0	0	-0.001301	0.370764	0	0
0	0	0	32.277418	5.915702	-42.606733	5.915702	1.75861E+11	9.005204E-6	111046.905926	7.458357E+16	0	0	0.000219	0.367529	0	0
0	0	0	32.131778	5.91615	-43.632449	5.91615	1.625467E+11	8.609207E-6	116154.721864	7.45835E+16	0	0	-0.001543	0.364396	0	0
0	0	0	31.982496	5.916801	-44.686445	5.916801	1.499448E+11	8.358973E-6	119631.91692	7.458345E+16	0	0	0.001778	0.361208	0	0
0	0	0	31.836464	5.91718	-45.714294	5.91718	1.385631E+11	7.967809E-6	125505.019194	7.458339E+16	0	0	0.001568	0.358179	0	0
0	0	0	31.678606	5.917824	-46.828628	5.917824	1.272294E+11	7.730615E-6	129355.810509	7.458334E+16	0	0	0.001582	0.354987	0	0
0	0	0	31.515227	5.918261	-47.979074	5.918261	1.164746E+11	7.360319E-6	135863.668585	7.458329E+16	0	0	0.00205	0.351919	0	0
0	0	0	31.348712	5.91866	-49.151105	5.91866	1.064483E+11	6.981011E-6	143245.731128	7.458324E+16	0	0	0.001838	0.348882	0	0
0	0	0	31.17746	5.919107	-50.357139	5.919107	9.70362E+10	6.646012E-6	150466.169256	7.45832E+16	0	0	-0.000926	0.345913	0	0
0	0	0	31.000147	5.919692	-51.607718	5.919692	8.816703E+10	6.410417E-6	155996.101257	7.458316E+16	0	0	-0.000934	0.343	0	0
0	0	0	30.817591	5.920031	-52.891772	5.920031	7.988176E+10	6.022902E-6	166032.917641	7.458312E+16	0	0	0.001648	0.339991	0	0
0	0	0	30.62806	5.920485	-54.22648	5.920485	7.210271E+10	5.719695E-6	174834.486089	7.458308E+16	0	0	0.001662	0.337082	0	0
0	0	0	30.43309	5.920897	-55.598866	5.920897	6.48901E+10	5.402617E-6	185095.484432	7.458305E+16	0	0	-0.000479	0.334221	0	0
0	0	0	30.233154	5.921173	-57.004237	5.921173	5.824243E+10	5.016362E-6	199347.667767	7.458302E+16	0	0	0.000724	0.331383	0	0
0	0	0	30.026325	5.921768	-58.462792	5.921768	5.208135E+10	4.844988E-6	206398.846508	7.458299E+16	0	0	0.001216	0.328582	0	0
0	0	0	29.811296	5.922005	-59.973658	5.922005	4.636602E+10	4.455591E-6	224437.12546	7.458296E+16	0	0	-0.00049	0.325796	0	0
0	0	0	29.587985	5.922312	-61.543742	5.922312	4.10935E+10	4.124499E-6	242453.697107	7.458293E+16	0	0	0.004203	0.322959	0	0
0	0	0	29.360868	5.922529	-63.139262	5.922529	3.634568E+10	3.766939E-6	265467.50349	7.458291E+16	0	0	0.001247	0.320082	0	0
0	0	0	29.124915	5.923025	-64.801258	5.923025	3.199322E+10	3.582542E-6	279131.407173	7.458289E+16	0	0	0.000755	0.317149	0	0
0	0	0	28.880238	5.923272	-66.520632	5.923272	2.802948E+10	3.269489E-6	305858.215504	7.458287E+16	0	0	0.004312	0.314435	0	0
0	0	0	28.625287	5.923588	-68.313294	5.923588	2.442081E+10	3.008951E-6	332341.738651	7.458286E+16	0	0	-0.000767	0.311832	0	0
0	0	0	28.363525	5.923841	-70.152843	5.923841	2.119854E+10	2.735516E-6	365561.704611	7.458284E+16	0	0	-0.001547	0.309118	0	0
0	0	0	28.095277	5.924068	-72.037554	5.924068	1.833705E+10	2.471048E-6	404686.5482	7.458283E+16	0	0	-0.00052	0.306576	0	0
0	0	0	27.815155	5.924364	-74.006843	5.924364	1.576031E+10	2.2539E-6	443675.405869	7.458282E+16	0	0	-0.000786	0.303978	0	0
0	0	0	27.52742	5.924621	-76.028991	5.924621	1.349004E+10	2.037389E-6	490824.246323	7.458281E+16	0	0	0.001056	0.301383	0	0
0	0	0	27.230538	5.924854	-78.115027	5.924854	1.148984E+10	1.828629E-6	546857.702403	7.45828E+16	0	0	-0.000532	0.298893	0	0
0	0	0	26.923234	5.925019	-80.273043	5.925019	9.731241E+9	1.609753E-6	621213.165324	7.458279E+16	0	0	0.001073	0.29635	0	0
0	0	0	26.60796	5.925453	-82.492018	5.925453	8.206368E+9	1.514744E-6	660177.350901	7.458278E+16	0	0	0.000812	0.293776	0	0
0	0	0	26.284272	5.925555	-84.764061	5.925555	6.88904E+9	1.307247E-6	764966.537451	7.458277E+16	0	0	0.002454	0.291365	0	0
0	0	0	25.950213	5.925814	-87.111923	5.925814	5.75084E+9	1.175032E-6	851040.68639	7.458277E+16	0	0	-0.001375	0.288862	0	0
0	0	0	25.608525	5.925956	-89.51117	5.925956	4.780936E+9	1.019488E-6	980884.58738	7.458276E+16	0	0	0.003326	0.286395	0	0
0	0	0	25.258229	5.92612	-91.971348	5.92612	3.956158E+9	8.886854E-7	1125257.545041	7.458276E+16	0	0	-9.36988E-18	0.283952	0	0
0	0	0	24.899079	5.926238	-94.492816	5.926238	3.258036E+9	7.611542E-7	1313794.183667	7.458276E+16	0	0	0.003944	0.281577	0	0
0	0	0	24.533771	5.926416	-97.058777	5.926416	2.67419E+9	6.646203E-7	1504618.601222	7.458275E+16	0	0	-0.001136	0.27923	0	0
0	0	0	24.158663	5.926626	-99.694301	5.926626	2.183372E+9	5.870184E-7	1703524.057772	7.458275E+16	0	0	0.001718	0.276867	0	0
0	0	0	23.777216	5.926757	-102.372768	5.926757	1.776541E+9	5.033779E-7	1986579.119278	7.458275E+16	0	0	0.001732	0.274516	0	0
0	0	0	23.390428	5.926794	-105.086741	5.926794	1.441348E+9	4.145598E-7	2412197.484941	7.458275E+16	0	0	0.001163	0.272252	0	0
0	0	0	22.99678	5.927145	-107.855823	5.927145	1.165069E+9	3.9248E-7	2547900.51803	7.458275E+16	0	0	0.001467	0.269865	0	0
0	0	0	22.599015	5.927348	-110.650742	5.927348	9.396542E+8	3.514183E-7	2845611.974781	7.458275E+16	0	0	0.003548	0.267629	0	0
0	0	0	22.197004	5.927322	-113.470363	5.927322	7.561143E+8	2.788258E-7	3586468.690359	7.458275E+16	0	0	-0.002683	0.265362	0	0
0	0	0	21.79117	5.927526	-116.322129	5.927526	6.071688E+8	2.511836E-7	3981152.337121	7.458274E+16	0	0	-0.004207	0.26307	0	0
0	0	0	21.383081	5.927591	-119.186608	5.927591	4.869701E+8	2.097046E-7	4768613.634658	7.458274E+16	0	0	0.002423	0.260938	0	0
0	0	0	20.973294	5.927697	-122.064009	5.927697	3.902081E+8	1.798083E-7	5561477.914745	7.458274E+16	0	0	-6.372603E-18	0.258738	0	0
0	0	0	20.563981	5.927762	-124.937208	5.927762	3.12753E+8	1.507172E-7	6634944.671315	7.458274E+16	0	0	0.002154	0.25659	0	0
0	0	0	20.152708	5.927953	-127.827326	5.927953	2.50407E+8	1.391462E-7	7186686.364781	7.458274E+16	0	0	0.004962	0.254538	0	0
0	0	0	19.743884	5.928051	-130.69808	5.928051	2.007551E+8	1.211496E-7	8254255.709318	7.458274E+16	0	0	0.003439	0.252398	0	0
0	0	0	19.336058	5.92809	-133.560402	5.92809	1.610352E+8	1.006428E-7	9936130.223114	7.458274E+16	0	0	-0.000315	0.250338	0	0
0	0	0	18.933246	5.928192	-136.389206	5.928192	1.295246E+8	8.915415E-8	1.121653E+7	7.458274E+16	0	0	-0.000953	0.248206	0	0
0	0	0	18.532965	5.928084	-139.19474	5.928084	1.043225E+8	6.481554E-8	1.54284E+7	7.458274E+16	0	0	0.0016	0.246257	0	0
0	0	0	18.137781	5.928192	-141.970281	5.928192	8.425594E+7	5.799604E-8	1.724256E+7	7.458274E+16	0	0	0.002579	0.244332	0	0
0	0	0	17.747825	5.928343	-144.710403	5.928343	6.824174E+7	5.52875E-8	1.808727E+7	7.458274E+16	0	0	0.002599	0.24234	0	0
0	0	0	17.362197	5.92852	-147.421002	5.92852	5.540078E+7	5.665671E-8	1.765016E+7	7.458274E+16	0	0	0.001637	0.240367	0	0
0	0	0	16.986549	5.928455	-150.054868	5.928455	4.52194E+7	4.215028E-8	2.372464E+7	7.458274E+16	0	0	0.00099	0.238462	0	0
0	0	0	16.617566	5.928573	-152.64717	5.928573	3.704233E+7	4.107456E-8	2.434597E+7	7.458274E+16	0	0	-0.00133	0.236569	0	0
0	0	0	16.252029	5.928665	-155.214619	5.928665	3.040052E+7	3.95405E-8	2.529052E+7	7.458274E+16	0	0	-5.506206E-18	0.23464	0	0
0	0	0	15.893795	5.928675	-157.728499	5.928675	2.504828E+7	3.319439E-8	3.012557E+7	7.458274E+16	0	0	0.005066	0.232743	0	0
0	0	0	15.540966	5.928714	-160.205325	5.928714	2.069875E+7	2.967143E-8	3.370245E+7	7.458274E+16	0	0	0.003403	0.230874	0	0
0	0	0	15.19642	5.928681	-162.621904	5.928681	1.718125E+7	2.305928E-8	4.336649E+7	7.458274E+16	0	0	-0.001029	0.229001	0	0
0	0	0	14.858146	5.928858	-165.00082	5.928858	1.430994E+7	2.928628E-8	3.414568E+7	7.458274E+16	0	0	-0.001037	0.227168	0	0
0	0	0	14.52487	5.928812	-167.337939	5.928812	1.195073E+7	2.152848E-8	4.64501E+7	7.458274E+16	0	0	0.002437	0.225395	0	0
0	0	0	14.198831	5.92873	-169.623132	5.92873	1.001959E+7	1.486926E-8	6.725284E+7	7.458274E+16	0	0	0.000702	0.223538	0	0
0	0	0	13.87962	5.928812	-171.865504	5.928812	8431570	1.518899E-8	6.583717E+7	7.458274E+16	0	0	0.000707	0.221673	0	0
0	0	0	13.564378	5.928849	-174.078623	5.928849	7110478	1.413988E-8	7.072196E+7	7.458274E+16	0	0	0.003922	0.21986	0	0
0	0	0	13.257107	5.928878	-176.235622	5.928878	6022274	1.308843E-8	7.640337E+7	7.458274E+16	0	0	0.002515	0.21803	0	0
0	0	0	12.958559	5.928845	-178.329422	5.928845	5124720	1.009568E-8	9.905229E+7	7.458274E+16	0	0	0.001086	0.216313	0	0
0	0	0	12.659651	5.928914	-180.429036	5.928914	4360090	1.068969E-8	9.354808E+7	7.458274E+16	0	0	-0.001095	0.214547	0	0
0	0	0	12.369777	5.929029	-182.466818	5.929029	3727704	1.542606E-8	6.482535E+7	7.458274E+16	0	0	-0.001103	0.212754	0	0
0	0	0	12.084084	5.928885	-184.46673	5.928885	3194251	7.08854E-9	1.410728E+8	7.458274E+16	0	0	0.004819	0.211024	0	0
0	0	0	11.801919	5.929026	-186.451348	5.929026	2742363	1.112978E-8	8.984901E+7	7.458274E+16	0	0	0.002615	0.209291	0	0
0	0	0	11.526942	5.928901	-188.37665	5.928901	2363570	5.536919E-9	1.806059E+8	7.458274E+16	0	0	0.0064	0.207589	0	0
0	0	0	11.256784	5.929049	-190.27733	5.929049	2042411	9.581916E-9	1.043633E+8	7.458274E+16	0	0	-0.001138	0.20588	0	0
0	0	0	10.990807	5.929105	-192.145599	5.929105	1768884	1.335882E-8	7.485692E+7	7.458274E+16	0	0	0.00153	0.204134	0	0
0	0	0	10.72826	5.92916	-193.989828	5.92916	1534833	2.970236E-8	3.366736E+7	7.458274E+16	0	0	0.003084	0.202532	0	0
0	0	0	10.472933	5.929187	-195.782396	5.929187	1336959	9.774018E-8	1.023121E+7	7.458274E+16	0	0	0.003884	0.200886	0	0
0	0	0	10.221462	5.929236	-197.548731	5.929236	1167024	-2.027422E-8	-4.932372E+7	7.458274E+16	0	0	0.001566	0.199213	0	0
0	0	0	9.973257	5.929141	-199.287071	5.929141	1020490	1.272911E-8	7.856009E+7	7.458274E+16	0	0	0.000395	0.197535	0	0
0	0	0	9.729626	5.92918	-200.998051	5.92918	894563	3.859657E-8	2.590903E+7	7.458274E+16	0	0	0.001989	0.195929	0	0
0	0	0	9.490895	5.929173	-202.673019	5.929173	786256	2.406221E-8	4.155894E+7	7.458274E+16	0	0	0.002004	0.194371	0	0
0	0	0	9.25566	5.929206	-204.324874	5.929206	692369	-4.672549E-8	-2.140159E+7	7.458274E+16	0	0	0.001212	0.192737	0	0
0	0	0	9.02183	5.929193	-205.965221	5.929193	610156	1.459822E-7	6850148.042051	7.458274E+16	0	0	0.003665	0.191151	0	0
0	0	0	8.794321	5.929219	-207.56264	5.929219	539546	-1.595565E-8	-6.267371E+7	7.458274E+16	0	0	0.00082	0.189704	0	0
0	0	0	8.571288	5.929354	-209.132641	5.929354	478264	-2.092696E-9	-4.778525E+8	7.458274E+16	0	0	0.005374	0.188142	0	0
0	0	0	8.351701	5.929141	-210.665666	5.929141	424732	5.297921E-9	1.887533E+8	7.458274E+16	0	0	0.002084	0.186584	0	0
0	0	0	8.134712	5.929157	-212.188909	5.929157	377722	6.694508E-9	1.493762E+8	7.458274E+16	0	0	0.002939	0.185081	0	0
0	0	0	7.922019	5.929347	-213.688514	5.929347	336696	-1.537137E-9	-6.505601E+8	7.458274E+16	0	0	0.000846	0.183619	0	0
0	0	0	7.713229	5.929233	-215.149333	5.929233	300760	-5.694817E-9	-1.755983E+8	7.458274E+16	0	0	-0.001279	0.182148	0	0
0	0	0	7.508589	5.929338	-216.5893	5.929338	269263	-1.314806E-9	-7.605682E+8	7.458274E+16	0	0	-0.001289	0.180678	0	0
0	0	0	7.307085	5.929334	-218.003187	5.929334	241474	-1.207107E-9	-8.284267E+8	7.458274E+16	0	0	-0.000433	0.179323	0	0
0	0	0	7.107737	5.929285	-219.400187	5.929285	216805	-1.68323E-9	-5.940957E+8	7.458274E+16	0	0	0.004797	0.177872	0	0
0	0	0	6.911934	5.929413	-220.779099	5.929413	195029	-6.210551E-10	-1.610163E+9	7.458274E+16	0	0	0.001757	0.176557	0	0
0	0	0	6.719888	5.929383	-222.125617	5.929383	175797	-6.48018E-10	-1.543167E+9	7.458274E+16	0	0	0.002654	0.17521	0	0
0	0	0	6.530292	5.92937	-223.455567	5.92937	158672	-6.289354E-10	-1.589988E+9	7.458274E+16	0	0	-0.002673	0.173919	0	0
0	0	0	6.34442	5.929406	-224.761296	5.929406	143504	-4.712315E-10	-2.122099E+9	7.458274E+16	0	0	0.005836	0.17252	0	0
0	0	0	6.159789	5.929377	-226.055757	5.929377	129873	-4.961048E-10	-2.015703E+9	7.458274E+16	0	0	0.001809	0.171217	0	0
0	0	0	5.980076	5.929226	-227.310926	5.929226	117849	-2.720791E-9	-3.675402E+8	7.458274E+16	0	0	0.006378	0.16987	0	0
0	0	0	5.803531	5.929406	-228.556905	5.929406	107122	-3.51762E-10	-2.842831E+9	7.458274E+16	0	0	-0.001836	0.168563	0	0
0	0	0	5.630008	5.929351	-229.772362	5.929351	97531	-4.35814E-10	-2.294557E+9	7.458274E+16	0	0	0.002312	0.16726	0	0
0	0	0	5.460798	5.929397	-230.961595	5.929397	89005	-3.06616E-10	-3.261408E+9	7.458274E+16	0	0	0.003261	0.165957	0	0
0	0	0	5.290868	5.929531	-232.159435	5.929531	81193	-1.674062E-10	-5.973495E+9	7.458274E+16	0	0	0.009382	0.164737	0	0
0	0	0	5.126722	5.929321	-233.302886	5.929321	74299	-4.103872E-10	-2.436723E+9	7.458274E+16	0	0	0.006143	0.163478	0	0
0	0	0	4.96576	5.929383	-234.434914	5.929383	68107	-2.510541E-10	-3.983205E+9	7.458274E+16	0	0	0.004283	0.162242	0	0
0	0	0	4.806857	5.929469	-235.55345	5.929469	62501	-1.583234E-10	-6.316185E+9	7.458274E+16	0	0	0.004795	0.160987	0	0
0	0	0	4.64975	5.9294	-236.653128	5.9294	57412	-1.945965E-10	-5.138839E+9	7.458274E+16	0	0	0.004348	0.159728	0	0
0	0	0	4.495845	5.929331	-237.730317	5.929331	52829	-2.705098E-10	-3.696723E+9	7.458274E+16	0	0	0.005352	0.15854	0	0
0	0	0	4.341712	5.929482	-238.818107	5.929482	48606	-1.174724E-10	-8.51264E+9	7.458274E+16	0	0	0.00245	0.157341	0	0
0	0	0	4.191335	5.929489	-239.873635	5.929489	44811	-1.058701E-10	-9.44554E+9	7.458274E+16	0	0	0.002468	0.156161	0	0
0	0	0	4.042543	5.929403	-240.91425	5.929403	41347	-1.379243E-10	-7.250355E+9	7.458274E+16	0	0	0.00497	0.155021	0	0
0	0	0	3.89576	5.929436	-241.945639	5.929436	38194	-1.099823E-10	-9.092374E+9	7.458274E+16	0	0	0.003505	0.153818	0	0
0	0	0	3.749728	5.929341	-242.96644	5.929341	35294	-1.684338E-10	-5.937052E+9	7.458274E+16	0	0	0.010592	0.152638	0	0
0	0	0	3.606098	5.929354	-243.974884	5.929354	32658	-1.428985E-10	-6.997973E+9	7.458274E+16	0	0	-1.917126E-17	0.151526	0	0
0	0	0	3.461977	5.929495	-244.992134	5.929495	30210	-6.980729E-11	-1.432515E+10	7.458274E+16	0	0	0.003579	0.150439	0	0
0	0	0	3.316125	5.929561	-246.018402	5.929561	27919	-5.290191E-11	-1.890291E+10	7.458274E+16	0	0	-0.003092	0.149227	0	0
0	0	0	3.171694	5.929498	-247.029317	5.929498	25823	-5.902235E-11	-1.694273E+10	7.458274E+16	0	0	-0.003114	0.148123	0	0
0	0	0	3.028211	5.929456	-248.034398	5.929456	23895	-6.358937E-11	-1.57259E+10	7.458274E+16	0	0	-9.634344E-18	0.146987	0	0
0	0	0	2.884254	5.9294	-249.042233	5.9294	22107	-7.49311E-11	-1.334559E+10	7.458274E+16	0	0	0.000527	0.145868	0	0
0	0	0	2.747876	5.929479	-250.002602	5.929479	20535	-5.020586E-11	-1.991799E+10	7.458274E+16	0	0	-0.003181	0.144835	0	0
0	0	0	2.61911	5.929423	-250.903822	5.929423	19155	-5.835017E-11	-1.713791E+10	7.458274E+16	0	0	-0.002136	0.143763	0	0
0	0	0	2.497809	5.929472	-251.757147	5.929472	17939	-4.490169E-11	-2.227088E+10	7.458274E+16	0	0	0.004302	0.142679	0	0
0	0	0	2.381441	5.929567	-252.577843	5.929567	16845	-3.135417E-11	-3.189368E+10	7.458274E+16	0	0	0.005418	0.141548	0	0
0	0	0	2.273878	5.929626	-253.335219	5.929626	15893	-2.552118E-11	-3.918315E+10	7.458274E+16	0	0	0.005456	0.140512	0	0
0	0	0	2.17226	5.929485	-254.042232	5.929485	15044	-3.594617E-11	-2.781938E+10	7.458274E+16	0	0	0.004397	0.139448	0	0
0	0	0	2.076212	5.929403	-254.712687	5.929403	14283	-4.764487E-11	-2.098862E+10	7.458274E+16	0	0	0.006085	0.138491	0	0
0	0	0	1.986274	5.929472	-255.346808	5.929472	13605	-3.40536E-11	-2.936547E+10	7.458274E+16	0	0	0.002787	0.137407	0	0
0	0	0	1.899684	5.92939	-255.950878	5.92939	12983	-4.623857E-11	-2.162697E+10	7.458274E+16	0	0	0.00786	0.136351	0	0
0	0	0	1.81953	5.929489	-256.517636	5.929489	12432	-2.937173E-11	-3.404634E+10	7.458274E+16	0	0	0.007351	0.135323	0	0
0	0	0	1.744782	5.929492	-257.042313	5.929492	11940	-2.789632E-11	-3.584703E+10	7.458274E+16	0	0	0.004556	0.134307	0	0
0	0	0	1.671277	5.929538	-257.560145	5.929538	11475	-2.320504E-11	-4.309409E+10	7.458274E+16	0	0	0.003442	0.133271	0	0
0	0	0	1.601446	5.929518	-258.049318	5.929518	11050	-2.371202E-11	-4.217271E+10	7.458274E+16	0	0	0.008662	0.132354	0	0
0	0	0	1.532824	5.929446	-258.527703	5.929446	10648	-2.945323E-11	-3.395213E+10	7.458274E+16	0	0	0.001744	0.131414	0	0
0	0	0	1.469021	5.929429	-258.974714	5.929429	10286	-3.045219E-11	-3.283836E+10	7.458274E+16	0	0	0.002343	0.130401	0	0
0	0	0	1.410118	5.929623	-259.396573	5.929623	9964	-1.612328E-11	-6.202212E+10	7.458274E+16	0	0	0.007079	0.129425	0	0
0	0	0	1.352408	5.929548	-259.798235	5.929548	9658	-1.898368E-11	-5.267683E+10	7.458274E+16	0	0	0.002378	0.128365	0	0
0	0	0	1.298046	5.929436	-260.174797	5.929436	9378	-2.70046E-11	-3.703073E+10	7.458274E+16	0	0	0.009581	0.1274	0	0
0	0	0	1.24571	5.929571	-260.548001	5.929571	9117	-1.682108E-11	-5.944921E+10	7.458274E+16	0	0	0.00482	0.126568	0	0
0	0	0	1.195988	5.929449	-260.891563	5.929449	8875	-2.423065E-11	-4.127004E+10	7.458274E+16	0	0	0.004855	0.125603	0	0
0	0	0	1.149467	5.929502	-261.220344	5.929502	8654	-1.95676E-11	-5.110488E+10	7.458274E+16	0	0	0.001835	0.124607	0	0
0	0	0	1.102962	5.929534	-261.548142	5.929534	8440	-1.723309E-11	-5.802788E+10	7.458274E+16	0	0	0.005541	0.123726	0	0
0	0	0	1.060639	5.929495	-261.843397	5.929495	8249	-1.906125E-11	-5.246246E+10	7.458274E+16	0	0	-0.00248	0.122837	0	0
0	0	0	1.019149	5.929567	-262.137755	5.929567	8066	-1.501352E-11	-6.660663E+10	7.458274E+16	0	0	0.008743	0.121885	0	0
0	0	0	0.979015	5.929561	-262.419106	5.929561	7893	-1.495594E-11	-6.686308E+10	7.458274E+16	0	0	0.001887	0.120976	0	0
0	0	0	0.941902	5.929672	-262.684503	5.929672	7736	-1.122414E-11	-8.909372E+10	7.458274E+16	0	0	0.003799	0.120136	0	0
0	0	0	0.904937	5.929534	-262.937778	5.929534	7583	-1.548324E-11	-6.458596E+10	7.458274E+16	0	0	-0.0051	0.119263	0	0
0	0	0	0.869736	5.929423	-263.179833	5.929423	7440	-2.266381E-11	-4.412321E+10	7.458274E+16	0	0	0.003209	0.11841	0	0
0	0	0	0.837148	5.929475	-263.410852	5.929475	7310	-1.808213E-11	-5.530323E+10	7.458274E+16	0	0	-0.000646	0.117529	0	0
0	0	0	0.805573	5.929646	-263.640037	5.929646	7186	-1.103444E-11	-9.062538E+10	7.458274E+16	0	0	0.005207	0.11668	0	0
0	0	0	0.774342	5.929521	-263.853644	5.929521	7066	-1.500984E-11	-6.662296E+10	7.458274E+16	0	0	0.008522	0.115824	0	0
0	0	0	0.745201	5.929511	-264.0577	5.929511	6956	-1.523735E-11	-6.562819E+10	7.458274E+16	0	0	0.009245	0.114923	0	0
0	0	0	0.717154	5.929462	-264.252316	5.929462	6851	-1.778237E-11	-5.623546E+10	7.458274E+16	0	0	-0.004653	0.114138	0	0
0	0	0	0.690904	5.929492	-264.437842	5.929492	6754	-1.577988E-11	-6.337185E+10	7.458274E+16	0	0	0.002677	0.113305	0	0
0	0	0	0.664312	5.929659	-264.631944	5.929659	6658	-9.933881E-12	-1.006656E+11	7.458274E+16	0	0	0.002697	0.112452	0	0
0	0	0	0.638405	5.929344	-264.799643	5.929344	6566	-3.064048E-11	-3.263657E+10	7.458274E+16	0	0	0.012222	0.111603	0	0
0	0	0	0.613282	5.929456	-264.980934	5.929456	6477	-1.723659E-11	-5.801612E+10	7.458274E+16	0	0	0.015731	0.110755	0	0
0	0	0	0.590495	5.929429	-265.139662	5.929429	6397	-1.893862E-11	-5.280216E+10	7.458274E+16	0	0	0.011706	0.109977	0	0
0	0	0	0.570142	5.929377	-265.280132	5.929377	6328	-2.417247E-11	-4.136938E+10	7.458274E+16	0	0	0.001386	0.109236	0	0
0	0	0	0.547829	5.929364	-265.436122	5.929364	6252	-2.575087E-11	-3.883364E+10	7.458274E+16	0	0	0.005583	0.108423	0	0
0	0	0	0.526317	5.92959	-265.597246	5.92959	6179	-1.083095E-11	-9.232799E+10	7.458274E+16	0	0	0.002812	0.107606	0	0
0	0	0	0.507532	5.929485	-265.724354	5.929485	6117	-1.461597E-11	-6.84183E+10	7.458274E+16	0	0	-0.000708	0.106853	0	0
0	0	0	0.488388	5.929498	-265.859287	5.929498	6054	-1.383733E-11	-7.226829E+10	7.458274E+16	0	0	0.005703	0.10602	0	0
0	0	0	0.470632	5.929406	-265.979758	5.929406	5996	-1.968937E-11	-5.078882E+10	7.458274E+16	0	0	0.009331	0.105267	0	0
0	0	0	0.454526	5.929406	-266.092779	5.929406	5944	-1.951862E-11	-5.123314E+10	7.458274E+16	0	0	-1.556579E-17	0.104506	0	0
0	0	0	0.436198	5.929443	-266.223013	5.929443	5885	-1.649509E-11	-6.062411E+10	7.458274E+16	0	0	0.002183	0.103749	0	0
0	0	0	0.42055	5.929324	-266.32751	5.929324	5836	-3.141088E-11	-3.18361E+10	7.458274E+16	0	0	0.000733	0.103011	0	0
0	0	0	0.404183	5.929656	-266.457281	5.929656	5785	-8.692946E-12	-1.150358E+11	7.458274E+16	0	0	-0.001476	0.10223	0	0
0	0	0	0.389661	5.929511	-266.552687	5.929511	5739	-1.257147E-11	-7.954517E+10	7.458274E+16	0	0	0.005944	0.101505	0	0
0	0	0	0.374796	5.929439	-266.653746	5.929439	5693	-1.617221E-11	-6.183445E+10	7.458274E+16	0	0	0.004489	0.100752	0	0
0	0	0	0.362104	5.929439	-266.742811	5.929439	5654	-1.606143E-11	-6.226097E+10	7.458274E+16	0	0	0.00226	0.100035	0	0
0	0	0	0.347338	5.929489	-266.848652	5.929489	5610	-1.325414E-11	-7.544815E+10	7.458274E+16	0	0	0.010622	0.099289	0	0
0	0	0	0.335675	5.929485	-266.930348	5.929485	5574	-1.331853E-11	-7.508338E+10	7.458274E+16	0	0	-0.004583	0.098584	0	0
0	0	0	0.321774	5.929525	-267.029671	5.929525	5532	-1.163389E-11	-8.595575E+10	7.458274E+16	0	0	-1.314691E-17	0.097895	0	0
0	0	0	0.310095	5.929472	-267.109262	5.929472	5498	-1.376161E-11	-7.266592E+10	7.458274E+16	0	0	0.00697	0.097169	0	0
0	0	0	0.29675	5.92941	-267.200099	5.92941	5458	-1.764749E-11	-5.666529E+10	7.458274E+16	0	0	0.013255	0.096472	0	0
0	0	0	0.286099	5.929452	-267.276761	5.929452	5427	-1.46272E-11	-6.836577E+10	7.458274E+16	0	0	0.011782	0.095731	0	0
0	0	0	0.275809	5.929511	-267.351642	5.929511	5397	-1.182231E-11	-8.458583E+10	7.458274E+16	0	0	0.008702	0.095013	0	0
0	0	0	0.26377	5.929439	-267.432863	5.929439	5362	-1.523194E-11	-6.565153E+10	7.458274E+16	0	0	0.001592	0.094364	0	0
0	0	0	0.254084	5.92959	-267.507653	5.92959	5334	-9.349781E-12	-1.069544E+11	7.458274E+16	0	0	0.001603	0.093698	0	0
0	0	0	0.244103	5.929505	-267.573837	5.929505	5305	-1.186772E-11	-8.42622E+10	7.458274E+16	0	0	-0.008874	0.093065	0	0
0	0	0	0.233077	5.929561	-267.653732	5.929561	5274	-9.993362E-12	-1.000664E+11	7.458274E+16	0	0	0.004066	0.092287	0	0
0	0	0	0.224828	5.929469	-267.707467	5.929469	5250	-1.329895E-11	-7.519388E+10	7.458274E+16	0	0	0.002456	0.091658	0	0
0	0	0	0.216155	5.929426	-267.766406	5.929426	5226	-1.569247E-11	-6.372484E+10	7.458274E+16	0	0	0.014014	0.090976	0	0
0	0	0	0.205357	5.929482	-267.844696	5.929482	5195	-1.255542E-11	-7.964685E+10	7.458274E+16	0	0	0.013282	0.090315	0	0
0	0	0	0.196814	5.929521	-267.906426	5.929521	5171	-1.098442E-11	-9.103807E+10	7.458274E+16	0	0	-0.000835	0.089709	0	0
0	0	0	0.18868	5.929443	-267.959949	5.929443	5148	-1.442935E-11	-6.93032E+10	7.458274E+16	0	0	0.006727	0.089091	0	0
0	0	0	0.17981	5.92942	-268.021152	5.92942	5124	-1.583792E-11	-6.313959E+10	7.458274E+16	0	0	0.000847	0.088394	0	0
0	0	0	0.171626	5.929351	-268.075462	5.929351	5101	-2.279364E-11	-4.387188E+10	7.458274E+16	0	0	-2.782791E-17	0.087808	0	0
0	0	0	0.164749	5.929426	-268.127134	5.929426	5082	-1.526007E-11	-6.553051E+10	7.458274E+16	0	0	0.0103	0.087179	0	0
0	0	0	0.158069	5.929492	-268.176987	5.929492	5064	-1.18314E-11	-8.452083E+10	7.458274E+16	0	0	-1.843124E-17	0.086513	0	0
0	0	0	0.148758	5.929561	-268.245444	5.929561	5039	-9.548076E-12	-1.047331E+11	7.458274E+16	0	0	-1.720442E-17	0.085887	0	0
0	0	0	0.141489	5.92959	-268.297791	5.92959	5019	-8.797628E-12	-1.13667E+11	7.458274E+16	0	0	0.000876	0.085333	0	0
0	0	0	0.136147	5.929383	-268.325913	5.929383	5004	-1.84456E-11	-5.421347E+10	7.458274E+16	0	0	0.007942	0.084668	0	0
0	0	0	0.130251	5.929489	-268.372049	5.929489	4988	-1.17846E-11	-8.485648E+10	7.458274E+16	0	0	0.003551	0.084142	0	0
0	0	0	0.12339	5.929577	-268.424205	5.929577	4970	-9.011832E-12	-1.109652E+11	7.458274E+16	0	0	0.010742	0.083405	0	0
0	0	0	0.115991	5.929534	-268.4742	5.929534	4950	-1.010709E-11	-9.894047E+10	7.458274E+16	0	0	0.012597	0.08295	0	0
0	0	0	0.110518	5.929472	-268.509775	5.929472	4936	-1.235491E-11	-8.093947E+10	7.458274E+16	0	0	0.00997	0.082317	0	0
0	0	0	0.105863	5.929492	-268.543336	5.929492	4923	-1.150197E-11	-8.69416E+10	7.458274E+16	0	0	0.005474	0.081747	0	0
0	0	0	0.100342	5.929377	-268.576875	5.929377	4908	-1.874818E-11	-5.333852E+10	7.458274E+16	0	0	0.002755	0.081193	0	0
0	0	0	0.09389	5.929443	-268.625127	5.929443	4891	-1.3709E-11	-7.294477E+10	7.458274E+16	0	0	-0.002773	0.080619	0	0
0	0	0	0.087813	5.929528	-268.671635	5.929528	4875	-1.015082E-11	-9.851417E+10	7.458274E+16	0	0	0.019557	0.079993	0	0
0	0	0	0.082913	5.929462	-268.703049	5.929462	4862	-1.261975E-11	-7.924087E+10	7.458274E+16	0	0	0.019663	0.079535	0	0
0	0	0	0.078829	5.929528	-268.734681	5.929528	4852	-1.010293E-11	-9.898116E+10	7.458274E+16	0	0	-0.006603	0.078913	0	0
0	0	0	0.074125	5.929511	-268.76695	5.929511	4839	-1.059999E-11	-9.433968E+10	7.458274E+16	0	0	0.0038	0.078336	0	0
0	0	0	0.069388	5.929531	-268.801085	5.929531	4827	-9.952455E-12	-1.004777E+11	7.458274E+16	0	0	-0.003822	0.077853	0	0
0	0	0	0.0647	5.929377	-268.826988	5.929377	4815	-1.839293E-11	-5.436873E+10	7.458274E+16	0	0	0.006737	0.077272	0	0
0	0	0	0.059603	5.929508	-268.868705	5.929508	4801	-1.062732E-11	-9.409714E+10	7.458274E+16	0	0	0.01453	0.076741	0	0
0	0	0	0.055095	5.92959	-268.904064	5.92959	4790	-8.396222E-12	-1.191012E+11	7.458274E+16	0	0	0.001951	0.076176	0	0
0	0	0	0.051518	5.929557	-268.927679	5.929557	4780	-9.139563E-12	-1.094144E+11	7.458274E+16	0	0	0.005888	0.075693	0	0
0	0	0	0.048757	5.929443	-268.94184	5.929443	4774	-1.338106E-11	-7.473249E+10	7.458274E+16	0	0	0.001976	0.075147	0	0
0	0	0	0.04585	5.929344	-268.957777	5.929344	4766	-2.224071E-11	-4.496259E+10	7.458274E+16	0	0	0.0199	0.074601	0	0
0	0	0	0.042207	5.929472	-268.989145	5.929472	4757	-1.190687E-11	-8.398513E+10	7.458274E+16	0	0	-0.003004	0.074111	0	0
0	0	0	0.038858	5.9294	-269.009368	5.9294	4748	-1.609322E-11	-6.213796E+10	7.458274E+16	0	0	0.015112	0.073625	0	0
0	0	0	0.034448	5.929426	-269.041508	5.929426	4737	-1.422411E-11	-7.030315E+10	7.458274E+16	0	0	0.01524	0.07298	0	0
0	0	0	0.029874	5.929528	-269.078221	5.929528	4725	-9.838491E-12	-1.016416E+11	7.458274E+16	0	0	0.007147	0.072597	0	0
0	0	0	0.026297	5.929492	-269.101686	5.929492	4716	-1.101834E-11	-9.075774E+10	7.458274E+16	0	0	0.004115	0.072031	0	0
0	0	0	0.024125	5.92941	-269.113207	5.92941	4710	-1.522896E-11	-6.566437E+10	7.458274E+16	0	0	-0.006207	0.071593	0	0
0	0	0	0.021658	5.929456	-269.132601	5.929456	4704	-1.251828E-11	-7.988316E+10	7.458274E+16	0	0	0.008329	0.071118	0	0
0	0	0	0.01911	5.929443	-269.149887	5.929443	4698	-1.316804E-11	-7.594144E+10	7.458274E+16	0	0	-0.008392	0.070557	0	0
0	0	0	0.016447	5.929531	-269.172594	5.929531	4691	-9.672046E-12	-1.033907E+11	7.458274E+16	0	0	0.009506	0.07005	0	0
0	0	0	0.014062	5.929505	-269.188138	5.929505	4685	-1.048073E-11	-9.541323E+10	7.458274E+16	0	0	0.01063	0.06958	0	0
0	0	0	0.010714	5.92939	-269.206421	5.92939	4676	-1.665343E-11	-6.004767E+10	7.458274E+16	0	0	-2.279094E-17	0.069154	0	0
0	0	0	0.007823	5.929364	-269.225518	5.929364	4669	-1.923077E-11	-5.199999E+10	7.458274E+16	0	0	0.0043	0.068743	0	0
0	0	0	0.005013	5.929426	-269.248065	5.929426	4662	-1.399891E-11	-7.143415E+10	7.458274E+16	0	0	0.010826	0.068245	0	0
0	0	0	0.00137	5.929538	-269.278694	5.929538	4653	-9.409415E-12	-1.062765E+11	7.458274E+16	0	0	0.005452	0.067727	0	0
0	0	0	-0.001978	5.929561	-269.303236	5.929561	4644	-8.799616E-12	-1.136413E+11	7.458274E+16	0	0	0.017563	0.067257	0	0
0	0	0	-0.004869	5.929541	-269.322631	5.929541	4637	-9.287856E-12	-1.076675E+11	7.458274E+16	0	0	0.00774	0.066743	0	0
0	0	0	-0.007303	5.929515	-269.338518	5.929515	4631	-1.003991E-11	-9.960248E+10	7.458274E+16	0	0	-0.003337	0.06632	0	0
0	0	0	-0.009476	5.929361	-269.346757	5.929361	4626	-1.943383E-11	-5.145667E+10	7.458274E+16	0	0	0.002241	0.06583	0	0
0	0	0	-0.011158	5.929544	-269.366912	5.929544	4621	-9.168588E-12	-1.09068E+11	7.458274E+16	0	0	0.004513	0.06534	0	0
0	0	0	-0.014017	5.929308	-269.376237	5.929308	4614	-2.847294E-11	-3.512107E+10	7.458274E+16	0	0	0.017029	0.064918	0	0
0	0	0	-0.01632	5.929554	-269.403581	5.929554	4608	-8.891435E-12	-1.124678E+11	7.458274E+16	0	0	0.017163	0.064384	0	0
0	0	0	-0.01944	5.929505	-269.423239	5.929505	4601	-1.029281E-11	-9.715518E+10	7.458274E+16	0	0	0.003454	0.063961	0	0
0	0	0	-0.022397	5.929387	-269.438618	5.929387	4593	-1.663928E-11	-6.009875E+10	7.458274E+16	0	0	-2.80648E-17	0.063487	0	0
0	0	0	-0.02519	5.929702	-269.472535	5.929702	4587	-6.266622E-12	-1.595756E+11	7.458274E+16	0	0	0.002335	0.063021	0	0
0	0	0	-0.028097	5.929511	-269.48429	5.929511	4579	-1.003045E-11	-9.969638E+10	7.458274E+16	0	0	0.00235	0.062614	0	0
0	0	0	-0.03076	5.929518	-269.503272	5.929518	4572	-9.810981E-12	-1.019266E+11	7.458274E+16	0	0	0.005918	0.062136	0	0
0	0	0	-0.033684	5.929623	-269.528564	5.929623	4565	-7.38687E-12	-1.353753E+11	7.458274E+16	0	0	0.009527	0.061733	0	0
0	0	0	-0.035824	5.929551	-269.540299	5.929551	4560	-8.880196E-12	-1.126101E+11	7.458274E+16	0	0	-0.005998	0.061255	0	0
0	0	0	-0.037849	5.929554	-269.554662	5.929554	4555	-8.789168E-12	-1.137764E+11	7.458274E+16	0	0	0.009656	0.060861	0	0
0	0	0	-0.039385	5.929528	-269.564243	5.929528	4552	-9.478267E-12	-1.055045E+11	7.458274E+16	0	0	-3.775174E-17	0.060466	0	0
0	0	0	-0.040838	5.929731	-269.583694	5.929731	4548	-5.870525E-12	-1.703425E+11	7.458274E+16	0	0	0.012225	0.060052	0	0
0	0	0	-0.043354	5.929466	-269.589264	5.929466	4541	-1.164304E-11	-8.588824E+10	7.458274E+16	0	0	-0.003688	0.059689	0	0
0	0	0	-0.045624	5.929482	-269.605943	5.929482	4536	-1.096273E-11	-9.121811E+10	7.458274E+16	0	0	-1.840152E-17	0.059311	0	0
0	0	0	-0.04747	5.929521	-269.620686	5.929521	4532	-9.62703E-12	-1.038742E+11	7.458274E+16	0	0	-2.378606E-17	0.058872	0	0
0	0	0	-0.049708	5.929554	-269.637882	5.929554	4526	-8.73321E-12	-1.145054E+11	7.458274E+16	0	0	-2.728358E-17	0.05847	0	0
0	0	0	-0.051766	5.929557	-269.652474	5.929557	4521	-8.644344E-12	-1.156826E+11	7.458274E+16	0	0	0.016414	0.058039	0	0
0	0	0	-0.05402	5.929472	-269.664413	5.929472	4515	-1.130114E-11	-8.848666E+10	7.458274E+16	0	0	0.006352	0.057661	0	0
0	0	0	-0.05585	5.929534	-269.680087	5.929534	4511	-9.210722E-12	-1.085691E+11	7.458274E+16	0	0	0.002556	0.057302	0	0
0	0	0	-0.058088	5.929423	-269.690717	5.929423	4506	-1.372623E-11	-7.285323E+10	7.458274E+16	0	0	-0.00514	0.056967	0	0
0	0	0	-0.059705	5.92941	-269.701468	5.92941	4502	-1.455643E-11	-6.869817E+10	7.458274E+16	0	0	0.00259	0.056513	0	0
0	0	0	-0.060914	5.929331	-269.706369	5.929331	4499	-2.303704E-11	-4.340836E+10	7.458274E+16	0	0	-2.834628E-17	0.056158	0	0
0	0	0	-0.062335	5.929534	-269.725594	5.929534	4495	-9.178052E-12	-1.089556E+11	7.458274E+16	0	0	0.010496	0.05574	0	0
0	0	0	-0.064066	5.929452	-269.734013	5.929452	4491	-1.210444E-11	-8.261434E+10	7.458274E+16	0	0	-2.696588E-17	0.055377	0	0
0	0	0	-0.064965	5.929544	-269.744497	5.929544	4489	-8.906685E-12	-1.122752E+11	7.458274E+16	0	0	0.011973	0.054927	0	0
0	0	0	-0.066124	5.929416	-269.746815	5.929416	4486	-1.407249E-11	-7.106061E+10	7.458274E+16	0	0	-0.008022	0.054632	0	0
0	0	0	-0.06619	5.929525	-269.752199	5.929525	4486	-9.434137E-12	-1.05998E+11	7.458274E+16	0	0	0.014822	0.05419	0	0
0	0	0	-0.067856	5.929525	-269.763891	5.929525	4482	-9.425725E-12	-1.060926E+11	7.458274E+16	0	0	0.009487	0.053863	0	0
0	0	0	-0.069179	5.929544	-269.774071	5.929544	4478	-8.88486E-12	-1.12551E+11	7.458274E+16	0	0	0.016356	0.053532	0	0
0	0	0	-0.069473	5.92939	-269.769119	5.92939	4478	-1.594826E-11	-6.270275E+10	7.458274E+16	0	0	0.004117	0.053153	0	0
0	0	0	-0.070028	5.929387	-269.772867	5.929387	4477	-1.621904E-11	-6.165592E+10	7.458274E+16	0	0	0.002759	0.052851	0	0
0	0	0	-0.0714	5.929452	-269.785481	5.929452	4473	-1.205592E-11	-8.294679E+10	7.458274E+16	0	0	0.006938	0.052532	0	0
0	0	0	-0.072364	5.929564	-269.797319	5.929564	4471	-8.396249E-12	-1.191008E+11	7.458274E+16	0	0	-0.00419	0.052169	0	0
0	0	0	-0.07305	5.929403	-269.794819	5.929403	4469	-1.490758E-11	-6.707998E+10	7.458274E+16	0	0	0.015467	0.051803	0	0
0	0	0	-0.073949	5.929551	-269.807841	5.929551	4467	-8.699086E-12	-1.149546E+11	7.458274E+16	0	0	0.002833	0.051408	0	0
0	0	0	-0.075386	5.929495	-269.815391	5.929495	4464	-1.031512E-11	-9.694508E+10	7.458274E+16	0	0	0.004269	0.051157	0	0
0	0	0	-0.07684	5.929567	-269.828877	5.929567	4460	-8.30155E-12	-1.204594E+11	7.458274E+16	0	0	0.004301	0.050758	0	0
0	0	0	-0.078114	5.929423	-269.831249	5.929423	4457	-1.357696E-11	-7.365417E+10	7.458274E+16	0	0	0.007216	0.050404	0	0
0	0	0	-0.078473	5.929433	-269.834218	5.929433	4456	-1.300928E-11	-7.686822E+10	7.458274E+16	0	0	0.008706	0.050117	0	0
0	0	0	-0.079715	5.92941	-269.841885	5.92941	4453	-1.4398E-11	-6.945411E+10	7.458274E+16	0	0	0.002917	0.04983	0	0
0	0	0	-0.081887	5.929439	-269.858474	5.929439	4448	-1.263552E-11	-7.914198E+10	7.458274E+16	0	0	0.022035	0.049467	0	0
0	0	0	-0.082622	5.929315	-269.857958	5.929315	4446	-2.591704E-11	-3.858465E+10	7.458274E+16	0	0	0.014766	0.049196	0	0
0	0	0	-0.084158	5.929387	-269.872018	5.929387	4442	-1.609225E-11	-6.214173E+10	7.458274E+16	0	0	0.017844	0.048834	0	0
0	0	0	-0.085023	5.929416	-269.879437	5.929416	4441	-1.393133E-11	-7.178066E+10	7.458274E+16	0	0	0.005972	0.048614	0	0
0	0	0	-0.086853	5.929548	-269.898248	5.929548	4436	-8.719362E-12	-1.146873E+11	7.458274E+16	0	0	0.007527	0.0482	0	0
0	0	0	-0.088176	5.929475	-269.904248	5.929475	4433	-1.096554E-11	-9.119482E+10	7.458274E+16	0	0	0.00303	0.047873	0	0
0	0	0	-0.089581	5.929505	-269.91545	5.929505	4430	-9.910271E-12	-1.009054E+11	7.458274E+16	0	0	0.028985	0.047534	0	0
0	0	0	-0.090626	5.929511	-269.923085	5.929511	4427	-9.697493E-12	-1.031194E+11	7.458274E+16	0	0	0.012266	0.047279	0	0
0	0	0	-0.091557	5.929479	-269.928125	5.929479	4425	-1.081865E-11	-9.243299E+10	7.458274E+16	0	0	0.00926	0.046953	0	0
0	0	0	-0.092831	5.929597	-269.942442	5.929597	4422	-7.624224E-12	-1.311609E+11	7.458274E+16	0	0	-0.007751	0.046729	0	0
0	0	0	-0.093714	5.929548	-269.946392	5.929548	4420	-8.687912E-12	-1.151024E+11	7.458274E+16	0	0	-0.010926	0.046395	0	0
0	0	0	-0.094759	5.929498	-269.951488	5.929498	4417	-1.009572E-11	-9.90519E+10	7.458274E+16	0	0	0.00157	0.04612	0	0
0	0	0	-0.095723	5.929459	-269.956459	5.929459	4415	-1.160255E-11	-8.618794E+10	7.458274E+16	0	0	0.015797	0.045809	0	0
0	0	0	-0.096572	5.929508	-269.96466	5.929508	4413	-9.768454E-12	-1.023703E+11	7.458274E+16	0	0	0.031794	0.045506	0	0
0	0	0	-0.097519	5.92937	-269.965035	5.92937	4410	-1.748011E-11	-5.720787E+10	7.458274E+16	0	0	0.022395	0.045207	0	0
0	0	0	-0.098026	5.929426	-269.971127	5.929426	4409	-1.323921E-11	-7.553323E+10	7.458274E+16	0	0	0.003218	0.044936	0	0
0	0	0	-0.098973	5.929452	-269.978971	5.929452	4407	-1.187803E-11	-8.418902E+10	7.458274E+16	0	0	-0.004862	0.044589	0	0
0	0	0	-0.099529	5.929439	-269.982271	5.929439	4406	-1.251621E-11	-7.98964E+10	7.458274E+16	0	0	-0.013021	0.044386	0	0
0	0	0	-0.10046	5.92963	-269.997468	5.92963	4404	-7.01847E-12	-1.424812E+11	7.458274E+16	0	0	0.009833	0.044067	0	0
0	0	0	-0.101048	5.929446	-269.99323	5.929446	4402	-1.217629E-11	-8.212682E+10	7.458274E+16	0	0	0.026396	0.043761	0	0
0	0	0	-0.101897	5.929351	-269.994858	5.929351	4400	-1.966125E-11	-5.086147E+10	7.458274E+16	0	0	0.009951	0.043513	0	0
0	0	0	-0.102534	5.929462	-270.004408	5.929462	4399	-1.141799E-11	-8.758107E+10	7.458274E+16	0	0	0.023361	0.043234	0	0
0	0	0	-0.102894	5.92942	-270.004987	5.92942	4397	-1.359082E-11	-7.35791E+10	7.458274E+16	0	0	0.008383	0.043015	0	0
0	0	0	-0.103465	5.929482	-270.011838	5.929482	4396	-1.062438E-11	-9.412315E+10	7.458274E+16	0	0	-0.011806	0.042744	0	0
0	0	0	-0.104739	5.929525	-270.022721	5.929525	4393	-9.238556E-12	-1.08242E+11	7.458274E+16	0	0	-0.006796	0.042418	0	0
0	0	0	-0.105066	5.9294	-270.019336	5.9294	4392	-1.488657E-11	-6.717465E+10	7.458274E+16	0	0	0.02564	0.042147	0	0
0	0	0	-0.105883	5.929364	-270.023424	5.929364	4391	-1.808574E-11	-5.529218E+10	7.458274E+16	0	0	0.005165	0.041836	0	0
0	0	0	-0.10634	5.929603	-270.03754	5.929603	4390	-7.447088E-12	-1.342807E+11	7.458274E+16	0	0	0.006925	0.041585	0	0
0	0	0	-0.106977	5.929587	-270.041263	5.929587	4388	-7.75614E-12	-1.289301E+11	7.458274E+16	0	0	-0.006964	0.041342	0	0
0	0	0	-0.106651	5.929518	-270.035833	5.929518	4389	-9.418284E-12	-1.061765E+11	7.458274E+16	0	0	-0.00175	0.04111	0	0
0	0	0	-0.107418	5.92942	-270.036739	5.92942	4387	-1.355991E-11	-7.374682E+10	7.458274E+16	0	0	0.014091	0.040831	0	0
0	0	0	-0.107712	5.929584	-270.046272	5.929584	4386	-7.818239E-12	-1.27906E+11	7.458274E+16	0	0	0.017754	0.040497	0	0
0	0	0	-0.108594	5.929505	-270.048876	5.929505	4384	-9.807365E-12	-1.019642E+11	7.458274E+16	0	0	0.016057	0.040285	0	0
0	0	0	-0.10897	5.929429	-270.048076	5.929429	4383	-1.297608E-11	-7.706489E+10	7.458274E+16	0	0	0.01077	0.040026	0	0
0	0	0	-0.109264	5.929502	-270.053427	5.929502	4383	-9.910424E-12	-1.009039E+11	7.458274E+16	0	0	0.005409	0.039835	0	0
0	0	0	-0.109313	5.929449	-270.05138	5.929449	4383	-1.196653E-11	-8.356642E+10	7.458274E+16	0	0	-0.010885	0.03958	0	0
0	0	0	-0.109558	5.929551	-270.057731	5.929551	4382	-8.533556E-12	-1.171844E+11	7.458274E+16	0	0	-0.025547	0.039333	0	0
0	0	0	-0.110048	5.929433	-270.055791	5.929433	4380	-1.27874E-11	-7.8202E+10	7.458274E+16	0	0	0.014722	0.03899	0	0
0	0	0	-0.110293	5.929584	-270.064383	5.929584	4380	-7.807543E-12	-1.280813E+11	7.458274E+16	0	0	0.035139	0.038783	0	0
0	0	0	-0.111208	5.929534	-270.068561	5.929534	4378	-8.939157E-12	-1.118674E+11	7.458274E+16	0	0	0.026077	0.038496	0	0
0	0	0	-0.111453	5.929639	-270.075062	5.929639	4378	-6.822128E-12	-1.465818E+11	7.458274E+16	0	0	0.031808	0.038309	0	0
0	0	0	-0.112074	5.929482	-270.072246	5.929482	4376	-1.057604E-11	-9.455333E+10	7.458274E+16	0	0	-0.005641	0.03811	0	0
0	0	0	-0.11227	5.929456	-270.072426	5.929456	4375	-1.164275E-11	-8.589037E+10	7.458274E+16	0	0	-0.003786	0.037843	0	0
0	0	0	-0.112645	5.92939	-270.072074	5.92939	4375	-1.558143E-11	-6.417895E+10	7.458274E+16	0	0	0.009523	0.037596	0	0
0	0	0	-0.112629	5.929525	-270.078086	5.929525	4375	-9.200702E-12	-1.086874E+11	7.458274E+16	0	0	0.026819	0.037368	0	0
0	0	0	-0.113037	5.929482	-270.079009	5.929482	4374	-1.057121E-11	-9.459656E+10	7.458274E+16	0	0	-4.668044E-17	0.037101	0	0
0	0	0	-0.113331	5.929472	-270.080624	5.929472	4373	-1.094571E-11	-9.135999E+10	7.458274E+16	0	0	0.023294	0.03685	0	0
0	0	0	-0.114573	5.929479	-270.089635	5.929479	4370	-1.068418E-11	-9.359634E+10	7.458274E+16	0	0	0.013644	0.036687	0	0
0	0	0	-0.115112	5.929489	-270.093866	5.929489	4369	-1.032216E-11	-9.687895E+10	7.458274E+16	0	0	0.007849	0.036428	0	0
0	0	0	-0.115537	5.9296	-270.101926	5.9296	4368	-7.469951E-12	-1.338697E+11	7.458274E+16	0	0	-0.00986	0.036237	0	0
0	0	0	-0.116125	5.929548	-270.103662	5.929548	4366	-8.581771E-12	-1.165261E+11	7.458274E+16	0	0	0.029746	0.036021	0	0
0	0	0	-0.117252	5.929571	-270.112618	5.929571	4363	-8.049839E-12	-1.242261E+11	7.458274E+16	0	0	-0.003996	0.035742	0	0
0	0	0	-0.117578	5.929567	-270.114761	5.929567	4363	-8.121001E-12	-1.231375E+11	7.458274E+16	0	0	0.026176	0.035452	0	0
0	0	0	-0.11833	5.929429	-270.113757	5.929429	4361	-1.291095E-11	-7.745366E+10	7.458274E+16	0	0	0.02625	0.03534	0	0
0	0	0	-0.118738	5.929462	-270.118117	5.929462	4360	-1.131676E-11	-8.836448E+10	7.458274E+16	0	0	-0.012183	0.035129	0	0
0	0	0	-0.120208	5.929498	-270.130078	5.929498	4357	-9.958579E-12	-1.004159E+11	7.458274E+16	0	0	-4.442505E-17	0.034929	0	0
0	0	0	-0.120094	5.929587	-270.13331	5.929587	4357	-7.701345E-12	-1.298474E+11	7.458274E+16	0	0	0.004109	0.034698	0	0
0	0	0	-0.120796	5.929597	-270.138688	5.929597	4356	-7.51043E-12	-1.331482E+11	7.458274E+16	0	0	0.018601	0.034479	0	0
0	0	0	-0.12145	5.929538	-270.140583	5.929538	4354	-8.80477E-12	-1.135748E+11	7.458274E+16	0	0	0.037448	0.03424	0	0
0	0	0	-0.122136	5.929561	-270.146443	5.929561	4352	-8.246324E-12	-1.212662E+11	7.458274E+16	0	0	0.008379	0.033997	0	0
0	0	0	-0.122446	5.92961	-270.150863	5.92961	4352	-7.265553E-12	-1.376358E+11	7.458274E+16	0	0	-0.002104	0.033834	0	0
0	0	0	-0.123328	5.929682	-270.160341	5.929682	4349	-6.182149E-12	-1.617561E+11	7.458274E+16	0	0	0.004226	0.033678	0	0
0	0	0	-0.123769	5.929485	-270.154469	5.929485	4348	-1.038912E-11	-9.625454E+10	7.458274E+16	0	0	0.008521	0.033395	0	0
0	0	0	-0.124243	5.929511	-270.158988	5.929511	4347	-9.522251E-12	-1.050172E+11	7.458274E+16	0	0	0.010706	0.033212	0	0
0	0	0	-0.124243	5.929502	-270.15854	5.929502	4347	-9.829024E-12	-1.017395E+11	7.458274E+16	0	0	0.047503	0.032925	0	0
0	0	0	-0.1247	5.929429	-270.158462	5.929429	4346	-1.286654E-11	-7.772098E+10	7.458274E+16	0	0	0.017342	0.032785	0	0
0	0	0	-0.125076	5.929636	-270.170514	5.929636	4345	-6.821187E-12	-1.46602E+11	7.458274E+16	0	0	0.013092	0.032558	0	0
0	0	0	-0.125631	5.92961	-270.173216	5.92961	4344	-7.252197E-12	-1.378893E+11	7.458274E+16	0	0	0.013151	0.032403	0	0
0	0	0	-0.125844	5.929521	-270.17067	5.929521	4344	-9.227674E-12	-1.083697E+11	7.458274E+16	0	0	-0.019872	0.032156	0	0
0	0	0	-0.126072	5.929567	-270.174368	5.929567	4343	-8.083774E-12	-1.237046E+11	7.458274E+16	0	0	-0.002218	0.031996	0	0
0	0	0	-0.126285	5.929607	-270.177651	5.929607	4343	-7.308476E-12	-1.368274E+11	7.458274E+16	0	0	0.011155	0.031801	0	0
0	0	0	-0.126856	5.929502	-270.17688	5.929502	4341	-9.815458E-12	-1.018801E+11	7.458274E+16	0	0	0.006733	0.031602	0	0
0	0	0	-0.126758	5.929361	-270.169766	5.929361	4341	-1.823654E-11	-5.483496E+10	7.458274E+16	0	0	-0.002257	0.031419	0	0
0	0	0	-0.126693	5.929525	-270.17678	5.929525	4341	-9.129199E-12	-1.095386E+11	7.458274E+16	0	0	-0.004537	0.031243	0	0
0	0	0	-0.126971	5.929646	-270.184259	5.929646	4341	-6.665807E-12	-1.500194E+11	7.458274E+16	0	0	0.013696	0.03104	0	0
0	0	0	-0.126775	5.929603	-270.180941	5.929603	4341	-7.363966E-12	-1.357964E+11	7.458274E+16	0	0	0.013764	0.030877	0	0
0	0	0	-0.126677	5.929525	-270.176666	5.929525	4341	-9.129199E-12	-1.095386E+11	7.458274E+16	0	0	0.006926	0.030669	0	0
0	0	0	-0.126628	5.929505	-270.175425	5.929505	4341	-9.711171E-12	-1.029742E+11	7.458274E+16	0	0	0.002327	0.030418	0	0
0	0	0	-0.126317	5.929485	-270.17235	5.929485	4343	-1.037717E-11	-9.636536E+10	7.458274E+16	0	0	0.028046	0.030275	0	0
0	0	0	-0.12666	5.929511	-270.175953	5.929511	4341	-9.509107E-12	-1.051623E+11	7.458274E+16	0	0	-0.039914	0.030127	0	0
0	0	0	-0.126905	5.929518	-270.177972	5.929518	4341	-9.315281E-12	-1.073505E+11	7.458274E+16	0	0	-0.004722	0.029952	0	0
0	0	0	-0.127216	5.929571	-270.182541	5.929571	4340	-8.007403E-12	-1.248844E+11	7.458274E+16	0	0	-0.009512	0.029725	0	0
0	0	0	-0.127102	5.929433	-270.175461	5.929433	4340	-1.267062E-11	-7.892276E+10	7.458274E+16	0	0	0.004779	0.029569	0	0
0	0	0	-0.126955	5.929564	-270.180408	5.929564	4341	-8.152117E-12	-1.226675E+11	7.458274E+16	0	0	-0.048064	0.029394	0	0
0	0	0	-0.127085	5.929495	-270.178186	5.929495	4341	-1.00309E-11	-9.969197E+10	7.458274E+16	0	0	-5.360964E-17	0.029247	0	0
0	0	0	-0.127053	5.929472	-270.176911	5.929472	4341	-1.086561E-11	-9.203346E+10	7.458274E+16	0	0	0.012147	0.029055	0	0
0	0	0	-0.12733	5.929393	-270.175272	5.929393	4340	-1.519968E-11	-6.579085E+10	7.458274E+16	0	0	0.017091	0.028904	0	0
0	0	0	-0.127461	5.929557	-270.183663	5.929557	4340	-8.298264E-12	-1.205071E+11	7.458274E+16	0	0	0.002463	0.028645	0	0
0	0	0	-0.127118	5.929567	-270.181704	5.929567	4340	-8.07819E-12	-1.237901E+11	7.458274E+16	0	0	-0.009896	0.028505	0	0
0	0	0	-0.127412	5.929469	-270.179283	5.929469	4340	-1.09938E-11	-9.096034E+10	7.458274E+16	0	0	0.002489	0.028326	0	0
0	0	0	-0.127069	5.929525	-270.179417	5.929525	4341	-9.129199E-12	-1.095386E+11	7.458274E+16	0	0	0.037578	0.028131	0	0
0	0	0	-0.127739	5.929489	-270.182473	5.929489	4339	-1.025128E-11	-9.754877E+10	7.458274E+16	0	0	-4.747282E-17	0.028007	0	0
0	0	0	-0.127543	5.929682	-270.189915	5.929682	4340	-6.169355E-12	-1.620915E+11	7.458274E+16	0	0	0.02783	0.027836	0	0
0	0	0	-0.127984	5.929518	-270.185537	5.929518	4339	-9.31099E-12	-1.074E+11	7.458274E+16	0	0	0.002547	0.027645	0	0
0	0	0	-0.128065	5.929548	-270.187455	5.929548	4339	-8.5287E-12	-1.172512E+11	7.458274E+16	0	0	0	0	0	0
0	0	0	-0.128131	5.929557	-270.188362	5.929557	4338	-8.29444E-12	-1.205627E+11	7.458274E+16	0	0	0	0	0	0
0	0	0	-0.129143	5.929676	-270.20085	5.929676	4336	-6.248033E-12	-1.600504E+11	7.458274E+16	0	0	0	0	0	0
0	0	0	-0.12898	5.929528	-270.192978	5.929528	4336	-9.028507E-12	-1.107603E+11	7.458274E+16	0	0	0	0	0	0
0	0	0	-0.129601	5.929502	-270.196138	5.929502	4335	-9.801891E-12	-1.020211E+11	7.458274E+16	0	0	0	0	0	0
0	0	0	-0.129682	5.929452	-270.194469	5.929452	4335	-1.168397E-11	-8.558732E+10	7.458274E+16	0	0	0	0	0	0
0	0	0	-0.13014	5.92963	-270.20575	5.92963	4333	-6.905321E-12	-1.448159E+11	7.458274E+16	0	0	0	0	0	0
0	0	0	-0.130368	5.929646	-270.208102	5.929646	4333	-6.653522E-12	-1.502963E+11	7.458274E+16	0	0	0	0	0	0
0	0	0	-0.130499	5.929495	-270.202143	5.929495	4332	-1.00101E-11	-9.989909E+10	7.458274E+16	0	0	0	0	0	0
0	0	0	-0.131218	5.92963	-270.213316	5.92963	4331	-6.902133E-12	-1.448827E+11	7.458274E+16	0	0	0	0	0	0
