Vload_(V)	ILoad_(A)	RsLoad_(ohm)	SunsVoc_Voltage_(V)	SunsVoc_Current_(A)	Model_Voltage_(V)	Model_Current_(A)	Carrier_Density_(cm-3)	Lifetime_(s)	Inverse_Lifetime_(s-1)	(Carrier_Density+Doping)/qWni^2_(cm^2/C)	Carrier_Density_at_Vmp_(cm-3)	Lifetime_at_Vmp_(s)	Efficiency_(%)	Intensity_(suns)	Dark_IV_Voltage_(V)	Dark_IV_Current_(A)
3.902447	5.908163	0	46.259667	-0.202977	46.025445	-0.202977	3.302718E+14	3.734385E-5	26777.992877	7.613167E+16	8.79984E+13	3.244288E-5	7.285531	1.142646	0	0
3.802885	5.91152	-0.473336	46.107657	0.225119	46.338327	0.225119	3.046974E+14	3.704738E-5	26992.30992	7.601173E+16	0	0	7.249722	1.139791	0	0
4.815596	5.894162	4.654503	45.956954	0.619384	46.512229	0.619384	2.812654E+14	3.674775E-5	27212.422322	7.590184E+16	0	0	7.263808	1.134736	0	0
8.202727	5.844854	4.833357	45.814009	0.966147	46.562706	0.966147	2.606813E+14	3.644815E-5	27436.121177	7.58053E+16	0	0	7.28214	1.132448	0	0
12.168925	5.513177	5.139261	45.669415	1.296447	46.514649	1.296447	2.413696E+14	3.616511E-5	27650.864806	7.571473E+16	0	0	7.268883	1.129968	0	0
16.047028	4.68521	5.726745	45.528267	1.597661	46.378102	1.597661	2.238803E+14	3.588871E-5	27863.832379	7.563271E+16	0	0	7.264861	1.124769	0	0
20.007597	4.617136	4.977702	45.387659	1.880426	46.163045	1.880426	2.077022E+14	3.563278E-5	28063.97374	7.555684E+16	0	0	7.261426	1.116184	0	0
23.960171	4.51898	4.245289	45.248569	2.140703	45.878062	2.140703	1.928359E+14	3.536787E-5	28274.186244	7.548712E+16	0	0	7.274563	1.107611	0	0
27.905422	4.440408	3.45764	45.109888	2.382093	45.529421	2.382093	1.790612E+14	3.508975E-5	28498.300725	7.542252E+16	0	0	7.288438	1.100284	0	0
31.838622	4.319941	2.682154	44.970766	2.610492	45.121665	2.610492	1.662212E+14	3.482963E-5	28711.13685	7.53623E+16	0	0	7.284366	1.091515	0	0
32.995352	4.290785	2.438506	44.831481	2.820984	44.660392	2.820984	1.542799E+14	3.453163E-5	28958.914895	7.530629E+16	0	0	7.299109	1.08077	0	0
34.135541	4.250452	2.20609	44.69378	3.015841	44.1577	3.015841	1.433104E+14	3.423741E-5	29207.78012	7.525485E+16	0	0	7.321996	1.070109	0	0
35.268391	4.217853	1.964727	44.558921	3.196012	43.624268	3.196012	1.333176E+14	3.396592E-5	29441.249846	7.520798E+16	0	0	7.342461	1.060302	0	0
36.443395	4.186508	1.706712	44.425091	3.366109	43.057584	3.366109	1.240847E+14	3.372899E-5	29648.06145	7.516468E+16	0	0	7.361066	1.050842	0	0
37.58388	4.139284	1.464997	44.292618	3.522311	42.464826	3.522311	1.155708E+14	3.347143E-5	29876.200439	7.512475E+16	0	0	7.370568	1.040377	0	0
38.716046	4.09298	1.217146	44.159082	3.668796	41.838635	3.668796	1.075758E+14	3.319396E-5	30125.940673	7.508726E+16	0	0	7.393794	1.0293	0	0
39.882697	4.032647	0.963826	44.026477	3.805534	41.190388	3.805534	1.001806E+14	3.292234E-5	30374.490696	7.505258E+16	0	0	7.417907	1.018942	0	0
40.975306	3.877197	0.764039	43.895294	3.932151	40.52616	3.932151	9.33621E+13	3.264756E-5	30630.145935	7.50206E+16	0	0	7.43813	1.008892	0	0
42.067772	3.600201	0.59359	43.764911	4.052193	39.843605	4.052193	8.704264E+13	3.24064E-5	30858.084929	7.499096E+16	0	0	7.45973	0.99843	0	0
43.077429	3.178859	0.463734	43.636978	4.162785	39.155746	4.162785	8.12558E+13	3.216878E-5	31086.031223	7.496382E+16	0	0	7.479924	0.987689	0	0
43.980616	2.720724	0.329748	43.512247	4.264461	38.469202	4.264461	7.598264E+13	3.194193E-5	31306.805901	7.493909E+16	0	0	7.507303	0.97706	0	0
44.742318	2.125759	0.245589	43.387793	4.358573	37.772143	4.358573	7.106081E+13	3.168714E-5	31558.533628	7.491601E+16	0	0	7.535365	0.967017	0	0
45.339871	1.392419	0.229609	43.264581	4.446914	37.069144	4.446914	6.65009E+13	3.144656E-5	31799.973337	7.489462E+16	0	0	7.555907	0.957183	0	0
38.96634	4.089729	1.157868	43.147184	4.530102	36.383569	4.530102	6.242764E+13	3.130246E-5	31946.368863	7.487552E+16	0	0	7.578573	0.947148	0	0
46.188979	0	0	43.024364	4.607844	35.663385	4.607844	5.843203E+13	3.105067E-5	32205.419046	7.485678E+16	0	0	7.60329	0.937573	0	0
0	0	0	42.901021	4.681017	34.932132	4.681017	5.46759E+13	3.078715E-5	32481.077732	7.483916E+16	0	0	7.626499	0.928233	0	0
0	0	0	42.77972	4.749926	34.203524	4.749926	5.121676E+13	3.055516E-5	32727.688599	7.482294E+16	0	0	7.645832	0.919281	0	0
0	0	0	42.659971	4.814959	33.476004	4.814959	4.801596E+13	3.034968E-5	32949.269458	7.480793E+16	0	0	7.664237	0.910081	0	0
0	0	0	42.540369	4.875566	32.744887	4.875566	4.501821E+13	3.012501E-5	33195.011273	7.479387E+16	0	0	7.679472	0.900797	0	0
0	0	0	42.422416	4.932323	32.018137	4.932323	4.224467E+13	2.991322E-5	33430.027469	7.478086E+16	0	0	7.706791	0.892124	0	0
0	0	0	42.30662	4.984965	31.300391	4.984965	3.968771E+13	2.97051E-5	33664.253439	7.476887E+16	0	0	7.724822	0.884202	0	0
0	0	0	42.190856	5.034139	30.580447	5.034139	3.728581E+13	2.947747E-5	33924.215389	7.475761E+16	0	0	7.74204	0.876488	0	0
0	0	0	42.075223	5.080293	29.85878	5.080293	3.503142E+13	2.923919E-5	34200.675388	7.474703E+16	0	0	7.75555	0.868454	0	0
0	0	0	41.961812	5.123639	29.146964	5.123639	3.295253E+13	2.902367E-5	34454.636593	7.473728E+16	0	0	7.762557	0.860304	0	0
0	0	0	41.850247	5.164241	28.443867	5.164241	3.102765E+13	2.881981E-5	34698.349704	7.472826E+16	0	0	7.77644	0.852119	0	0
0	0	0	41.738828	5.202236	27.740878	5.202236	2.921732E+13	2.859897E-5	34966.292537	7.471977E+16	0	0	7.78339	0.843897	0	0
0	0	0	41.629337	5.237962	27.047521	5.237962	2.754107E+13	2.839526E-5	35217.138286	7.471191E+16	0	0	7.785079	0.835727	0	0
0	0	0	41.519944	5.271791	26.35351	5.271791	2.59622E+13	2.819033E-5	35473.161547	7.47045E+16	0	0	7.773895	0.827725	0	0
0	0	0	41.411515	5.303555	25.664645	5.303555	2.448644E+13	2.798476E-5	35733.733886	7.469758E+16	0	0	7.698645	0.820063	0	0
0	0	0	41.3048	5.333392	24.985315	5.333392	2.311584E+13	2.778976E-5	35984.479773	7.469115E+16	0	0	7.577236	0.812684	0	0
0	0	0	41.198968	5.361442	24.311104	5.361442	2.183225E+13	2.759324E-5	36240.761496	7.468513E+16	0	0	7.423773	0.805233	0	0
0	0	0	41.092826	5.387954	23.635096	5.387954	2.061638E+13	2.738447E-5	36517.046247	7.467943E+16	0	0	7.232834	0.79777	0	0
0	0	0	40.987418	5.412718	22.964241	5.412718	1.947587E+13	2.716259E-5	36815.334006	7.467408E+16	0	0	7.027124	0.790395	0	0
0	0	0	40.882468	5.436504	22.294863	5.436504	1.840293E+13	2.696053E-5	37091.253043	7.466905E+16	0	0	6.807983	0.783147	0	0
0	0	0	40.778335	5.458961	21.630508	5.458961	1.73967E+13	2.676056E-5	37368.424017	7.466433E+16	0	0	6.572393	0.775888	0	0
0	0	0	40.675607	5.480303	20.974137	5.480303	1.645792E+13	2.657929E-5	37623.273573	7.465993E+16	0	0	6.332663	0.768593	0	0
0	0	0	40.57247	5.500522	20.315854	5.500522	1.556631E+13	2.638629E-5	37898.470513	7.465575E+16	0	0	6.07607	0.761389	0	0
0	0	0	40.468777	5.520441	19.651994	5.520441	1.471855E+13	2.6231E-5	38122.836774	7.465177E+16	0	0	5.816185	0.754402	0	0
0	0	0	40.365869	5.539666	18.991776	5.539666	1.392281E+13	2.610737E-5	38303.361206	7.464804E+16	0	0	5.549537	0.74751	0	0
0	0	0	40.263582	5.557139	18.338662	5.557139	1.317447E+13	2.59338E-5	38559.722612	7.464453E+16	0	0	5.276608	0.740642	0	0
0	0	0	40.161409	5.573815	17.686375	5.573815	1.246709E+13	2.576541E-5	38811.726127	7.464121E+16	0	0	4.998139	0.73387	0	0
0	0	0	40.057684	5.589577	17.026028	5.589577	1.178778E+13	2.556678E-5	39113.258746	7.463803E+16	0	0	4.71226	0.726982	0	0
0	0	0	39.956376	5.604392	16.380828	5.604392	1.116003E+13	2.538568E-5	39392.285355	7.463508E+16	0	0	4.422916	0.720381	0	0
0	0	0	39.855641	5.618351	15.740051	5.618351	1.056894E+13	2.519912E-5	39683.920241	7.463231E+16	0	0	4.129843	0.713713	0	0
0	0	0	39.756326	5.631694	15.107808	5.631694	1.001683E+13	2.503536E-5	39943.504183	7.462972E+16	0	0	3.832443	0.707096	0	0
0	0	0	39.656668	5.64408	14.475588	5.64408	9.491789E+12	2.483579E-5	40264.480563	7.462726E+16	0	0	3.540454	0.700332	0	0
0	0	0	39.557435	5.656133	13.845254	5.656133	8.996314E+12	2.466504E-5	40543.210816	7.462493E+16	0	0	3.246991	0.693952	0	0
0	0	0	39.459477	5.66762	13.222919	5.66762	8.532561E+12	2.451073E-5	40798.455272	7.462276E+16	0	0	2.956189	0.687555	0	0
0	0	0	39.36258	5.678343	12.608456	5.678343	8.097345E+12	2.434591E-5	41074.6686	7.462072E+16	0	0	2.668611	0.68121	0	0
0	0	0	39.264294	5.688588	11.98642	5.688588	7.678555E+12	2.416385E-5	41384.130296	7.461875E+16	0	0	2.385536	0.674853	0	0
0	0	0	39.16596	5.698081	11.366046	5.698081	7.281222E+12	2.394894E-5	41755.508638	7.461689E+16	0	0	2.10664	0.668576	0	0
0	0	0	39.069814	5.707175	10.758881	5.707175	6.912612E+12	2.376526E-5	42078.23547	7.461516E+16	0	0	1.842596	0.662419	0	0
0	0	0	38.974338	5.715794	10.156549	5.715794	6.56503E+12	2.358153E-5	42406.064681	7.461353E+16	0	0	1.588095	0.656222	0	0
0	0	0	38.879385	5.723973	9.558137	5.723973	6.236679E+12	2.339689E-5	42740.721774	7.461199E+16	0	0	1.346188	0.65006	0	0
0	0	0	38.785052	5.731814	8.963809	5.731814	5.926733E+12	2.322275E-5	43061.227432	7.461054E+16	0	0	1.119445	0.644027	0	0
0	0	0	38.691765	5.739309	8.3762	5.739309	5.635367E+12	2.306123E-5	43362.830164	7.460917E+16	0	0	0.916534	0.638025	0	0
0	0	0	38.597661	5.746372	7.78491	5.746372	5.355956E+12	2.287465E-5	43716.525174	7.460786E+16	0	0	0.734804	0.63214	0	0
0	0	0	38.504832	5.753056	7.202062	5.753056	5.0939E+12	2.269287E-5	44066.700303	7.460663E+16	0	0	0.576167	0.626322	0	0
0	0	0	38.411267	5.759499	6.615149	5.759499	4.842738E+12	2.250905E-5	44426.579059	7.460545E+16	0	0	0.441067	0.620488	0	0
0	0	0	38.317816	5.765538	6.030152	5.765538	4.604241E+12	2.23066E-5	44829.77249	7.460434E+16	0	0	0.331505	0.61483	0	0
0	0	0	38.224382	5.771397	5.445313	5.771397	4.377525E+12	2.211675E-5	45214.597106	7.460327E+16	0	0	0.240124	0.609284	0	0
0	0	0	38.131275	5.777045	4.862689	5.777045	4.162705E+12	2.193736E-5	45584.346582	7.460226E+16	0	0	0.172394	0.603622	0	0
0	0	0	38.039049	5.782364	4.286312	5.782364	3.960311E+12	2.175315E-5	45970.358113	7.460132E+16	0	0	0.121882	0.598123	0	0
0	0	0	37.946628	5.787347	3.709928	5.787347	3.767357E+12	2.154675E-5	46410.706359	7.460041E+16	0	0	0.082206	0.592701	0	0
0	0	0	37.854076	5.792295	3.132192	5.792295	3.583548E+12	2.137081E-5	46792.799057	7.459955E+16	0	0	0.054971	0.587206	0	0
0	0	0	37.761573	5.796931	2.555863	5.796931	3.408796E+12	2.117601E-5	47223.244639	7.459873E+16	0	0	0.036831	0.581748	0	0
0	0	0	37.668841	5.801311	1.979027	5.801311	3.242163E+12	2.096639E-5	47695.389902	7.459795E+16	0	0	0.02278	0.576182	0	0
0	0	0	37.576044	5.805802	1.40042	5.805802	3.083565E+12	2.081561E-5	48040.879019	7.45972E+16	0	0	0.016805	0.570695	0	0
0	0	0	37.48243	5.809912	0.818654	5.809912	2.93143E+12	2.061639E-5	48505.08872	7.459649E+16	0	0	0.010281	0.565321	0	0
0	0	0	37.389862	5.813689	0.244572	5.813689	2.788374E+12	2.039446E-5	49032.924116	7.459582E+16	0	0	0.005247	0.560038	0	0
0	0	0	37.296264	5.817454	-0.336142	5.817454	2.650824E+12	2.019312E-5	49521.827406	7.459517E+16	0	0	0.00426	0.554819	0	0
0	0	0	37.201916	5.821136	-0.921385	5.821136	2.519035E+12	2.000109E-5	49997.287038	7.459456E+16	0	0	0.001316	0.54956	0	0
0	0	0	37.10889	5.824648	-1.498212	5.824648	2.395509E+12	1.982005E-5	50453.96763	7.459398E+16	0	0	0.00193	0.544469	0	0
0	0	0	37.015178	5.828012	-2.078688	5.828012	2.277195E+12	1.963181E-5	50937.730731	7.459342E+16	0	0	0.004072	0.539418	0	0
0	0	0	36.921646	5.831122	-2.65691	5.831122	2.164934E+12	1.941752E-5	51499.88406	7.45929E+16	0	0	0.00273	0.534535	0	0
0	0	0	36.827869	5.834114	-3.236272	5.834114	2.057934E+12	1.920354E-5	52073.738853	7.459239E+16	0	0	0.001672	0.529719	0	0
0	0	0	36.734435	5.837029	-3.81354	5.837029	1.956584E+12	1.90062E-5	52614.408178	7.459192E+16	0	0	0.001998	0.524979	0	0
0	0	0	36.639677	5.839741	-4.397733	5.839741	1.858896E+12	1.877302E-5	53267.934215	7.459146E+16	0	0	0.00233	0.52028	0	0
0	0	0	36.545721	5.842469	-4.977695	5.842469	1.766848E+12	1.858423E-5	53809.073559	7.459103E+16	0	0	0.000606	0.5157	0	0
0	0	0	36.450702	5.845081	-5.563608	5.845081	1.678395E+12	1.838501E-5	54392.129335	7.459061E+16	0	0	0.00157	0.511156	0	0
0	0	0	36.354164	5.847523	-6.157775	5.847523	1.59306E+12	1.815298E-5	55087.383087	7.459021E+16	0	0	-0.000189	0.506656	0	0
0	0	0	36.257937	5.849864	-6.749744	5.849864	1.512318E+12	1.792476E-5	55788.761954	7.458983E+16	0	0	0.002735	0.502111	0	0
0	0	0	36.161432	5.852116	-7.343097	5.852116	1.435451E+12	1.769733E-5	56505.702142	7.458947E+16	0	0	0.000463	0.497663	0	0
0	0	0	36.064894	5.854472	-7.937799	5.854472	1.362468E+12	1.753471E-5	57029.734874	7.458913E+16	0	0	0.000136	0.493243	0	0
0	0	0	35.968079	5.856461	-8.531757	5.856461	1.293001E+12	1.728082E-5	57867.622022	7.458881E+16	0	0	-0.00253	0.488875	0	0
0	0	0	35.870806	5.858633	-9.130186	5.858633	1.226772E+12	1.71147E-5	58429.289401	7.45885E+16	0	0	0.000307	0.484482	0	0
0	0	0	35.773076	5.860389	-9.72848	5.860389	1.163647E+12	1.683071E-5	59415.200997	7.45882E+16	0	0	0.000649	0.48025	0	0
0	0	0	35.675477	5.862311	-10.327589	5.862311	1.103848E+12	1.663512E-5	60113.776318	7.458792E+16	0	0	0.002023	0.475965	0	0
0	0	0	35.57791	5.864056	-10.925415	5.864056	1.047141E+12	1.640482E-5	60957.684269	7.458765E+16	0	0	-0.000375	0.471753	0	0
0	0	0	35.477762	5.865755	-11.538618	5.865755	9.919617E+11	1.616297E-5	61869.810101	7.458739E+16	0	0	-0.001074	0.46762	0	0
0	0	0	35.37786	5.867398	-12.150191	5.867398	9.398144E+11	1.593053E-5	62772.538067	7.458715E+16	0	0	-0.001609	0.463523	0	0
0	0	0	35.2783	5.869031	-12.759907	5.869031	8.905735E+11	1.572595E-5	63589.164742	7.458692E+16	0	0	-0.001269	0.45943	0	0
0	0	0	35.177679	5.870553	-13.37534	5.870553	8.434281E+11	1.549604E-5	64532.625865	7.45867E+16	0	0	-0.00021	0.455417	0	0
0	0	0	35.07642	5.87195	-13.993805	5.87195	7.985035E+11	1.523643E-5	65632.158485	7.458649E+16	0	0	0.000148	0.451296	0	0
0	0	0	34.975799	5.873349	-14.608718	5.873349	7.562319E+11	1.500996E-5	66622.442565	7.458629E+16	0	0	0.00378	0.447204	0	0
0	0	0	34.872254	5.874716	-15.241122	5.874716	7.15067E+11	1.477288E-5	67691.597535	7.45861E+16	0	0	0.000517	0.443131	0	0
0	0	0	34.768431	5.875984	-15.874583	5.875984	6.760412E+11	1.451712E-5	68884.190787	7.458591E+16	0	0	0.001999	0.439166	0	0
0	0	0	34.664346	5.877197	-16.509348	5.877197	6.39055E+11	1.426011E-5	70125.677381	7.458574E+16	0	0	0.001458	0.435245	0	0
0	0	0	34.55938	5.878392	-17.149476	5.878392	6.038042E+11	1.401473E-5	71353.486015	7.458557E+16	0	0	-3.287643E-5	0.431359	0	0
0	0	0	34.450444	5.879565	-17.813429	5.879565	5.692751E+11	1.375522E-5	72699.652968	7.458541E+16	0	0	0.000156	0.42755	0	0
0	0	0	34.343599	5.880679	-18.464522	5.880679	5.373274E+11	1.350947E-5	74022.126459	7.458526E+16	0	0	0.001495	0.423761	0	0
0	0	0	34.235023	5.881744	-19.125764	5.881744	5.066981E+11	1.325278E-5	75455.84352	7.458512E+16	0	0	0.001508	0.420043	0	0
0	0	0	34.125744	5.882802	-19.791354	5.882802	4.776333E+11	1.301356E-5	76842.9277	7.458498E+16	0	0	-0.0012	0.41635	0	0
0	0	0	34.014326	5.883741	-20.468896	5.883741	4.497152E+11	1.272434E-5	78589.508179	7.458485E+16	0	0	0.000554	0.412712	0	0
0	0	0	33.901568	5.884727	-21.155086	5.884727	4.231224E+11	1.247527E-5	80158.593313	7.458473E+16	0	0	0.000953	0.409066	0	0
0	0	0	33.787617	5.885548	-21.847076	5.885548	3.978455E+11	1.215608E-5	82263.33156	7.458461E+16	0	0	0.000364	0.405397	0	0
0	0	0	33.671495	5.886448	-22.553023	5.886448	3.736396E+11	1.188959E-5	84107.190663	7.458449E+16	0	0	0.000166	0.401875	0	0
0	0	0	33.553558	5.887226	-23.268869	5.887226	3.505626E+11	1.157014E-5	86429.408104	7.458439E+16	0	0	0.002397	0.398297	0	0
0	0	0	33.432666	5.888143	-24.003976	5.888143	3.283856E+11	1.133427E-5	88227.993165	7.458428E+16	0	0	0.000373	0.394791	0	0
0	0	0	33.311349	5.88882	-24.739463	5.88882	3.075409E+11	1.098635E-5	91022.047329	7.458418E+16	0	0	-0.001479	0.391333	0	0
0	0	0	33.18843	5.889608	-25.485818	5.889608	2.877702E+11	1.071684E-5	93311.116967	7.458409E+16	0	0	-3.638774E-5	0.387768	0	0
0	0	0	33.062735	5.890383	-26.248891	5.890383	2.688666E+11	1.044935E-5	95699.715147	7.4584E+16	0	0	-0.001295	0.384438	0	0
0	0	0	32.934231	5.891112	-27.028549	5.891112	2.508235E+11	1.016498E-5	98376.955233	7.458392E+16	0	0	0.00102	0.381028	0	0
0	0	0	32.804387	5.891822	-27.816212	5.891822	2.338218E+11	9.887285E-6	101140.001108	7.458384E+16	0	0	0.002094	0.377765	0	0
0	0	0	32.671227	5.892302	-28.621579	5.892302	2.175822E+11	9.479002E-6	105496.332982	7.458376E+16	0	0	0.000607	0.374475	0	0
0	0	0	32.533101	5.893031	-29.459526	5.893031	2.019277E+11	9.22081E-6	108450.342736	7.458369E+16	0	0	-0.001772	0.371281	0	0
0	0	0	32.394567	5.893632	-30.29874	5.893632	1.873582E+11	8.90947E-6	112240.125227	7.458362E+16	0	0	0.00171	0.368042	0	0
0	0	0	32.252962	5.894269	-31.156948	5.894269	1.735515E+11	8.631444E-6	115855.468608	7.458356E+16	0	0	0.000182	0.364792	0	0
0	0	0	32.108156	5.894624	-32.031495	5.894624	1.604842E+11	8.191109E-6	122083.587132	7.458349E+16	0	0	0.001739	0.361669	0	0
0	0	0	31.961226	5.89533	-32.922753	5.89533	1.482306E+11	7.981764E-6	125285.592202	7.458344E+16	0	0	0.003546	0.358535	0	0
0	0	0	31.814361	5.895816	-33.811351	5.895816	1.369174E+11	7.662843E-6	130499.867201	7.458338E+16	0	0	0.001768	0.35538	0	0
0	0	0	31.654886	5.896263	-34.775471	5.896263	1.256084E+11	7.293857E-6	137101.666422	7.458333E+16	0	0	0.000416	0.35233	0	0
0	0	0	31.495133	5.896651	-35.74071	5.896651	1.152163E+11	6.91576E-6	144597.275837	7.458328E+16	0	0	-0.000959	0.349407	0	0
0	0	0	31.33017	5.897252	-36.739857	5.897252	1.053866E+11	6.674102E-6	149832.898055	7.458324E+16	0	0	0.003896	0.346364	0	0
0	0	0	31.16171	5.897725	-37.758706	5.897725	9.621358E+10	6.369263E-6	157004.037256	7.458319E+16	0	0	0.002761	0.343326	0	0
0	0	0	30.987845	5.898234	-38.810644	5.898234	8.758263E+10	6.095095E-6	164066.353165	7.458315E+16	0	0	-4.118963E-5	0.340443	0	0
0	0	0	30.809438	5.8985	-39.887148	5.8985	7.953046E+10	5.687345E-6	175828.965707	7.458311E+16	0	0	0.001145	0.337564	0	0
0	0	0	30.624579	5.898986	-41.005217	5.898986	7.196713E+10	5.419026E-6	184535.022981	7.458308E+16	0	0	0.000437	0.334657	0	0
0	0	0	30.435685	5.899328	-42.145943	5.899328	6.498118E+10	5.082276E-6	196762.247785	7.458305E+16	0	0	0.001887	0.331814	0	0
0	0	0	30.241286	5.899715	-43.320473	5.899715	5.849904E+10	4.785235E-6	208976.171741	7.458302E+16	0	0	0.001416	0.328979	0	0
0	0	0	30.041922	5.900119	-44.52522	5.900119	5.252233E+10	4.512087E-6	221626.930653	7.458299E+16	0	0	0.000447	0.32614	0	0
0	0	0	29.835583	5.900533	-45.772205	5.900533	4.697878E+10	4.254705E-6	235033.937611	7.458296E+16	0	0	0.000204	0.323325	0	0
0	0	0	29.622334	5.900907	-47.060408	5.900907	4.186367E+10	3.987092E-6	250809.360479	7.458294E+16	0	0	-4.363214E-5	0.320446	0	0
0	0	0	29.40559	5.9012	-48.368705	5.9012	3.723507E+10	3.695207E-6	270620.807901	7.458292E+16	0	0	-0.001553	0.317607	0	0
0	0	0	29.181757	5.901525	-49.720217	5.901525	3.299155E+10	3.434465E-6	291166.186459	7.45829E+16	0	0	0.000209	0.314792	0	0
0	0	0	28.9533	5.901798	-51.098966	5.901798	2.915869E+10	3.165495E-6	315906.319872	7.458288E+16	0	0	0.003023	0.312088	0	0
0	0	0	28.716644	5.902005	-52.526276	5.902005	2.565713E+10	2.879046E-6	347337.244923	7.458286E+16	0	0	0.002533	0.309369	0	0
0	0	0	28.475643	5.902323	-53.98138	5.902323	2.25231E+10	2.665209E-6	375205.051647	7.458285E+16	0	0	-0.001085	0.30677	0	0
0	0	0	28.228957	5.902648	-55.470927	5.902648	1.971123E+10	2.46993E-6	404869.723584	7.458283E+16	0	0	0.002051	0.30411	0	0
0	0	0	27.977927	5.902858	-56.985116	5.902858	1.720993E+10	2.241977E-6	446034.989147	7.458282E+16	0	0	0.000482	0.301599	0	0
0	0	0	27.716997	5.903137	-58.559992	5.903137	1.494584E+10	2.055132E-6	486586.658185	7.458281E+16	0	0	-0.001112	0.298991	0	0
0	0	0	27.450416	5.903374	-60.168386	5.903374	1.294002E+10	1.867144E-6	535577.316658	7.45828E+16	0	0	0.00237	0.29644	0	0
0	0	0	27.178134	5.903459	-61.808937	5.903459	1.116892E+10	1.640924E-6	609412.741301	7.458279E+16	0	0	0.004015	0.293828	0	0
0	0	0	26.896541	5.903873	-63.5106	5.903873	9.59183E+9	1.544965E-6	647263.673189	7.458279E+16	0	0	-0.000321	0.291349	0	0
0	0	0	26.611126	5.90403	-65.231501	5.90403	8.220427E+9	1.374578E-6	727496.235098	7.458278E+16	0	0	0.005181	0.288897	0	0
0	0	0	26.319095	5.904355	-66.994951	5.904355	7.019952E+9	1.273939E-6	784966.775337	7.458277E+16	0	0	0.001894	0.286405	0	0
0	0	0	26.019861	5.904522	-68.799413	5.904522	5.97149E+9	1.1335E-6	882223.237172	7.458277E+16	0	0	-0.001448	0.284001	0	0
0	0	0	25.713407	5.904686	-70.647382	5.904686	5.059834E+9	1.005786E-6	994247.419841	7.458277E+16	0	0	0.003052	0.281634	0	0
0	0	0	25.401955	5.90486	-72.525698	5.90486	4.275789E+9	8.946887E-7	1117707.141264	7.458276E+16	0	0	0.003361	0.279306	0	0
0	0	0	25.084867	5.904962	-74.436826	5.904962	3.602246E+9	7.777217E-7	1285806.943296	7.458276E+16	0	0	0.001096	0.277002	0	0
0	0	0	24.762421	5.905169	-76.382068	5.905169	3.026025E+9	6.983989E-7	1431846.409285	7.458276E+16	0	0	0.003992	0.274658	0	0
0	0	0	24.43532	5.905346	-78.354946	5.905346	2.535588E+9	6.21998E-7	1607722.160566	7.458275E+16	0	0	0.00024	0.272446	0	0
0	0	0	24.101113	5.905529	-80.370829	5.905529	2.116493E+9	5.553958E-7	1800517.617264	7.458275E+16	0	0	0.002882	0.270158	0	0
0	0	0	23.764587	5.905539	-82.397664	5.905539	1.764454E+9	4.647713E-7	2151595.87177	7.458275E+16	0	0	0.000835	0.267997	0	0
0	0	0	23.424974	5.905707	-84.445969	5.905707	1.468517E+9	4.131532E-7	2420409.435739	7.458275E+16	0	0	-5.212803E-5	0.265833	0	0
0	0	0	23.079137	5.905733	-86.529237	5.905733	1.21811E+9	3.464128E-7	2886729.747466	7.458275E+16	0	0	-0.000653	0.263693	0	0
0	0	0	22.733104	5.905913	-88.616604	5.905913	1.010295E+9	3.103397E-7	3222275.487876	7.458275E+16	0	0	0.001157	0.261469	0	0
0	0	0	22.382938	5.906162	-90.730285	5.906162	8.360639E+8	2.887981E-7	3462626.280653	7.458275E+16	0	0	0.003911	0.259349	0	0
0	0	0	22.030355	5.906228	-92.855106	5.906228	6.909765E+8	2.467716E-7	4052330.696118	7.458275E+16	0	0	-0.001283	0.257292	0	0
0	0	0	21.677968	5.90632	-94.979303	5.90632	5.711275E+8	2.141275E-7	4670113.838248	7.458274E+16	0	0	0.003043	0.255152	0	0
0	0	0	21.322461	5.906398	-97.122083	5.906398	4.712706E+8	1.845679E-7	5418060.148192	7.458274E+16	0	0	-0.000991	0.253155	0	0
0	0	0	20.966693	5.906487	-99.266686	5.906487	3.88818E+8	1.603176E-7	6237619.006182	7.458274E+16	0	0	0.002146	0.251135	0	0
0	0	0	20.612248	5.906605	-101.403981	5.906605	3.210206E+8	1.423876E-7	7023083.441323	7.458274E+16	0	0	0.002163	0.249111	0	0
0	0	0	20.255336	5.906687	-103.555449	5.906687	2.646918E+8	1.239207E-7	8069678.301344	7.458274E+16	0	0	0.003458	0.247014	0	0
0	0	0	19.900368	5.906814	-105.696233	5.906814	2.184763E+8	1.119806E-7	8930119.762706	7.458274E+16	0	0	-5.631415E-5	0.245098	0	0
0	0	0	19.545563	5.906903	-107.835263	5.906903	1.80346E+8	9.892988E-8	1.010817E+7	7.458274E+16	0	0	0.001564	0.243173	0	0
0	0	0	19.191673	5.906926	-109.967403	5.906926	1.489442E+8	8.322029E-8	1.20163E+7	7.458274E+16	0	0	0.002556	0.24124	0	0
0	0	0	18.840724	5.907008	-112.083154	5.907008	1.232057E+8	7.372302E-8	1.356428E+7	7.458274E+16	0	0	0.000601	0.239276	0	0
0	0	0	18.490803	5.907218	-114.195625	5.907218	1.019717E+8	7.455677E-8	1.34126E+7	7.458274E+16	0	0	0.001601	0.237339	0	0
0	0	0	18.143447	5.907024	-116.283601	5.907024	8.451439E+7	5.12996E-8	1.949333E+7	7.458274E+16	0	0	0.003954	0.235462	0	0
0	0	0	17.798835	5.907142	-118.362108	5.907142	7.014971E+7	4.750271E-8	2.105143E+7	7.458274E+16	0	0	0.000952	0.233602	0	0
0	0	0	17.455661	5.907431	-120.436003	5.907431	5.827182E+7	5.500143E-8	1.818134E+7	7.458274E+16	0	0	0.005033	0.231741	0	0
0	0	0	17.117403	5.907247	-122.469297	5.907247	4.853394E+7	3.662939E-8	2.730048E+7	7.458274E+16	0	0	-0.002112	0.229936	0	0
0	0	0	16.78697	5.907322	-124.461545	5.907322	4.059471E+7	3.338566E-8	2.995298E+7	7.458274E+16	0	0	0.000974	0.228103	0	0
0	0	0	16.454348	5.907421	-126.467575	5.907421	3.391403E+7	3.158694E-8	3.165865E+7	7.458274E+16	0	0	0.001328	0.226267	0	0
0	0	0	16.127361	5.907375	-128.436186	5.907375	2.841924E+7	2.492793E-8	4.011564E+7	7.458274E+16	0	0	0.003438	0.22445	0	0
0	0	0	15.803723	5.907506	-130.388978	5.907506	2.385787E+7	2.510355E-8	3.983501E+7	7.458274E+16	0	0	0.003464	0.222709	0	0
0	0	0	15.483907	5.907585	-132.317504	5.907585	2.007004E+7	2.399082E-8	4.16826E+7	7.458274E+16	0	0	0.002069	0.220924	0	0
0	0	0	15.169514	5.90747	-134.208516	5.90747	1.693316E+7	1.689033E-8	5.920546E+7	7.458274E+16	0	0	-0.001852	0.219259	0	0
0	0	0	14.859303	5.90767	-136.082313	5.90767	1.43189E+7	2.007472E-8	4.981388E+7	7.458274E+16	0	0	-6.30909E-5	0.217534	0	0
0	0	0	14.552686	5.907493	-137.924842	5.907493	1.213179E+7	1.251551E-8	7.990086E+7	7.458274E+16	0	0	0.003206	0.215805	0	0
0	0	0	14.251312	5.907562	-139.742099	5.907562	1.030792E+7	1.185145E-8	8.437784E+7	7.458274E+16	0	0	0.004328	0.21412	0	0
0	0	0	13.955149	5.907824	-141.533088	5.907824	8782950	1.790944E-8	5.583646E+7	7.458274E+16	0	0	0.002517	0.212407	0	0
0	0	0	13.661909	5.907804	-143.299109	5.907804	7495427	1.444597E-8	6.922347E+7	7.458274E+16	0	0	-6.500307E-5	0.210802	0	0
0	0	0	13.37522	5.907765	-145.025133	5.907765	6419336	1.11493E-8	8.969175E+7	7.458274E+16	0	0	0.000683	0.209168	0	0
0	0	0	13.095865	5.907742	-146.707398	5.907742	5519576	9.064025E-9	1.103263E+8	7.458274E+16	0	0	0.002573	0.207507	0	0
0	0	0	12.818209	5.907798	-148.381564	5.907798	4750290	8.990939E-9	1.112231E+8	7.458274E+16	0	0	0.002972	0.205926	0	0
0	0	0	12.544391	5.907837	-150.032181	5.907837	4096715	8.689807E-9	1.150774E+8	7.458274E+16	0	0	0.006439	0.204273	0	0
0	0	0	12.277516	5.907879	-151.641085	5.907879	3546347	8.653965E-9	1.15554E+8	7.458274E+16	0	0	0.004173	0.202724	0	0
0	0	0	12.013842	5.907955	-153.231637	5.907955	3075236	1.022587E-8	9.779122E+7	7.458274E+16	0	0	0.003039	0.201127	0	0
0	0	0	11.754301	5.907978	-154.795849	5.907978	2672672	9.989887E-9	1.001012E+8	7.458274E+16	0	0	-0.000851	0.199565	0	0
0	0	0	11.500641	5.907883	-156.321294	5.907883	2330202	5.752846E-9	1.73827E+8	7.458274E+16	0	0	-0.00204	0.198024	0	0
0	0	0	11.252256	5.90806	-157.822696	5.90806	2037418	1.367481E-8	7.312714E+7	7.458274E+16	0	0	0.003902	0.196495	0	0
0	0	0	11.00709	5.90805	-159.299402	5.90805	1784524	1.093351E-8	9.146196E+7	7.458274E+16	0	0	0.008334	0.194913	0	0
0	0	0	10.766579	5.908079	-160.749201	5.908079	1566958	1.299958E-8	7.692554E+7	7.458274E+16	0	0	0.005172	0.193356	0	0
0	0	0	10.531229	5.908056	-162.166381	5.908056	1379762	8.975104E-9	1.114193E+8	7.458274E+16	0	0	-0.000884	0.191851	0	0
0	0	0	10.299359	5.908096	-163.564425	5.908096	1217216	1.257071E-8	7.955002E+7	7.458274E+16	0	0	0.002793	0.190417	0	0
0	0	0	10.072781	5.90804	-164.927784	5.90804	1076896	6.069023E-9	1.647712E+8	7.458274E+16	0	0	0.004462	0.188936	0	0
0	0	0	9.848883	5.907991	-166.27518	5.907991	954133	3.838495E-9	2.605187E+8	7.458274E+16	0	0	0.003249	0.18747	0	0
0	0	0	9.630211	5.908319	-167.602369	5.908319	847757	-3.757484E-9	-2.661355E+8	7.458274E+16	0	0	0.001182	0.185965	0	0
0	0	0	9.4151	5.908217	-168.895272	5.908217	754692	-9.599226E-9	-1.041751E+8	7.458274E+16	0	0	0.001612	0.184596	0	0
0	0	0	9.204253	5.90821	-170.165339	5.90821	673393	-9.74007E-9	-1.026687E+8	7.458274E+16	0	0	0.003748	0.183078	0	0
0	0	0	8.994712	5.908279	-171.429831	5.908279	601277	-3.563845E-9	-2.805958E+8	7.458274E+16	0	0	0.000781	0.181677	0	0
0	0	0	8.792342	5.908112	-172.643901	5.908112	538969	7.371029E-9	1.356663E+8	7.458274E+16	0	0	0.001649	0.180267	0	0
0	0	0	8.592929	5.908109	-173.845161	5.908109	483891	6.214744E-9	1.609077E+8	7.458274E+16	0	0	-0.006154	0.178909	0	0
0	0	0	8.396766	5.908207	-175.02999	5.908207	435206	-6.758427E-9	-1.479634E+8	7.458274E+16	0	0	-0.002701	0.177528	0	0
0	0	0	8.204409	5.908187	-176.18824	5.908187	392224	-1.091229E-8	-9.163977E+7	7.458274E+16	0	0	0.001686	0.17607	0	0
0	0	0	8.014078	5.908351	-177.340039	5.908351	353876	-1.296072E-9	-7.715618E+8	7.458274E+16	0	0	0.001254	0.174781	0	0
0	0	0	7.829252	5.908155	-178.447361	5.908155	320228	2.790553E-8	3.583519E+7	7.458274E+16	0	0	0.001263	0.173423	0	0
0	0	0	7.647578	5.908194	-179.543103	5.908194	290273	-6.389863E-9	-1.564979E+8	7.458274E+16	0	0	0.001273	0.172089	0	0
0	0	0	7.468273	5.908161	-180.622294	5.908161	263458	1.322807E-7	7559682.524885	7.458274E+16	0	0	0.004005	0.170764	0	0
0	0	0	7.292561	5.908256	-181.683912	5.908256	239585	-1.767858E-9	-5.656564E+8	7.458274E+16	0	0	0.000834	0.169442	0	0
0	0	0	7.117879	5.908138	-182.732514	5.908138	217996	6.195746E-9	1.614011E+8	7.458274E+16	0	0	0.007749	0.168132	0	0
0	0	0	6.947623	5.908322	-183.764144	5.908322	198828	-8.631173E-10	-1.158591E+9	7.458274E+16	0	0	0.006878	0.166847	0	0
0	0	0	6.781369	5.908197	-184.761731	5.908197	181739	-3.622535E-9	-2.760498E+8	7.458274E+16	0	0	-8.178169E-5	0.165573	0	0
0	0	0	6.616226	5.908256	-185.758565	5.908256	166217	-1.226487E-9	-8.153367E+8	7.458274E+16	0	0	-0.002436	0.164291	0	0
0	0	0	6.454594	5.908286	-186.733293	5.908286	152310	-8.547152E-10	-1.16998E+9	7.458274E+16	0	0	0.002288	0.163077	0	0
0	0	0	6.295364	5.908335	-187.694208	5.908335	139748	-5.604989E-10	-1.784125E+9	7.458274E+16	0	0	-0.004381	0.161879	0	0
0	0	0	6.136673	5.908371	-188.651457	5.908371	128260	-4.254225E-10	-2.350605E+9	7.458274E+16	0	0	-0.002489	0.160649	0	0
0	0	0	5.982899	5.908355	-189.577358	5.908355	118029	-4.249023E-10	-2.353482E+9	7.458274E+16	0	0	0.003793	0.15934	0	0
0	0	0	5.831951	5.908341	-190.486339	5.908341	108781	-4.203095E-10	-2.379199E+9	7.458274E+16	0	0	0.000403	0.158094	0	0
0	0	0	5.68275	5.908368	-191.386099	5.908368	100351	-3.381706E-10	-2.957087E+9	7.458274E+16	0	0	0.007782	0.156924	0	0
0	0	0	5.537209	5.90841	-192.264369	5.90841	92759	-2.588206E-10	-3.86368E+9	7.458274E+16	0	0	0.001399	0.155774	0	0
0	0	0	5.391634	5.908309	-193.138002	5.908309	85739	-4.055908E-10	-2.465539E+9	7.458274E+16	0	0	-0.002084	0.1545	0	0
0	0	0	5.247448	5.908355	-194.008217	5.908355	79310	-2.855146E-10	-3.502448E+9	7.458274E+16	0	0	0.003932	0.153402	0	0
0	0	0	5.10733	5.908276	-194.849726	5.908276	73524	-4.483879E-10	-2.230212E+9	7.458274E+16	0	0	0.002948	0.152232	0	0
0	0	0	4.968845	5.908315	-195.685381	5.908315	68221	-3.088647E-10	-3.237663E+9	7.458274E+16	0	0	0.005011	0.151018	0	0
0	0	0	4.83263	5.908338	-196.506808	5.908338	63378	-2.494512E-10	-4.008801E+9	7.458274E+16	0	0	0.00556	0.149908	0	0
0	0	0	4.698262	5.908243	-197.313086	5.908243	58938	-5.056654E-10	-1.977592E+9	7.458274E+16	0	0	0.004048	0.148766	0	0
0	0	0	4.565722	5.908364	-198.11574	5.908364	54863	-1.878839E-10	-5.322436E+9	7.458274E+16	0	0	-0.000612	0.147676	0	0
0	0	0	4.433755	5.908319	-198.909225	5.908319	51085	-2.26422E-10	-4.416532E+9	7.458274E+16	0	0	-9.184252E-5	0.146546	0	0
0	0	0	4.304303	5.908319	-199.689129	5.908319	47633	-2.111219E-10	-4.736601E+9	7.458274E+16	0	0	0.000436	0.14546	0	0
0	0	0	4.176158	5.908355	-200.462408	5.908355	44444	-1.599976E-10	-6.250094E+9	7.458274E+16	0	0	0.00257	0.144306	0	0
0	0	0	4.050757	5.90845	-201.22121	5.90845	41531	-1.000039E-10	-9.999605E+9	7.458274E+16	0	0	0.0042	0.143136	0	0
0	0	0	3.926532	5.90843	-201.968951	5.90843	38834	-1.003871E-10	-9.961435E+9	7.458274E+16	0	0	0.007468	0.142158	0	0
0	0	0	3.803859	5.908322	-202.704247	5.908322	36342	-1.577615E-10	-6.338682E+9	7.458274E+16	0	0	0.000993	0.141092	0	0
0	0	0	3.682345	5.908466	-203.441377	5.908466	34032	-7.752111E-11	-1.289971E+10	7.458274E+16	0	0	-9.589719E-5	0.140026	0	0
0	0	0	3.562253	5.908486	-204.165598	5.908486	31893	-6.822699E-11	-1.465696E+10	7.458274E+16	0	0	-0.002306	0.138892	0	0
0	0	0	3.443043	5.908368	-204.879656	5.908368	29902	-1.007661E-10	-9.923974E+9	7.458274E+16	0	0	0.003239	0.137889	0	0
0	0	0	3.3238	5.908358	-205.59771	5.908358	28036	-9.923508E-11	-1.007708E+10	7.458274E+16	0	0	0.004383	0.136847	0	0
0	0	0	3.207056	5.908453	-206.304424	5.908453	26321	-6.266375E-11	-1.595819E+10	7.458274E+16	0	0	0.001594	0.135797	0	0
0	0	0	3.091865	5.908378	-206.995749	5.908378	24732	-7.95312E-11	-1.257368E+10	7.458274E+16	0	0	0.001605	0.134783	0	0
0	0	0	2.977424	5.908568	-207.691995	5.908568	23248	-3.967227E-11	-2.520652E+10	7.458274E+16	0	0	-0.004106	0.133773	0	0
0	0	0	2.862526	5.908528	-208.382833	5.908528	21848	-4.129286E-11	-2.421726E+10	7.458274E+16	0	0	0.00509	0.132678	0	0
0	0	0	2.749752	5.90842	-209.058403	5.90842	20556	-5.516661E-11	-1.812691E+10	7.458274E+16	0	0	-0.001844	0.131708	0	0
0	0	0	2.637304	5.908417	-209.735753	5.908417	19344	-5.25831E-11	-1.901752E+10	7.458274E+16	0	0	0.001652	0.13077	0	0
0	0	0	2.526392	5.90845	-210.405151	5.90845	18218	-4.386776E-11	-2.279579E+10	7.458274E+16	0	0	0.003434	0.129664	0	0
0	0	0	2.415137	5.908525	-211.078161	5.908525	17155	-3.271627E-11	-3.056583E+10	7.458274E+16	0	0	0.010582	0.128713	0	0
0	0	0	2.307655	5.908378	-211.72038	5.908378	16186	-5.204965E-11	-1.921243E+10	7.458274E+16	0	0	-0.004287	0.127847	0	0
0	0	0	2.205172	5.908473	-212.341263	5.908473	15314	-3.414594E-11	-2.928606E+10	7.458274E+16	0	0	-0.000105	0.126801	0	0
0	0	0	2.106167	5.908319	-212.932138	5.908319	14516	-6.433869E-11	-1.554275E+10	7.458274E+16	0	0	-0.001925	0.125882	0	0
0	0	0	2.012619	5.908607	-213.506252	5.908607	13800	-2.146511E-11	-4.658723E+10	7.458274E+16	0	0	-0.003162	0.12486	0	0
0	0	0	1.922795	5.908541	-214.045038	5.908541	13146	-2.398615E-11	-4.169072E+10	7.458274E+16	0	0	0.003584	0.123942	0	0
0	0	0	1.841546	5.908541	-214.534548	5.908541	12581	-2.295526E-11	-4.356301E+10	7.458274E+16	0	0	0.000511	0.123043	0	0
0	0	0	1.763042	5.908577	-215.008846	5.908577	12058	-2.008907E-11	-4.977831E+10	7.458274E+16	0	0	-0.000109	0.122061	0	0
0	0	0	1.687968	5.908512	-215.458749	5.908512	11579	-2.291105E-11	-4.364706E+10	7.458274E+16	0	0	-0.001995	0.121262	0	0
0	0	0	1.614805	5.908489	-215.898698	5.908489	11130	-2.357071E-11	-4.242553E+10	7.458274E+16	0	0	0.007488	0.120252	0	0
0	0	0	1.545089	5.908545	-216.320778	5.908545	10718	-1.938828E-11	-5.157754E+10	7.458274E+16	0	0	0.008177	0.119378	0	0
0	0	0	1.480273	5.908486	-216.709105	5.908486	10349	-2.213906E-11	-4.516903E+10	7.458274E+16	0	0	0.003741	0.118471	0	0
0	0	0	1.4191	5.908509	-217.07851	5.908509	10013	-2.00001E-11	-4.999974E+10	7.458274E+16	0	0	0.017354	0.117569	0	0
0	0	0	1.360524	5.908315	-217.424261	5.908315	9701	-4.392044E-11	-2.276844E+10	7.458274E+16	0	0	0.006401	0.116706	0	0
0	0	0	1.30613	5.90859	-217.762173	5.90859	9420	-1.521332E-11	-6.573188E+10	7.458274E+16	0	0	0.001197	0.115856	0	0
0	0	0	1.252062	5.908319	-218.077828	5.908319	9148	-4.054632E-11	-2.466315E+10	7.458274E+16	0	0	-0.006724	0.114961	0	0
0	0	0	1.203123	5.9084	-218.375711	5.9084	8909	-2.58858E-11	-3.863121E+10	7.458274E+16	0	0	0.005205	0.114175	0	0
0	0	0	1.155328	5.908535	-218.668661	5.908535	8682	-1.612009E-11	-6.203437E+10	7.458274E+16	0	0	0.002562	0.113332	0	0
0	0	0	1.110081	5.90841	-218.93663	5.90841	8472	-2.363898E-11	-4.230301E+10	7.458274E+16	0	0	0.004606	0.112458	0	0
0	0	0	1.06686	5.908476	-219.19947	5.908476	8277	-1.826231E-11	-5.47576E+10	7.458274E+16	0	0	0.0026	0.111619	0	0
0	0	0	1.024717	5.908473	-219.453253	5.908473	8090	-1.803844E-11	-5.543718E+10	7.458274E+16	0	0	0.003986	0.110805	0	0
0	0	0	0.985497	5.908479	-219.689787	5.908479	7920	-1.729369E-11	-5.782456E+10	7.458274E+16	0	0	0.001258	0.109954	0	0
0	0	0	0.948581	5.908414	-219.90975	5.908414	7764	-2.13806E-11	-4.677138E+10	7.458274E+16	0	0	0.004041	0.10922	0	0
0	0	0	0.912008	5.908528	-220.134384	5.908528	7612	-1.438673E-11	-6.95085E+10	7.458274E+16	0	0	-0.000821	0.108389	0	0
0	0	0	0.877688	5.908361	-220.334894	5.908361	7472	-2.601101E-11	-3.844525E+10	7.458274E+16	0	0	0.004099	0.107594	0	0
0	0	0	0.845444	5.908492	-220.534069	5.908492	7343	-1.539613E-11	-6.495139E+10	7.458274E+16	0	0	0.003418	0.10686	0	0
0	0	0	0.81364	5.908374	-220.721256	5.908374	7217	-2.356722E-11	-4.243182E+10	7.458274E+16	0	0	0.009864	0.106041	0	0
0	0	0	0.783323	5.90845	-220.906735	5.90845	7100	-1.709634E-11	-5.849206E+10	7.458274E+16	0	0	0.004901	0.105314	0	0
0	0	0	0.754035	5.908391	-221.080974	5.908391	6989	-2.118265E-11	-4.720845E+10	7.458274E+16	0	0	0.010722	0.104536	0	0
0	0	0	0.72674	5.908466	-221.248251	5.908466	6887	-1.568782E-11	-6.374372E+10	7.458274E+16	0	0	0.00133	0.103721	0	0
0	0	0	0.699429	5.908469	-221.41292	5.908469	6785	-1.529032E-11	-6.540087E+10	7.458274E+16	0	0	0.004274	0.102958	0	0
0	0	0	0.67264	5.908463	-221.57407	5.908463	6688	-1.540087E-11	-6.493139E+10	7.458274E+16	0	0	0.006518	0.102252	0	0
0	0	0	0.646619	5.908682	-221.739104	5.908682	6594	-8.769003E-12	-1.140381E+11	7.458274E+16	0	0	0.007307	0.101505	0	0
0	0	0	0.623179	5.908515	-221.874038	5.908515	6512	-1.276534E-11	-7.83371E+10	7.458274E+16	0	0	-0.004623	0.100806	0	0
0	0	0	0.601617	5.908492	-222.003079	5.908492	6436	-1.349442E-11	-7.410473E+10	7.458274E+16	0	0	0.005898	0.10008	0	0
0	0	0	0.578732	5.908492	-222.140956	5.908492	6357	-1.332878E-11	-7.502565E+10	7.458274E+16	0	0	0.006695	0.099397	0	0
0	0	0	0.556615	5.908446	-222.272477	5.908446	6281	-1.529892E-11	-6.536407E+10	7.458274E+16	0	0	0.00216	0.098598	0	0
0	0	0	0.537111	5.908509	-222.39233	5.908509	6216	-1.241592E-11	-8.054173E+10	7.458274E+16	0	0	0.003712	0.097955	0	0
0	0	0	0.518016	5.908423	-222.504159	5.908423	6152	-1.63028E-11	-6.133917E+10	7.458274E+16	0	0	0.002188	0.097272	0	0
0	0	0	0.49848	5.908518	-222.625448	5.908518	6087	-1.182233E-11	-8.458568E+10	7.458274E+16	0	0	0.006881	0.096582	0	0
0	0	0	0.481231	5.908456	-222.727021	5.908456	6030	-1.419567E-11	-7.044401E+10	7.458274E+16	0	0	-0.000137	0.095891	0	0
0	0	0	0.462919	5.908482	-222.838332	5.908482	5971	-1.290434E-11	-7.749328E+10	7.458274E+16	0	0	0.006978	0.09516	0	0
0	0	0	0.445311	5.908538	-222.946527	5.908538	5915	-1.088668E-11	-9.185534E+10	7.458274E+16	0	0	0.015768	0.094569	0	0
0	0	0	0.431002	5.90845	-223.029391	5.90845	5869	-1.413217E-11	-7.076054E+10	7.458274E+16	0	0	0.002264	0.093811	0	0
0	0	0	0.414177	5.90842	-223.12964	5.90842	5816	-1.560853E-11	-6.406753E+10	7.458274E+16	0	0	0.003085	0.093188	0	0
0	0	0	0.400603	5.908525	-223.215389	5.908525	5773	-1.100968E-11	-9.082917E+10	7.458274E+16	0	0	-0.005826	0.092541	0	0
0	0	0	0.384873	5.908489	-223.308797	5.908489	5725	-1.21242E-11	-8.247968E+10	7.458274E+16	0	0	0.002308	0.09193	0	0
0	0	0	0.372801	5.908505	-223.382144	5.908505	5687	-1.146791E-11	-8.719985E+10	7.458274E+16	0	0	0.013018	0.091271	0	0
0	0	0	0.358198	5.908482	-223.469257	5.908482	5642	-1.219332E-11	-8.201212E+10	7.458274E+16	0	0	0.008139	0.0906	0	0
0	0	0	0.345473	5.908541	-223.548155	5.908541	5604	-1.022504E-11	-9.779911E+10	7.458274E+16	0	0	0.005691	0.089973	0	0
0	0	0	0.331997	5.908541	-223.629346	5.908541	5563	-1.015023E-11	-9.85199E+10	7.458274E+16	0	0	0.012445	0.089346	0	0
0	0	0	0.320171	5.908509	-223.699355	5.908509	5528	-1.10417E-11	-9.056574E+10	7.458274E+16	0	0	-0.006904	0.088779	0	0
0	0	0	0.310158	5.908551	-223.761298	5.908551	5498	-9.777841E-12	-1.022721E+11	7.458274E+16	0	0	-0.006944	0.088228	0	0
0	0	0	0.298381	5.908463	-223.828899	5.908463	5463	-1.257999E-11	-7.949133E+10	7.458274E+16	0	0	0.00584	0.087561	0	0
0	0	0	0.2884	5.908594	-223.894001	5.908594	5433	-8.707621E-12	-1.148419E+11	7.458274E+16	0	0	0.003296	0.086911	0	0
0	0	0	0.278861	5.908414	-223.944636	5.908414	5406	-1.488711E-11	-6.717221E+10	7.458274E+16	0	0	0.020656	0.086352	0	0
0	0	0	0.268929	5.908492	-224.007456	5.908492	5377	-1.1274E-11	-8.869965E+10	7.458274E+16	0	0	0.014694	0.085689	0	0
0	0	0	0.259635	5.908427	-224.060965	5.908427	5350	-1.400155E-11	-7.142065E+10	7.458274E+16	0	0	0.008632	0.08515	0	0
0	0	0	0.251827	5.908512	-224.111241	5.908512	5327	-1.054039E-11	-9.487315E+10	7.458274E+16	0	0	-0.003687	0.084675	0	0
0	0	0	0.242745	5.908348	-224.159736	5.908348	5301	-1.975807E-11	-5.061223E+10	7.458274E+16	0	0	-0.002824	0.08406	0	0
0	0	0	0.233565	5.908466	-224.219524	5.908466	5275	-1.201586E-11	-8.322332E+10	7.458274E+16	0	0	-0.000157	0.083493	0	0
0	0	0	0.226606	5.908466	-224.261448	5.908466	5255	-1.197031E-11	-8.354006E+10	7.458274E+16	0	0	0.007052	0.082898	0	0
0	0	0	0.218635	5.908463	-224.309349	5.908463	5232	-1.204805E-11	-8.300098E+10	7.458274E+16	0	0	0.00619	0.082335	0	0
0	0	0	0.209569	5.908515	-224.36596	5.908515	5207	-1.020718E-11	-9.797027E+10	7.458274E+16	0	0	0.013538	0.081748	0	0
0	0	0	0.202807	5.908378	-224.401472	5.908378	5188	-1.668316E-11	-5.994069E+10	7.458274E+16	0	0	0.000759	0.081149	0	0
0	0	0	0.197188	5.908568	-224.442551	5.908568	5172	-8.82592E-12	-1.133026E+11	7.458274E+16	0	0	-0.000162	0.080678	0	0
0	0	0	0.190343	5.908414	-224.47793	5.908414	5153	-1.419039E-11	-7.047021E+10	7.458274E+16	0	0	0.00449	0.080126	0	0
0	0	0	0.183532	5.908404	-224.518594	5.908404	5134	-1.471451E-11	-6.796014E+10	7.458274E+16	0	0	0.008262	0.079627	0	0
0	0	0	0.1769	5.908463	-224.560793	5.908463	5116	-1.178093E-11	-8.488294E+10	7.458274E+16	0	0	0.002664	0.079032	0	0
0	0	0	0.171134	5.908374	-224.592167	5.908374	5100	-1.665412E-11	-6.004518E+10	7.458274E+16	0	0	0.010272	0.078505	0	0
0	0	0	0.166429	5.908469	-224.624124	5.908469	5087	-1.146379E-11	-8.723116E+10	7.458274E+16	0	0	0.000788	0.077978	0	0
0	0	0	0.160876	5.908459	-224.657211	5.908459	5071	-1.180622E-11	-8.47011E+10	7.458274E+16	0	0	-0.004975	0.077431	0	0
0	0	0	0.153982	5.908404	-224.696621	5.908404	5053	-1.448236E-11	-6.904954E+10	7.458274E+16	0	0	0.01241	0.076904	0	0
0	0	0	0.148396	5.90845	-224.732024	5.90845	5037	-1.212877E-11	-8.24486E+10	7.458274E+16	0	0	0.004699	0.076389	0	0
0	0	0	0.142924	5.908378	-224.762248	5.908378	5023	-1.615256E-11	-6.190968E+10	7.458274E+16	0	0	-0.00409	0.07591	0	0
0	0	0	0.138432	5.908427	-224.791182	5.908427	5010	-1.311173E-11	-7.626756E+10	7.458274E+16	0	0	0.011661	0.075383	0	0
0	0	0	0.133335	5.908482	-224.824007	5.908482	4997	-1.079936E-11	-9.259804E+10	7.458274E+16	0	0	0.007771	0.07482	0	0
0	0	0	0.128043	5.908453	-224.85477	5.908453	4983	-1.186328E-11	-8.42937E+10	7.458274E+16	0	0	-0.001173	0.074408	0	0
0	0	0	0.121901	5.908453	-224.891773	5.908453	4966	-1.182281E-11	-8.458226E+10	7.458274E+16	0	0	0.004842	0.073989	0	0
0	0	0	0.117246	5.908499	-224.921568	5.908499	4954	-1.018458E-11	-9.818768E+10	7.458274E+16	0	0	-0.009277	0.073414	0	0
0	0	0	0.112721	5.908518	-224.949577	5.908518	4941	-9.59654E-12	-1.042042E+11	7.458274E+16	0	0	0.005933	0.072851	0	0
0	0	0	0.108605	5.908502	-224.973753	5.908502	4930	-1.003739E-11	-9.962752E+10	7.458274E+16	0	0	-0.003254	0.07238	0	0
0	0	0	0.104031	5.908391	-224.997065	5.908391	4918	-1.490575E-11	-6.708821E+10	7.458274E+16	0	0	0.017345	0.071929	0	0
0	0	0	0.099294	5.90844	-225.027477	5.90844	4906	-1.223234E-11	-8.175051E+10	7.458274E+16	0	0	-0.001219	0.071478	0	0
0	0	0	0.093593	5.908436	-225.061698	5.908436	4891	-1.234085E-11	-8.103171E+10	7.458274E+16	0	0	0.003989	0.071046	0	0
0	0	0	0.089199	5.908473	-225.089544	5.908473	4879	-1.08788E-11	-9.192186E+10	7.458274E+16	0	0	0.010323	0.070503	0	0
0	0	0	0.085589	5.908571	-225.11504	5.908571	4869	-8.242162E-12	-1.213274E+11	7.458274E+16	0	0	0.017797	0.070008	0	0
0	0	0	0.082208	5.908561	-225.135037	5.908561	4861	-8.431661E-12	-1.186006E+11	7.458274E+16	0	0	0.00513	0.069625	0	0
0	0	0	0.07881	5.908489	-225.152759	5.908489	4852	-1.027539E-11	-9.73199E+10	7.458274E+16	0	0	0.003024	0.069134	0	0
0	0	0	0.075576	5.908469	-225.171496	5.908469	4843	-1.091393E-11	-9.162603E+10	7.458274E+16	0	0	0.008426	0.068694	0	0
0	0	0	0.071182	5.908495	-225.198968	5.908495	4832	-1.003156E-11	-9.968541E+10	7.458274E+16	0	0	0.000894	0.068267	0	0
0	0	0	0.066363	5.908492	-225.227875	5.908492	4819	-1.010404E-11	-9.897033E+10	7.458274E+16	0	0	-0.004553	0.067776	0	0
0	0	0	0.062182	5.908397	-225.249445	5.908397	4808	-1.416519E-11	-7.059559E+10	7.458274E+16	0	0	0.012982	0.067309	0	0
0	0	0	0.058212	5.908594	-225.280857	5.908594	4798	-7.689888E-12	-1.300409E+11	7.458274E+16	0	0	0.004226	0.066854	0	0
0	0	0	0.055191	5.908446	-225.29344	5.908446	4790	-1.166723E-11	-8.571018E+10	7.458274E+16	0	0	-0.000195	0.066319	0	0
0	0	0	0.053214	5.908532	-225.308597	5.908532	4785	-8.96335E-12	-1.115654E+11	7.458274E+16	0	0	0.006521	0.065935	0	0
0	0	0	0.051287	5.908518	-225.31971	5.908518	4780	-9.283842E-12	-1.07714E+11	7.458274E+16	0	0	-0.001324	0.06548	0	0
0	0	0	0.048395	5.908456	-225.334754	5.908456	4772	-1.123412E-11	-8.901454E+10	7.458274E+16	0	0	0.003204	0.065033	0	0
0	0	0	0.045308	5.908499	-225.354979	5.908499	4764	-9.793969E-12	-1.021036E+11	7.458274E+16	0	0	-0.003629	0.064514	0	0
0	0	0	0.042613	5.90842	-225.368217	5.90842	4758	-1.276915E-11	-7.831373E+10	7.458274E+16	0	0	0.011308	0.064043	0	0
0	0	0	0.039493	5.908456	-225.388389	5.908456	4750	-1.118233E-11	-8.942682E+10	7.458274E+16	0	0	0.005591	0.063587	0	0
0	0	0	0.035752	5.908453	-225.4108	5.908453	4740	-1.128476E-11	-8.861508E+10	7.458274E+16	0	0	0.016127	0.063144	0	0
0	0	0	0.033188	5.908499	-225.428002	5.908499	4733	-9.730239E-12	-1.027724E+11	7.458274E+16	0	0	-0.000205	0.062721	0	0
0	0	0	0.030264	5.90844	-225.443367	5.90844	4726	-1.178354E-11	-8.486415E+10	7.458274E+16	0	0	-0.000207	0.062302	0	0
0	0	0	0.027993	5.908495	-225.459172	5.908495	4720	-9.799039E-12	-1.020508E+11	7.458274E+16	0	0	0.009302	0.061898	0	0
0	0	0	0.025968	5.908525	-225.472501	5.908525	4715	-8.991969E-12	-1.112104E+11	7.458274E+16	0	0	0.002185	0.061443	0	0
0	0	0	0.024351	5.908502	-225.481368	5.908502	4711	-9.591508E-12	-1.042589E+11	7.458274E+16	0	0	0.000994	0.06102	0	0
0	0	0	0.022358	5.908522	-225.494125	5.908522	4706	-9.056707E-12	-1.104154E+11	7.458274E+16	0	0	0.010698	0.060637	0	0
0	0	0	0.020283	5.908394	-225.501746	5.908394	4700	-1.404319E-11	-7.120887E+10	7.458274E+16	0	0	0.022968	0.060225	0	0
0	0	0	0.018634	5.90844	-225.513436	5.90844	4697	-1.171123E-11	-8.538812E+10	7.458274E+16	0	0	-0.007573	0.059898	0	0
0	0	0	0.016347	5.90843	-225.526839	5.90843	4690	-1.21238E-11	-8.248238E+10	7.458274E+16	0	0	0.007193	0.059463	0	0
0	0	0	0.014599	5.908453	-225.538245	5.908453	4686	-1.11562E-11	-8.963626E+10	7.458274E+16	0	0	-0.001461	0.059047	0	0
0	0	0	0.012263	5.908541	-225.555695	5.908541	4680	-8.539115E-12	-1.171082E+11	7.458274E+16	0	0	0.022297	0.05866	0	0
0	0	0	0.009454	5.908577	-225.573998	5.908577	4673	-7.78539E-12	-1.284457E+11	7.458274E+16	0	0	0.00985	0.058273	0	0
0	0	0	0.007885	5.908436	-225.578067	5.908436	4669	-1.17807E-11	-8.488458E+10	7.458274E+16	0	0	0.002312	0.057877	0	0
0	0	0	0.005615	5.908387	-225.589869	5.908387	4664	-1.434203E-11	-6.972512E+10	7.458274E+16	0	0	-0.011695	0.057506	0	0
0	0	0	0.003818	5.908479	-225.604198	5.908479	4659	-1.017314E-11	-9.829803E+10	7.458274E+16	0	0	0.003623	0.057131	0	0
0	0	0	0.001662	5.908473	-225.616938	5.908473	4653	-1.037489E-11	-9.638658E+10	7.458274E+16	0	0	0.004939	0.056727	0	0
0	0	0	-0.000135	5.908453	-225.627013	5.908453	4649	-1.106811E-11	-9.034965E+10	7.458274E+16	0	0	-0.00543	0.0563	0	0
0	0	0	-0.001899	5.908515	-225.640019	5.908515	4644	-9.103541E-12	-1.098474E+11	7.458274E+16	0	0	-0.019848	0.055965	0	0
0	0	0	-0.003647	5.908404	-225.646294	5.908404	4640	-1.329866E-11	-7.519555E+10	7.458274E+16	0	0	0.001086	0.055597	0	0
0	0	0	-0.00577	5.908577	-225.66572	5.908577	4635	-7.722081E-12	-1.294988E+11	7.458274E+16	0	0	0.010374	0.055178	0	0
0	0	0	-0.006865	5.908505	-225.669561	5.908505	4632	-9.340489E-12	-1.070608E+11	7.458274E+16	0	0	-0.005561	0.054891	0	0
0	0	0	-0.009217	5.908423	-225.680604	5.908423	4626	-1.22589E-11	-8.157341E+10	7.458274E+16	0	0	-0.004253	0.054571	0	0
0	0	0	-0.010328	5.908463	-225.688797	5.908463	4623	-1.064567E-11	-9.393492E+10	7.458274E+16	0	0	0.003812	0.054144	0	0
0	0	0	-0.012729	5.908512	-225.705141	5.908512	4617	-9.135532E-12	-1.094627E+11	7.458274E+16	0	0	0.017412	0.053801	0	0
0	0	0	-0.014379	5.908587	-225.71796	5.908587	4613	-7.507497E-12	-1.332002E+11	7.458274E+16	0	0	0.032538	0.053461	0	0
0	0	0	-0.016567	5.908499	-225.727768	5.908499	4608	-9.47326E-12	-1.055603E+11	7.458274E+16	0	0	0.007998	0.053162	0	0
0	0	0	-0.01843	5.908459	-225.737485	5.908459	4603	-1.071663E-11	-9.331289E+10	7.458274E+16	0	0	-0.009924	0.052754	0	0
0	0	0	-0.020275	5.908328	-225.743598	5.908328	4599	-1.917495E-11	-5.215137E+10	7.458274E+16	0	0	-0.000244	0.052403	0	0
0	0	0	-0.022268	5.908535	-225.763491	5.908535	4593	-8.527942E-12	-1.172616E+11	7.458274E+16	0	0	0.013739	0.052143	0	0
0	0	0	-0.024261	5.908522	-225.774997	5.908522	4589	-8.83154E-12	-1.132305E+11	7.458274E+16	0	0	0.01665	0.051768	0	0
0	0	0	-0.026058	5.908515	-225.785572	5.908515	4584	-8.985924E-12	-1.112852E+11	7.458274E+16	0	0	0.01253	0.051321	0	0
0	0	0	-0.027773	5.908525	-225.796281	5.908525	4580	-8.73451E-12	-1.144884E+11	7.458274E+16	0	0	-0.014515	0.051061	0	0
0	0	0	-0.030109	5.908571	-225.812107	5.908571	4574	-7.742791E-12	-1.291524E+11	7.458274E+16	0	0	0.002618	0.050758	0	0
0	0	0	-0.031579	5.908482	-225.817583	5.908482	4571	-9.878707E-12	-1.012278E+11	7.458274E+16	0	0	0.018508	0.050438	0	0
0	0	0	-0.032853	5.908466	-225.824633	5.908466	4567	-1.040312E-11	-9.612503E+10	7.458274E+16	0	0	0.021546	0.050067	0	0
0	0	0	-0.033719	5.908499	-225.831102	5.908499	4565	-9.384859E-12	-1.065546E+11	7.458274E+16	0	0	0.008515	0.04976	0	0
0	0	0	-0.034683	5.908548	-225.838786	5.908548	4563	-8.18402E-12	-1.221893E+11	7.458274E+16	0	0	0.032105	0.049432	0	0
0	0	0	-0.035695	5.908482	-225.842383	5.908482	4561	-9.857095E-12	-1.014498E+11	7.458274E+16	0	0	-0.012105	0.049089	0	0
0	0	0	-0.0371	5.908515	-225.852099	5.908515	4557	-8.932997E-12	-1.119445E+11	7.458274E+16	0	0	0.007188	0.048777	0	0
0	0	0	-0.037835	5.908482	-225.855275	5.908482	4555	-9.844128E-12	-1.015834E+11	7.458274E+16	0	0	0.008722	0.048514	0	0
0	0	0	-0.039077	5.908502	-225.863506	5.908502	4552	-9.267787E-12	-1.079006E+11	7.458274E+16	0	0	0.007269	0.048202	0	0
0	0	0	-0.040367	5.908423	-225.868275	5.908423	4549	-1.205485E-11	-8.295419E+10	7.458274E+16	0	0	0.007323	0.047827	0	0
0	0	0	-0.040841	5.908358	-225.868624	5.908358	4548	-1.609792E-11	-6.211985E+10	7.458274E+16	0	0	0.004313	0.047528	0	0
0	0	0	-0.041755	5.908538	-225.881024	5.908538	4545	-8.36517E-12	-1.195433E+11	7.458274E+16	0	0	0.021218	0.047264	0	0
0	0	0	-0.043618	5.908456	-225.889112	5.908456	4541	-1.069031E-11	-9.354269E+10	7.458274E+16	0	0	0.036736	0.047028	0	0
0	0	0	-0.044075	5.90862	-225.898129	5.90862	4540	-6.85934E-12	-1.457866E+11	7.458274E+16	0	0	0.016805	0.046693	0	0
0	0	0	-0.044843	5.90844	-225.895866	5.90844	4538	-1.131479E-11	-8.83799E+10	7.458274E+16	0	0	0.020042	0.04637	0	0
0	0	0	-0.04597	5.908391	-225.900778	5.908391	4535	-1.374493E-11	-7.27541E+10	7.458274E+16	0	0	0.012289	0.046126	0	0
0	0	0	-0.046264	5.908443	-225.904553	5.908443	4535	-1.117518E-11	-8.948398E+10	7.458274E+16	0	0	0.020297	0.045755	0	0
0	0	0	-0.047963	5.908397	-225.913035	5.908397	4530	-1.334616E-11	-7.492794E+10	7.458274E+16	0	0	-0.005053	0.045487	0	0
0	0	0	-0.048714	5.908532	-225.922697	5.908532	4528	-8.481933E-12	-1.178976E+11	7.458274E+16	0	0	0.00452	0.045228	0	0
0	0	0	-0.049645	5.90844	-225.9248	5.90844	4526	-1.128487E-11	-8.861423E+10	7.458274E+16	0	0	0.009373	0.04496	0	0
0	0	0	-0.050299	5.908509	-225.931367	5.908509	4524	-9.0363E-12	-1.106648E+11	7.458274E+16	0	0	-0.026202	0.044641	0	0
0	0	0	-0.051573	5.908522	-225.939544	5.908522	4522	-8.702598E-12	-1.149082E+11	7.458274E+16	0	0	-0.029616	0.044365	0	0
0	0	0	-0.051687	5.908407	-225.935848	5.908407	4521	-1.278385E-11	-7.822367E+10	7.458274E+16	0	0	0.021044	0.044038	0	0
0	0	0	-0.052618	5.90842	-225.941959	5.90842	4519	-1.212774E-11	-8.245557E+10	7.458274E+16	0	0	0.004663	0.043762	0	0
0	0	0	-0.054153	5.908463	-225.952838	5.908463	4515	-1.039697E-11	-9.618187E+10	7.458274E+16	0	0	-0.005276	0.043451	0	0
0	0	0	-0.05417	5.908407	-225.950807	5.908407	4515	-1.276689E-11	-7.832762E+10	7.458274E+16	0	0	-0.011967	0.043283	0	0
0	0	0	-0.054921	5.908456	-225.957213	5.908456	4513	-1.062439E-11	-9.412306E+10	7.458274E+16	0	0	-0.007014	0.042952	0	0
0	0	0	-0.055542	5.908463	-225.961203	5.908463	4512	-1.039006E-11	-9.624582E+10	7.458274E+16	0	0	-0.015501	0.0427	0	0
0	0	0	-0.054987	5.908384	-225.954851	5.908384	4513	-1.408305E-11	-7.100733E+10	7.458274E+16	0	0	0.016707	0.042409	0	0
0	0	0	-0.056244	5.908433	-225.964308	5.908433	4510	-1.151732E-11	-8.682577E+10	7.458274E+16	0	0	0.011686	0.042105	0	0
0	0	0	-0.057159	5.908522	-225.973201	5.908522	4508	-8.675655E-12	-1.152651E+11	7.458274E+16	0	0	0.013463	0.041885	0	0
0	0	0	-0.057273	5.908522	-225.97389	5.908522	4507	-8.673731E-12	-1.152906E+11	7.458274E+16	0	0	0.013553	0.041594	0	0
0	0	0	-0.058515	5.908466	-225.97924	5.908466	4505	-1.026189E-11	-9.744795E+10	7.458274E+16	0	0	0.004922	0.041334	0	0
0	0	0	-0.058907	5.908486	-225.982353	5.908486	4503	-9.633028E-12	-1.038095E+11	7.458274E+16	0	0	-0.007324	0.041035	0	0
0	0	0	-0.05992	5.908587	-225.992339	5.908587	4501	-7.325221E-12	-1.365147E+11	7.458274E+16	0	0	0.013792	0.040831	0	0
0	0	0	-0.060475	5.908384	-225.987917	5.908384	4500	-1.404249E-11	-7.121246E+10	7.458274E+16	0	0	0.005018	0.0405	0	0
0	0	0	-0.061292	5.908466	-225.99597	5.908466	4498	-1.024594E-11	-9.75996E+10	7.458274E+16	0	0	0.024699	0.040256	0	0
0	0	0	-0.061978	5.908482	-226.00073	5.908482	4496	-9.716619E-12	-1.029165E+11	7.458274E+16	0	0	0.012267	0.039997	0	0
0	0	0	-0.062697	5.908561	-226.008067	5.908561	4494	-7.795081E-12	-1.28286E+11	7.458274E+16	0	0	0.001492	0.039753	0	0
0	0	0	-0.063611	5.908368	-226.006185	5.908368	4492	-1.513749E-11	-6.606115E+10	7.458274E+16	0	0	-0.000318	0.039538	0	0
0	0	0	-0.064101	5.908495	-226.014025	5.908495	4491	-9.323619E-12	-1.072545E+11	7.458274E+16	0	0	0.008814	0.039318	0	0
0	0	0	-0.064787	5.908479	-226.017531	5.908479	4489	-9.801941E-12	-1.020206E+11	7.458274E+16	0	0	0.025433	0.039026	0	0
0	0	0	-0.065555	5.908459	-226.021405	5.908459	4488	-1.044889E-11	-9.570393E+10	7.458274E+16	0	0	0.005226	0.038799	0	0
0	0	0	-0.066176	5.908492	-226.026398	5.908492	4486	-9.405834E-12	-1.06317E+11	7.458274E+16	0	0	-0.005908	0.038555	0	0
0	0	0	-0.066715	5.908482	-226.029269	5.908482	4485	-9.692846E-12	-1.031689E+11	7.458274E+16	0	0	-0.002196	0.038368	0	0
0	0	0	-0.067221	5.908554	-226.035077	5.908554	4484	-7.907819E-12	-1.264571E+11	7.458274E+16	0	0	0.012848	0.038088	0	0
0	0	0	-0.067826	5.908676	-226.043355	5.908676	4482	-6.036501E-12	-1.656589E+11	7.458274E+16	0	0	0.005354	0.037817	0	0
0	0	0	-0.068038	5.908538	-226.039371	5.908538	4481	-8.247376E-12	-1.212507E+11	7.458274E+16	0	0	-0.015586	0.037581	0	0
0	0	0	-0.069165	5.9084	-226.040898	5.9084	4478	-1.301118E-11	-7.685696E+10	7.458274E+16	0	0	0.013081	0.037369	0	0
0	0	0	-0.069753	5.908528	-226.049329	5.908528	4477	-8.46156E-12	-1.181815E+11	7.458274E+16	0	0	-0.013836	0.03713	0	0
0	0	0	-0.07057	5.90844	-226.050866	5.90844	4475	-1.115771E-11	-8.962413E+10	7.458274E+16	0	0	0.007415	0.036918	0	0
0	0	0	-0.070994	5.908561	-226.058061	5.908561	4474	-7.76039E-12	-1.288595E+11	7.458274E+16	0	0	-0.006194	0.036675	0	0
0	0	0	-0.071828	5.908387	-226.056438	5.908387	4472	-1.375162E-11	-7.271868E+10	7.458274E+16	0	0	0.011416	0.036491	0	0
0	0	0	-0.072448	5.908548	-226.066319	5.908548	4471	-8.019013E-12	-1.247036E+11	7.458274E+16	0	0	0.007547	0.036239	0	0
0	0	0	-0.07271	5.908332	-226.059622	5.908332	4470	-1.827578E-11	-5.471723E+10	7.458274E+16	0	0	0.027487	0.035948	0	0
0	0	0	-0.073641	5.908489	-226.071247	5.908489	4468	-9.462169E-12	-1.05684E+11	7.458274E+16	0	0	0.021648	0.035728	0	0
0	0	0	-0.073967	5.908495	-226.073466	5.908495	4467	-9.273794E-12	-1.078307E+11	7.458274E+16	0	0	0.00769	0.035525	0	0
0	0	0	-0.074049	5.908423	-226.071201	5.908423	4467	-1.183755E-11	-8.447697E+10	7.458274E+16	0	0	0.003679	0.035417	0	0
0	0	0	-0.074572	5.908532	-226.078486	5.908532	4465	-8.363921E-12	-1.195612E+11	7.458274E+16	0	0	0.009793	0.035165	0	0
0	0	0	-0.074572	5.908358	-226.071843	5.908358	4465	-1.580413E-11	-6.327459E+10	7.458274E+16	0	0	0.009857	0.034926	0	0
0	0	0	-0.075634	5.908564	-226.086136	5.908564	4463	-7.678156E-12	-1.302396E+11	7.458274E+16	0	0	0.005808	0.034694	0	0
0	0	0	-0.07565	5.908509	-226.084104	5.908509	4463	-8.914457E-12	-1.121773E+11	7.458274E+16	0	0	0.012053	0.034458	0	0
0	0	0	-0.075928	5.908512	-226.085902	5.908512	4462	-8.828838E-12	-1.132652E+11	7.458274E+16	0	0	-0.006602	0.034279	0	0
0	0	0	-0.076418	5.908564	-226.09086	5.908564	4461	-7.674715E-12	-1.30298E+11	7.458274E+16	0	0	0.010094	0.034059	0	0
0	0	0	-0.075911	5.908509	-226.085678	5.908509	4463	-8.914457E-12	-1.121773E+11	7.458274E+16	0	0	0.031176	0.033871	0	0
0	0	0	-0.076532	5.908574	-226.091925	5.908574	4461	-7.491373E-12	-1.334869E+11	7.458274E+16	0	0	-0.019416	0.033648	0	0
0	0	0	-0.076548	5.908597	-226.092901	5.908597	4461	-7.095841E-12	-1.409276E+11	7.458274E+16	0	0	0.008145	0.033428	0	0
0	0	0	-0.076679	5.908532	-226.091181	5.908532	4460	-8.354554E-12	-1.196952E+11	7.458274E+16	0	0	-0.011083	0.033225	0	0
0	0	0	-0.07632	5.908378	-226.083125	5.908378	4461	-1.434533E-11	-6.970911E+10	7.458274E+16	0	0	0.023313	0.033029	0	0
0	0	0	-0.076793	5.908459	-226.089113	5.908459	4460	-1.03837E-11	-9.630477E+10	7.458274E+16	0	0	-0.004699	0.032917	0	0
0	0	0	-0.07712	5.908427	-226.089828	5.908427	4459	-1.166971E-11	-8.569197E+10	7.458274E+16	0	0	0.001796	0.032654	0	0
0	0	0	-0.077757	5.908427	-226.093666	5.908427	4458	-1.166709E-11	-8.571119E+10	7.458274E+16	0	0	0.030265	0.032462	0	0
0	0	0	-0.077659	5.908505	-226.096083	5.908505	4458	-8.989615E-12	-1.112395E+11	7.458274E+16	0	0	0.02827	0.032226	0	0
0	0	0	-0.078525	5.908355	-226.095534	5.908355	4456	-1.604152E-11	-6.233824E+10	7.458274E+16	0	0	0.017347	0.032035	0	0
0	0	0	-0.077871	5.908495	-226.096987	5.908495	4457	-9.253033E-12	-1.080727E+11	7.458274E+16	0	0	0.006302	0.031819	0	0
0	0	0	-0.077773	5.908387	-226.09226	5.908387	4458	-1.370857E-11	-7.294705E+10	7.458274E+16	0	0	0.022023	0.031659	0	0
0	0	0	-0.078361	5.908574	-226.102947	5.908574	4456	-7.482977E-12	-1.336367E+11	7.458274E+16	0	0	-0.013933	0.03144	0	0
0	0	0	-0.078737	5.90841	-226.098944	5.90841	4455	-1.243055E-11	-8.044693E+10	7.458274E+16	0	0	-0.013987	0.031308	0	0
0	0	0	-0.079129	5.908541	-226.106319	5.908541	4455	-8.12858E-12	-1.230227E+11	7.458274E+16	0	0	0.024697	0.031072	0	0
0	0	0	-0.079668	5.908505	-226.108188	5.908505	4454	-8.981549E-12	-1.113394E+11	7.458274E+16	0	0	0.03171	0.030897	0	0
0	0	0	-0.080305	5.908561	-226.114157	5.908561	4452	-7.722229E-12	-1.294963E+11	7.458274E+16	0	0	0.047932	0.030781	0	0
0	0	0	-0.080714	5.908489	-226.11386	5.908489	4451	-9.426167E-12	-1.060877E+11	7.458274E+16	0	0	0.001915	0.030505	0	0
0	0	0	-0.080518	5.908584	-226.116314	5.908584	4451	-7.300185E-12	-1.369828E+11	7.458274E+16	0	0	-0.014384	0.030394	0	0
0	0	0	-0.08122	5.908597	-226.121047	5.908597	4450	-7.078344E-12	-1.41276E+11	7.458274E+16	0	0	0.023011	0.030218	0	0
0	0	0	-0.081481	5.908495	-226.118736	5.908495	4449	-9.236424E-12	-1.08267E+11	7.458274E+16	0	0	0.013736	0.030002	0	0
0	0	0	-0.082037	5.908433	-226.1197	5.908433	4447	-1.135643E-11	-8.805582E+10	7.458274E+16	0	0	0.047064	0.029791	0	0
0	0	0	-0.082559	5.908381	-226.120844	5.908381	4446	-1.408236E-11	-7.101084E+10	7.458274E+16	0	0	0.004357	0.029611	0	0
0	0	0	-0.083736	5.90864	-226.137833	5.90864	4443	-6.436122E-12	-1.553731E+11	7.458274E+16	0	0	0.021184	0.029443	0	0
0	0	0	-0.08403	5.908581	-226.137348	5.908581	4443	-7.344181E-12	-1.361622E+11	7.458274E+16	0	0	-0.002833	0.029303	0	0
0	0	0	-0.084618	5.908581	-226.140891	5.908581	4442	-7.342528E-12	-1.361929E+11	7.458274E+16	0	0	-0.036869	0.029072	0	0
0	0	0	-0.084634	5.908551	-226.139861	5.908551	4441	-7.898034E-12	-1.266138E+11	7.458274E+16	0	0	0.009316	0.028988	0	0
0	0	0	-0.084814	5.90842	-226.135929	5.90842	4441	-1.191841E-11	-8.390379E+10	7.458274E+16	0	0	0.016734	0.028788	0	0
0	0	0	-0.085712	5.90859	-226.14786	5.90859	4439	-7.168993E-12	-1.394896E+11	7.458274E+16	0	0	0.011908	0.028589	0	0
0	0	0	-0.086267	5.908391	-226.143559	5.908391	4438	-1.345094E-11	-7.434426E+10	7.458274E+16	0	0	0	0	0	0
0	0	0	-0.086855	5.90864	-226.15663	5.90864	4436	-6.425982E-12	-1.556182E+11	7.458274E+16	0	0	0	0	0	0
0	0	0	-0.08728	5.908535	-226.155177	5.908535	4435	-8.23458E-12	-1.214391E+11	7.458274E+16	0	0	0	0	0	0
0	0	0	-0.088064	5.908489	-226.158146	5.908489	4433	-9.388048E-12	-1.065184E+11	7.458274E+16	0	0	0	0	0	0
0	0	0	-0.088179	5.908551	-226.161217	5.908551	4433	-7.883807E-12	-1.268423E+11	7.458274E+16	0	0	0	0	0	0
0	0	0	-0.08875	5.908489	-226.162279	5.908489	4431	-9.383812E-12	-1.065665E+11	7.458274E+16	0	0	0	0	0	0
0	0	0	-0.088946	5.908515	-226.164463	5.908515	4431	-8.686001E-12	-1.151278E+11	7.458274E+16	0	0	0	0	0	0
0	0	0	-0.088881	5.908587	-226.166827	5.908587	4431	-7.211298E-12	-1.386713E+11	7.458274E+16	0	0	0	0	0	0
0	0	0	-0.08924	5.908597	-226.169369	5.908597	4430	-7.046531E-12	-1.419138E+11	7.458274E+16	0	0	0	0	0	0
0	0	0	-0.089649	5.908469	-226.166939	5.908469	4429	-9.98096E-12	-1.001908E+11	7.458274E+16	0	0	0	0	0	0
