Vload_(V)	ILoad_(A)	RsLoad_(ohm)	SunsVoc_Voltage_(V)	SunsVoc_Current_(A)	Model_Voltage_(V)	Model_Current_(A)	Carrier_Density_(cm-3)	Lifetime_(s)	Inverse_Lifetime_(s-1)	(Carrier_Density+Doping)/qWni^2_(cm^2/C)	Carrier_Density_at_Vmp_(cm-3)	Lifetime_at_Vmp_(s)	Efficiency_(%)	Intensity_(suns)	Dark_IV_Voltage_(V)	Dark_IV_Current_(A)
5.48979	10.168822	0	47.340429	-0.484867	47.452134	-0.484867	5.83292E+14	3.783169E-5	26432.303148	7.731831E+16	2.245544E+13	2.84925E-5	17.948169	1.124967	0	0
5.579008	10.176715	-0.484882	47.194055	0.239096	47.139436	0.239096	5.403248E+14	3.759995E-5	26595.292488	7.71168E+16	0	0	17.911791	1.122994	0	0
5.658268	10.178119	-0.462461	47.046291	0.947862	46.831621	0.947862	5.000679E+14	3.747335E-5	26685.214107	7.6928E+16	0	0	17.917792	1.119195	0	0
8.01951	10.131305	2.71271	46.898708	1.594073	46.540807	1.594073	4.627743E+14	3.729216E-5	26814.933069	7.675309E+16	0	0	17.931579	1.117157	0	0
12.005481	10.117103	2.396475	46.750471	2.183739	46.264475	2.183739	4.280457E+14	3.70408E-5	26996.950449	7.659022E+16	0	0	17.896962	1.115168	0	0
15.97223	10.086994	2.112106	46.60916	2.712872	46.010492	2.712872	3.973128E+14	3.682131E-5	27157.927662	7.644609E+16	0	0	17.910323	1.11059	0	0
19.915867	10.055428	1.796328	46.473354	3.194963	45.774057	3.194963	3.698133E+14	3.664199E-5	27290.870487	7.631712E+16	0	0	17.896523	1.103887	0	0
23.871474	9.985358	1.514696	46.33678	3.64485	45.545621	3.64485	3.440387E+14	3.643888E-5	27443.021783	7.619624E+16	0	0	17.886059	1.097284	0	0
27.797539	9.845899	1.256995	46.198622	4.069733	45.322698	4.069733	3.197579E+14	3.622647E-5	27603.951806	7.608237E+16	0	0	17.884582	1.091547	0	0
31.759463	9.823148	0.870625	46.061019	4.467839	45.107571	4.467839	2.972482E+14	3.602791E-5	27756.110437	7.59768E+16	0	0	17.865173	1.084105	0	0
32.860504	9.825809	0.756662	45.925049	4.833105	44.902374	4.833105	2.765369E+14	3.581212E-5	27923.383468	7.587966E+16	0	0	17.86451	1.074953	0	0
34.065822	9.816115	0.640661	45.789227	5.169481	44.704693	5.169481	2.572667E+14	3.555826E-5	28122.754623	7.578929E+16	0	0	17.867756	1.065853	0	0
35.212894	9.804343	0.531209	45.655087	5.484676	44.514191	5.484676	2.395345E+14	3.533519E-5	28300.305922	7.570613E+16	0	0	17.856739	1.057216	0	0
36.342564	9.784172	0.428194	45.522989	5.781226	44.330541	5.781226	2.232511E+14	3.515901E-5	28442.127566	7.562976E+16	0	0	17.856228	1.048248	0	0
37.516526	9.773918	0.3139	45.39009	6.05543	44.151765	6.05543	2.079719E+14	3.493608E-5	28623.627849	7.55581E+16	0	0	17.845855	1.038385	0	0
38.681893	9.76386	0.200336	45.259315	6.309283	43.980028	6.309283	1.939459E+14	3.472281E-5	28799.448279	7.549232E+16	0	0	17.846226	1.028187	0	0
39.798477	9.625582	0.149371	45.128197	6.547352	43.812031	6.547352	1.808224E+14	3.450142E-5	28984.260101	7.543078E+16	0	0	17.84478	1.018603	0	0
40.920273	9.184	0.166307	44.997683	6.770594	43.648368	6.770594	1.686323E+14	3.428923E-5	29163.62591	7.537361E+16	0	0	17.834832	1.009004	0	0
42.004113	8.494001	0.179834	44.866173	6.983531	43.48661	6.983531	1.571722E+14	3.409543E-5	29329.40006	7.531986E+16	0	0	17.835012	0.998921	0	0
43.06874	7.506875	0.187845	44.73806	7.176425	43.332594	7.176425	1.467508E+14	3.388683E-5	29509.950243	7.527098E+16	0	0	17.833619	0.988827	0	0
44.077017	6.236974	0.192661	44.612643	7.35275	43.184883	7.35275	1.372127E+14	3.366822E-5	29701.564567	7.522625E+16	0	0	17.829224	0.979203	0	0
45.052205	4.695212	0.192297	44.490819	7.515498	43.043607	7.515498	1.285372E+14	3.347403E-5	29873.873864	7.518556E+16	0	0	17.829252	0.969808	0	0
45.950065	2.981983	0.204118	44.369192	7.666495	42.905278	7.666495	1.204187E+14	3.325214E-5	30073.225455	7.514749E+16	0	0	17.823904	0.960268	0	0
46.698667	1.333245	0.217385	44.248038	7.809918	42.769295	7.809918	1.128382E+14	3.305335E-5	30254.095849	7.511194E+16	0	0	17.824394	0.950114	0	0
39.3999	9.71299	0.152206	44.127194	7.943939	42.635816	7.943939	1.057494E+14	3.284281E-5	30448.045479	7.507869E+16	0	0	17.824832	0.940394	0	0
47.245012	0	0	44.00867	8.06858	42.506584	8.06858	9.922676E+13	3.264594E-5	30631.667145	7.50481E+16	0	0	17.823981	0.930871	0	0
0	0	0	43.888676	8.186426	42.377688	8.186426	9.303061E+13	3.242687E-5	30838.603677	7.501904E+16	0	0	17.8172	0.921547	0	0
0	0	0	43.770903	8.297831	42.252322	8.297831	8.732352E+13	3.224997E-5	31007.771686	7.499228E+16	0	0	17.811543	0.912168	0	0
0	0	0	43.653	8.402632	42.128387	8.402632	8.195901E+13	3.206483E-5	31186.808378	7.496712E+16	0	0	17.807349	0.902848	0	0
0	0	0	43.536223	8.501356	42.006874	8.501356	7.696914E+13	3.189548E-5	31352.397852	7.494372E+16	0	0	17.805476	0.893736	0	0
0	0	0	43.420443	8.59234	41.887929	8.59234	7.232047E+13	3.169873E-5	31546.992692	7.492192E+16	0	0	17.797794	0.884951	0	0
0	0	0	43.307571	8.677063	41.772943	8.677063	6.805782E+13	3.152456E-5	31721.291642	7.490192E+16	0	0	17.793377	0.876035	0	0
0	0	0	43.200334	8.756693	41.664086	8.756693	6.424003E+13	3.143409E-5	31812.586578	7.488402E+16	0	0	17.791893	0.867247	0	0
0	0	0	43.088752	8.830823	41.552576	8.830823	6.049388E+13	3.124103E-5	32009.181747	7.486645E+16	0	0	17.784745	0.858626	0	0
0	0	0	42.976697	8.900868	41.441572	8.900868	5.695089E+13	3.103605E-5	32220.58869	7.484983E+16	0	0	17.77551	0.850229	0	0
0	0	0	42.866503	8.96686	41.333111	8.96686	5.366852E+13	3.085306E-5	32411.690912	7.483444E+16	0	0	17.773235	0.84194	0	0
0	0	0	42.757372	9.028961	41.226436	9.028961	5.060368E+13	3.067608E-5	32598.689639	7.482007E+16	0	0	17.770636	0.833615	0	0
0	0	0	42.64904	9.087461	41.121251	9.087461	4.773393E+13	3.050183E-5	32784.91016	7.480661E+16	0	0	17.770162	0.825202	0	0
0	0	0	42.542342	9.142439	41.018256	9.142439	4.506613E+13	3.033964E-5	32960.17495	7.47941E+16	0	0	17.764831	0.817085	0	0
0	0	0	42.435955	9.193959	40.916261	9.193959	4.255416E+13	3.016255E-5	33153.688557	7.478232E+16	0	0	17.763055	0.80882	0	0
0	0	0	42.330776	9.242929	40.81589	9.242929	4.020805E+13	3.000693E-5	33325.636798	7.477131E+16	0	0	17.756589	0.800814	0	0
0	0	0	42.225973	9.288593	40.716522	9.288593	3.799868E+13	2.982926E-5	33524.122963	7.476095E+16	0	0	17.748489	0.792893	0	0
0	0	0	42.119929	9.332402	40.616492	9.332402	3.58864E+13	2.964661E-5	33730.667447	7.475104E+16	0	0	17.741605	0.785167	0	0
0	0	0	42.014129	9.373792	40.517187	9.373792	3.389578E+13	2.945991E-5	33944.430471	7.474171E+16	0	0	17.737349	0.777521	0	0
0	0	0	41.910274	9.412973	40.420048	9.412973	3.204894E+13	2.929868E-5	34131.232071	7.473305E+16	0	0	17.730581	0.770099	0	0
0	0	0	41.807398	9.45009	40.324199	9.45009	3.031856E+13	2.914816E-5	34307.483576	7.472493E+16	0	0	17.722874	0.762701	0	0
0	0	0	41.704343	9.485762	40.228519	9.485762	2.867867E+13	2.901145E-5	34469.150831	7.471724E+16	0	0	17.714359	0.75551	0	0
0	0	0	41.602562	9.52054	40.134187	9.52054	2.714598E+13	2.893417E-5	34561.217174	7.471005E+16	0	0	17.709786	0.748367	0	0
0	0	0	41.500732	9.552639	40.040316	9.552639	2.569439E+13	2.881363E-5	34705.800507	7.470325E+16	0	0	17.700736	0.741321	0	0
0	0	0	41.399751	9.582494	39.947613	9.582494	2.433146E+13	2.867455E-5	34874.124319	7.469685E+16	0	0	17.694156	0.734206	0	0
0	0	0	41.300796	9.610744	39.856998	9.610744	2.306593E+13	2.855916E-5	35015.036001	7.469092E+16	0	0	17.686913	0.727243	0	0
0	0	0	41.202478	9.637168	39.767285	9.637168	2.187365E+13	2.842897E-5	35175.389541	7.468533E+16	0	0	17.678338	0.720372	0	0
0	0	0	41.104078	9.661809	39.677833	9.661809	2.0742E+13	2.826837E-5	35375.225352	7.468002E+16	0	0	17.67042	0.713481	0	0
0	0	0	41.006266	9.685287	39.589128	9.685287	1.967507E+13	2.811625E-5	35566.623454	7.467502E+16	0	0	17.665635	0.706475	0	0
0	0	0	40.909859	9.707175	39.501938	9.707175	1.867713E+13	2.795561E-5	35770.998719	7.467034E+16	0	0	17.661035	0.699516	0	0
0	0	0	40.813517	9.728688	39.414916	9.728688	1.773036E+13	2.783567E-5	35925.129302	7.466589E+16	0	0	17.655655	0.692649	0	0
0	0	0	40.718384	9.748876	39.329189	9.748876	1.684253E+13	2.771301E-5	36084.13541	7.466173E+16	0	0	17.647805	0.68605	0	0
0	0	0	40.623513	9.768193	39.243864	9.768193	1.600138E+13	2.759841E-5	36233.974986	7.465779E+16	0	0	17.641122	0.679398	0	0
0	0	0	40.527612	9.786397	39.157847	9.786397	1.519374E+13	2.745288E-5	36426.050524	7.4654E+16	0	0	17.629949	0.673019	0	0
0	0	0	40.433361	9.803644	39.073445	9.803644	1.443969E+13	2.732263E-5	36599.703575	7.465046E+16	0	0	17.621108	0.666523	0	0
0	0	0	40.338882	9.820016	38.989008	9.820016	1.372134E+13	2.718203E-5	36789.017429	7.464709E+16	0	0	17.611839	0.660172	0	0
0	0	0	40.244713	9.835586	38.904991	9.835586	1.304088E+13	2.704106E-5	36980.803293	7.46439E+16	0	0	17.602973	0.653876	0	0
0	0	0	40.149563	9.850396	38.820263	9.850396	1.238758E+13	2.688107E-5	37200.902035	7.464084E+16	0	0	17.590729	0.647828	0	0
0	0	0	40.05528	9.864584	38.736408	9.864584	1.177249E+13	2.673766E-5	37400.424161	7.463795E+16	0	0	17.583145	0.641772	0	0
0	0	0	39.962287	9.878049	38.653806	9.878049	1.119572E+13	2.660517E-5	37586.674694	7.463525E+16	0	0	17.570066	0.636015	0	0
0	0	0	39.869637	9.890846	38.571622	9.890846	1.064916E+13	2.647138E-5	37776.649492	7.463269E+16	0	0	17.561975	0.630211	0	0
0	0	0	39.777624	9.902891	38.490121	9.902891	1.013275E+13	2.632862E-5	37981.476688	7.463026E+16	0	0	17.551178	0.624407	0	0
0	0	0	39.685186	9.91454	38.408332	9.91454	9.63916E+12	2.619341E-5	38177.534551	7.462795E+16	0	0	17.545396	0.618746	0	0
0	0	0	39.592814	9.925622	38.3267	9.925622	9.169922E+12	2.605384E-5	38382.056181	7.462575E+16	0	0	17.535129	0.613194	0	0
0	0	0	39.500997	9.936088	38.245656	9.936088	8.726133E+12	2.59078E-5	38598.416447	7.462367E+16	0	0	17.526245	0.607685	0	0
0	0	0	39.409849	9.946006	38.165287	9.946006	8.306815E+12	2.576067E-5	38818.872535	7.46217E+16	0	0	17.518281	0.602172	0	0
0	0	0	39.318163	9.955764	38.084494	9.955764	7.905334E+12	2.563846E-5	39003.896923	7.461982E+16	0	0	17.512476	0.596695	0	0
0	0	0	39.225366	9.964682	38.002864	9.964682	7.518734E+12	2.54498E-5	39293.034292	7.4618E+16	0	0	17.499511	0.591183	0	0
0	0	0	39.133859	9.973372	37.922403	9.973372	7.15602E+12	2.529906E-5	39527.155051	7.46163E+16	0	0	17.49107	0.585714	0	0
0	0	0	39.042598	9.981864	37.8422	9.981864	6.811698E+12	2.517566E-5	39720.902524	7.461469E+16	0	0	17.480893	0.580229	0	0
0	0	0	38.950912	9.990022	37.761688	9.990022	6.482449E+12	2.505185E-5	39917.207916	7.461314E+16	0	0	17.474188	0.574784	0	0
0	0	0	38.85996	9.997381	37.681928	9.997381	6.171559E+12	2.487417E-5	40202.338946	7.461169E+16	0	0	17.466915	0.569439	0	0
0	0	0	38.769728	10.004637	37.602821	10.004637	5.877856E+12	2.473737E-5	40424.669405	7.461031E+16	0	0	17.454291	0.564242	0	0
0	0	0	38.67845	10.011689	37.522849	10.011689	5.594964E+12	2.460357E-5	40644.514701	7.460898E+16	0	0	17.442772	0.559093	0	0
0	0	0	38.587646	10.01804	37.443384	10.01804	5.327045E+12	2.441218E-5	40963.158257	7.460773E+16	0	0	17.432864	0.55398	0	0
0	0	0	38.498066	10.024451	37.364991	10.024451	5.075311E+12	2.429139E-5	41166.847108	7.460654E+16	0	0	17.424048	0.548886	0	0
0	0	0	38.408602	10.030245	37.28678	10.030245	4.835769E+12	2.411246E-5	41472.340452	7.460542E+16	0	0	17.409939	0.543945	0	0
0	0	0	38.317405	10.036077	37.207078	10.036077	4.603219E+12	2.396135E-5	41733.880212	7.460433E+16	0	0	17.39558	0.539027	0	0
0	0	0	38.226536	10.041611	37.127706	10.041611	4.382623E+12	2.380542E-5	42007.236225	7.46033E+16	0	0	17.38554	0.534078	0	0
0	0	0	38.136924	10.046997	37.049454	10.046997	4.175433E+12	2.368284E-5	42224.673649	7.460232E+16	0	0	17.372295	0.529316	0	0
0	0	0	38.047541	10.051909	36.971463	10.051909	3.978528E+12	2.351397E-5	42527.90178	7.46014E+16	0	0	17.359033	0.524562	0	0
0	0	0	37.957668	10.056858	36.893055	10.056858	3.789902E+12	2.338921E-5	42754.751816	7.460052E+16	0	0	17.34548	0.519821	0	0
0	0	0	37.868824	10.061164	36.815619	10.061164	3.612225E+12	2.318432E-5	43132.603008	7.459968E+16	0	0	17.335871	0.515031	0	0
0	0	0	37.779457	10.06575	36.73771	10.06575	3.441904E+12	2.307419E-5	43338.467049	7.459888E+16	0	0	17.319497	0.510421	0	0
0	0	0	37.692034	10.069776	36.661554	10.069776	3.283059E+12	2.29038E-5	43660.882169	7.459814E+16	0	0	17.304362	0.505775	0	0
0	0	0	37.602847	10.074088	36.583849	10.074088	3.128559E+12	2.281961E-5	43821.952099	7.459741E+16	0	0	17.289986	0.501237	0	0
0	0	0	37.513023	10.077768	36.505667	10.077768	2.980302E+12	2.261661E-5	44215.288768	7.459672E+16	0	0	17.278695	0.496683	0	0
0	0	0	37.424162	10.081425	36.42833	10.081425	2.840549E+12	2.245811E-5	44527.351596	7.459606E+16	0	0	17.267188	0.492129	0	0
0	0	0	37.333881	10.085162	36.349763	10.085162	2.70527E+12	2.234385E-5	44755.041304	7.459543E+16	0	0	17.258214	0.487603	0	0
0	0	0	37.244252	10.088429	36.271816	10.088429	2.577342E+12	2.21523E-5	45142.035753	7.459483E+16	0	0	17.235966	0.483261	0	0
0	0	0	37.155523	10.091572	36.194667	10.091572	2.456655E+12	2.197409E-5	45508.134707	7.459426E+16	0	0	17.227722	0.47889	0	0
0	0	0	37.065388	10.094499	36.116329	10.094499	2.339841E+12	2.175356E-5	45969.485499	7.459372E+16	0	0	17.212781	0.474628	0	0
0	0	0	36.976528	10.097504	36.039094	10.097504	2.230116E+12	2.160694E-5	46281.4304	7.45932E+16	0	0	17.197352	0.470402	0	0
0	0	0	36.886263	10.100463	35.960654	10.100463	2.123923E+12	2.146905E-5	46578.690141	7.45927E+16	0	0	17.187504	0.466183	0	0
0	0	0	36.794544	10.102977	35.881002	10.102977	2.021197E+12	2.121057E-5	47146.300103	7.459222E+16	0	0	17.174534	0.461977	0	0
0	0	0	36.703886	10.105869	35.802242	10.105869	1.924543E+12	2.1124E-5	47339.523263	7.459177E+16	0	0	17.153888	0.457846	0	0
0	0	0	36.612543	10.108026	35.72296	10.108026	1.831831E+12	2.081998E-5	48030.795136	7.459133E+16	0	0	17.140697	0.453628	0	0
0	0	0	36.5212	10.110719	35.643637	10.110719	1.743585E+12	2.073529E-5	48226.967914	7.459092E+16	0	0	17.126875	0.449529	0	0
0	0	0	36.428158	10.113005	35.562884	10.113005	1.658066E+12	2.052595E-5	48718.827868	7.459052E+16	0	0	17.118386	0.445287	0	0
0	0	0	36.334185	10.115303	35.481329	10.115303	1.575948E+12	2.034699E-5	49147.321762	7.459013E+16	0	0	17.105303	0.441216	0	0
0	0	0	36.240636	10.117505	35.400156	10.117505	1.498241E+12	2.017374E-5	49569.385971	7.458977E+16	0	0	17.090137	0.437229	0	0
0	0	0	36.1473	10.119465	35.319192	10.119465	1.424528E+12	1.994268E-5	50143.719297	7.458942E+16	0	0	17.076577	0.433307	0	0
0	0	0	36.05318	10.121355	35.23756	10.121355	1.353868E+12	1.970846E-5	50739.632017	7.458909E+16	0	0	17.063587	0.429412	0	0
0	0	0	35.960138	10.123375	35.156856	10.123375	1.287462E+12	1.957478E-5	51086.148394	7.458878E+16	0	0	17.045249	0.425653	0	0
0	0	0	35.864825	10.125305	35.074198	10.125305	1.222812E+12	1.941624E-5	51503.281954	7.458848E+16	0	0	17.024942	0.421846	0	0
0	0	0	35.769496	10.126935	34.991554	10.126935	1.161398E+12	1.915877E-5	52195.425008	7.458819E+16	0	0	17.010609	0.418135	0	0
0	0	0	35.674429	10.128678	34.909132	10.128678	1.103223E+12	1.898914E-5	52661.676569	7.458792E+16	0	0	17.000597	0.414415	0	0
0	0	0	35.578185	10.130206	34.825712	10.130206	1.047297E+12	1.873986E-5	53362.1868	7.458765E+16	0	0	16.980967	0.410804	0	0
0	0	0	35.479997	10.131644	34.74062	10.131644	9.93161E+11	1.845853E-5	54175.486375	7.45874E+16	0	0	16.96286	0.407201	0	0
0	0	0	35.382806	10.133212	34.656385	10.133212	9.423309E+11	1.828487E-5	54690.014313	7.458716E+16	0	0	16.946578	0.403618	0	0
0	0	0	35.285811	10.134604	34.572336	10.134604	8.941968E+11	1.805707E-5	55379.968247	7.458694E+16	0	0	16.92901	0.400078	0	0
0	0	0	35.18813	10.136014	34.487695	10.136014	8.482067E+11	1.786404E-5	55978.390817	7.458672E+16	0	0	16.912946	0.396539	0	0
0	0	0	35.089681	10.137208	34.402409	10.137208	8.04248E+11	1.757813E-5	56888.876688	7.458651E+16	0	0	16.897908	0.393004	0	0
0	0	0	34.991347	10.138329	34.317229	10.138329	7.626145E+11	1.728072E-5	57867.959152	7.458632E+16	0	0	16.879463	0.389504	0	0
0	0	0	34.891379	10.139573	34.230631	10.139573	7.224979E+11	1.706836E-5	58587.948472	7.458613E+16	0	0	16.859568	0.386109	0	0
0	0	0	34.790039	10.14093	34.142841	10.14093	6.83984E+11	1.694461E-5	59015.799728	7.458595E+16	0	0	16.842099	0.382773	0	0
0	0	0	34.688405	10.141853	34.054828	10.141853	6.474201E+11	1.658741E-5	60286.684133	7.458578E+16	0	0	16.822867	0.37941	0	0
0	0	0	34.583112	10.143131	33.963629	10.143131	6.116E+11	1.644914E-5	60793.452694	7.458561E+16	0	0	16.806438	0.376098	0	0
0	0	0	34.477688	10.14407	33.872341	10.14407	5.777207E+11	1.612765E-5	62005.307918	7.458545E+16	0	0	16.791733	0.372734	0	0
0	0	0	34.371088	10.145117	33.780031	10.145117	5.453713E+11	1.589679E-5	62905.777328	7.45853E+16	0	0	16.773912	0.369491	0	0
0	0	0	34.263165	10.146146	33.68658	10.146146	5.144652E+11	1.567665E-5	63789.130131	7.458515E+16	0	0	16.757336	0.366215	0	0
0	0	0	34.153364	10.147006	33.591517	10.147006	4.848179E+11	1.535561E-5	65122.795673	7.458502E+16	0	0	16.736703	0.363031	0	0
0	0	0	34.041161	10.147843	33.494379	10.147843	4.562864E+11	1.502867E-5	66539.485836	7.458488E+16	0	0	16.710342	0.359903	0	0
0	0	0	33.927456	10.148669	33.395944	10.148669	4.290852E+11	1.471194E-5	67971.979369	7.458475E+16	0	0	16.693186	0.356763	0	0
0	0	0	33.810255	10.149331	33.294494	10.149331	4.027438E+11	1.427786E-5	70038.514183	7.458463E+16	0	0	16.678796	0.353636	0	0
0	0	0	33.69191	10.149954	33.19206	10.149954	3.777859E+11	1.383493E-5	72280.804499	7.458451E+16	0	0	16.661334	0.350564	0	0
0	0	0	33.568159	10.151225	33.084918	10.151225	3.533404E+11	1.387468E-5	72073.722937	7.45844E+16	0	0	16.645898	0.347424	0	0
0	0	0	33.443019	10.152	32.976602	10.152	3.302287E+11	1.35645E-5	73721.847035	7.458429E+16	0	0	16.616415	0.344512	0	0
0	0	0	33.315479	10.152764	32.866211	10.152764	3.082283E+11	1.326297E-5	75397.909951	7.458419E+16	0	0	16.60098	0.341468	0	0
0	0	0	33.184769	10.153483	32.753083	10.153483	2.872012E+11	1.293699E-5	77297.717091	7.458409E+16	0	0	16.581511	0.338507	0	0
0	0	0	33.051233	10.154325	32.637507	10.154325	2.672E+11	1.273544E-5	78521.044936	7.4584E+16	0	0	16.562017	0.335567	0	0
0	0	0	32.914447	10.154648	32.519142	10.154648	2.481553E+11	1.209751E-5	82661.663599	7.458391E+16	0	0	16.543397	0.332619	0	0
0	0	0	32.772695	10.155242	32.396471	10.155242	2.298502E+11	1.169531E-5	85504.386786	7.458382E+16	0	0	16.515766	0.329755	0	0
0	0	0	32.627447	10.156209	32.270765	10.156209	2.124934E+11	1.164055E-5	85906.564729	7.458374E+16	0	0	16.498033	0.326851	0	0
0	0	0	32.477528	10.15673	32.141036	10.15673	1.959518E+11	1.119669E-5	89312.090543	7.458366E+16	0	0	16.473798	0.324039	0	0
0	0	0	32.323934	10.157312	32.008127	10.157312	1.803392E+11	1.08264E-5	92366.813681	7.458359E+16	0	0	16.458154	0.321078	0	0
0	0	0	32.167105	10.157771	31.872426	10.157771	1.656806E+11	1.035929E-5	96531.686241	7.458352E+16	0	0	16.447431	0.318138	0	0
0	0	0	32.006111	10.15823	31.733123	10.15823	1.518712E+11	9.906791E-6	100940.861825	7.458345E+16	0	0	16.435657	0.31527	0	0
0	0	0	31.842683	10.15871	31.591715	10.15871	1.390297E+11	9.500343E-6	105259.357115	7.458339E+16	0	0	16.418724	0.312458	0	0
0	0	0	31.665305	10.159378	31.438237	10.159378	1.263179E+11	9.24133E-6	108209.532733	7.458333E+16	0	0	16.404351	0.309642	0	0
0	0	0	31.484088	10.159554	31.28145	10.159554	1.145304E+11	8.538269E-6	117119.762535	7.458328E+16	0	0	16.376317	0.306973	0	0
0	0	0	31.296403	10.160294	31.119058	10.160294	1.034804E+11	8.384374E-6	119269.491173	7.458323E+16	0	0	16.351134	0.304352	0	0
0	0	0	31.102136	10.160888	30.950977	10.160888	9.31644E+10	8.113371E-6	123253.326683	7.458318E+16	0	0	16.330564	0.301724	0	0
0	0	0	30.900141	10.16107	30.776219	10.16107	8.35272E+10	7.444734E-6	134323.125619	7.458313E+16	0	0	16.307822	0.299067	0	0
0	0	0	30.688379	10.161675	30.593008	10.161675	7.449251E+10	7.201483E-6	138860.278261	7.458309E+16	0	0	16.292461	0.296435	0	0
0	0	0	30.470802	10.161907	30.404772	10.161907	6.622653E+10	6.617737E-6	151109.065027	7.458305E+16	0	0	16.263107	0.293918	0	0
0	0	0	30.245319	10.162473	30.209696	10.162473	5.862668E+10	6.37999E-6	156740.057362	7.458302E+16	0	0	16.244563	0.29131	0	0
0	0	0	30.009757	10.162609	30.005904	10.162609	5.161697E+10	5.740653E-6	174196.206994	7.458298E+16	0	0	16.217633	0.288949	0	0
0	0	0	29.763888	10.16318	29.793198	10.16318	4.519286E+10	5.534852E-6	180673.295878	7.458295E+16	0	0	16.203614	0.286388	0	0
0	0	0	29.509933	10.163475	29.573499	10.163475	3.93957E+10	5.090574E-6	196441.512021	7.458293E+16	0	0	16.176891	0.283983	0	0
0	0	0	29.245998	10.163786	29.345167	10.163786	3.415739E+10	4.686575E-6	213375.457524	7.45829E+16	0	0	16.157433	0.281483	0	0
0	0	0	28.971805	10.163951	29.107962	10.163951	2.945183E+10	4.1775E-6	239377.62454	7.458288E+16	0	0	16.128817	0.279194	0	0
0	0	0	28.685933	10.164471	28.86066	10.164471	2.523469E+10	4.007078E-6	249558.41898	7.458286E+16	0	0	16.112299	0.276769	0	0
0	0	0	28.392236	10.164731	28.606587	10.164731	2.153013E+10	3.636441E-6	274994.17358	7.458284E+16	0	0	16.081104	0.274488	0	0
0	0	0	28.089245	10.164766	28.344471	10.164766	1.827735E+10	3.113432E-6	321188.922054	7.458283E+16	0	0	16.062694	0.272167	0	0
0	0	0	27.772467	10.165122	28.070437	10.165122	1.54008E+10	2.87597E-6	347708.758691	7.458281E+16	0	0	16.035797	0.269918	0	0
0	0	0	27.447931	10.165202	27.789685	10.165202	1.292265E+10	2.466299E-6	405465.870674	7.45828E+16	0	0	16.014091	0.267577	0	0
0	0	0	27.112662	10.165473	27.499657	10.165473	1.078054E+10	2.224229E-6	449593.908956	7.458279E+16	0	0	15.984886	0.265336	0	0
0	0	0	26.766793	10.165739	27.20046	10.165739	8.942116E+9	2.003926E-6	499020.381222	7.458278E+16	0	0	15.969859	0.263043	0	0
0	0	0	26.41318	10.165909	26.894563	10.165909	7.386225E+9	1.751689E-6	570877.543347	7.458278E+16	0	0	15.934046	0.260938	0	0
0	0	0	26.0498	10.165971	26.580212	10.165971	6.068921E+9	1.470833E-6	679886.702648	7.458277E+16	0	0	15.914399	0.258749	0	0
0	0	0	25.678808	10.166547	26.259306	10.166547	4.966076E+9	1.508163E-6	663058.461743	7.458277E+16	0	0	15.886276	0.256615	0	0
0	0	0	25.301674	10.166621	25.933061	10.166621	4.05017E+9	1.271169E-6	786677.63681	7.458276E+16	0	0	15.867897	0.25443	0	0
0	0	0	24.916242	10.166683	25.599638	10.166683	3.288404E+9	1.06216E-6	941477.716335	7.458276E+16	0	0	15.847542	0.252289	0	0
0	0	0	24.527477	10.166875	25.263342	10.166875	2.665107E+9	9.457417E-7	1057371.13572	7.458275E+16	0	0	15.813573	0.250276	0	0
0	0	0	24.131085	10.167259	24.920465	10.167259	2.151063E+9	9.50748E-7	1051803.431896	7.458275E+16	0	0	15.787749	0.24827	0	0
0	0	0	23.733565	10.167096	24.57657	10.167096	1.735111E+9	6.943105E-7	1440277.797171	7.458275E+16	0	0	15.762633	0.246205	0	0
0	0	0	23.333791	10.167209	24.230749	10.167209	1.397887E+9	5.985278E-7	1670766.139949	7.458275E+16	0	0	15.736679	0.244208	0	0
0	0	0	22.931992	10.167474	23.88319	10.167474	1.124971E+9	5.764281E-7	1734821.859632	7.458275E+16	0	0	15.713945	0.242186	0	0
0	0	0	22.532071	10.167508	23.537237	10.167508	9.062572E+8	4.763503E-7	2099295.473126	7.458275E+16	0	0	15.688553	0.240169	0	0
0	0	0	22.13086	10.167649	23.190179	10.167649	7.295562E+8	4.295882E-7	2327810.524808	7.458275E+16	0	0	15.667599	0.238232	0	0
0	0	0	21.732621	10.167542	22.845667	10.167542	5.882528E+8	3.174054E-7	3150545.434707	7.458274E+16	0	0	15.634491	0.236322	0	0
0	0	0	21.337143	10.167632	22.503564	10.167632	4.75026E+8	2.757599E-7	3626343.011007	7.458274E+16	0	0	15.602369	0.234445	0	0
0	0	0	20.945325	10.167875	22.164646	10.167875	3.843525E+8	2.802514E-7	3568224.684158	7.458274E+16	0	0	15.579493	0.232519	0	0
0	0	0	20.558618	10.167756	21.830108	10.167756	3.118476E+8	2.021209E-7	4947534.177085	7.458274E+16	0	0	15.562262	0.23057	0	0
0	0	0	20.17482	10.168027	21.498135	10.168027	2.534181E+8	2.201873E-7	4541587.373041	7.458274E+16	0	0	15.531492	0.228752	0	0
0	0	0	19.799156	10.168123	21.173178	10.168123	2.068439E+8	2.043736E-7	4892999.622365	7.458274E+16	0	0	15.505335	0.226934	0	0
0	0	0	19.42702	10.168196	20.851271	10.168196	1.691516E+8	1.867182E-7	5355664.66301	7.458274E+16	0	0	15.479674	0.225157	0	0
0	0	0	19.061941	10.16814	20.535449	10.16814	1.388565E+8	1.406069E-7	7112028.970272	7.458274E+16	0	0	15.45406	0.223351	0	0
0	0	0	18.704098	10.168524	20.225953	10.168524	1.14434E+8	2.646995E-7	3777868.468577	7.458274E+16	0	0	15.418285	0.221681	0	0
0	0	0	18.349506	10.168219	19.919167	10.168219	9.447291E+7	1.081897E-7	9243027.155546	7.458274E+16	0	0	15.402894	0.219868	0	0
0	0	0	18.002052	10.168512	19.618647	10.168512	7.829521E+7	1.745222E-7	5729929.852505	7.458274E+16	0	0	15.370296	0.218182	0	0
0	0	0	17.660037	10.168439	19.322776	10.168439	6.507889E+7	1.173092E-7	8524479.696711	7.458274E+16	0	0	15.351322	0.216452	0	0
0	0	0	17.323642	10.16814	19.031727	10.16814	5.425807E+7	5.494471E-8	1.820012E+7	7.458274E+16	0	0	15.318796	0.214779	0	0
0	0	0	16.995201	10.168484	18.747667	10.168484	4.54314E+7	9.282457E-8	1.077301E+7	7.458274E+16	0	0	15.283697	0.213181	0	0
0	0	0	16.670697	10.168428	18.466945	10.168428	3.812168E+7	6.675377E-8	1.498043E+7	7.458274E+16	0	0	15.256549	0.211535	0	0
0	0	0	16.348856	10.168456	18.188541	10.168456	3.203414E+7	6.041317E-8	1.655268E+7	7.458274E+16	0	0	15.237365	0.209833	0	0
0	0	0	16.032536	10.168439	17.914905	10.168439	2.699917E+7	4.866965E-8	2.054669E+7	7.458274E+16	0	0	15.205816	0.208187	0	0
0	0	0	15.719777	10.168575	17.644379	10.168575	2.279941E+7	6.354686E-8	1.573642E+7	7.458274E+16	0	0	15.174983	0.206605	0	0
0	0	0	15.411313	10.168919	17.37761	10.168919	1.929769E+7	-1.385471E-7	-7217760.976652	7.458274E+16	0	0	15.142752	0.205011	0	0
0	0	0	15.106901	10.168676	17.114232	10.168676	1.636961E+7	7.728523E-8	1.293908E+7	7.458274E+16	0	0	15.113012	0.203429	0	0
0	0	0	14.806132	10.168749	16.854067	10.168749	1.391318E+7	1.31677E-7	7594343.211668	7.458274E+16	0	0	15.082459	0.20186	0	0
0	0	0	14.507747	10.16897	16.595995	10.16897	1.184062E+7	-5.564857E-8	-1.796991E+7	7.458274E+16	0	0	15.054966	0.200258	0	0
0	0	0	14.214377	10.16884	16.34219	10.16884	1.010415E+7	-4.044816E-7	-2472300.485281	7.458274E+16	0	0	15.032034	0.1987	0	0
0	0	0	13.923604	10.169088	16.090712	10.169088	8634449	-2.247141E-8	-4.450099E+7	7.458274E+16	0	0	15.004036	0.197138	0	0
0	0	0	13.63582	10.168766	15.841697	10.168766	7390459	9.105662E-8	1.098218E+7	7.458274E+16	0	0	14.973499	0.195644	0	0
0	0	0	13.352284	10.168964	15.596469	10.168964	6340234	-3.098656E-8	-3.227206E+7	7.458274E+16	0	0	14.94257	0.194146	0	0
0	0	0	13.07564	10.169099	15.357191	10.169099	5459558	-1.362937E-8	-7.337095E+7	7.458274E+16	0	0	14.913189	0.192628	0	0
0	0	0	12.794701	10.168924	15.114126	10.168924	4690306	-3.180772E-8	-3.14389E+7	7.458274E+16	0	0	14.89086	0.191098	0	0
0	0	0	12.518646	10.168896	14.87532	10.168896	4040094	-3.788772E-8	-2.639377E+7	7.458274E+16	0	0	14.870605	0.189568	0	0
0	0	0	12.245939	10.169094	14.639463	10.169094	3486325	-8.88442E-9	-1.125566E+8	7.458274E+16	0	0	14.829337	0.18815	0	0
0	0	0	11.97431	10.168834	14.404431	10.168834	3010214	-1.789802E-7	-5587210.168337	7.458274E+16	0	0	14.799763	0.186652	0	0
0	0	0	11.706667	10.169099	14.172972	10.169099	2604729	-6.502488E-9	-1.537873E+8	7.458274E+16	0	0	14.773445	0.185209	0	0
0	0	0	11.442111	10.169133	13.944129	10.169133	2257629	-5.021814E-9	-1.991312E+8	7.458274E+16	0	0	14.734844	0.183847	0	0
0	0	0	11.179614	10.169139	13.717059	10.169139	1958961	-4.279735E-9	-2.336593E+8	7.458274E+16	0	0	14.720812	0.182301	0	0
0	0	0	10.917508	10.169144	13.490328	10.169144	1700165	-3.649248E-9	-2.740291E+8	7.458274E+16	0	0	14.684528	0.180899	0	0
0	0	0	10.659094	10.169206	13.266806	10.169206	1478506	-2.660572E-9	-3.75859E+8	7.458274E+16	0	0	14.656819	0.179517	0	0
0	0	0	10.401987	10.169088	13.044367	10.169088	1286654	-3.348527E-9	-2.986388E+8	7.458274E+16	0	0	14.621294	0.178071	0	0
0	0	0	10.147869	10.16919	12.824571	10.16919	1121508	-2.111213E-9	-4.736613E+8	7.458274E+16	0	0	14.599885	0.176709	0	0
0	0	0	9.895548	10.16928	12.606327	10.16928	978508	-1.478432E-9	-6.763922E+8	7.458274E+16	0	0	14.560494	0.17535	0	0
0	0	0	9.646788	10.169229	12.391126	10.169229	855388	-1.453826E-9	-6.8784E+8	7.458274E+16	0	0	14.514912	0.17404	0	0
0	0	0	9.400592	10.169111	12.178125	10.169111	748796	-1.796083E-9	-5.567671E+8	7.458274E+16	0	0	14.490813	0.172658	0	0
0	0	0	9.155132	10.169105	11.96579	10.169105	655747	-1.604313E-9	-6.233197E+8	7.458274E+16	0	0	14.471012	0.17124	0	0
0	0	0	8.911599	10.169144	11.755135	10.169144	574860	-1.233883E-9	-8.104497E+8	7.458274E+16	0	0	14.428978	0.169922	0	0
0	0	0	8.67148	10.169037	11.547392	10.169037	504881	-1.624665E-9	-6.155114E+8	7.458274E+16	0	0	14.394112	0.168583	0	0
0	0	0	8.433615	10.169353	11.341719	10.169353	443962	-5.780752E-10	-1.729879E+9	7.458274E+16	0	0	14.351574	0.167329	0	0
0	0	0	8.196811	10.169212	11.136834	10.169212	390617	-6.927365E-10	-1.44355E+9	7.458274E+16	0	0	14.325798	0.165999	0	0
0	0	0	7.962409	10.16902	10.934011	10.16902	344128	-1.202131E-9	-8.318563E+8	7.458274E+16	0	0	14.299121	0.164692	0	0
0	0	0	7.732075	10.169043	10.734769	10.169043	303839	-9.526971E-10	-1.049652E+9	7.458274E+16	0	0	14.268793	0.16339	0	0
0	0	0	7.50321	10.169308	10.53687	10.169308	268481	-3.820812E-10	-2.617245E+9	7.458274E+16	0	0	14.239534	0.16212	0	0
0	0	0	7.276518	10.169173	10.340732	10.169173	237516	-4.68732E-10	-2.133415E+9	7.458274E+16	0	0	14.199602	0.160897	0	0
0	0	0	7.051133	10.169285	10.145799	10.169285	210271	-3.138277E-10	-3.186461E+9	7.458274E+16	0	0	14.152225	0.159719	0	0
0	0	0	6.828279	10.169218	9.953001	10.169218	186406	-3.258616E-10	-3.068787E+9	7.458274E+16	0	0	14.11812	0.158529	0	0
0	0	0	6.606341	10.169257	9.761028	10.169257	165331	-2.627657E-10	-3.805671E+9	7.458274E+16	0	0	14.097883	0.157218	0	0
0	0	0	6.38579	10.169353	9.570273	10.169353	146749	-1.910793E-10	-5.23343E+9	7.458274E+16	0	0	14.065373	0.155944	0	0
0	0	0	6.164374	10.169206	9.378693	10.169206	130195	-2.342857E-10	-4.268293E+9	7.458274E+16	0	0	14.0211	0.154825	0	0
0	0	0	5.946291	10.169161	9.190028	10.169161	115716	-2.359671E-10	-4.237878E+9	7.458274E+16	0	0	13.993711	0.153639	0	0
0	0	0	5.72824	10.169364	9.00147	10.169364	102849	-1.311297E-10	-7.62604E+9	7.458274E+16	0	0	13.95671	0.152465	0	0
0	0	0	5.510973	10.169302	8.813506	10.169302	91452	-1.316774E-10	-7.594317E+9	7.458274E+16	0	0	13.915057	0.15135	0	0
0	0	0	5.288838	10.169302	8.621351	10.169302	81104	-1.167778E-10	-8.563271E+9	7.458274E+16	0	0	13.871642	0.150248	0	0
0	0	0	5.068173	10.169376	8.430492	10.169376	71984	-8.990576E-11	-1.112276E+10	7.458274E+16	0	0	13.853938	0.149053	0	0
0	0	0	4.845843	10.169472	8.238199	10.169472	63832	-6.7945E-11	-1.471779E+10	7.458274E+16	0	0	13.820551	0.147887	0	0
0	0	0	4.619428	10.16937	8.042308	10.16937	56479	-7.126727E-11	-1.403169E+10	7.458274E+16	0	0	13.771336	0.146864	0	0
0	0	0	4.389404	10.1695	7.843373	10.1695	49875	-5.087776E-11	-1.965495E+10	7.458274E+16	0	0	13.736291	0.145769	0	0
0	0	0	4.168396	10.169415	7.652164	10.169415	44259	-5.1595E-11	-1.938172E+10	7.458274E+16	0	0	13.698792	0.144603	0	0
0	0	0	3.961175	10.16919	7.472832	10.16919	39568	-7.44858E-11	-1.342538E+10	7.458274E+16	0	0	13.669971	0.143492	0	0
0	0	0	3.767218	10.169359	7.30511	10.169359	35630	-4.590515E-11	-2.178405E+10	7.458274E+16	0	0	13.624829	0.142474	0	0
0	0	0	3.585282	10.169314	7.147714	10.169314	32293	-4.5429E-11	-2.201237E+10	7.458274E+16	0	0	13.598082	0.141399	0	0
0	0	0	3.41287	10.169246	6.998547	10.169246	29419	-4.800238E-11	-2.08323E+10	7.458274E+16	0	0	13.55789	0.140333	0	0
0	0	0	3.252187	10.169556	6.859659	10.169556	26971	-2.539784E-11	-3.937343E+10	7.458274E+16	0	0	13.525408	0.139346	0	0
0	0	0	3.101549	10.169257	6.729245	10.169257	24862	-3.951395E-11	-2.530752E+10	7.458274E+16	0	0	13.483068	0.138219	0	0
0	0	0	2.959143	10.169528	6.606156	10.169528	23020	-2.254397E-11	-4.435777E+10	7.458274E+16	0	0	13.432756	0.137265	0	0
0	0	0	2.825804	10.169314	6.490735	10.169314	21419	-3.013172E-11	-3.318762E+10	7.458274E+16	0	0	13.407967	0.136222	0	0
0	0	0	2.699096	10.169449	6.381177	10.169449	20001	-2.205654E-11	-4.533802E+10	7.458274E+16	0	0	13.372386	0.135195	0	0
0	0	0	2.579575	10.169607	6.277845	10.169607	18750	-1.651363E-11	-6.055605E+10	7.458274E+16	0	0	13.332506	0.134193	0	0
0	0	0	2.466246	10.169426	6.179745	10.169426	17635	-2.017398E-11	-4.956879E+10	7.458274E+16	0	0	13.297321	0.13317	0	0
0	0	0	2.359695	10.169443	6.087581	10.169443	16648	-1.852576E-11	-5.39789E+10	7.458274E+16	0	0	13.25387	0.132255	0	0
0	0	0	2.258959	10.169393	6.000422	10.169393	15766	-1.91067E-11	-5.233767E+10	7.458274E+16	0	0	13.219003	0.131233	0	0
0	0	0	2.163744	10.169359	5.918045	10.169359	14975	-1.929356E-11	-5.183076E+10	7.458274E+16	0	0	13.191612	0.13025	0	0
0	0	0	2.072924	10.169449	5.839515	10.169449	14258	-1.572332E-11	-6.359978E+10	7.458274E+16	0	0	13.144903	0.129311	0	0
0	0	0	1.986857	10.169342	5.765024	10.169342	13609	-1.810501E-11	-5.523334E+10	7.458274E+16	0	0	13.111784	0.128312	0	0
0	0	0	1.906997	10.169658	5.69606	10.169658	13034	-1.07816E-11	-9.275058E+10	7.458274E+16	0	0	13.075886	0.127378	0	0
0	0	0	1.833082	10.169483	5.632056	10.169483	12524	-1.310322E-11	-7.631713E+10	7.458274E+16	0	0	13.025073	0.126455	0	0
0	0	0	1.759511	10.169466	5.568408	10.169466	12035	-1.292279E-11	-7.73827E+10	7.458274E+16	0	0	12.9772	0.125604	0	0
0	0	0	1.689076	10.169489	5.507488	10.169489	11586	-1.201916E-11	-8.320048E+10	7.458274E+16	0	0	12.952199	0.124621	0	0
0	0	0	1.621108	10.169489	5.448693	10.169489	11168	-1.158553E-11	-8.631454E+10	7.458274E+16	0	0	12.918565	0.123699	0	0
0	0	0	1.557566	10.169455	5.393714	10.169455	10791	-1.179382E-11	-8.479017E+10	7.458274E+16	0	0	12.888219	0.122732	0	0
0	0	0	1.497667	10.16937	5.341867	10.16937	10447	-1.318241E-11	-7.585868E+10	7.458274E+16	0	0	12.844556	0.121901	0	0
0	0	0	1.441247	10.169483	5.293105	10.169483	10133	-1.060164E-11	-9.432505E+10	7.458274E+16	0	0	12.789346	0.121074	0	0
0	0	0	1.38651	10.169618	5.245806	10.169618	9838	-8.54174E-12	-1.170722E+11	7.458274E+16	0	0	12.757228	0.120187	0	0
0	0	0	1.334631	10.16959	5.200918	10.16959	9566	-8.610797E-12	-1.161333E+11	7.458274E+16	0	0	12.716339	0.119292	0	0
0	0	0	1.285415	10.169675	5.158377	10.169675	9314	-7.551447E-12	-1.32425E+11	7.458274E+16	0	0	12.690622	0.118382	0	0
0	0	0	1.238551	10.169252	5.117676	10.169252	9081	-1.462247E-11	-6.838789E+10	7.458274E+16	0	0	12.651761	0.117487	0	0
0	0	0	1.194202	10.169607	5.079449	10.169607	8866	-7.808523E-12	-1.280652E+11	7.458274E+16	0	0	12.611426	0.116624	0	0
0	0	0	1.151242	10.16946	5.042231	10.16946	8663	-9.384319E-12	-1.065607E+11	7.458274E+16	0	0	12.55815	0.115881	0	0
0	0	0	1.110748	10.16937	5.007168	10.16937	8475	-1.069407E-11	-9.350981E+10	7.458274E+16	0	0	12.516625	0.115046	0	0
0	0	0	1.070533	10.169534	4.972442	10.169534	8293	-8.057082E-12	-1.241144E+11	7.458274E+16	0	0	12.486625	0.114147	0	0
0	0	0	1.033714	10.169297	4.940502	10.169297	8129	-1.18438E-11	-8.443234E+10	7.458274E+16	0	0	12.434332	0.113376	0	0
0	0	0	0.997974	10.169686	4.909735	10.169686	7974	-6.380547E-12	-1.567264E+11	7.458274E+16	0	0	12.417387	0.112433	0	0
0	0	0	0.962757	10.169314	4.879128	10.169314	7824	-1.100661E-11	-9.085449E+10	7.458274E+16	0	0	12.352277	0.111706	0	0
0	0	0	0.930626	10.169432	4.85138	10.169432	7689	-8.714617E-12	-1.147497E+11	7.458274E+16	0	0	12.321454	0.110903	0	0
0	0	0	0.899689	10.169522	4.824652	10.169522	7561	-7.464331E-12	-1.339705E+11	7.458274E+16	0	0	12.2815	0.110076	0	0
0	0	0	0.868669	10.169449	4.797791	10.169449	7436	-8.200213E-12	-1.219481E+11	7.458274E+16	0	0	12.227745	0.109305	0	0
0	0	0	0.838924	10.169325	4.772012	10.169325	7317	-1.006222E-11	-9.938165E+10	7.458274E+16	0	0	12.185013	0.108479	0	0
0	0	0	0.811857	10.169331	4.748601	10.169331	7211	-9.806341E-12	-1.019748E+11	7.458274E+16	0	0	12.145953	0.107688	0	0
0	0	0	0.785461	10.169331	4.725766	10.169331	7109	-9.667629E-12	-1.03438E+11	7.458274E+16	0	0	12.10082	0.106893	0	0
0	0	0	0.759292	10.169274	4.703108	10.169274	7009	-1.07222E-11	-9.326444E+10	7.458274E+16	0	0	12.068132	0.106074	0	0
0	0	0	0.733794	10.169348	4.681079	10.169348	6913	-9.098021E-12	-1.09914E+11	7.458274E+16	0	0	12.003393	0.105331	0	0
0	0	0	0.708982	10.169336	4.659611	10.169336	6820	-9.172762E-12	-1.090184E+11	7.458274E+16	0	0	11.960897	0.104608	0	0
0	0	0	0.686799	10.169246	4.640388	10.169246	6739	-1.099589E-11	-9.094309E+10	7.458274E+16	0	0	11.922861	0.103861	0	0
0	0	0	0.664013	10.169314	4.620703	10.169314	6657	-9.364904E-12	-1.067817E+11	7.458274E+16	0	0	11.878344	0.103102	0	0
0	0	0	0.642173	10.16972	4.601969	10.16972	6579	-5.065733E-12	-1.974048E+11	7.458274E+16	0	0	11.841691	0.102319	0	0
0	0	0	0.62102	10.169613	4.583629	10.169613	6504	-5.687348E-12	-1.758289E+11	7.458274E+16	0	0	11.798277	0.101568	0	0
0	0	0	0.601516	10.169669	4.566779	10.169669	6436	-5.252844E-12	-1.903731E+11	7.458274E+16	0	0	11.757629	0.100861	0	0
0	0	0	0.581931	10.169472	4.54976	10.169472	6368	-6.778321E-12	-1.475292E+11	7.458274E+16	0	0	11.710611	0.10017	0	0
0	0	0	0.564649	10.169562	4.534846	10.169562	6309	-5.895678E-12	-1.696158E+11	7.458274E+16	0	0	11.693955	0.099411	0	0
0	0	0	0.545668	10.169669	4.518469	10.169669	6244	-5.09614E-12	-1.962269E+11	7.458274E+16	0	0	11.646929	0.098731	0	0
0	0	0	0.528337	10.169274	4.503323	10.169274	6186	-9.463194E-12	-1.056726E+11	7.458274E+16	0	0	11.607612	0.098004	0	0
0	0	0	0.512133	10.169359	4.489339	10.169359	6132	-7.900376E-12	-1.265763E+11	7.458274E+16	0	0	11.579166	0.097249	0	0
0	0	0	0.494328	10.16959	4.474027	10.16959	6073	-5.466587E-12	-1.829295E+11	7.458274E+16	0	0	11.525965	0.096626	0	0
0	0	0	0.480379	10.169477	4.461916	10.169477	6028	-6.361127E-12	-1.572048E+11	7.458274E+16	0	0	11.486027	0.095907	0	0
0	0	0	0.463979	10.169494	4.447736	10.169494	5975	-6.146324E-12	-1.626989E+11	7.458274E+16	0	0	11.435078	0.095224	0	0
0	0	0	0.451189	10.169404	4.436637	10.169404	5934	-7.051814E-12	-1.418075E+11	7.458274E+16	0	0	11.401955	0.094557	0	0
0	0	0	0.435867	10.169489	4.423416	10.169489	5885	-6.10502E-12	-1.637996E+11	7.458274E+16	0	0	11.351711	0.093898	0	0
0	0	0	0.423795	10.16937	4.412928	10.16937	5846	-7.376697E-12	-1.35562E+11	7.458274E+16	0	0	11.308188	0.093135	0	0
0	0	0	0.409372	10.169302	4.400424	10.169302	5801	-8.352585E-12	-1.197234E+11	7.458274E+16	0	0	11.268735	0.0925	0	0
0	0	0	0.396468	10.169613	4.389383	10.169613	5761	-5.03764E-12	-1.985056E+11	7.458274E+16	0	0	11.206428	0.09184	0	0
0	0	0	0.38371	10.169285	4.378219	10.169285	5721	-8.538545E-12	-1.17116E+11	7.458274E+16	0	0	11.160704	0.091237	0	0
0	0	0	0.3711	10.169489	4.367391	10.169489	5682	-5.894431E-12	-1.696517E+11	7.458274E+16	0	0	11.125446	0.09053	0	0
0	0	0	0.360972	10.169545	4.358652	10.169545	5651	-5.404496E-12	-1.850311E+11	7.458274E+16	0	0	11.071376	0.089947	0	0
0	0	0	0.348868	10.169376	4.348115	10.169376	5614	-7.01171E-12	-1.426186E+11	7.458274E+16	0	0	11.030109	0.089252	0	0
0	0	0	0.338725	10.169494	4.339387	10.169494	5583	-5.743084E-12	-1.741225E+11	7.458274E+16	0	0	10.989631	0.088641	0	0
0	0	0	0.329937	10.169494	4.331785	10.169494	5557	-5.716338E-12	-1.749372E+11	7.458274E+16	0	0	10.939018	0.088014	0	0
0	0	0	0.318274	10.169212	4.321585	10.169212	5522	-9.792943E-12	-1.021143E+11	7.458274E+16	0	0	10.872693	0.08743	0	0
0	0	0	0.309355	10.169494	4.313981	10.169494	5496	-5.653589E-12	-1.768788E+11	7.458274E+16	0	0	10.844965	0.086759	0	0
0	0	0	0.300812	10.16937	4.306542	10.16937	5470	-6.902246E-12	-1.448804E+11	7.458274E+16	0	0	10.80437	0.086164	0	0
0	0	0	0.290423	10.169353	4.297549	10.169353	5440	-7.083328E-12	-1.411766E+11	7.458274E+16	0	0	10.760532	0.085561	0	0
0	0	0	0.282076	10.169607	4.290428	10.169607	5415	-4.769135E-12	-2.096816E+11	7.458274E+16	0	0	10.695469	0.084978	0	0
0	0	0	0.274464	10.169348	4.283742	10.169348	5393	-7.097588E-12	-1.408929E+11	7.458274E+16	0	0	10.643051	0.084358	0	0
0	0	0	0.264974	10.169263	4.275499	10.169263	5365	-8.417529E-12	-1.187997E+11	7.458274E+16	0	0	10.609677	0.083763	0	0
0	0	0	0.256463	10.16946	4.268215	10.16946	5340	-5.784631E-12	-1.728719E+11	7.458274E+16	0	0	10.552233	0.083188	0	0
0	0	0	0.250599	10.169404	4.26312	10.169404	5324	-6.326905E-12	-1.580552E+11	7.458274E+16	0	0	10.499779	0.082609	0	0
0	0	0	0.244245	10.169573	4.25769	10.169573	5305	-4.882939E-12	-2.047947E+11	7.458274E+16	0	0	10.459598	0.082017	0	0
0	0	0	0.235931	10.169443	4.250447	10.169443	5282	-5.877766E-12	-1.701327E+11	7.458274E+16	0	0	10.4236	0.081446	0	0
0	0	0	0.228351	10.169308	4.243837	10.169308	5260	-7.485621E-12	-1.335895E+11	7.458274E+16	0	0	10.350376	0.080863	0	0
0	0	0	0.222438	10.16937	4.238746	10.16937	5243	-6.615809E-12	-1.511531E+11	7.458274E+16	0	0	10.292797	0.080404	0	0
0	0	0	0.218306	10.16924	4.23512	10.16924	5232	-8.652218E-12	-1.155773E+11	7.458274E+16	0	0	10.273283	0.079732	0	0
0	0	0	0.210955	10.169319	4.228793	10.169319	5211	-7.24746E-12	-1.379794E+11	7.458274E+16	0	0	10.20991	0.079257	0	0
0	0	0	0.204258	10.169342	4.223008	10.169342	5192	-6.907281E-12	-1.447748E+11	7.458274E+16	0	0	10.178531	0.078634	0	0
0	0	0	0.197724	10.169494	4.217416	10.169494	5174	-5.322357E-12	-1.878867E+11	7.458274E+16	0	0	10.107703	0.078143	0	0
0	0	0	0.192905	10.169432	4.213223	10.169432	5160	-5.84828E-12	-1.709904E+11	7.458274E+16	0	0	10.080067	0.077531	0	0
0	0	0	0.188854	10.169477	4.209737	10.169477	5149	-5.433551E-12	-1.840417E+11	7.458274E+16	0	0	9.986964	0.077092	0	0
0	0	0	0.182925	10.169285	4.204532	10.169285	5133	-7.66096E-12	-1.30532E+11	7.458274E+16	0	0	9.92741	0.076561	0	0
0	0	0	0.177044	10.169127	4.199383	10.169127	5116	-1.159039E-11	-8.62784E+10	7.458274E+16	0	0	9.900205	0.075945	0	0
0	0	0	0.171409	10.169274	4.194566	10.169274	5101	-7.803387E-12	-1.281495E+11	7.458274E+16	0	0	9.855151	0.075466	0	0
0	0	0	0.166019	10.169331	4.189925	10.169331	5086	-6.916523E-12	-1.445813E+11	7.458274E+16	0	0	9.796357	0.074919	0	0
0	0	0	0.162	10.169511	4.186521	10.169511	5075	-5.092208E-12	-1.963785E+11	7.458274E+16	0	0	9.75082	0.074403	0	0
0	0	0	0.157034	10.169421	4.182189	10.169421	5061	-5.844241E-12	-1.711086E+11	7.458274E+16	0	0	9.681	0.073956	0	0
0	0	0	0.15215	10.169314	4.177922	10.169314	5048	-7.101402E-12	-1.408173E+11	7.458274E+16	0	0	9.63896	0.073425	0	0
0	0	0	0.147152	10.169144	4.173531	10.169144	5034	-1.0805E-11	-9.254973E+10	7.458274E+16	0	0	9.582943	0.072925	0	0
0	0	0	0.141304	10.169342	4.168551	10.169342	5018	-6.675797E-12	-1.497949E+11	7.458274E+16	0	0	9.535266	0.072406	0	0
0	0	0	0.137253	10.169415	4.165076	10.169415	5007	-5.836918E-12	-1.713233E+11	7.458274E+16	0	0	9.484227	0.071879	0	0
0	0	0	0.133611	10.169534	4.161972	10.169534	4997	-4.854846E-12	-2.059798E+11	7.458274E+16	0	0	9.451824	0.071379	0	0
0	0	0	0.131079	10.169393	4.159726	10.169393	4990	-6.047344E-12	-1.653619E+11	7.458274E+16	0	0	9.376373	0.070956	0	0
0	0	0	0.126815	10.169342	4.156017	10.169342	4979	-6.623912E-12	-1.509682E+11	7.458274E+16	0	0	9.317172	0.070485	0	0
0	0	0	0.122519	10.169466	4.15235	10.169466	4968	-5.334474E-12	-1.874599E+11	7.458274E+16	0	0	9.262294	0.070025	0	0
0	0	0	0.117488	10.169579	4.148043	10.169579	4954	-4.525851E-12	-2.209529E+11	7.458274E+16	0	0	9.230765	0.069486	0	0
0	0	0	0.112768	10.169613	4.143973	10.169613	4942	-4.321475E-12	-2.314025E+11	7.458274E+16	0	0	9.167607	0.069031	0	0
0	0	0	0.109158	10.16959	4.140841	10.16959	4932	-4.43952E-12	-2.252496E+11	7.458274E+16	0	0	9.129201	0.068507	0	0
0	0	0	0.106348	10.16941	4.138339	10.16941	4924	-5.795323E-12	-1.725529E+11	7.458274E+16	0	0	9.059696	0.068112	0	0
0	0	0	0.103359	10.169353	4.135731	10.169353	4916	-6.401037E-12	-1.562247E+11	7.458274E+16	0	0	9.031941	0.067564	0	0
0	0	0	0.100843	10.169348	4.133553	10.169348	4909	-6.460608E-12	-1.547842E+11	7.458274E+16	0	0	8.98573	0.067085	0	0
0	0	0	0.097919	10.169432	4.131057	10.169432	4902	-5.555866E-12	-1.799899E+11	7.458274E+16	0	0	8.921391	0.066662	0	0
0	0	0	0.094456	10.169477	4.12808	10.169477	4893	-5.163404E-12	-1.936707E+11	7.458274E+16	0	0	8.867928	0.066154	0	0
0	0	0	0.090896	10.169319	4.124936	10.169319	4883	-6.791277E-12	-1.472477E+11	7.458274E+16	0	0	8.833477	0.065611	0	0
0	0	0	0.08709	10.169308	4.12164	10.169308	4873	-6.934873E-12	-1.441988E+11	7.458274E+16	0	0	8.775416	0.065228	0	0
0	0	0	0.083463	10.169376	4.11853	10.169376	4864	-6.074983E-12	-1.646095E+11	7.458274E+16	0	0	8.716303	0.064804	0	0
0	0	0	0.08067	10.169404	4.116125	10.169404	4856	-5.770746E-12	-1.732878E+11	7.458274E+16	0	0	8.664059	0.064369	0	0
0	0	0	0.078056	10.169511	4.113906	10.169511	4849	-4.865441E-12	-2.055312E+11	7.458274E+16	0	0	8.616923	0.063861	0	0
0	0	0	0.075868	10.169556	4.112031	10.169556	4844	-4.561459E-12	-2.192281E+11	7.458274E+16	0	0	8.571911	0.063398	0	0
0	0	0	0.073793	10.16946	4.110198	10.16946	4839	-5.241916E-12	-1.907699E+11	7.458274E+16	0	0	8.525924	0.062991	0	0
0	0	0	0.072143	10.169568	4.108814	10.169568	4834	-4.483104E-12	-2.230598E+11	7.458274E+16	0	0	8.466563	0.062563	0	0
0	0	0	0.070134	10.169607	4.107091	10.169607	4829	-4.25303E-12	-2.351265E+11	7.458274E+16	0	0	8.42349	0.062076	0	0
0	0	0	0.068533	10.169393	4.105622	10.169393	4825	-5.847382E-12	-1.710167E+11	7.458274E+16	0	0	8.381833	0.061632	0	0
0	0	0	0.065185	10.169477	4.102758	10.169477	4816	-5.082148E-12	-1.967672E+11	7.458274E+16	0	0	8.314603	0.061249	0	0
0	0	0	0.063339	10.169393	4.101128	10.169393	4811	-5.830415E-12	-1.715144E+11	7.458274E+16	0	0	8.258611	0.060825	0	0
0	0	0	0.060382	10.169556	4.098636	10.169556	4804	-4.523792E-12	-2.210535E+11	7.458274E+16	0	0	8.200433	0.060474	0	0
0	0	0	0.058488	10.169353	4.096916	10.169353	4798	-6.247391E-12	-1.600668E+11	7.458274E+16	0	0	8.150529	0.060074	0	0
0	0	0	0.056168	10.169353	4.094909	10.169353	4793	-6.240881E-12	-1.602338E+11	7.458274E+16	0	0	8.118936	0.059651	0	0
0	0	0	0.054502	10.16937	4.093475	10.16937	4788	-6.041674E-12	-1.65517E+11	7.458274E+16	0	0	8.04378	0.059291	0	0
0	0	0	0.051905	10.169421	4.091248	10.169421	4781	-5.520908E-12	-1.811296E+11	7.458274E+16	0	0	8.008122	0.058848	0	0
0	0	0	0.049651	10.169348	4.089269	10.169348	4776	-6.28557E-12	-1.590946E+11	7.458274E+16	0	0	7.945649	0.058464	0	0
0	0	0	0.048197	10.169212	4.087958	10.169212	4772	-8.462862E-12	-1.181633E+11	7.458274E+16	0	0	7.908027	0.058041	0	0
0	0	0	0.047184	10.16937	4.087145	10.16937	4770	-6.018961E-12	-1.661416E+11	7.458274E+16	0	0	7.84261	0.057685	0	0
0	0	0	0.045583	10.169472	4.0858	10.169472	4765	-5.072032E-12	-1.971597E+11	7.458274E+16	0	0	7.786523	0.057334	0	0
0	0	0	0.044048	10.169652	4.084544	10.169652	4761	-3.965035E-12	-2.522046E+11	7.458274E+16	0	0	7.71585	0.056998	0	0
0	0	0	0.043329	10.169353	4.083803	10.169353	4759	-6.19661E-12	-1.613786E+11	7.458274E+16	0	0	7.669281	0.056555	0	0
0	0	0	0.041549	10.169449	4.082301	10.169449	4755	-5.243681E-12	-1.907057E+11	7.458274E+16	0	0	7.624569	0.056179	0	0
0	0	0	0.040372	10.169274	4.081214	10.169274	4752	-7.269495E-12	-1.375611E+11	7.458274E+16	0	0	7.57033	0.055828	0	0
0	0	0	0.038968	10.169517	4.080095	10.169517	4748	-4.725385E-12	-2.11623E+11	7.458274E+16	0	0	7.51731	0.05546	0	0
0	0	0	0.037857	10.169302	4.079049	10.169302	4745	-6.832101E-12	-1.463679E+11	7.458274E+16	0	0	7.451529	0.055049	0	0
0	0	0	0.035586	10.169223	4.077054	10.169223	4740	-8.16952E-12	-1.224062E+11	7.458274E+16	0	0	7.375181	0.054777	0	0
0	0	0	0.033839	10.169449	4.075632	10.169449	4735	-5.221626E-12	-1.915112E+11	7.458274E+16	0	0	7.33584	0.054358	0	0
0	0	0	0.031519	10.169274	4.073556	10.169274	4729	-7.234311E-12	-1.382302E+11	7.458274E+16	0	0	7.291427	0.05397	0	0
0	0	0	0.029281	10.169297	4.071629	10.169297	4724	-6.882781E-12	-1.452901E+11	7.458274E+16	0	0	7.251676	0.053675	0	0
0	0	0	0.028024	10.169494	4.070619	10.169494	4720	-4.855339E-12	-2.059589E+11	7.458274E+16	0	0	7.180262	0.053303	0	0
0	0	0	0.026472	10.169218	4.069167	10.169218	4716	-8.244173E-12	-1.212978E+11	7.458274E+16	0	0	7.129107	0.053	0	0
0	0	0	0.024267	10.169291	4.067289	10.169291	4711	-6.946477E-12	-1.439579E+11	7.458274E+16	0	0	7.091473	0.052632	0	0
0	0	0	0.022421	10.169353	4.065717	10.169353	4706	-6.127599E-12	-1.63196E+11	7.458274E+16	0	0	7.010498	0.052293	0	0
0	0	0	0.020444	10.169607	4.064108	10.169607	4701	-4.140296E-12	-2.415286E+11	7.458274E+16	0	0	6.977921	0.051933	0	0
0	0	0	0.019219	10.169201	4.062887	10.169201	4698	-8.58011E-12	-1.165486E+11	7.458274E+16	0	0	6.915481	0.051582	0	0
0	0	0	0.018108	10.169505	4.062047	10.169505	4695	-4.749833E-12	-2.105337E+11	7.458274E+16	0	0	6.878992	0.051234	0	0
0	0	0	0.017047	10.16941	4.06109	10.16941	4693	-5.523446E-12	-1.810464E+11	7.458274E+16	0	0	6.799802	0.050918	0	0
0	0	0	0.015789	10.169342	4.059975	10.169342	4689	-6.238105E-12	-1.603051E+11	7.458274E+16	0	0	6.741317	0.050627	0	0
0	0	0	0.014645	10.169483	4.059042	10.169483	4686	-4.902721E-12	-2.039684E+11	7.458274E+16	0	0	6.69123	0.050331	0	0
0	0	0	0.013551	10.169556	4.058125	10.169556	4683	-4.40985E-12	-2.267651E+11	7.458274E+16	0	0	6.640385	0.049928	0	0
0	0	0	0.012898	10.169426	4.057508	10.169426	4682	-5.356087E-12	-1.867035E+11	7.458274E+16	0	0	6.598013	0.049596	0	0
0	0	0	0.011477	10.169556	4.05633	10.169556	4678	-4.405142E-12	-2.270075E+11	7.458274E+16	0	0	6.557199	0.049265	0	0
0	0	0	0.009908	10.169319	4.05488	10.169319	4674	-6.5006E-12	-1.53832E+11	7.458274E+16	0	0	6.447117	0.048985	0	0
0	0	0	0.008422	10.169353	4.053607	10.169353	4670	-6.080724E-12	-1.644541E+11	7.458274E+16	0	0	6.404208	0.048705	0	0
0	0	0	0.007279	10.16928	4.052589	10.16928	4668	-7.052899E-12	-1.417857E+11	7.458274E+16	0	0	6.369516	0.048358	0	0
0	0	0	0.005972	10.16941	4.05151	10.16941	4664	-5.489315E-12	-1.821721E+11	7.458274E+16	0	0	6.312793	0.048066	0	0
0	0	0	0.003963	10.169325	4.049738	10.169325	4659	-6.406981E-12	-1.560798E+11	7.458274E+16	0	0	6.242668	0.047743	0	0
0	0	0	0.002149	10.169426	4.04821	10.169426	4655	-5.325199E-12	-1.877864E+11	7.458274E+16	0	0	6.207285	0.047419	0	0
0	0	0	0.001545	10.169511	4.047721	10.169511	4653	-4.668777E-12	-2.141889E+11	7.458274E+16	0	0	6.113924	0.047179	0	0
0	0	0	0.000353	10.169551	4.046705	10.169551	4650	-4.412703E-12	-2.266185E+11	7.458274E+16	0	0	6.065624	0.046864	0	0
0	0	0	-0.000546	10.169449	4.045888	10.169449	4648	-5.125684E-12	-1.950959E+11	7.458274E+16	0	0	6.017298	0.046552	0	0
0	0	0	-0.001902	10.169269	4.044643	10.169269	4644	-7.194139E-12	-1.39002E+11	7.458274E+16	0	0	5.954735	0.046261	0	0
0	0	0	-0.002702	10.169381	4.043996	10.169381	4643	-5.740421E-12	-1.742032E+11	7.458274E+16	0	0	5.918356	0.045921	0	0
0	0	0	-0.003208	10.169359	4.043549	10.169359	4641	-5.979394E-12	-1.67241E+11	7.458274E+16	0	0	5.86897	0.045677	0	0
0	0	0	-0.004172	10.169263	4.042677	10.169263	4639	-7.278456E-12	-1.373918E+11	7.458274E+16	0	0	5.822041	0.04535	0	0
0	0	0	-0.005087	10.169206	4.041863	10.169206	4636	-8.342475E-12	-1.198685E+11	7.458274E+16	0	0	5.73537	0.045098	0	0
0	0	0	-0.005789	10.169522	4.041381	10.169522	4635	-4.57574E-12	-2.185439E+11	7.458274E+16	0	0	5.695504	0.04483	0	0
0	0	0	-0.006982	10.169252	4.040242	10.169252	4632	-7.458571E-12	-1.340739E+11	7.458274E+16	0	0	5.622504	0.044511	0	0
0	0	0	-0.007325	10.169319	4.039972	10.169319	4631	-6.440796E-12	-1.552603E+11	7.458274E+16	0	0	5.575384	0.044199	0	0
0	0	0	-0.007978	10.169223	4.039369	10.169223	4629	-7.978209E-12	-1.253414E+11	7.458274E+16	0	0	5.549348	0.0439	0	0
0	0	0	-0.008092	10.169517	4.039387	10.169517	4629	-4.606952E-12	-2.170633E+11	7.458274E+16	0	0	5.466161	0.043652	0	0
0	0	0	-0.009023	10.169302	4.038496	10.169302	4627	-6.662198E-12	-1.501006E+11	7.458274E+16	0	0	5.394184	0.043388	0	0
0	0	0	-0.009415	10.169348	4.038175	10.169348	4626	-6.088159E-12	-1.642533E+11	7.458274E+16	0	0	5.342816	0.043089	0	0
0	0	0	-0.009938	10.169539	4.037799	10.169539	4625	-4.458064E-12	-2.243126E+11	7.458274E+16	0	0	5.2782	0.042893	0	0
0	0	0	-0.010347	10.169314	4.037356	10.169314	4623	-6.503523E-12	-1.537628E+11	7.458274E+16	0	0	5.247746	0.042593	0	0
0	0	0	-0.010347	10.169443	4.037408	10.169443	4623	-5.144436E-12	-1.943848E+11	7.458274E+16	0	0	5.160895	0.042314	0	0
0	0	0	-0.010951	10.169348	4.036847	10.169348	4622	-6.082895E-12	-1.643954E+11	7.458274E+16	0	0	5.139668	0.041998	0	0
0	0	0	-0.010592	10.169455	4.0372	10.169455	4623	-5.052621E-12	-1.979171E+11	7.458274E+16	0	0	5.073229	0.041707	0	0
0	0	0	-0.011392	10.169336	4.036461	10.169336	4621	-6.215152E-12	-1.608971E+11	7.458274E+16	0	0	5.017909	0.041523	0	0
0	0	0	-0.011964	10.169314	4.035957	10.169314	4619	-6.497895E-12	-1.53896E+11	7.458274E+16	0	0	4.942826	0.041247	0	0
0	0	0	-0.012372	10.169398	4.035638	10.169398	4618	-5.541684E-12	-1.804506E+11	7.458274E+16	0	0	4.90718	0.040991	0	0
0	0	0	-0.013123	10.169359	4.034972	10.169359	4617	-5.948473E-12	-1.681104E+11	7.458274E+16	0	0	4.851068	0.040724	0	0
0	0	0	-0.013434	10.169291	4.034676	10.169291	4616	-6.806397E-12	-1.469206E+11	7.458274E+16	0	0	4.807202	0.040404	0	0
0	0	0	-0.014316	10.169443	4.033974	10.169443	4613	-5.133308E-12	-1.948061E+11	7.458274E+16	0	0	4.733061	0.040217	0	0
0	0	0	-0.014757	10.169449	4.033595	10.169449	4612	-5.085985E-12	-1.966188E+11	7.458274E+16	0	0	4.67228	0.039905	0	0
0	0	0	-0.015296	10.169393	4.033106	10.169393	4611	-5.588037E-12	-1.789537E+11	7.458274E+16	0	0	4.600441	0.039681	0	0
0	0	0	-0.015819	10.169398	4.032656	10.169398	4610	-5.532084E-12	-1.807637E+11	7.458274E+16	0	0	4.566723	0.03941	0	0
0	0	0	-0.016439	10.169449	4.032139	10.169449	4608	-5.081574E-12	-1.967894E+11	7.458274E+16	0	0	4.517975	0.039202	0	0
0	0	0	-0.016848	10.169359	4.03175	10.169359	4607	-5.935589E-12	-1.684753E+11	7.458274E+16	0	0	4.452398	0.03897	0	0
0	0	0	-0.017419	10.16946	4.031296	10.16946	4606	-4.989515E-12	-2.004203E+11	7.458274E+16	0	0	4.372977	0.038722	0	0
0	0	0	-0.018073	10.169184	4.030621	10.169184	4604	-8.802211E-12	-1.136078E+11	7.458274E+16	0	0	4.319206	0.038487	0	0
0	0	0	-0.018726	10.16959	4.030217	10.16959	4602	-4.142472E-12	-2.414018E+11	7.458274E+16	0	0	4.285712	0.038255	0	0
0	0	0	-0.01987	10.169895	4.029349	10.169895	4600	-2.964221E-12	-3.373568E+11	7.458274E+16	0	0	4.207749	0.038091	0	0
0	0	0	-0.020899	10.169652	4.028363	10.169652	4597	-3.828453E-12	-2.612021E+11	7.458274E+16	0	0	4.154786	0.037748	0	0
0	0	0	-0.02147	10.169477	4.027799	10.169477	4596	-4.84999E-12	-2.06186E+11	7.458274E+16	0	0	4.110732	0.037524	0	0
0	0	0	-0.021928	10.169359	4.027356	10.169359	4595	-5.920128E-12	-1.689153E+11	7.458274E+16	0	0	4.076971	0.03724	0	0
0	0	0	-0.022385	10.169596	4.027054	10.169596	4593	-4.104206E-12	-2.436525E+11	7.458274E+16	0	0	3.978902	0.037089	0	0
0	0	0	-0.023855	10.169568	4.025771	10.169568	4589	-4.255888E-12	-2.349686E+11	7.458274E+16	0	0	3.888046	0.036845	0	0
0	0	0	-0.024917	10.169573	4.024855	10.169573	4587	-4.222062E-12	-2.368511E+11	7.458274E+16	0	0	3.903796	0.036617	0	0
0	0	0	-0.025636	10.169426	4.024175	10.169426	4586	-5.246265E-12	-1.906118E+11	7.458274E+16	0	0	3.829641	0.03639	0	0
0	0	0	-0.026436	10.169393	4.023469	10.169393	4583	-5.554104E-12	-1.800471E+11	7.458274E+16	0	0	3.780262	0.036146	0	0
0	0	0	-0.026681	10.169489	4.023296	10.169489	4583	-4.754343E-12	-2.10334E+11	7.458274E+16	0	0	3.718958	0.03591	0	0
0	0	0	-0.027694	10.169314	4.02235	10.169314	4580	-6.443031E-12	-1.552065E+11	7.458274E+16	0	0	3.68303	0.035682	0	0
0	0	0	-0.028102	10.169387	4.022026	10.169387	4579	-5.604715E-12	-1.784212E+11	7.458274E+16	0	0	3.618375	0.035511	0	0
0	0	0	-0.028347	10.169584	4.021892	10.169584	4579	-4.152287E-12	-2.408312E+11	7.458274E+16	0	0	3.534895	0.035335	0	0
0	0	0	-0.029654	10.169511	4.020733	10.169511	4575	-4.590512E-12	-2.178406E+11	7.458274E+16	0	0	3.467581	0.035071	0	0
0	0	0	-0.029654	10.169455	4.02071	10.169455	4575	-5.00016E-12	-1.999936E+11	7.458274E+16	0	0	3.444972	0.034788	0	0
0	0	0	-0.030258	10.169483	4.020199	10.169483	4574	-4.785541E-12	-2.089628E+11	7.458274E+16	0	0	3.412766	0.03464	0	0
0	0	0	-0.030144	10.169511	4.020309	10.169511	4574	-4.589509E-12	-2.178882E+11	7.458274E+16	0	0	3.314926	0.034428	0	0
0	0	0	-0.030356	10.169426	4.020092	10.169426	4574	-5.232537E-12	-1.911119E+11	7.458274E+16	0	0	3.271232	0.034149	0	0
0	0	0	-0.030634	10.169517	4.019887	10.169517	4573	-4.551219E-12	-2.197214E+11	7.458274E+16	0	0	3.226975	0.034025	0	0
0	0	0	-0.030438	10.169522	4.020059	10.169522	4574	-4.51552E-12	-2.214584E+11	7.458274E+16	0	0	3.185681	0.033821	0	0
0	0	0	-0.03101	10.169534	4.019569	10.169534	4572	-4.441936E-12	-2.25127E+11	7.458274E+16	0	0	3.116034	0.033589	0	0
0	0	0	-0.031631	10.169432	4.018992	10.169432	4570	-5.179581E-12	-1.930658E+11	7.458274E+16	0	0	3.069594	0.033334	0	0
0	0	0	-0.030977	10.16963	4.019635	10.16963	4572	-3.914096E-12	-2.554869E+11	7.458274E+16	0	0	3.006515	0.033182	0	0
0	0	0	-0.031402	10.169517	4.019223	10.169517	4571	-4.549228E-12	-2.198175E+11	7.458274E+16	0	0	2.976945	0.033018	0	0
0	0	0	-0.031369	10.169302	4.019166	10.169302	4571	-6.581566E-12	-1.519395E+11	7.458274E+16	0	0	2.939344	0.03279	0	0
0	0	0	-0.031516	10.169618	4.019165	10.169618	4571	-3.968723E-12	-2.519702E+11	7.458274E+16	0	0	2.859081	0.032587	0	0
0	0	0	-0.032153	10.169697	4.018645	10.169697	4569	-3.608816E-12	-2.770992E+11	7.458274E+16	0	0	2.801226	0.032347	0	0
0	0	0	-0.032284	10.169438	4.018429	10.169438	4569	-5.130965E-12	-1.948951E+11	7.458274E+16	0	0	2.743329	0.032123	0	0
0	0	0	-0.032382	10.169692	4.018445	10.169692	4569	-3.632241E-12	-2.753121E+11	7.458274E+16	0	0	2.737542	0.031975	0	0
0	0	0	-0.032741	10.169449	4.018038	10.169449	4568	-5.037463E-12	-1.985126E+11	7.458274E+16	0	0	2.688536	0.03174	0	0
0	0	0	-0.03266	10.169449	4.018108	10.169449	4568	-5.037463E-12	-1.985126E+11	7.458274E+16	0	0	2.567939	0.03164	0	0
0	0	0	-0.032725	10.169505	4.018074	10.169505	4568	-4.62135E-12	-2.16387E+11	7.458274E+16	0	0	2.572298	0.031384	0	0
0	0	0	-0.033215	10.169421	4.017617	10.169421	4566	-5.272635E-12	-1.896585E+11	7.458274E+16	0	0	2.516799	0.031176	0	0
0	0	0	-0.032774	10.169393	4.017987	10.169393	4567	-5.534713E-12	-1.806778E+11	7.458274E+16	0	0	2.471494	0.031009	0	0
0	0	0	-0.033329	10.169449	4.017529	10.169449	4566	-5.035257E-12	-1.985996E+11	7.458274E+16	0	0	2.41266	0.030825	0	0
0	0	0	-0.033427	10.169387	4.017419	10.169387	4566	-5.588803E-12	-1.789292E+11	7.458274E+16	0	0	2.36582	0.030601	0	0
0	0	0	-0.033787	10.169754	4.017255	10.169754	4565	-3.387212E-12	-2.952281E+11	7.458274E+16	0	0	2.323961	0.030461	0	0
0	0	0	-0.034554	10.169584	4.016523	10.169584	4563	-4.137778E-12	-2.416756E+11	7.458274E+16	0	0	2.260661	0.030314	0	0
0	0	0	-0.034473	10.169528	4.016571	10.169528	4563	-4.468641E-12	-2.237817E+11	7.458274E+16	0	0	2.238142	0.030094	0	0
0	0	0	-0.035257	10.169596	4.01592	10.169596	4562	-4.076505E-12	-2.453082E+11	7.458274E+16	0	0	2.200819	0.029906	0	0
0	0	0	-0.035551	10.169314	4.015553	10.169314	4561	-6.416302E-12	-1.55853E+11	7.458274E+16	0	0	2.151594	0.029674	0	0
0	0	0	-0.03591	10.169426	4.015287	10.169426	4560	-5.216522E-12	-1.916986E+11	7.458274E+16	0	0	2.083367	0.029527	0	0
0	0	0	-0.036335	10.169601	4.01499	10.169601	4559	-4.044317E-12	-2.472606E+11	7.458274E+16	0	0	2.011995	0.029451	0	0
0	0	0	-0.03689	10.169618	4.014516	10.169618	4557	-3.956567E-12	-2.527443E+11	7.458274E+16	0	0	2.023454	0.029243	0	0
0	0	0	-0.037772	10.169601	4.013746	10.169601	4555	-4.040768E-12	-2.474777E+11	7.458274E+16	0	0	1.967102	0.029043	0	0
0	0	0	-0.037544	10.169816	4.014029	10.169816	4556	-3.169323E-12	-3.155248E+11	7.458274E+16	0	0	1.946795	0.028784	0	0
0	0	0	-0.03823	10.169477	4.013301	10.169477	4554	-4.805669E-12	-2.080876E+11	7.458274E+16	0	0	1.898175	0.028676	0	0
0	0	0	-0.03872	10.169703	4.012967	10.169703	4553	-3.573135E-12	-2.798663E+11	7.458274E+16	0	0	1.849891	0.028516	0	0
0	0	0	-0.039324	10.169647	4.012422	10.169647	4552	-3.816932E-12	-2.619905E+11	7.458274E+16	0	0	1.79888	0.028312	0	0
0	0	0	-0.039618	10.169624	4.012158	10.169624	4551	-3.923543E-12	-2.548717E+11	7.458274E+16	0	0	1.774618	0.028164	0	0
0	0	0	-0.040059	10.169494	4.011725	10.169494	4550	-4.680464E-12	-2.13654E+11	7.458274E+16	0	0	1.707605	0.027949	0	0
0	0	0	-0.040435	10.169607	4.011445	10.169607	4549	-4.006426E-12	-2.49599E+11	7.458274E+16	0	0	0	0	0	0
0	0	0	-0.040909	10.169483	4.010986	10.169483	4548	-4.758339E-12	-2.101574E+11	7.458274E+16	0	0	0	0	0	0
0	0	0	-0.041235	10.1695	4.01071	10.1695	4547	-4.63842E-12	-2.155907E+11	7.458274E+16	0	0	0	0	0	0
0	0	0	-0.04117	10.169652	4.010827	10.169652	4547	-3.786813E-12	-2.640743E+11	7.458274E+16	0	0	0	0	0	0
0	0	0	-0.042003	10.169613	4.010091	10.169613	4545	-3.974323E-12	-2.516152E+11	7.458274E+16	0	0	0	0	0	0
0	0	0	-0.041823	10.169517	4.010208	10.169517	4545	-4.523352E-12	-2.21075E+11	7.458274E+16	0	0	0	0	0	0
0	0	0	-0.042003	10.169934	4.010219	10.169934	4545	-2.824742E-12	-3.540146E+11	7.458274E+16	0	0	0	0	0	0
0	0	0	-0.042509	10.169635	4.009662	10.169635	4544	-3.863121E-12	-2.58858E+11	7.458274E+16	0	0	0	0	0	0
0	0	0	-0.04215	10.169652	4.00998	10.169652	4545	-3.785147E-12	-2.641905E+11	7.458274E+16	0	0	0	0	0	0
0	0	0	-0.042852	10.169584	4.009345	10.169584	4543	-4.119641E-12	-2.427396E+11	7.458274E+16	0	0	0	0	0	0
