Vload_(V)	ILoad_(A)	RsLoad_(ohm)	SunsVoc_Voltage_(V)	SunsVoc_Current_(A)	Model_Voltage_(V)	Model_Current_(A)	Carrier_Density_(cm-3)	Lifetime_(s)	Inverse_Lifetime_(s-1)	(Carrier_Density+Doping)/qWni^2_(cm^2/C)	Carrier_Density_at_Vmp_(cm-3)	Lifetime_at_Vmp_(s)	Efficiency_(%)	Intensity_(suns)	Dark_IV_Voltage_(V)	Dark_IV_Current_(A)
3.583276	6.261294	0	46.848456	-0.266468	46.769731	-0.266468	4.507045E+14	4.770867E-5	20960.215	7.669649E+16	4.407958E+13	3.782828E-5	10.309159	1.122012	0	0
3.530841	6.26804	-0.677237	46.696936	0.189934	46.749185	0.189934	4.161389E+14	4.736113E-5	21114.073606	7.653438E+16	0	0	10.280587	1.119496	0	0
4.420547	6.236278	4.638705	46.544632	0.622542	46.703154	0.622542	3.840057E+14	4.705702E-5	21250.569612	7.638368E+16	0	0	10.305347	1.115984	0	0
7.921466	6.124529	5.00224	46.402046	1.001221	46.637823	1.001221	3.561286E+14	4.678265E-5	21375.233289	7.625294E+16	0	0	10.320947	1.114393	0	0
11.93321	6.010026	4.665479	46.260866	1.352413	46.553704	1.352413	3.304818E+14	4.651946E-5	21496.198785	7.613266E+16	0	0	10.293067	1.112077	0	0
15.878727	5.882958	4.247766	46.121025	1.672856	46.451833	1.672856	3.068663E+14	4.621192E-5	21639.281728	7.602191E+16	0	0	10.30082	1.107102	0	0
19.835432	5.850783	3.625472	45.982557	1.974445	46.336289	1.974445	2.851175E+14	4.595739E-5	21759.150482	7.591991E+16	0	0	10.311434	1.100125	0	0
23.792382	5.75475	3.076317	45.842406	2.255934	46.204109	2.255934	2.646488E+14	4.565603E-5	21902.79486	7.582391E+16	0	0	10.322518	1.093272	0	0
27.728144	5.707606	2.446279	45.700539	2.519769	46.05654	2.519769	2.454037E+14	4.532129E-5	22064.586606	7.573365E+16	0	0	10.338776	1.086969	0	0
31.664464	5.670933	1.791594	45.563361	2.76177	45.902675	2.76177	2.281083E+14	4.504036E-5	22202.221724	7.565254E+16	0	0	10.338363	1.078581	0	0
32.830463	5.656933	1.59916	45.427784	2.984118	45.740084	2.984118	2.121974E+14	4.474144E-5	22350.566885	7.557792E+16	0	0	10.36127	1.068981	0	0
33.990478	5.633481	1.414172	45.292696	3.191475	45.568801	3.191475	1.974347E+14	4.444066E-5	22501.853155	7.550869E+16	0	0	10.387012	1.059529	0	0
35.105635	5.626832	1.221841	45.158148	3.384201	45.389778	3.384201	1.837405E+14	4.412866E-5	22660.9542	7.544446E+16	0	0	10.397892	1.050455	0	0
36.289803	5.619343	1.017413	45.024645	3.565703	45.204771	3.565703	1.71082E+14	4.385509E-5	22802.322761	7.538509E+16	0	0	10.417491	1.041155	0	0
37.458461	5.596471	0.825882	44.893069	3.73245	45.015668	3.73245	1.594515E+14	4.356887E-5	22952.12601	7.533055E+16	0	0	10.430902	1.030841	0	0
38.570729	5.571111	0.64409	44.760595	3.887291	44.819125	3.887291	1.48533E+14	4.32326E-5	23130.657936	7.527934E+16	0	0	10.455546	1.020285	0	0
39.754702	5.55582	0.441543	44.627958	4.032809	44.616847	4.032809	1.383437E+14	4.289625E-5	23312.02911	7.523156E+16	0	0	10.483085	1.010461	0	0
40.901618	5.455763	0.290403	44.497738	4.168538	44.413356	4.168538	1.29015E+14	4.259819E-5	23475.148638	7.518781E+16	0	0	10.497047	1.00083	0	0
41.965831	5.25103	0.189599	44.368776	4.296408	44.207399	4.296408	1.203919E+14	4.233794E-5	23619.455337	7.514736E+16	0	0	10.517541	0.990835	0	0
43.049406	4.836013	0.130191	44.239406	4.415039	43.996869	4.415039	1.123166E+14	4.203603E-5	23789.092729	7.510949E+16	0	0	10.538769	0.980905	0	0
44.058742	4.029608	0.137135	44.111767	4.525123	43.785618	4.525123	1.048769E+14	4.174044E-5	23957.566119	7.50746E+16	0	0	10.558087	0.971109	0	0
44.982289	2.959351	0.147611	43.984439	4.627508	43.571784	4.627508	9.794333E+13	4.142374E-5	24140.72932	7.504208E+16	0	0	10.579763	0.961633	0	0
45.731674	1.879996	0.168965	43.858825	4.722405	43.358047	4.722405	9.154994E+13	4.110745E-5	24326.476092	7.50121E+16	0	0	10.597884	0.951802	0	0
39.729084	5.552625	0.448228	43.732902	4.810942	43.14138	4.810942	8.555741E+13	4.076186E-5	24532.722866	7.4984E+16	0	0	10.615448	0.942063	0	0
46.761334	0	0	43.610474	4.893438	42.928356	4.893438	8.010566E+13	4.046622E-5	24711.957211	7.495843E+16	0	0	10.636238	0.93273	0	0
0	0	0	43.487752	4.970909	42.712911	4.970909	7.498781E+13	4.015514E-5	24903.400258	7.493443E+16	0	0	10.649072	0.923684	0	0
0	0	0	43.366402	5.043771	42.49801	5.043771	7.024738E+13	3.986784E-5	25082.863503	7.491219E+16	0	0	10.656232	0.914659	0	0
0	0	0	43.245623	5.112266	42.28252	5.112266	6.582565E+13	3.958532E-5	25261.882607	7.489146E+16	0	0	10.653777	0.905354	0	0
0	0	0	43.13017	5.175987	42.074812	5.175987	6.18583E+13	3.938356E-5	25391.299262	7.487285E+16	0	0	10.63381	0.896009	0	0
0	0	0	43.0147	5.235619	41.865998	5.235619	5.81287E+13	3.916071E-5	25535.793817	7.485536E+16	0	0	10.592343	0.886935	0	0
0	0	0	42.895474	5.290946	41.649919	5.290946	5.451275E+13	3.881863E-5	25760.822094	7.48384E+16	0	0	10.532276	0.878113	0	0
0	0	0	42.778796	5.342807	41.437316	5.342807	5.119126E+13	3.851168E-5	25966.146643	7.482282E+16	0	0	10.460443	0.869259	0	0
0	0	0	42.663065	5.391959	41.225444	5.391959	4.80961E+13	3.822896E-5	26158.172516	7.480831E+16	0	0	10.37609	0.860412	0	0
0	0	0	42.548281	5.43823	41.014497	5.43823	4.521064E+13	3.795566E-5	26346.52852	7.479477E+16	0	0	10.288945	0.851698	0	0
0	0	0	42.432452	5.481722	40.801134	5.481722	4.247388E+13	3.764745E-5	26562.224224	7.478194E+16	0	0	10.19264	0.843134	0	0
0	0	0	42.318094	5.52245	40.589845	5.52245	3.993402E+13	3.734738E-5	26775.633823	7.477003E+16	0	0	10.09033	0.834687	0	0
0	0	0	42.205042	5.56053	40.380456	5.56053	3.757215E+13	3.704796E-5	26992.039526	7.475895E+16	0	0	9.980461	0.826394	0	0
0	0	0	42.093117	5.596415	40.172639	5.596415	3.537116E+13	3.676005E-5	27203.441164	7.474863E+16	0	0	9.866546	0.818178	0	0
0	0	0	41.980947	5.629978	39.964145	5.629978	3.329444E+13	3.644139E-5	27441.325727	7.473889E+16	0	0	9.750949	0.810157	0	0
0	0	0	41.869741	5.661565	39.757073	5.661565	3.13557E+13	3.612697E-5	27680.150595	7.47298E+16	0	0	9.626266	0.802247	0	0
0	0	0	41.760821	5.691407	39.553771	5.691407	2.956611E+13	3.584882E-5	27894.917617	7.47214E+16	0	0	9.494408	0.794306	0	0
0	0	0	41.652523	5.719437	39.351422	5.719437	2.788782E+13	3.556311E-5	28119.028122	7.471353E+16	0	0	9.35394	0.786695	0	0
0	0	0	41.543848	5.74587	39.148257	5.74587	2.629931E+13	3.52573E-5	28362.916823	7.470608E+16	0	0	9.208883	0.779157	0	0
0	0	0	41.435272	5.771096	38.945016	5.771096	2.480245E+13	3.496169E-5	28602.737903	7.469906E+16	0	0	9.066706	0.77161	0	0
0	0	0	41.327039	5.79501	38.742235	5.79501	2.3395E+13	3.466908E-5	28844.1475	7.469246E+16	0	0	8.91355	0.764454	0	0
0	0	0	41.219753	5.817585	38.541062	5.817585	2.207859E+13	3.438292E-5	29084.207492	7.468629E+16	0	0	8.770202	0.757489	0	0
0	0	0	41.111552	5.839395	38.337971	5.839395	2.082587E+13	3.410864E-5	29318.082578	7.468041E+16	0	0	8.615977	0.750588	0	0
0	0	0	41.002322	5.860726	38.132641	5.860726	1.963323E+13	3.386766E-5	29526.694312	7.467482E+16	0	0	8.461023	0.743743	0	0
0	0	0	40.89471	5.880575	37.930326	5.880575	1.852497E+13	3.362193E-5	29742.491226	7.466962E+16	0	0	8.300387	0.73687	0	0
0	0	0	40.787342	5.898817	37.728711	5.898817	1.748152E+13	3.332491E-5	30007.578832	7.466473E+16	0	0	8.130147	0.729934	0	0
0	0	0	40.680465	5.916359	37.527822	5.916359	1.650115E+13	3.305569E-5	30251.977543	7.466013E+16	0	0	7.957252	0.723252	0	0
0	0	0	40.575057	5.932833	37.329655	5.932833	1.558808E+13	3.279279E-5	30494.507521	7.465585E+16	0	0	7.779324	0.716594	0	0
0	0	0	40.46885	5.948095	37.130262	5.948095	1.471912E+13	3.247371E-5	30794.140106	7.465177E+16	0	0	7.600026	0.709905	0	0
0	0	0	40.363181	5.962754	36.931752	5.962754	1.390261E+13	3.217834E-5	31076.801979	7.464794E+16	0	0	7.414003	0.703175	0	0
0	0	0	40.257463	5.976642	36.733191	5.976642	1.3131E+13	3.187526E-5	31372.289052	7.464432E+16	0	0	7.226936	0.696589	0	0
0	0	0	40.152301	5.989868	36.535639	5.989868	1.240591E+13	3.158256E-5	31663.042924	7.464092E+16	0	0	7.036481	0.690051	0	0
0	0	0	40.046583	6.002172	36.33728	6.002172	1.171731E+13	3.124591E-5	32004.192521	7.463769E+16	0	0	6.840337	0.683585	0	0
0	0	0	39.941045	6.014464	36.138903	6.014464	1.106798E+13	3.098422E-5	32274.496127	7.463465E+16	0	0	6.639375	0.677067	0	0
0	0	0	39.837189	6.025597	35.943971	6.025597	1.046412E+13	3.067737E-5	32597.322228	7.463182E+16	0	0	6.436689	0.670931	0	0
0	0	0	39.732974	6.03629	35.748369	6.03629	9.891259E+12	3.037604E-5	32920.682463	7.462913E+16	0	0	6.236134	0.664629	0	0
0	0	0	39.62858	6.046201	35.552668	6.046201	9.348836E+12	3.003316E-5	33296.52722	7.462659E+16	0	0	6.024447	0.658597	0	0
0	0	0	39.524152	6.055857	35.356806	6.055857	8.835987E+12	2.971986E-5	33647.530782	7.462418E+16	0	0	5.814917	0.652445	0	0
0	0	0	39.42015	6.064815	35.161934	6.064815	8.353173E+12	2.937688E-5	34040.37552	7.462192E+16	0	0	5.604572	0.646402	0	0
0	0	0	39.316327	6.073729	34.96717	6.073729	7.897494E+12	2.909419E-5	34371.122381	7.461978E+16	0	0	5.388803	0.640406	0	0
0	0	0	39.211295	6.082059	34.770387	6.082059	7.461786E+12	2.876664E-5	34762.484443	7.461774E+16	0	0	5.171912	0.634641	0	0
0	0	0	39.104826	6.08971	34.571261	6.08971	7.044632E+12	2.836947E-5	35249.162279	7.461578E+16	0	0	4.958548	0.628861	0	0
0	0	0	39.000235	6.097266	34.375406	6.097266	6.657544E+12	2.804564E-5	35656.171698	7.461396E+16	0	0	4.741426	0.623048	0	0
0	0	0	38.895775	6.104413	34.179892	6.104413	6.292162E+12	2.771396E-5	36082.896666	7.461225E+16	0	0	4.52204	0.617291	0	0
0	0	0	38.790384	6.111104	33.98284	6.111104	5.943834E+12	2.734618E-5	36568.178303	7.461062E+16	0	0	4.301204	0.611578	0	0
0	0	0	38.684356	6.117747	33.784478	6.117747	5.612849E+12	2.701832E-5	37011.928055	7.460907E+16	0	0	4.079753	0.605794	0	0
0	0	0	38.578393	6.123885	33.586457	6.123885	5.300477E+12	2.665444E-5	37517.208335	7.46076E+16	0	0	3.859308	0.600252	0	0
0	0	0	38.472708	6.129813	33.388942	6.129813	5.006235E+12	2.630981E-5	38008.640303	7.460622E+16	0	0	3.639884	0.594659	0	0
0	0	0	38.366043	6.135329	33.189818	6.135329	4.725818E+12	2.592367E-5	38574.789154	7.460491E+16	0	0	3.418528	0.589209	0	0
0	0	0	38.258839	6.140685	32.989691	6.140685	4.459805E+12	2.555078E-5	39137.751167	7.460366E+16	0	0	3.200982	0.583792	0	0
0	0	0	38.150556	6.145738	32.787705	6.145738	4.206309E+12	2.515224E-5	39757.888958	7.460247E+16	0	0	2.988269	0.578346	0	0
0	0	0	38.043026	6.150561	32.587148	6.150561	3.968831E+12	2.476604E-5	40377.867663	7.460136E+16	0	0	2.786407	0.572721	0	0
0	0	0	37.933975	6.155277	32.383775	6.155277	3.741683E+12	2.43871E-5	41005.29311	7.460029E+16	0	0	2.58014	0.56761	0	0
0	0	0	37.82602	6.159806	32.182433	6.159806	3.52962E+12	2.40316E-5	41611.871521	7.45993E+16	0	0	2.384136	0.562479	0	0
0	0	0	37.716905	6.164054	31.979103	6.164054	3.327487E+12	2.364507E-5	42292.108999	7.459835E+16	0	0	2.200439	0.55742	0	0
0	0	0	37.607266	6.167998	31.774979	6.167998	3.136042E+12	2.322679E-5	43053.729568	7.459745E+16	0	0	2.013779	0.552345	0	0
0	0	0	37.497612	6.171824	31.570824	6.171824	2.955582E+12	2.282618E-5	43809.34101	7.45966E+16	0	0	1.834	0.547362	0	0
0	0	0	37.386994	6.175612	31.364828	6.175612	2.784055E+12	2.245224E-5	44538.995526	7.45958E+16	0	0	1.660375	0.542522	0	0
0	0	0	37.27551	6.17911	31.157424	6.17911	2.621254E+12	2.203889E-5	45374.327233	7.459504E+16	0	0	1.491267	0.53767	0	0
0	0	0	37.16187	6.182343	30.946235	6.182343	2.465097E+12	2.157471E-5	46350.564569	7.45943E+16	0	0	1.330952	0.532906	0	0
0	0	0	37.0497	6.185662	30.737551	6.185662	2.320084E+12	2.119671E-5	47177.140241	7.459362E+16	0	0	1.182008	0.528102	0	0
0	0	0	36.934949	6.188686	30.524347	6.188686	2.180557E+12	2.075164E-5	48188.96078	7.459297E+16	0	0	1.038292	0.523302	0	0
0	0	0	36.820623	6.191708	30.311829	6.191708	2.04989E+12	2.035535E-5	49127.128508	7.459236E+16	0	0	0.906506	0.518578	0	0
0	0	0	36.704026	6.194592	30.095207	6.194592	1.924689E+12	1.993831E-5	50154.693202	7.459177E+16	0	0	0.785625	0.513866	0	0
0	0	0	36.58645	6.1972	29.876997	6.1972	1.806176E+12	1.947202E-5	51355.729502	7.459121E+16	0	0	0.672264	0.509202	0	0
0	0	0	36.468089	6.199936	29.657127	6.199936	1.694242E+12	1.907968E-5	52411.783716	7.459069E+16	0	0	0.572211	0.504581	0	0
0	0	0	36.347164	6.202498	29.432663	6.202498	1.587043E+12	1.865136E-5	53615.390413	7.459018E+16	0	0	0.480352	0.500108	0	0
0	0	0	36.223935	6.204763	29.204231	6.204763	1.484776E+12	1.814857E-5	55100.774288	7.458971E+16	0	0	0.403194	0.495535	0	0
0	0	0	36.101033	6.207079	28.976263	6.207079	1.389344E+12	1.770766E-5	56472.725503	7.458926E+16	0	0	0.331727	0.491114	0	0
0	0	0	35.97854	6.209176	28.749222	6.209176	1.300333E+12	1.724009E-5	58004.339766	7.458884E+16	0	0	0.273089	0.486553	0	0
0	0	0	35.852976	6.211193	28.516576	6.211193	1.215005E+12	1.675716E-5	59675.969618	7.458844E+16	0	0	0.218917	0.482176	0	0
0	0	0	35.726562	6.213264	28.282238	6.213264	1.134754E+12	1.632512E-5	61255.307262	7.458806E+16	0	0	0.177185	0.477898	0	0
0	0	0	35.598564	6.215203	28.045084	6.215203	1.058897E+12	1.587462E-5	62993.644442	7.458771E+16	0	0	0.14047	0.473549	0	0
0	0	0	35.466792	6.217048	27.801054	6.217048	9.860969E+11	1.539982E-5	64935.824224	7.458737E+16	0	0	0.112032	0.469299	0	0
0	0	0	35.333747	6.218793	27.554747	6.218793	9.176694E+11	1.491959E-5	67025.984786	7.458705E+16	0	0	0.087871	0.465046	0	0
0	0	0	35.201126	6.220475	27.309236	6.220475	8.54186E+11	1.445986E-5	69156.968395	7.458675E+16	0	0	0.071131	0.46084	0	0
0	0	0	35.066822	6.22206	27.060702	6.22206	7.943714E+11	1.399043E-5	71477.444789	7.458647E+16	0	0	0.0548	0.456749	0	0
0	0	0	34.930853	6.223575	26.809145	6.223575	7.3808E+11	1.352095E-5	73959.273703	7.45862E+16	0	0	0.041284	0.452579	0	0
0	0	0	34.792743	6.224926	26.553819	6.224926	6.849847E+11	1.301446E-5	76837.611597	7.458595E+16	0	0	0.033395	0.448425	0	0
0	0	0	34.652217	6.226415	26.29382	6.226415	6.348785E+11	1.257748E-5	79507.154208	7.458572E+16	0	0	0.0237	0.444243	0	0
0	0	0	34.508684	6.227866	26.028296	6.227866	5.874822E+11	1.214371E-5	82347.181611	7.45855E+16	0	0	0.019986	0.440217	0	0
0	0	0	34.361329	6.229032	25.75609	6.229032	5.42502E+11	1.161944E-5	86062.694478	7.458529E+16	0	0	0.013381	0.436186	0	0
0	0	0	34.212733	6.230227	25.481519	6.230227	5.006295E+11	1.113476E-5	89808.883566	7.458509E+16	0	0	0.010264	0.432387	0	0
0	0	0	34.060805	6.231656	25.200445	6.231656	4.611574E+11	1.075162E-5	93009.207503	7.45849E+16	0	0	0.008438	0.428392	0	0
0	0	0	33.906132	6.232708	24.914817	6.232708	4.241676E+11	1.025295E-5	97532.918984	7.458473E+16	0	0	0.00851	0.424601	0	0
0	0	0	33.747866	6.233904	24.62233	6.233904	3.893876E+11	9.823511E-6	101796.593519	7.458457E+16	0	0	0.005855	0.420726	0	0
0	0	0	33.585451	6.234921	24.322437	6.234921	3.566586E+11	9.344576E-6	107013.952489	7.458441E+16	0	0	0.003151	0.417066	0	0
0	0	0	33.418919	6.235902	24.014989	6.235902	3.259543E+11	8.870289E-6	112735.895549	7.458427E+16	0	0	0.004764	0.413419	0	0
0	0	0	33.249316	6.236991	23.70169	6.236991	2.973992E+11	8.455843E-6	118261.422604	7.458414E+16	0	0	0.003004	0.409799	0	0
0	0	0	33.076708	6.237883	23.383125	6.237883	2.709051E+11	7.995756E-6	125066.352107	7.458401E+16	0	0	0.003635	0.406163	0	0
0	0	0	32.89822	6.238843	23.053603	6.238843	2.45988E+11	7.570888E-6	132084.903428	7.45839E+16	0	0	0.001225	0.402587	0	0
0	0	0	32.717526	6.239709	22.720132	6.239709	2.230966E+11	7.141999E-6	140016.828888	7.458379E+16	0	0	0.003492	0.398991	0	0
0	0	0	32.531344	6.240618	22.376463	6.240618	2.01736E+11	6.741814E-6	148328.041905	7.458369E+16	0	0	0.000626	0.395535	0	0
0	0	0	32.340947	6.241317	22.025346	6.241317	1.820055E+11	6.295542E-6	158842.566417	7.45836E+16	0	0	0.002091	0.391974	0	0
0	0	0	32.146941	6.24218	21.667283	6.24218	1.638845E+11	5.924655E-6	168786.196303	7.458351E+16	0	0	-0.001047	0.38859	0	0
0	0	0	31.949145	6.242925	21.302411	6.242925	1.472657E+11	5.539655E-6	180516.65565	7.458343E+16	0	0	-0.000631	0.385253	0	0
0	0	0	31.751643	6.243624	20.938118	6.243624	1.323531E+11	5.175686E-6	193211.108408	7.458336E+16	0	0	5.347622E-6	0.381848	0	0
0	0	0	31.539554	6.244347	20.546927	6.244347	1.180164E+11	4.812054E-6	207811.455644	7.45833E+16	0	0	5.391477E-6	0.378575	0	0
0	0	0	31.324116	6.245123	20.149445	6.245123	1.050423E+11	4.488394E-6	222796.850295	7.458323E+16	0	0	0.001093	0.375223	0	0
0	0	0	31.104758	6.245784	19.744917	6.245784	9.329659E+10	4.156391E-6	240593.33864	7.458318E+16	0	0	-0.000433	0.371898	0	0
0	0	0	30.881921	6.246299	19.334222	6.246299	8.270855E+10	3.811275E-6	262379.394731	7.458313E+16	0	0	-0.003753	0.36876	0	0
0	0	0	30.653514	6.247157	18.912609	6.247157	7.310168E+10	3.573079E-6	279870.690261	7.458308E+16	0	0	-0.000886	0.365559	0	0
0	0	0	30.42006	6.247551	18.482548	6.247551	6.443462E+10	3.239633E-6	308676.976593	7.458304E+16	0	0	0.002704	0.362334	0	0
0	0	0	30.182097	6.248239	18.0436	6.248239	5.665688E+10	2.998732E-6	333474.333285	7.458301E+16	0	0	0.001593	0.359156	0	0
0	0	0	29.942255	6.248691	17.601618	6.248691	4.976742E+10	2.728606E-6	366487.477769	7.458298E+16	0	0	-0.002509	0.356099	0	0
0	0	0	29.699277	6.249209	17.153708	6.249209	4.364165E+10	2.495299E-6	400753.640857	7.458295E+16	0	0	5.762029E-6	0.353061	0	0
0	0	0	29.452673	6.249702	16.699143	6.249702	3.819495E+10	2.276852E-6	439202.820865	7.458292E+16	0	0	-0.000459	0.350051	0	0
0	0	0	29.201659	6.25021	16.236405	6.25021	3.334842E+10	2.078919E-6	481019.172208	7.45829E+16	0	0	0.002584	0.346977	0	0
0	0	0	28.945271	6.250693	15.763799	6.250693	2.903239E+10	1.892298E-6	528457.927089	7.458288E+16	0	0	-0.000467	0.344023	0	0
0	0	0	28.683688	6.251085	15.281799	6.251085	2.520408E+10	1.705959E-6	586180.525681	7.458286E+16	0	0	0.000482	0.341101	0	0
0	0	0	28.417433	6.251596	14.79092	6.251596	2.18254E+10	1.555024E-6	643076.768125	7.458284E+16	0	0	0.000486	0.338155	0	0
0	0	0	28.146768	6.251985	14.292161	6.251985	1.885463E+10	1.399499E-6	714541.507538	7.458283E+16	0	0	-0.000236	0.335296	0	0
0	0	0	27.873049	6.252329	13.787855	6.252329	1.626136E+10	1.253305E-6	797890.325074	7.458282E+16	0	0	6.101652E-6	0.332478	0	0
0	0	0	27.590166	6.252735	13.266524	6.252735	1.395546E+10	1.126629E-6	887604.021484	7.458281E+16	0	0	-0.00024	0.329552	0	0
0	0	0	27.301974	6.253189	12.735281	6.253189	1.194222E+10	1.018187E-6	982138.190114	7.45828E+16	0	0	0.000503	0.326745	0	0
0	0	0	27.007656	6.253505	12.193063	6.253505	1.018563E+10	9.036503E-7	1106622.801246	7.458279E+16	0	0	-0.000494	0.323919	0	0
0	0	0	26.707409	6.253936	11.639635	6.253936	8.65962E+9	8.131941E-7	1229718.783932	7.458278E+16	0	0	-0.002012	0.321072	0	0
0	0	0	26.403356	6.254196	11.079585	6.254196	7.347103E+9	7.152511E-7	1398110.412101	7.458278E+16	0	0	-0.003556	0.31823	0	0
0	0	0	26.094142	6.254585	10.509698	6.254585	6.216151E+9	6.402035E-7	1562003.275883	7.458277E+16	0	0	0.00052	0.315411	0	0
0	0	0	25.779308	6.254779	9.929932	6.254779	5.243337E+9	5.561296E-7	1798142.021973	7.458277E+16	0	0	0.002853	0.312668	0	0
0	0	0	25.460456	6.25514	9.342326	6.25514	4.41317E+9	4.955217E-7	2018075.251674	7.458276E+16	0	0	0.00366	0.309961	0	0
0	0	0	25.135576	6.255452	8.743727	6.255452	3.702358E+9	4.379292E-7	2283473.911792	7.458276E+16	0	0	6.578361E-6	0.307266	0	0
0	0	0	24.80382	6.255709	8.132593	6.255709	3.094509E+9	3.828565E-7	2611944.613213	7.458276E+16	0	0	0.001598	0.304643	0	0
0	0	0	24.469434	6.256007	7.516485	6.256007	2.582781E+9	3.37576E-7	2962295.897906	7.458275E+16	0	0	0.000541	0.302168	0	0
0	0	0	24.128219	6.256226	6.888005	6.256226	2.147734E+9	2.928196E-7	3415071.849824	7.458275E+16	0	0	0.000816	0.299524	0	0
0	0	0	23.784424	6.256566	6.254417	6.256566	1.783477E+9	2.606357E-7	3836773.468979	7.458275E+16	0	0	0.00191	0.296845	0	0
0	0	0	23.436725	6.256722	5.614136	6.256722	1.477876E+9	2.233497E-7	4477283.189283	7.458275E+16	0	0	0.000829	0.294338	0	0
0	0	0	23.084665	6.257027	4.965382	6.257027	1.221756E+9	1.978482E-7	5054380.63291	7.458275E+16	0	0	-0.001652	0.291774	0	0
0	0	0	22.730073	6.257221	4.312268	6.257221	1.008641E+9	1.711259E-7	5843650.054348	7.458275E+16	0	0	-0.002501	0.289331	0	0
0	0	0	22.372589	6.257623	3.653191	6.257623	8.313995E+8	1.565121E-7	6389282.994773	7.458275E+16	0	0	-0.002522	0.286819	0	0
0	0	0	22.009535	6.257741	2.984689	6.257741	6.832433E+8	1.32891E-7	7524965.351089	7.458275E+16	0	0	-0.002542	0.284423	0	0
0	0	0	21.646449	6.257845	2.316159	6.257845	5.614787E+8	1.125028E-7	8888670.21343	7.458274E+16	0	0	0.002292	0.282007	0	0
0	0	0	21.279949	6.25804	1.641052	6.25804	4.605638E+8	9.778886E-8	1.022611E+7	7.458274E+16	0	0	0.000295	0.279563	0	0
0	0	0	20.911815	6.258182	0.963086	6.258182	3.774529E+8	8.380348E-8	1.193268E+7	7.458274E+16	0	0	-0.004927	0.277231	0	0
0	0	0	20.543404	6.258393	0.28437	6.258393	3.092933E+8	7.367753E-8	1.357266E+7	7.458274E+16	0	0	-0.004673	0.274963	0	0
0	0	0	20.171938	6.258598	-0.399966	6.258598	2.530236E+8	6.484657E-8	1.542102E+7	7.458274E+16	0	0	-0.000582	0.272599	0	0
0	0	0	19.801272	6.258556	-1.082027	6.258556	2.070807E+8	5.226587E-8	1.913294E+7	7.458274E+16	0	0	-0.001479	0.270326	0	0
0	0	0	19.42948	6.258983	-1.767744	6.258983	1.693767E+8	5.063704E-8	1.974839E+7	7.458274E+16	0	0	0.002405	0.268046	0	0
0	0	0	19.058586	6.258913	-2.450147	6.258913	1.386049E+8	4.023077E-8	2.48566E+7	7.458274E+16	0	0	0.001518	0.265738	0	0
0	0	0	18.688524	6.259212	-3.13229	6.259212	1.134747E+8	3.765238E-8	2.655875E+7	7.458274E+16	0	0	0.001226	0.263545	0	0
0	0	0	18.318398	6.259361	-3.814056	6.259361	9.289749E+7	3.320151E-8	3.011911E+7	7.458274E+16	0	0	-0.001834	0.26138	0	0
0	0	0	17.950656	6.259395	-4.491037	6.259395	7.614984E+7	2.771295E-8	3.608422E+7	7.458274E+16	0	0	-0.000611	0.259184	0	0
0	0	0	17.585283	6.259468	-5.163801	6.259468	6.250144E+7	2.365296E-8	4.227801E+7	7.458274E+16	0	0	-0.000928	0.257039	0	0
0	0	0	17.221674	6.259586	-5.83349	6.259586	5.134821E+7	2.077325E-8	4.813883E+7	7.458274E+16	0	0	-0.002508	0.254874	0	0
0	0	0	16.864501	6.259867	-6.491954	6.259867	4.233226E+7	2.049554E-8	4.879111E+7	7.458274E+16	0	0	0.005397	0.252713	0	0
0	0	0	16.509729	6.259725	-7.144426	6.259725	3.49447E+7	1.53864E-8	6.499246E+7	7.458274E+16	0	0	0.000647	0.250744	0	0
0	0	0	16.156133	6.259863	-7.795794	6.259863	2.886472E+7	1.39413E-8	7.172935E+7	7.458274E+16	0	0	-0.001279	0.248679	0	0
0	0	0	15.807797	6.26004	-8.437642	6.26004	2.391048E+7	1.317699E-8	7.588989E+7	7.458274E+16	0	0	-0.001939	0.24661	0	0
0	0	0	15.462271	6.260078	-9.073791	6.260078	1.983667E+7	1.127486E-8	8.869288E+7	7.458274E+16	0	0	-0.000646	0.244672	0	0
0	0	0	15.123474	6.259992	-9.697061	6.259992	1.651692E+7	8.763216E-9	1.141134E+8	7.458274E+16	0	0	0.001656	0.242559	0	0
0	0	0	14.789104	6.26003	-10.312676	6.26003	1.37857E+7	7.534776E-9	1.327179E+8	7.458274E+16	0	0	-0.001321	0.240558	0	0
0	0	0	14.458246	6.260279	-10.922687	6.260279	1.152797E+7	7.850897E-9	1.27374E+8	7.458274E+16	0	0	0.001013	0.238628	0	0
0	0	0	14.134755	6.260137	-11.517555	6.260137	9678469	5.781395E-9	1.729686E+8	7.458274E+16	0	0	0.000346	0.236695	0	0
0	0	0	13.816327	6.260189	-12.103894	6.260189	8147966	5.096264E-9	1.962222E+8	7.458274E+16	0	0	0.002048	0.234781	0	0
0	0	0	13.501886	6.260359	-12.683393	6.260359	6874284	5.080907E-9	1.968152E+8	7.458274E+16	0	0	-0.003076	0.23284	0	0
0	0	0	13.195628	6.260432	-13.247434	6.260432	5825417	4.669297E-9	2.14165E+8	7.458274E+16	0	0	0.001045	0.230878	0	0
0	0	0	12.89752	6.26046	-13.796284	6.26046	4958384	4.106452E-9	2.435192E+8	7.458274E+16	0	0	0.001749	0.229053	0	0
0	0	0	12.600034	6.26037	-14.343486	6.26037	4221813	3.155527E-9	3.169043E+8	7.458274E+16	0	0	-0.001745	0.227215	0	0
0	0	0	12.310927	6.260442	-14.875965	6.260442	3610981	2.929689E-9	3.413331E+8	7.458274E+16	0	0	-0.001758	0.225417	0	0
0	0	0	12.027309	6.260633	-15.398862	6.260633	3097704	3.238255E-9	3.088083E+8	7.458274E+16	0	0	0.002146	0.223591	0	0
0	0	0	11.747921	6.260723	-15.913543	6.260723	2663470	3.223966E-9	3.10177E+8	7.458274E+16	0	0	8.973332E-6	0.221781	0	0
0	0	0	11.476162	6.260685	-16.413617	6.260685	2299570	2.609184E-9	3.832616E+8	7.458274E+16	0	0	0.001094	0.219927	0	0
0	0	0	11.210447	6.260858	-16.903512	6.260858	1991886	3.159354E-9	3.165205E+8	7.458274E+16	0	0	-0.002908	0.218129	0	0
0	0	0	10.949109	6.260796	-17.384295	6.260796	1729458	2.399413E-9	4.167685E+8	7.458274E+16	0	0	-0.003298	0.216407	0	0
0	0	0	10.692982	6.260827	-17.855908	6.260827	1505840	2.2288E-9	4.486718E+8	7.458274E+16	0	0	9.254919E-6	0.214705	0	0
0	0	0	10.44329	6.260928	-18.315995	6.260928	1315705	2.481869E-9	4.029221E+8	7.458274E+16	0	0	0.002247	0.213022	0	0
0	0	0	10.199186	6.260765	-18.764586	6.260765	1153055	1.505414E-9	6.642692E+8	7.458274E+16	0	0	-0.000742	0.211256	0	0
0	0	0	9.958821	6.260931	-19.207815	6.260931	1012557	1.928279E-9	5.185972E+8	7.458274E+16	0	0	-0.001127	0.20961	0	0
0	0	0	9.724289	6.26099	-19.639817	6.26099	891986	2.028092E-9	4.930743E+8	7.458274E+16	0	0	-0.001898	0.207983	0	0
0	0	0	9.494575	6.260851	-20.062018	6.260851	787822	1.229998E-9	8.130094E+8	7.458274E+16	0	0	9.613625E-6	0.206281	0	0
0	0	0	9.270251	6.260994	-20.475623	6.260994	697852	1.605003E-9	6.230519E+8	7.458274E+16	0	0	0.000784	0.20471	0	0
0	0	0	9.048754	6.261014	-20.883455	6.261014	619102	1.529802E-9	6.536795E+8	7.458274E+16	0	0	0.008989	0.203052	0	0
0	0	0	8.832009	6.261011	-21.282421	6.261011	550652	1.343999E-9	7.440481E+8	7.458274E+16	0	0	-0.001564	0.201421	0	0
0	0	0	8.621374	6.261018	-21.670191	6.261018	491390	1.229468E-9	8.1336E+8	7.458274E+16	0	0	0.002784	0.199842	0	0
0	0	0	8.41546	6.261115	-22.049711	6.261115	439626	1.696134E-9	5.895762E+8	7.458274E+16	0	0	9.982225E-6	0.198292	0	0
0	0	0	8.212469	6.261191	-22.423751	6.261191	393937	2.647199E-9	3.777577E+8	7.458274E+16	0	0	-0.003208	0.196757	0	0
0	0	0	8.012435	6.261125	-22.791654	6.261125	353561	1.448183E-9	6.905205E+8	7.458274E+16	0	0	-0.000395	0.195206	0	0
0	0	0	7.817449	6.261153	-23.150725	6.261153	318191	1.559738E-9	6.411333E+8	7.458274E+16	0	0	0.004502	0.193675	0	0
0	0	0	7.62635	6.261077	-23.502124	6.261077	286961	9.12775E-10	1.09556E+9	7.458274E+16	0	0	0.003714	0.192112	0	0
0	0	0	7.439988	6.261132	-23.845458	6.261132	259460	1.108299E-9	9.022837E+8	7.458274E+16	0	0	0.002084	0.190558	0	0
0	0	0	7.256534	6.260994	-24.182467	6.260994	234964	5.403982E-10	1.850487E+9	7.458274E+16	0	0	1.044417E-5	0.189091	0	0
0	0	0	7.074664	6.261101	-24.517794	6.261101	212963	7.625919E-10	1.311317E+9	7.458274E+16	0	0	-0.005038	0.187679	0	0
0	0	0	6.897629	6.261132	-24.84384	6.261132	193527	8.266622E-10	1.209684E+9	7.458274E+16	0	0	-0.003382	0.186109	0	0
0	0	0	6.724939	6.261222	-25.162189	6.261222	176278	1.700587E-9	5.880321E+8	7.458274E+16	0	0	0.000865	0.184649	0	0
0	0	0	6.554422	6.261184	-25.475887	6.261184	160756	1.012016E-9	9.881264E+8	7.458274E+16	0	0	-0.001712	0.183127	0	0
0	0	0	6.387825	6.261333	-25.783328	6.261333	146911	-2.582099E-9	-3.872818E+8	7.458274E+16	0	0	-0.003894	0.181727	0	0
0	0	0	6.223107	6.261337	-26.086566	6.261337	134395	-2.170699E-9	-4.606812E+8	7.458274E+16	0	0	-0.000426	0.180328	0	0
0	0	0	6.060936	6.261184	-26.384306	6.261184	123115	7.750529E-10	1.290235E+9	7.458274E+16	0	0	0.001332	0.178905	0	0
0	0	0	5.902866	6.261299	-26.67588	6.261299	113031	-1.681225E-8	-5.948044E+7	7.458274E+16	0	0	-0.000433	0.177533	0	0
0	0	0	5.74736	6.261406	-26.962702	6.261406	103918	-6.404455E-10	-1.561413E+9	7.458274E+16	0	0	0.002247	0.176054	0	0
0	0	0	5.594811	6.261288	-27.242905	6.261288	95693	1.148953E-8	8.703576E+7	7.458274E+16	0	0	0.003615	0.174715	0	0
0	0	0	5.445235	6.261288	-27.51825	6.261288	88259	1.059696E-8	9.43667E+7	7.458274E+16	0	0	0.005004	0.173331	0	0
0	0	0	5.295397	6.261226	-27.793747	6.261226	81393	8.251536E-10	1.211896E+9	7.458274E+16	0	0	-0.001817	0.171996	0	0
0	0	0	5.147781	6.261226	-28.065482	6.261226	75150	7.618628E-10	1.312572E+9	7.458274E+16	0	0	1.151572E-5	0.17066	0	0
0	0	0	5.002746	6.261122	-28.331913	6.261122	69483	2.788709E-10	3.585889E+9	7.458274E+16	0	0	-0.00463	0.169305	0	0
0	0	0	4.860929	6.261264	-28.593732	6.261264	64355	1.481138E-9	6.751564E+8	7.458274E+16	0	0	0.003753	0.167969	0	0
0	0	0	4.720075	6.261281	-28.853113	6.261281	59637	3.247624E-9	3.079174E+8	7.458274E+16	0	0	0.000483	0.16667	0	0
0	0	0	4.581672	6.261271	-29.107835	6.261271	55338	1.656077E-9	6.038368E+8	7.458274E+16	0	0	-0.001412	0.165346	0	0
0	0	0	4.44384	6.261198	-29.361167	6.261198	51364	3.701161E-10	2.701855E+9	7.458274E+16	0	0	-0.007638	0.164118	0	0
0	0	0	4.306303	6.261316	-29.614988	6.261316	47684	-1.499046E-9	-6.67091E+8	7.458274E+16	0	0	0.000975	0.16289	0	0
0	0	0	4.171411	6.261229	-29.86283	6.261229	44330	4.734972E-10	2.111945E+9	7.458274E+16	0	0	0.000497	0.161567	0	0
0	0	0	4.03781	6.261319	-30.109258	6.261319	41242	-1.119889E-9	-8.929454E+8	7.458274E+16	0	0	0.008324	0.160303	0	0
0	0	0	3.905026	6.261399	-30.354129	6.261399	38385	-2.521607E-10	-3.965726E+9	7.458274E+16	0	0	0.001982	0.159095	0	0
0	0	0	3.773499	6.261347	-30.595964	6.261347	35751	-4.645091E-10	-2.15281E+9	7.458274E+16	0	0	0.004477	0.157887	0	0
0	0	0	3.642626	6.261313	-30.83669	6.261313	33309	-1.243231E-9	-8.043558E+8	7.458274E+16	0	0	-0.004483	0.156731	0	0
0	0	0	3.512374	6.261354	-31.076693	6.261354	31044	-3.568288E-10	-2.802464E+9	7.458274E+16	0	0	0.002529	0.155507	0	0
0	0	0	3.381681	6.261368	-31.317357	6.261368	28926	-2.701627E-10	-3.701474E+9	7.458274E+16	0	0	-0.007593	0.154275	0	0
0	0	0	3.251134	6.261295	-31.557268	6.261295	26955	-1.580131E-8	-6.328589E+7	7.458274E+16	0	0	0.003077	0.153095	0	0
0	0	0	3.122123	6.261306	-31.794814	6.261306	25140	-1.500204E-9	-6.665761E+8	7.458274E+16	0	0	0.002071	0.151927	0	0
0	0	0	2.993553	6.261319	-32.031568	6.261319	23452	-6.368178E-10	-1.570308E+9	7.458274E+16	0	0	0.004158	0.150787	0	0
0	0	0	2.864804	6.261441	-32.269256	6.261441	21875	-1.029742E-10	-9.711167E+9	7.458274E+16	0	0	-0.003641	0.149643	0	0
0	0	0	2.736593	6.26141	-32.505098	6.26141	20410	-1.220137E-10	-8.195798E+9	7.458274E+16	0	0	-0.002614	0.148582	0	0
0	0	0	2.607893	6.261486	-32.742447	6.261486	19039	-6.857034E-11	-1.458356E+10	7.458274E+16	0	0	0.00319	0.14741	0	0
0	0	0	2.479666	6.26141	-32.978063	6.26141	17764	-1.061956E-10	-9.416586E+9	7.458274E+16	0	0	0.005346	0.14629	0	0
0	0	0	2.350165	6.261434	-33.216593	6.261434	16563	-8.183413E-11	-1.221984E+10	7.458274E+16	0	0	0.00055	0.145222	0	0
0	0	0	2.22264	6.261313	-33.450656	6.261313	15460	-5.770316E-10	-1.733007E+9	7.458274E+16	0	0	0.001096	0.144085	0	0
0	0	0	2.094985	6.261434	-33.686342	6.261434	14429	-7.12905E-11	-1.402711E+10	7.458274E+16	0	0	-0.002711	0.143037	0	0
0	0	0	1.968735	6.261403	-33.918572	6.261403	13477	-8.570883E-11	-1.166741E+10	7.458274E+16	0	0	0.001111	0.142012	0	0
0	0	0	1.84384	6.26141	-34.148524	6.26141	12597	-7.530657E-11	-1.327905E+10	7.458274E+16	0	0	0.001672	0.140856	0	0
0	0	0	1.725103	6.261489	-34.36756	6.261489	11814	-4.179376E-11	-2.392702E+10	7.458274E+16	0	0	0.001685	0.13978	0	0
0	0	0	1.60653	6.261392	-34.585276	6.261392	11080	-7.7924E-11	-1.283302E+10	7.458274E+16	0	0	0.001135	0.138787	0	0
0	0	0	1.4916	6.26151	-34.797529	6.26151	10412	-3.328884E-11	-3.004009E+10	7.458274E+16	0	0	0.005097	0.137723	0	0
0	0	0	1.38683	6.261552	-34.990638	6.261552	9839	-2.637909E-11	-3.790882E+10	7.458274E+16	0	0	-0.004535	0.136734	0	0
0	0	0	1.289573	6.26151	-35.169433	6.26151	9335	-2.98455E-11	-3.350589E+10	7.458274E+16	0	0	0.003451	0.135701	0	0
0	0	0	1.198589	6.261479	-35.33674	6.261479	8887	-3.32073E-11	-3.011386E+10	7.458274E+16	0	0	-0.001717	0.134609	0	0
0	0	0	1.114204	6.261503	-35.492222	6.261503	8491	-2.80469E-11	-3.565456E+10	7.458274E+16	0	0	0.005247	0.133593	0	0
0	0	0	1.036386	6.261403	-35.634886	6.261403	8141	-5.177381E-11	-1.931479E+10	7.458274E+16	0	0	0.001185	0.13266	0	0
0	0	0	0.963174	6.261448	-35.769923	6.261448	7825	-3.517386E-11	-2.843021E+10	7.458274E+16	0	0	0.00414	0.131683	0	0
0	0	0	0.896104	6.261527	-35.893858	6.261527	7547	-2.23374E-11	-4.476797E+10	7.458274E+16	0	0	-0.004138	0.130766	0	0
0	0	0	0.832661	6.261434	-36.010098	6.261434	7292	-3.602816E-11	-2.775606E+10	7.458274E+16	0	0	-0.00357	0.129797	0	0
0	0	0	0.774542	6.26151	-36.117536	6.26151	7067	-2.259434E-11	-4.425887E+10	7.458274E+16	0	0	0.001821	0.128753	0	0
0	0	0	0.720523	6.26151	-36.216977	6.26151	6864	-2.194532E-11	-4.556781E+10	7.458274E+16	0	0	0.009112	0.127784	0	0
0	0	0	0.670425	6.261541	-36.309385	6.261541	6680	-1.866271E-11	-5.358279E+10	7.458274E+16	0	0	0.003068	0.126887	0	0
0	0	0	0.621993	6.2615	-36.398297	6.2615	6507	-2.185569E-11	-4.575467E+10	7.458274E+16	0	0	-0.007364	0.125926	0	0
0	0	0	0.57673	6.261482	-36.481518	6.261482	6350	-2.329086E-11	-4.293531E+10	7.458274E+16	0	0	0.001873	0.125009	0	0
0	0	0	0.536105	6.261469	-36.556219	6.261469	6212	-2.459516E-11	-4.065841E+10	7.458274E+16	0	0	0.003756	0.124124	0	0
0	0	0	0.49767	6.261527	-36.627323	6.261527	6084	-1.800725E-11	-5.553318E+10	7.458274E+16	0	0	-0.000612	0.123179	0	0
0	0	0	0.462093	6.261319	-36.691581	6.261319	5969	-1.620828E-10	-6.169687E+9	7.458274E+16	0	0	-0.001882	0.122251	0	0
0	0	0	0.428967	6.261566	-36.754023	6.261566	5863	-1.491653E-11	-6.703974E+10	7.458274E+16	0	0	0.001926	0.121425	0	0
0	0	0	0.397702	6.261403	-36.810609	6.261403	5764	-3.665695E-11	-2.727996E+10	7.458274E+16	0	0	0.006429	0.120476	0	0
0	0	0	0.368643	6.261507	-36.864721	6.261507	5675	-1.843968E-11	-5.423087E+10	7.458274E+16	0	0	0.000662	0.119659	0	0
0	0	0	0.341691	6.261475	-36.914151	6.261475	5593	-2.129818E-11	-4.695237E+10	7.458274E+16	0	0	0.005218	0.11875	0	0
0	0	0	0.316829	6.261493	-36.96002	6.261493	5518	-1.91803E-11	-5.213683E+10	7.458274E+16	0	0	0.006565	0.117849	0	0
0	0	0	0.292899	6.261392	-37.003474	6.261392	5447	-3.830795E-11	-2.610424E+10	7.458274E+16	0	0	0.003973	0.117008	0	0
0	0	0	0.269475	6.26142	-37.046759	6.26142	5378	-2.949628E-11	-3.390258E+10	7.458274E+16	0	0	0.001345	0.116143	0	0
0	0	0	0.2494	6.26142	-37.083714	6.26142	5320	-2.917817E-11	-3.42722E+10	7.458274E+16	0	0	1.671055E-5	0.115342	0	0
0	0	0	0.230468	6.261465	-37.118834	6.261465	5266	-2.127223E-11	-4.700964E+10	7.458274E+16	0	0	0.002036	0.114508	0	0
0	0	0	0.212745	6.261566	-37.15206	6.261566	5216	-1.327044E-11	-7.535545E+10	7.458274E+16	0	0	-0.008117	0.113659	0	0
0	0	0	0.195218	6.261371	-37.183166	6.261371	5167	-4.609848E-11	-2.169269E+10	7.458274E+16	0	0	0.002746	0.112874	0	0
0	0	0	0.1789	6.261427	-37.213537	6.261427	5121	-2.662159E-11	-3.756349E+10	7.458274E+16	0	0	-0.003419	0.112005	0	0
0	0	0	0.16299	6.261444	-37.242928	6.261444	5078	-2.335259E-11	-4.282179E+10	7.458274E+16	0	0	-0.004133	0.111247	0	0
0	0	0	0.149252	6.261611	-37.269211	6.261611	5040	-1.099767E-11	-9.092831E+10	7.458274E+16	0	0	-0.000679	0.110398	0	0
0	0	0	0.135466	6.261423	-37.293471	6.261423	5002	-2.669935E-11	-3.745409E+10	7.458274E+16	0	0	-0.003491	0.109593	0	0
0	0	0	0.123476	6.261517	-37.316102	6.261517	4970	-1.539596E-11	-6.495212E+10	7.458274E+16	0	0	0.006378	0.108768	0	0
0	0	0	0.11196	6.261507	-37.337239	6.261507	4939	-1.604821E-11	-6.231225E+10	7.458274E+16	0	0	-0.000694	0.10799	0	0
0	0	0	0.100297	6.261475	-37.358522	6.261475	4908	-1.868969E-11	-5.350543E+10	7.458274E+16	0	0	0.002168	0.107189	0	0
0	0	0	0.089337	6.261423	-37.378388	6.261423	4879	-2.604281E-11	-3.839831E+10	7.458274E+16	0	0	-0.005751	0.106479	0	0
0	0	0	0.079569	6.261427	-37.39639	6.261427	4853	-2.522839E-11	-3.963789E+10	7.458274E+16	0	0	0.005828	0.105682	0	0
0	0	0	0.068869	6.261479	-37.416397	6.261479	4826	-1.80329E-11	-5.545419E+10	7.458274E+16	0	0	0.003675	0.104913	0	0
0	0	0	0.059346	6.261326	-37.433015	6.261326	4801	-1.02451E-10	-9.760764E+9	7.458274E+16	0	0	0.010326	0.104171	0	0
0	0	0	0.049366	6.261496	-37.452404	6.261496	4775	-1.631317E-11	-6.130017E+10	7.458274E+16	0	0	0.00744	0.103306	0	0
0	0	0	0.040839	6.261555	-37.468454	6.261555	4753	-1.2574E-11	-7.952917E+10	7.458274E+16	0	0	0.001512	0.102632	0	0
0	0	0	0.032933	6.261462	-37.482447	6.261462	4733	-1.951467E-11	-5.12435E+10	7.458274E+16	0	0	0.003777	0.101915	0	0
0	0	0	0.025338	6.261441	-37.496305	6.261441	4714	-2.219065E-11	-4.506402E+10	7.458274E+16	0	0	-0.005277	0.101229	0	0
0	0	0	0.017399	6.261344	-37.510337	6.261344	4693	-6.52278E-11	-1.533089E+10	7.458274E+16	0	0	0.006881	0.100404	0	0
0	0	0	0.010947	6.261365	-37.522339	6.261365	4677	-4.582978E-11	-2.181987E+10	7.458274E+16	0	0	-0.005353	0.099718	0	0
0	0	0	0.003531	6.261534	-37.537009	6.261534	4658	-1.338896E-11	-7.468837E+10	7.458274E+16	0	0	-0.006163	0.098996	0	0
0	0	0	-0.003444	6.261295	-37.548414	6.261295	4640	-2.720009E-9	-3.676458E+8	7.458274E+16	0	0	-0.007758	0.098327	0	0
0	0	0	-0.009798	6.261465	-37.56113	6.261465	4625	-1.868288E-11	-5.352492E+10	7.458274E+16	0	0	0.006287	0.097581	0	0
0	0	0	-0.015597	6.261382	-37.571306	6.261382	4610	-3.625982E-11	-2.757874E+10	7.458274E+16	0	0	-0.002345	0.096951	0	0
0	0	0	-0.02102	6.261521	-37.582121	6.261521	4597	-1.402254E-11	-7.131375E+10	7.458274E+16	0	0	0.003198	0.096142	0	0
0	0	0	-0.026982	6.261472	-37.592805	6.261472	4582	-1.778814E-11	-5.621723E+10	7.458274E+16	0	0	0.01281	0.095524	0	0
0	0	0	-0.031964	6.261607	-37.602788	6.261607	4570	-1.008248E-11	-9.918193E+10	7.458274E+16	0	0	-0.006417	0.094862	0	0
0	0	0	-0.037044	6.261458	-37.611245	6.261458	4557	-1.91859E-11	-5.212162E+10	7.458274E+16	0	0	0.002451	0.094169	0	0
0	0	0	-0.04183	6.261365	-37.619494	6.261365	4545	-4.453632E-11	-2.245359E+10	7.458274E+16	0	0	0.001652	0.093511	0	0
0	0	0	-0.047253	6.261455	-37.630018	6.261455	4532	-1.94924E-11	-5.130206E+10	7.458274E+16	0	0	0.001664	0.092809	0	0
0	0	0	-0.05119	6.261389	-37.636869	6.261389	4523	-3.297307E-11	-3.032778E+10	7.458274E+16	0	0	0.003328	0.092179	0	0
0	0	0	-0.055502	6.261326	-37.644433	6.261326	4512	-9.628387E-11	-1.038596E+10	7.458274E+16	0	0	0.005015	0.09153	0	0
0	0	0	-0.059815	6.261482	-37.653308	6.261482	4501	-1.6509E-11	-6.057303E+10	7.458274E+16	0	0	-0.001655	0.090876	0	0
0	0	0	-0.063882	6.261396	-37.660275	6.261396	4491	-3.050804E-11	-3.277825E+10	7.458274E+16	0	0	-0.001666	0.090278	0	0
0	0	0	-0.067329	6.261413	-37.666724	6.261413	4483	-2.601955E-11	-3.843264E+10	7.458274E+16	0	0	2.124097E-5	0.089576	0	0
0	0	0	-0.071037	6.261365	-37.673258	6.261365	4474	-4.384059E-11	-2.280991E+10	7.458274E+16	0	0	-0.000834	0.088946	0	0
0	0	0	-0.075039	6.261566	-37.681833	6.261566	4464	-1.135722E-11	-8.804973E+10	7.458274E+16	0	0	0.002605	0.088324	0	0
0	0	0	-0.077865	6.261392	-37.685994	6.261392	4457	-3.134542E-11	-3.190258E+10	7.458274E+16	0	0	0.01129	0.087706	0	0
0	0	0	-0.079808	6.261458	-37.689968	6.261458	4453	-1.874804E-11	-5.333892E+10	7.458274E+16	0	0	0.003511	0.087124	0	0
0	0	0	-0.083467	6.261503	-37.696974	6.261503	4444	-1.467912E-11	-6.812396E+10	7.458274E+16	0	0	-0.000856	0.086522	0	0
0	0	0	-0.087175	6.261382	-37.703071	6.261382	4435	-3.488336E-11	-2.866696E+10	7.458274E+16	0	0	-0.00263	0.085904	0	0
0	0	0	-0.088466	6.261358	-37.705301	6.261358	4432	-4.816502E-11	-2.076195E+10	7.458274E+16	0	0	-0.001758	0.085302	0	0
0	0	0	-0.090867	6.261573	-37.711012	6.261573	4426	-1.098022E-11	-9.107288E+10	7.458274E+16	0	0	0.009874	0.084728	0	0
0	0	0	-0.093595	6.261503	-37.715617	6.261503	4420	-1.459985E-11	-6.849387E+10	7.458274E+16	0	0	0.009051	0.084023	0	0
0	0	0	-0.09549	6.261313	-37.71796	6.261313	4416	-1.648235E-10	-6.067096E+9	7.458274E+16	0	0	0.01001	0.083524	0	0
0	0	0	-0.097352	6.261368	-37.721721	6.261368	4411	-4.11978E-11	-2.427314E+10	7.458274E+16	0	0	0.002765	0.082946	0	0
0	0	0	-0.100488	6.261351	-37.72739	6.261351	4404	-5.371884E-11	-1.861544E+10	7.458274E+16	0	0	-0.010093	0.082396	0	0
0	0	0	-0.101909	6.261403	-37.730319	6.261403	4400	-2.79824E-11	-3.573674E+10	7.458274E+16	0	0	0.011144	0.08173	0	0
0	0	0	-0.103804	6.2615	-37.73439	6.2615	4396	-1.476527E-11	-6.772648E+10	7.458274E+16	0	0	0.005617	0.081212	0	0
0	0	0	-0.106009	6.261472	-37.738283	6.261472	4390	-1.704276E-11	-5.867593E+10	7.458274E+16	0	0	0.003779	0.080614	0	0
0	0	0	-0.107479	6.261423	-37.740697	6.261423	4387	-2.341664E-11	-4.270467E+10	7.458274E+16	0	0	0.000969	0.080016	0	0
0	0	0	-0.109668	6.261562	-37.74556	6.261562	4382	-1.129275E-11	-8.855242E+10	7.458274E+16	0	0	0.000975	0.079526	0	0
0	0	0	-0.111138	6.261375	-37.747141	6.261375	4378	-3.738576E-11	-2.674815E+10	7.458274E+16	0	0	0.000981	0.079019	0	0
0	0	0	-0.111988	6.261472	-37.749288	6.261472	4376	-1.698841E-11	-5.886365E+10	7.458274E+16	0	0	0.002915	0.078429	0	0
0	0	0	-0.114242	6.261434	-37.753209	6.261434	4371	-2.159615E-11	-4.630456E+10	7.458274E+16	0	0	-0.007737	0.077879	0	0
0	0	0	-0.115728	6.261413	-37.75582	6.261413	4367	-2.534628E-11	-3.945352E+10	7.458274E+16	0	0	-0.004857	0.077353	0	0
0	0	0	-0.11697	6.261437	-37.758251	6.261437	4365	-2.104482E-11	-4.751764E+10	7.458274E+16	0	0	-0.002924	0.076807	0	0
0	0	0	-0.118864	6.26143	-37.761698	6.26143	4360	-2.208938E-11	-4.527063E+10	7.458274E+16	0	0	0.012876	0.076348	0	0
0	0	0	-0.120253	6.26141	-37.764128	6.26141	4357	-2.604674E-11	-3.839253E+10	7.458274E+16	0	0	0.002017	0.07575	0	0
0	0	0	-0.122099	6.261514	-37.768152	6.261514	4352	-1.369437E-11	-7.302269E+10	7.458274E+16	0	0	0.003035	0.075176	0	0
0	0	0	-0.123602	6.261479	-37.77071	6.261479	4349	-1.625054E-11	-6.153642E+10	7.458274E+16	0	0	0.012139	0.074682	0	0
0	0	0	-0.125104	6.261548	-37.773893	6.261548	4345	-1.180811E-11	-8.468759E+10	7.458274E+16	0	0	-0.002005	0.074247	0	0
0	0	0	-0.127359	6.261618	-37.77846	6.261618	4340	-9.267301E-12	-1.079063E+11	7.458274E+16	0	0	0.008198	0.073745	0	0
0	0	0	-0.128486	6.261552	-37.780138	6.261552	4337	-1.162782E-11	-8.600066E+10	7.458274E+16	0	0	-0.002032	0.073199	0	0
0	0	0	-0.130086	6.261621	-37.783502	6.261621	4333	-9.154279E-12	-1.092385E+11	7.458274E+16	0	0	0.010383	0.072685	0	0
0	0	0	-0.131426	6.261496	-37.785217	6.261496	4331	-1.47963E-11	-6.758447E+10	7.458274E+16	0	0	0.011499	0.072154	0	0
0	0	0	-0.132128	6.261434	-37.786135	6.261434	4329	-2.138863E-11	-4.675381E+10	7.458274E+16	0	0	0.001076	0.071636	0	0
0	0	0	-0.133696	6.261475	-37.789272	6.261475	4325	-1.646963E-11	-6.071783E+10	7.458274E+16	0	0	-0.008427	0.07117	0	0
0	0	0	-0.136016	6.261638	-37.794522	6.261638	4320	-8.667442E-12	-1.153743E+11	7.458274E+16	0	0	-0.007414	0.070723	0	0
0	0	0	-0.13631	6.26151	-37.794292	6.26151	4319	-1.380854E-11	-7.241895E+10	7.458274E+16	0	0	0.002165	0.070281	0	0
0	0	0	-0.13796	6.261645	-37.798142	6.261645	4315	-8.486551E-12	-1.178335E+11	7.458274E+16	0	0	0.002179	0.069794	0	0
0	0	0	-0.139217	6.261566	-37.799978	6.261566	4312	-1.09705E-11	-9.115353E+10	7.458274E+16	0	0	0.014126	0.069236	0	0
0	0	0	-0.140165	6.261604	-37.801951	6.261604	4310	-9.615296E-12	-1.04001E+11	7.458274E+16	0	0	-0.001064	0.06881	0	0
0	0	0	-0.141521	6.261576	-37.80428	6.261576	4307	-1.055363E-11	-9.475409E+10	7.458274E+16	0	0	0.002222	0.068387	0	0
0	0	0	-0.142354	6.261475	-37.805209	6.261475	4305	-1.639347E-11	-6.099991E+10	7.458274E+16	0	0	0.001132	0.067933	0	0
0	0	0	-0.144085	6.261538	-37.808772	6.261538	4301	-1.218705E-11	-8.205434E+10	7.458274E+16	0	0	-0.004422	0.067398	0	0
0	0	0	-0.144657	6.261576	-37.810054	6.261576	4299	-1.053403E-11	-9.493042E+10	7.458274E+16	0	0	-0.001092	0.06694	0	0
0	0	0	-0.146225	6.261552	-37.812794	6.261552	4296	-1.151789E-11	-8.682143E+10	7.458274E+16	0	0	0.003411	0.066458	0	0
0	0	0	-0.14647	6.261531	-37.81312	6.261531	4296	-1.252912E-11	-7.981405E+10	7.458274E+16	0	0	-0.002242	0.065975	0	0
0	0	0	-0.147515	6.261458	-37.814607	6.261458	4293	-1.80744E-11	-5.532686E+10	7.458274E+16	0	0	0.006882	0.065553	0	0
0	0	0	-0.148447	6.261548	-37.816863	6.261548	4291	-1.166135E-11	-8.575334E+10	7.458274E+16	0	0	0.012679	0.065082	0	0
0	0	0	-0.14892	6.261493	-37.817401	6.261493	4290	-1.491183E-11	-6.706085E+10	7.458274E+16	0	0	0.004658	0.064656	0	0
0	0	0	-0.149655	6.261586	-37.819318	6.261586	4288	-1.013334E-11	-9.868417E+10	7.458274E+16	0	0	-0.010472	0.064105	0	0
0	0	0	-0.150668	6.2616	-37.821265	6.2616	4285	-9.667736E-12	-1.034368E+11	7.458274E+16	0	0	0.011772	0.063671	0	0
0	0	0	-0.151191	6.261455	-37.821352	6.261455	4284	-1.842573E-11	-5.427192E+10	7.458274E+16	0	0	-0.012966	0.063264	0	0
0	0	0	-0.151436	6.261579	-37.822553	6.261579	4284	-1.036979E-11	-9.643397E+10	7.458274E+16	0	0	0.005972	0.062862	0	0
0	0	0	-0.15173	6.261687	-37.823741	6.261687	4283	-7.531755E-12	-1.327712E+11	7.458274E+16	0	0	-0.001168	0.062323	0	0
0	0	0	-0.15204	6.26167	-37.824208	6.26167	4282	-7.877514E-12	-1.269436E+11	7.458274E+16	0	0	-0.001176	0.061925	0	0
0	0	0	-0.151909	6.261566	-37.823342	6.261566	4282	-1.089418E-11	-9.179215E+10	7.458274E+16	0	0	0.018236	0.06149	0	0
0	0	0	-0.153135	6.261597	-37.825785	6.261597	4280	-9.767017E-12	-1.023854E+11	7.458274E+16	0	0	0.008583	0.061064	0	0
0	0	0	-0.153167	6.261469	-37.825073	6.261469	4280	-1.694579E-11	-5.90117E+10	7.458274E+16	0	0	-0.002427	0.060681	0	0
0	0	0	-0.15369	6.261541	-37.826474	6.261541	4279	-1.195475E-11	-8.364875E+10	7.458274E+16	0	0	3.095687E-5	0.060207	0	0
0	0	0	-0.153706	6.261583	-37.826754	6.261583	4279	-1.02334E-11	-9.771919E+10	7.458274E+16	0	0	-0.002458	0.059892	0	0
0	0	0	-0.15436	6.261548	-37.827748	6.261548	4277	-1.162331E-11	-8.603404E+10	7.458274E+16	0	0	0.026351	0.059441	0	0
0	0	0	-0.154801	6.261573	-37.828706	6.261573	4276	-1.060809E-11	-9.426767E+10	7.458274E+16	0	0	0.011378	0.05907	0	0
0	0	0	-0.154784	6.261482	-37.828134	6.261482	4276	-1.568373E-11	-6.376034E+10	7.458274E+16	0	0	0.027942	0.058684	0	0
0	0	0	-0.155095	6.261482	-37.828705	6.261482	4275	-1.568006E-11	-6.377525E+10	7.458274E+16	0	0	0.005137	0.058317	0	0
0	0	0	-0.155617	6.261496	-37.829751	6.261496	4274	-1.460157E-11	-6.84858E+10	7.458274E+16	0	0	0.009021	0.057934	0	0
0	0	0	-0.15516	6.26151	-37.828992	6.26151	4275	-1.366786E-11	-7.316432E+10	7.458274E+16	0	0	-0.005139	0.057523	0	0
0	0	0	-0.156271	6.261607	-37.831621	6.261607	4273	-9.427231E-12	-1.060757E+11	7.458274E+16	0	0	0.00524	0.057105	0	0
0	0	0	-0.155781	6.261576	-37.830531	6.261576	4274	-1.047277E-11	-9.548569E+10	7.458274E+16	0	0	0.006586	0.056702	0	0
0	0	0	-0.156156	6.261625	-37.831515	6.261625	4273	-8.93283E-12	-1.119466E+11	7.458274E+16	0	0	0.022453	0.056331	0	0
0	0	0	-0.156336	6.261486	-37.831011	6.261486	4272	-1.538592E-11	-6.499449E+10	7.458274E+16	0	0	0.001358	0.056048	0	0
0	0	0	-0.157169	6.261482	-37.832524	6.261482	4271	-1.566539E-11	-6.383498E+10	7.458274E+16	0	0	0.001366	0.05569	0	0
0	0	0	-0.157284	6.261552	-37.833152	6.261552	4270	-1.144819E-11	-8.735009E+10	7.458274E+16	0	0	-0.002654	0.055227	0	0
0	0	0	-0.157561	6.261489	-37.833287	6.261489	4269	-1.510222E-11	-6.621545E+10	7.458274E+16	0	0	-0.009423	0.054912	0	0
0	0	0	-0.158443	6.261531	-37.835161	6.261531	4268	-1.244746E-11	-8.033767E+10	7.458274E+16	0	0	0.013642	0.054498	0	0
0	0	0	-0.158362	6.261548	-37.835115	6.261548	4268	-1.159885E-11	-8.621546E+10	7.458274E+16	0	0	0.017838	0.054131	0	0
0	0	0	-0.159554	6.26151	-37.837081	6.26151	4265	-1.363589E-11	-7.333587E+10	7.458274E+16	0	0	-0.00547	0.053856	0	0
0	0	0	-0.160191	6.261541	-37.838442	6.261541	4264	-1.191284E-11	-8.394302E+10	7.458274E+16	0	0	-0.008282	0.053445	0	0
0	0	0	-0.160632	6.261715	-37.840296	6.261715	4263	-7.002332E-12	-1.428096E+11	7.458274E+16	0	0	0.01677	0.053102	0	0
0	0	0	-0.161073	6.261604	-37.840441	6.261604	4262	-9.508212E-12	-1.051722E+11	7.458274E+16	0	0	0.002842	0.052751	0	0
0	0	0	-0.161563	6.261285	-37.839424	6.261285	4260	3.191974E-10	3.132858E+9	7.458274E+16	0	0	0.008516	0.052357	0	0
0	0	0	-0.16189	6.261649	-37.842216	6.261649	4260	-8.296512E-12	-1.205326E+11	7.458274E+16	0	0	0.015665	0.052066	0	0
0	0	0	-0.162462	6.261583	-37.842872	6.261583	4258	-1.018318E-11	-9.820113E+10	7.458274E+16	0	0	-0.001394	0.051723	0	0
0	0	0	-0.162837	6.261593	-37.843626	6.261593	4258	-9.829354E-12	-1.017361E+11	7.458274E+16	0	0	0.001474	0.051404	0	0
0	0	0	-0.163801	6.261607	-37.845483	6.261607	4255	-9.387519E-12	-1.065244E+11	7.458274E+16	0	0	0.010162	0.051089	0	0
0	0	0	-0.164242	6.261566	-37.846045	6.261566	4254	-1.082294E-11	-9.239633E+10	7.458274E+16	0	0	3.639339E-5	0.050746	0	0
0	0	0	-0.164895	6.261486	-37.846768	6.261486	4253	-1.531749E-11	-6.528485E+10	7.458274E+16	0	0	0.008831	0.050383	0	0
0	0	0	-0.165222	6.261628	-37.848225	6.261628	4252	-8.796663E-12	-1.136795E+11	7.458274E+16	0	0	3.679968E-5	0.050148	0	0
0	0	0	-0.166088	6.26169	-37.850194	6.26169	4250	-7.40836E-12	-1.349826E+11	7.458274E+16	0	0	0.004486	0.049765	0	0
0	0	0	-0.16617	6.261475	-37.849051	6.261475	4250	-1.618403E-11	-6.178932E+10	7.458274E+16	0	0	-0.007415	0.04949	0	0
0	0	0	-0.167101	6.261593	-37.851474	6.261593	4248	-9.806269E-12	-1.019756E+11	7.458274E+16	0	0	-0.001462	0.049175	0	0
0	0	0	-0.16697	6.261659	-37.85163	6.261659	4248	-8.037529E-12	-1.244164E+11	7.458274E+16	0	0	0.007586	0.048833	0	0
0	0	0	-0.167738	6.261621	-37.852814	6.261621	4246	-8.970475E-12	-1.114768E+11	7.458274E+16	0	0	0.019794	0.04849	0	0
0	0	0	-0.167166	6.261503	-37.851052	6.261503	4247	-1.402841E-11	-7.128394E+10	7.458274E+16	0	0	-0.013713	0.048211	0	0
0	0	0	-0.167623	6.261597	-37.852457	6.261597	4246	-9.689428E-12	-1.032053E+11	7.458274E+16	0	0	0.004653	0.047876	0	0
0	0	0	-0.167819	6.261611	-37.852901	6.261611	4246	-9.265105E-12	-1.079319E+11	7.458274E+16	0	0	0.001585	0.047589	0	0
0	0	0	-0.168228	6.261517	-37.85309	6.261517	4245	-1.315007E-11	-7.604524E+10	7.458274E+16	0	0	-0.001516	0.047326	0	0
0	0	0	-0.168064	6.261704	-37.853916	6.261704	4246	-7.151214E-12	-1.398364E+11	7.458274E+16	0	0	0.015683	0.047023	0	0
0	0	0	-0.168048	6.261631	-37.853448	6.261631	4246	-8.694007E-12	-1.150218E+11	7.458274E+16	0	0	0.009477	0.046752	0	0
0	0	0	-0.16795	6.2615	-37.852474	6.2615	4246	-1.426145E-11	-7.011908E+10	7.458274E+16	0	0	-0.00471	0.046433	0	0
0	0	0	-0.167934	6.261607	-37.853091	6.261607	4246	-9.367663E-12	-1.067502E+11	7.458274E+16	0	0	0.004825	0.04607	0	0
0	0	0	-0.167378	6.261652	-37.85234	6.261652	4247	-8.191155E-12	-1.220829E+11	7.458274E+16	0	0	-0.014386	0.045827	0	0
0	0	0	-0.167656	6.261614	-37.852622	6.261614	4246	-9.164768E-12	-1.091135E+11	7.458274E+16	0	0	0.006495	0.045504	0	0
0	0	0	-0.16728	6.261649	-37.852139	6.261649	4247	-8.271194E-12	-1.209015E+11	7.458274E+16	0	0	0.026026	0.045197	0	0
0	0	0	-0.167248	6.261496	-37.85116	6.261496	4247	-1.450932E-11	-6.89212E+10	7.458274E+16	0	0	-0.004855	0.044962	0	0
0	0	0	-0.16777	6.261618	-37.852853	6.261618	4246	-9.066581E-12	-1.102952E+11	7.458274E+16	0	0	-0.001601	0.044663	0	0
0	0	0	-0.167084	6.261562	-37.851256	6.261562	4248	-1.094742E-11	-9.134574E+10	7.458274E+16	0	0	0.0083	0.044395	0	0
0	0	0	-0.167329	6.261604	-37.851958	6.261604	4247	-9.474748E-12	-1.055437E+11	7.458274E+16	0	0	0.001704	0.044089	0	0
0	0	0	-0.166807	6.26143	-37.849952	6.26143	4249	-2.152701E-11	-4.645327E+10	7.458274E+16	0	0	0.026809	0.043801	0	0
0	0	0	-0.166888	6.261399	-37.849915	6.261399	4248	-2.790617E-11	-3.583437E+10	7.458274E+16	0	0	0.018576	0.043475	0	0
0	0	0	-0.166888	6.261527	-37.850687	6.261527	4248	-1.257311E-11	-7.953481E+10	7.458274E+16	0	0	0.020386	0.043192	0	0
0	0	0	-0.167444	6.261462	-37.851313	6.261462	4247	-1.751084E-11	-5.710749E+10	7.458274E+16	0	0	-0.013607	0.042901	0	0
0	0	0	-0.166464	6.26151	-37.849801	6.26151	4249	-1.358474E-11	-7.361202E+10	7.458274E+16	0	0	-0.006809	0.042717	0	0
0	0	0	-0.166986	6.261514	-37.850784	6.261514	4248	-1.336712E-11	-7.481044E+10	7.458274E+16	0	0	0.006941	0.042418	0	0
0	0	0	-0.166823	6.261597	-37.850984	6.261597	4249	-9.696274E-12	-1.031324E+11	7.458274E+16	0	0	0.013916	0.042167	0	0
0	0	0	-0.166823	6.261517	-37.850504	6.261517	4249	-1.316246E-11	-7.597365E+10	7.458274E+16	0	0	-0.006953	0.041788	0	0
0	0	0	-0.16715	6.261531	-37.851189	6.261531	4247	-1.238622E-11	-8.073491E+10	7.458274E+16	0	0	-0.003467	0.041625	0	0
0	0	0	-0.166856	6.261586	-37.850981	6.261586	4249	-1.004117E-11	-9.958995E+10	7.458274E+16	0	0	-0.001723	0.041326	0	0
0	0	0	-0.167313	6.261507	-37.851343	6.261507	4247	-1.379971E-11	-7.246531E+10	7.458274E+16	0	0	-0.010619	0.041083	0	0
0	0	0	-0.167999	6.26159	-37.853107	6.26159	4246	-9.916506E-12	-1.00842E+11	7.458274E+16	0	0	0.007201	0.040796	0	0
0	0	0	-0.167607	6.261451	-37.851551	6.261451	4247	-1.866947E-11	-5.356337E+10	7.458274E+16	0	0	0.019857	0.040509	0	0
0	0	0	-0.16764	6.261462	-37.851674	6.261462	4246	-1.750672E-11	-5.712094E+10	7.458274E+16	0	0	0.009105	0.040249	0	0
0	0	0	-0.168293	6.261503	-37.853127	6.261503	4245	-1.40218E-11	-7.131753E+10	7.458274E+16	0	0	-0.010895	0.039986	0	0
0	0	0	-0.168342	6.261541	-37.853446	6.261541	4245	-1.185976E-11	-8.431873E+10	7.458274E+16	0	0	0.012873	0.039771	0	0
0	0	0	-0.168293	6.261479	-37.852981	6.261479	4245	-1.586193E-11	-6.304403E+10	7.458274E+16	0	0	-0.012865	0.0395	0	0
0	0	0	-0.16875	6.261576	-37.854407	6.261576	4244	-1.039926E-11	-9.616066E+10	7.458274E+16	0	0	-0.001809	0.039253	0	0
0	0	0	-0.169355	6.261652	-37.855978	6.261652	4242	-8.181512E-12	-1.222268E+11	7.458274E+16	0	0	-0.003688	0.038986	0	0
0	0	0	-0.169731	6.261614	-37.856441	6.261614	4242	-9.156134E-12	-1.092164E+11	7.458274E+16	0	0	0.016941	0.03877	0	0
0	0	0	-0.169763	6.261625	-37.856563	6.261625	4242	-8.868024E-12	-1.127647E+11	7.458274E+16	0	0	0.009492	0.038515	0	0
0	0	0	-0.170368	6.261541	-37.857175	6.261541	4240	-1.184579E-11	-8.441816E+10	7.458274E+16	0	0	0.00195	0.038228	0	0
0	0	0	-0.170792	6.261562	-37.858082	6.261562	4239	-1.092422E-11	-9.153968E+10	7.458274E+16	0	0	-0.020986	0.038021	0	0
0	0	0	-0.170923	6.261611	-37.858615	6.261611	4239	-9.24983E-12	-1.081101E+11	7.458274E+16	0	0	0.023118	0.037802	0	0
0	0	0	-0.171593	6.261548	-37.859472	6.261548	4237	-1.15146E-11	-8.684626E+10	7.458274E+16	0	0	0.011653	0.037562	0	0
0	0	0	-0.171593	6.261735	-37.860599	6.261735	4237	-6.631701E-12	-1.507909E+11	7.458274E+16	0	0	-0.009675	0.037343	0	0
0	0	0	-0.171887	6.261569	-37.860139	6.261569	4237	-1.064382E-11	-9.395121E+10	7.458274E+16	0	0	0.021618	0.037024	0	0
0	0	0	-0.171887	6.261503	-37.859742	6.261503	4237	-1.399537E-11	-7.145218E+10	7.458274E+16	0	0	4.919426E-5	0.036881	0	0
0	0	0	-0.172393	6.261441	-37.860299	6.261441	4235	-1.993581E-11	-5.016099E+10	7.458274E+16	0	0	-0.00987	0.036566	0	0
0	0	0	-0.172752	6.261541	-37.861565	6.261541	4235	-1.183182E-11	-8.451783E+10	7.458274E+16	0	0	4.98153E-5	0.036394	0	0
0	0	0	-0.173193	6.261597	-37.862711	6.261597	4234	-9.662044E-12	-1.034978E+11	7.458274E+16	0	0	0.012095	0.036111	0	0
0	0	0	-0.173488	6.261562	-37.863044	6.261562	4233	-1.090876E-11	-9.166944E+10	7.458274E+16	0	0	0.020221	0.035928	0	0
0	0	0	-0.173242	6.261656	-37.863156	6.261656	4234	-8.087818E-12	-1.236427E+11	7.458274E+16	0	0	-0.024316	0.035677	0	0
0	0	0	-0.173063	6.261656	-37.862825	6.261656	4234	-8.087818E-12	-1.236427E+11	7.458274E+16	0	0	-0.006077	0.035449	0	0
0	0	0	-0.173226	6.261465	-37.861978	6.261465	4234	-1.710342E-11	-5.846783E+10	7.458274E+16	0	0	-0.006111	0.035238	0	0
0	0	0	-0.173471	6.261628	-37.86341	6.261628	4233	-8.757355E-12	-1.141897E+11	7.458274E+16	0	0	0.016579	0.035027	0	0
0	0	0	-0.172867	6.261541	-37.861776	6.261541	4234	-1.182903E-11	-8.453779E+10	7.458274E+16	0	0	-0.016575	0.034804	0	0
0	0	0	-0.173226	6.261451	-37.861895	6.261451	4234	-1.861233E-11	-5.372783E+10	7.458274E+16	0	0	-0.004128	0.0346	0	0
0	0	0	-0.172965	6.261555	-37.86204	6.261555	4234	-1.120099E-11	-8.927779E+10	7.458274E+16	0	0	-0.002048	0.034417	0	0
0	0	0	-0.172426	6.261656	-37.861653	6.261656	4235	-8.089728E-12	-1.236135E+11	7.458274E+16	0	0	-0.010521	0.034166	0	0
0	0	0	-0.172785	6.261493	-37.861333	6.261493	4235	-1.472065E-11	-6.793177E+10	7.458274E+16	0	0	5.321512E-5	0.033935	0	0
0	0	0	-0.171968	6.261507	-37.859913	6.261507	4237	-1.376721E-11	-7.263634E+10	7.458274E+16	0	0	-0.004225	0.033755	0	0
0	0	0	-0.171756	6.261514	-37.859564	6.261514	4237	-1.33325E-11	-7.500466E+10	7.458274E+16	0	0	0.030204	0.033516	0	0
0	0	0	-0.171642	6.261507	-37.859312	6.261507	4237	-1.376721E-11	-7.263634E+10	7.458274E+16	0	0	0.006552	0.033313	0	0
0	0	0	-0.17174	6.261593	-37.860014	6.261593	4237	-9.780876E-12	-1.022403E+11	7.458274E+16	0	0	-0.00647	0.033165	0	0
0	0	0	-0.171446	6.261649	-37.859807	6.261649	4238	-8.253666E-12	-1.211583E+11	7.458274E+16	0	0	-0.01525	0.032978	0	0
0	0	0	-0.171103	6.261559	-37.858633	6.261559	4238	-1.106471E-11	-9.03774E+10	7.458274E+16	0	0	-0.006558	0.032699	0	0
0	0	0	-0.171397	6.261586	-37.859341	6.261586	4238	-1.001518E-11	-9.984844E+10	7.458274E+16	0	0	0.006708	0.032491	0	0
0	0	0	-0.171184	6.261486	-37.858345	6.261486	4238	-1.526347E-11	-6.551592E+10	7.458274E+16	0	0	-0.004401	0.03232	0	0
0	0	0	-0.170792	6.261451	-37.857414	6.261451	4239	-1.863431E-11	-5.366446E+10	7.458274E+16	0	0	0.002301	0.032069	0	0
0	0	0	-0.170547	6.26168	-37.858341	6.26168	4240	-7.590074E-12	-1.31751E+11	7.458274E+16	0	0	0.009069	0.031941	0	0
0	0	0	-0.170319	6.261566	-37.857231	6.261566	4241	-1.078987E-11	-9.267956E+10	7.458274E+16	0	0	0.009127	0.03173	0	0
0	0	0	-0.170384	6.261593	-37.857518	6.261593	4240	-9.787802E-12	-1.02168E+11	7.458274E+16	0	0	-0.013658	0.031463	0	0
0	0	0	-0.170123	6.261548	-37.856766	6.261548	4241	-1.152547E-11	-8.676434E+10	7.458274E+16	0	0	0.025334	0.031287	0	0
0	0	0	-0.170286	6.261569	-37.857192	6.261569	4241	-1.065387E-11	-9.38626E+10	7.458274E+16	0	0	0.002367	0.03112	0	0
0	0	0	-0.170482	6.261548	-37.857427	6.261548	4240	-1.152275E-11	-8.678481E+10	7.458274E+16	0	0	0.002388	0.030837	0	0
0	0	0	-0.17009	6.261462	-37.856184	6.261462	4241	-1.74861E-11	-5.718828E+10	7.458274E+16	0	0	-0.04197	0.030757	0	0
0	0	0	-0.170253	6.261593	-37.857278	6.261593	4241	-9.79011E-12	-1.021439E+11	7.458274E+16	0	0	-0.004633	0.030602	0	0
0	0	0	-0.170727	6.261604	-37.858212	6.261604	4239	-9.4569E-12	-1.057429E+11	7.458274E+16	0	0	-0.009416	0.030295	0	0
0	0	0	-0.171135	6.261531	-37.858526	6.261531	4238	-1.235997E-11	-8.090636E+10	7.458274E+16	0	0	0.033339	0.030179	0	0
0	0	0	-0.170858	6.261521	-37.857952	6.261521	4239	-1.293051E-11	-7.733647E+10	7.458274E+16	0	0	0.004844	0.02998	0	0
0	0	0	-0.171201	6.261451	-37.858166	6.261451	4238	-1.862991E-11	-5.367712E+10	7.458274E+16	0	0	6.015507E-5	0.029792	0	0
0	0	0	-0.171201	6.261541	-37.858709	6.261541	4238	-1.18402E-11	-8.4458E+10	7.458274E+16	0	0	0.002479	0.029633	0	0
0	0	0	-0.172311	6.261607	-37.86115	6.261607	4235	-9.343394E-12	-1.070275E+11	7.458274E+16	0	0	0.019526	0.029442	0	0
0	0	0	-0.172164	6.261496	-37.860212	6.261496	4236	-1.447174E-11	-6.910017E+10	7.458274E+16	0	0	0.004952	0.029282	0	0
0	0	0	-0.172524	6.261538	-37.861123	6.261538	4235	-1.200003E-11	-8.333311E+10	7.458274E+16	0	0	0.019785	0.029035	0	0
0	0	0	-0.172426	6.261527	-37.86088	6.261527	4235	-1.253463E-11	-7.977896E+10	7.458274E+16	0	0	0.014937	0.028864	0	0
0	0	0	-0.173014	6.261628	-37.862568	6.261628	4234	-8.759424E-12	-1.141628E+11	7.458274E+16	0	0	-0.007416	0.028696	0	0
0	0	0	-0.173046	6.261573	-37.862294	6.261573	4234	-1.050389E-11	-9.520278E+10	7.458274E+16	0	0	0.002568	0.028545	0	0
0	0	0	-0.173863	6.2616	-37.863965	6.2616	4232	-9.548158E-12	-1.047322E+11	7.458274E+16	0	0	-0.004967	0.028421	0	0
0	0	0	-0.17388	6.261604	-37.864016	6.261604	4232	-9.441284E-12	-1.059178E+11	7.458274E+16	0	0	0.015312	0.028114	0	0
0	0	0	-0.173961	6.261538	-37.86377	6.261538	4232	-1.199153E-11	-8.339219E+10	7.458274E+16	0	0	0.010262	0.028014	0	0
0	0	0	-0.173912	6.26151	-37.863512	6.26151	4232	-1.353039E-11	-7.390772E+10	7.458274E+16	0	0	-0.002502	0.027827	0	0
0	0	0	-0.174533	6.261635	-37.865406	6.261635	4230	-8.573171E-12	-1.166429E+11	7.458274E+16	0	0	0.020678	0.027699	0	0
0	0	0	-0.175088	6.261479	-37.86549	6.261479	4229	-1.580214E-11	-6.328255E+10	7.458274E+16	0	0	0	0	0	0
0	0	0	-0.174696	6.261469	-37.864705	6.261469	4230	-1.674783E-11	-5.970923E+10	7.458274E+16	0	0	0	0	0	0
0	0	0	-0.175137	6.261479	-37.86558	6.261479	4229	-1.580214E-11	-6.328255E+10	7.458274E+16	0	0	0	0	0	0
0	0	0	-0.175644	6.26169	-37.867785	6.26169	4228	-7.370011E-12	-1.35685E+11	7.458274E+16	0	0	0	0	0	0
0	0	0	-0.175317	6.261489	-37.865973	6.261489	4229	-1.496071E-11	-6.684175E+10	7.458274E+16	0	0	0	0	0	0
0	0	0	-0.175186	6.26143	-37.865378	6.26143	4229	-2.142568E-11	-4.667296E+10	7.458274E+16	0	0	0	0	0	0
0	0	0	-0.175399	6.261534	-37.866395	6.261534	4229	-1.215585E-11	-8.226494E+10	7.458274E+16	0	0	0	0	0	0
0	0	0	-0.175235	6.261475	-37.865739	6.261475	4229	-1.610406E-11	-6.209615E+10	7.458274E+16	0	0	0	0	0	0
0	0	0	-0.174664	6.261663	-37.865814	6.261663	4230	-7.928208E-12	-1.261319E+11	7.458274E+16	0	0	0	0	0	0
0	0	0	-0.175007	6.261607	-37.866111	6.261607	4230	-9.332363E-12	-1.07154E+11	7.458274E+16	0	0	0	0	0	0
