Vload_(V)	ILoad_(A)	RsLoad_(ohm)	SunsVoc_Voltage_(V)	SunsVoc_Current_(A)	Model_Voltage_(V)	Model_Current_(A)	Carrier_Density_(cm-3)	Lifetime_(s)	Inverse_Lifetime_(s-1)	(Carrier_Density+Doping)/qWni^2_(cm^2/C)	Carrier_Density_at_Vmp_(cm-3)	Lifetime_at_Vmp_(s)	Efficiency_(%)	Intensity_(suns)	Dark_IV_Voltage_(V)	Dark_IV_Current_(A)
3.26736	6.053844	0	46.269524	-0.344297	45.611825	-0.344297	3.320011E+14	3.585547E-5	27889.564542	7.613978E+16	1.019661E+14	3.153238E-5	6.849623	1.137324	0	0
3.223829	6.058555	-0.790299	46.11214	0.11069	46.299761	0.11069	3.054231E+14	3.551032E-5	28160.67143	7.601514E+16	0	0	6.831096	1.134727	0	0
4.485003	6.011294	5.148928	45.956079	0.542167	46.759339	0.542167	2.811348E+14	3.524524E-5	28372.491746	7.590123E+16	0	0	6.851716	1.130509	0	0
8.127097	5.783236	5.44628	45.80237	0.928238	46.982483	0.928238	2.590721E+14	3.49257E-5	28632.097049	7.579776E+16	0	0	6.878777	1.129151	0	0
12.113923	5.349387	5.517645	45.655849	1.270686	47.016693	1.270686	2.396317E+14	3.461779E-5	28886.787235	7.570658E+16	0	0	6.851517	1.127438	0	0
15.985202	4.437617	6.170015	45.514538	1.580276	46.90152	1.580276	2.222474E+14	3.43283E-5	29130.402616	7.562505E+16	0	0	6.857172	1.122249	0	0
19.938698	4.359501	5.395838	45.373325	1.872839	46.655376	1.872839	2.061192E+14	3.406494E-5	29355.628981	7.554941E+16	0	0	6.87579	1.115235	0	0
23.89808	4.262264	4.617094	45.23136	2.148187	46.284804	2.148187	1.910712E+14	3.380423E-5	29582.040354	7.547884E+16	0	0	6.878136	1.108952	0	0
27.84354	4.157551	3.81272	45.088236	2.405904	45.79711	2.405904	1.770002E+14	3.352709E-5	29826.571879	7.541285E+16	0	0	6.893733	1.10326	0	0
31.785039	4.013412	3.005941	44.945978	2.647344	45.21091	2.647344	1.640311E+14	3.327265E-5	30054.667114	7.535203E+16	0	0	6.882978	1.095966	0	0
32.92597	3.981291	2.752283	44.806219	2.86584	44.545223	2.86584	1.52207E+14	3.299023E-5	30311.965784	7.529657E+16	0	0	6.884367	1.086427	0	0
34.076383	3.96149	2.480958	44.665855	3.069682	43.797	3.069682	1.411821E+14	3.26909E-5	30589.516415	7.524487E+16	0	0	6.9127	1.077017	0	0
35.223314	3.930503	2.215097	44.526864	3.260677	42.984107	3.260677	1.310457E+14	3.241871E-5	30846.351455	7.519733E+16	0	0	6.913825	1.068513	0	0
36.3709	3.901935	1.944731	44.391401	3.437376	42.128196	3.437376	1.218622E+14	3.218275E-5	31072.51936	7.515426E+16	0	0	6.92067	1.059242	0	0
37.485622	3.882916	1.672166	44.259221	3.597245	41.240446	3.597245	1.135176E+14	3.192998E-5	31318.50618	7.511512E+16	0	0	6.93936	1.049096	0	0
38.61298	3.849422	1.402642	44.126551	3.746765	40.302449	3.746765	1.057129E+14	3.166176E-5	31583.81781	7.507852E+16	0	0	6.95031	1.038803	0	0
39.721237	3.810798	1.134217	43.994681	3.887451	39.325867	3.887451	9.848382E+13	3.141212E-5	31834.828899	7.504462E+16	0	0	6.971806	1.028973	0	0
40.833783	3.696542	0.897942	43.863008	4.017886	38.31397	4.017886	9.175599E+13	3.11412E-5	32111.79149	7.501307E+16	0	0	6.989819	1.019354	0	0
41.890951	3.456088	0.712127	43.731302	4.142642	37.263741	4.142642	8.548384E+13	3.090631E-5	32355.836455	7.498365E+16	0	0	6.995568	1.009352	0	0
42.941875	3.095025	0.543105	43.602144	4.257579	36.203054	4.257579	7.974755E+13	3.067726E-5	32597.426263	7.495675E+16	0	0	7.02172	0.998831	0	0
43.819263	2.656231	0.414934	43.473198	4.36457	35.118451	4.36457	7.440291E+13	3.043404E-5	32857.936627	7.493168E+16	0	0	7.044959	0.988937	0	0
44.629549	2.164438	0.276825	43.344579	4.465507	34.011091	4.465507	6.942713E+13	3.020342E-5	33108.823419	7.490835E+16	0	0	7.056986	0.97953	0	0
45.224543	1.479729	0.25009	43.217218	4.558775	32.894695	4.558775	6.482666E+13	2.996141E-5	33376.263463	7.488677E+16	0	0	7.080739	0.969692	0	0
38.815026	3.842215	1.35457	43.09711	4.645226	31.815762	4.645226	6.076676E+13	2.980866E-5	33547.287037	7.486773E+16	0	0	7.098202	0.959846	0	0
46.152607	0	0	42.974551	4.726033	30.704772	4.726033	5.688509E+13	2.960273E-5	33780.662353	7.484953E+16	0	0	7.117012	0.949645	0	0
0	0	0	42.850179	4.801141	29.568723	4.801141	5.319856E+13	2.934415E-5	34078.340131	7.483224E+16	0	0	7.147255	0.93995	0	0
0	0	0	42.728862	4.871754	28.443728	4.871754	4.983217E+13	2.912923E-5	34329.768382	7.481645E+16	0	0	7.16121	0.930567	0	0
0	0	0	42.608818	4.938101	27.318399	4.938101	4.671024E+13	2.892795E-5	34568.643174	7.480181E+16	0	0	7.174158	0.920753	0	0
0	0	0	42.489281	5.000048	26.189598	5.000048	4.379532E+13	2.871712E-5	34822.431927	7.478814E+16	0	0	7.20269	0.910951	0	0
0	0	0	42.371868	5.058005	25.071015	5.058005	4.110888E+13	2.852438E-5	35057.727354	7.477554E+16	0	0	7.21483	0.901592	0	0
0	0	0	42.256905	5.11136	23.969875	5.11136	3.863785E+13	2.832754E-5	35301.329942	7.476395E+16	0	0	7.23465	0.892014	0	0
0	0	0	42.142187	5.161166	22.867188	5.161166	3.631982E+13	2.811374E-5	35569.789297	7.475308E+16	0	0	7.260082	0.882747	0	0
0	0	0	42.028498	5.20801	21.768761	5.20801	3.415951E+13	2.79059E-5	35834.710945	7.474295E+16	0	0	7.268909	0.873792	0	0
0	0	0	41.914335	5.252491	20.661443	5.252491	3.211923E+13	2.769563E-5	36106.776946	7.473338E+16	0	0	7.29049	0.864617	0	0
0	0	0	41.801806	5.29424	19.565184	5.29424	3.022722E+13	2.749669E-5	36368.016292	7.47245E+16	0	0	7.307113	0.855817	0	0
0	0	0	41.68957	5.333944	18.467414	5.333944	2.845097E+13	2.730828E-5	36618.9333	7.471617E+16	0	0	7.308391	0.847109	0	0
0	0	0	41.577417	5.370985	17.370137	5.370985	2.67801E+13	2.709885E-5	36901.934976	7.470834E+16	0	0	7.328649	0.838146	0	0
0	0	0	41.466096	5.406065	16.277628	5.406065	2.521854E+13	2.690067E-5	37173.800136	7.470101E+16	0	0	7.341393	0.829646	0	0
0	0	0	41.356426	5.439146	15.197981	5.439146	2.376906E+13	2.671898E-5	37426.579994	7.469422E+16	0	0	7.341532	0.821274	0	0
0	0	0	41.247866	5.470089	14.128431	5.470089	2.241621E+13	2.653393E-5	37687.598104	7.468787E+16	0	0	7.350287	0.813157	0	0
0	0	0	41.139436	5.499419	13.059045	5.499419	2.114175E+13	2.634922E-5	37951.78116	7.468189E+16	0	0	7.28945	0.805252	0	0
0	0	0	41.031726	5.526895	11.996855	5.526895	1.994739E+13	2.615694E-5	38230.77165	7.467629E+16	0	0	7.139699	0.797152	0	0
0	0	0	40.923411	5.552675	10.930529	5.552675	1.881429E+13	2.594021E-5	38550.190072	7.467098E+16	0	0	6.964314	0.789291	0	0
0	0	0	40.817268	5.577266	9.881913	5.577266	1.776631E+13	2.575922E-5	38821.05296	7.466606E+16	0	0	6.752576	0.781933	0	0
0	0	0	40.711991	5.600447	8.841675	5.600447	1.678449E+13	2.557993E-5	39093.147925	7.466146E+16	0	0	6.537744	0.774436	0	0
0	0	0	40.607613	5.622284	7.810414	5.622284	1.586457E+13	2.540134E-5	39368.005453	7.465714E+16	0	0	6.313516	0.767214	0	0
0	0	0	40.504444	5.64294	6.79051	5.64294	1.500481E+13	2.523249E-5	39631.437369	7.465311E+16	0	0	6.055679	0.76014	0	0
0	0	0	40.401519	5.663417	5.76802	5.663417	1.419348E+13	2.511994E-5	39809.016433	7.464931E+16	0	0	5.809407	0.752818	0	0
0	0	0	40.299787	5.682406	4.759531	5.682406	1.343464E+13	2.499245E-5	40012.081317	7.464575E+16	0	0	5.54343	0.745964	0	0
0	0	0	40.198235	5.699812	3.757456	5.699812	1.271757E+13	2.482168E-5	40287.362137	7.464239E+16	0	0	5.262652	0.738838	0	0
0	0	0	40.098005	5.716532	2.766695	5.716532	1.204734E+13	2.467912E-5	40520.076625	7.463924E+16	0	0	4.981619	0.731852	0	0
0	0	0	39.994721	5.732426	1.749857	5.732426	1.13936E+13	2.449408E-5	40826.184452	7.463618E+16	0	0	4.680446	0.724978	0	0
0	0	0	39.894557	5.747265	0.76336	5.747265	1.079349E+13	2.432707E-5	41106.473243	7.463336E+16	0	0	4.382595	0.718119	0	0
0	0	0	39.794426	5.761309	-0.221387	5.761309	1.022515E+13	2.415244E-5	41403.685488	7.46307E+16	0	0	4.073819	0.711401	0	0
0	0	0	39.69503	5.774723	-1.198984	5.774723	9.690558E+12	2.398976E-5	41684.448059	7.462819E+16	0	0	3.764941	0.704475	0	0
0	0	0	39.595764	5.787338	-2.173296	5.787338	9.184551E+12	2.381338E-5	41993.19674	7.462582E+16	0	0	3.446877	0.697756	0	0
0	0	0	39.49627	5.799527	-3.149942	5.799527	8.703876E+12	2.364871E-5	42285.599	7.462356E+16	0	0	3.133897	0.691077	0	0
0	0	0	39.39738	5.811412	-4.122218	5.811412	8.251038E+12	2.351735E-5	42521.800368	7.462144E+16	0	0	2.821639	0.684706	0	0
0	0	0	39.298866	5.82254	-5.088575	5.82254	7.823337E+12	2.337111E-5	42787.862619	7.461943E+16	0	0	2.526877	0.678216	0	0
0	0	0	39.1988	5.833126	-6.067652	5.833126	7.411578E+12	2.320292E-5	43098.019759	7.46175E+16	0	0	2.239703	0.671865	0	0
0	0	0	39.098701	5.842754	-7.042355	5.842754	7.021358E+12	2.298383E-5	43508.847174	7.461567E+16	0	0	1.970807	0.665522	0	0
0	0	0	39.001134	5.852156	-7.995085	5.852156	6.66078E+12	2.281993E-5	43821.338434	7.461398E+16	0	0	1.713638	0.659298	0	0
0	0	0	38.902947	5.861042	-8.951705	5.861042	6.316594E+12	2.26381E-5	44173.315166	7.461237E+16	0	0	1.46474	0.653211	0	0
0	0	0	38.80556	5.869682	-9.901455	5.869682	5.992777E+12	2.248531E-5	44473.483392	7.461085E+16	0	0	1.231299	0.647088	0	0
0	0	0	38.708679	5.877809	-10.844594	5.877809	5.687111E+12	2.232354E-5	44795.765771	7.460941E+16	0	0	1.016766	0.641124	0	0
0	0	0	38.61072	5.885564	-11.796456	5.885564	5.393887E+12	2.214821E-5	45150.370723	7.460804E+16	0	0	0.823455	0.635156	0	0
0	0	0	38.514444	5.892876	-12.731308	5.892876	5.12043E+12	2.198051E-5	45494.855318	7.460676E+16	0	0	0.65418	0.629257	0	0
0	0	0	38.417188	5.899814	-13.673665	5.899814	4.858259E+12	2.179442E-5	45883.300779	7.460553E+16	0	0	0.509064	0.623405	0	0
0	0	0	38.320356	5.906599	-14.612642	5.906599	4.610565E+12	2.163629E-5	46218.635136	7.460436E+16	0	0	0.385258	0.617629	0	0
0	0	0	38.222201	5.912763	-15.559796	5.912763	4.372368E+12	2.141503E-5	46696.17326	7.460325E+16	0	0	0.283688	0.611949	0	0
0	0	0	38.125467	5.918853	-16.49499	5.918853	4.149661E+12	2.124109E-5	47078.571874	7.46022E+16	0	0	0.200707	0.606357	0	0
0	0	0	38.029273	5.924535	-17.423075	5.924535	3.939441E+12	2.105113E-5	47503.390804	7.460122E+16	0	0	0.142694	0.600705	0	0
0	0	0	37.933356	5.930209	-18.350043	5.930209	3.74043E+12	2.09049E-5	47835.674484	7.460028E+16	0	0	0.100104	0.595241	0	0
0	0	0	37.837259	5.935383	-19.275334	5.935383	3.551125E+12	2.071378E-5	48277.043647	7.45994E+16	0	0	0.069137	0.589677	0	0
0	0	0	37.742208	5.94032	-20.190139	5.94032	3.373305E+12	2.053238E-5	48703.553868	7.459856E+16	0	0	0.044464	0.58434	0	0
0	0	0	37.645703	5.945053	-21.117472	5.945053	3.20187E+12	2.033665E-5	49172.302777	7.459776E+16	0	0	0.02956	0.578784	0	0
0	0	0	37.549753	5.949754	-22.040667	5.949754	3.040059E+12	2.018096E-5	49551.648827	7.4597E+16	0	0	0.020821	0.573212	0	0
0	0	0	37.453967	5.954176	-22.96077	5.954176	2.886678E+12	2.001296E-5	49967.612556	7.459628E+16	0	0	0.012635	0.567764	0	0
0	0	0	37.358327	5.958219	-23.876798	5.958219	2.741252E+12	1.980838E-5	50483.680299	7.45956E+16	0	0	0.009105	0.562459	0	0
0	0	0	37.262263	5.962084	-24.795914	5.962084	2.602554E+12	1.959829E-5	51024.857573	7.459495E+16	0	0	0.004628	0.557262	0	0
0	0	0	37.164566	5.965939	-25.730898	5.965939	2.468692E+12	1.940547E-5	51531.858938	7.459432E+16	0	0	0.003779	0.552142	0	0
0	0	0	37.067996	5.969713	-26.655721	5.969713	2.343141E+12	1.924481E-5	51962.069904	7.459373E+16	0	0	0.003663	0.547109	0	0
0	0	0	36.971131	5.973121	-27.580278	5.973121	2.223621E+12	1.903413E-5	52537.209289	7.459317E+16	0	0	0.001732	0.542216	0	0
0	0	0	36.874463	5.976608	-28.504804	5.976608	2.11042E+12	1.888065E-5	52964.278451	7.459264E+16	0	0	0.002052	0.537159	0	0
0	0	0	36.777288	5.979691	-29.430432	5.979691	2.002433E+12	1.86594E-5	53592.301503	7.459213E+16	0	0	0.001609	0.532246	0	0
0	0	0	36.679199	5.982824	-30.36584	5.982824	1.899032E+12	1.847657E-5	54122.612972	7.459165E+16	0	0	0.002709	0.527337	0	0
0	0	0	36.58106	5.985547	-31.297891	5.985547	1.800922E+12	1.822072E-5	54882.558216	7.459119E+16	0	0	0.00195	0.522575	0	0
0	0	0	36.483232	5.988438	-32.22974	5.988438	1.708167E+12	1.804607E-5	55413.733295	7.459075E+16	0	0	-0.000556	0.517798	0	0
0	0	0	36.385388	5.991304	-33.162231	5.991304	1.620174E+12	1.790095E-5	55862.946588	7.459034E+16	0	0	-0.000561	0.513017	0	0
0	0	0	36.285991	5.993683	-34.104039	5.993683	1.535425E+12	1.763542E-5	56704.071706	7.458994E+16	0	0	0.000879	0.508355	0	0
0	0	0	36.186562	5.996143	-35.047752	5.996143	1.455083E+12	1.742503E-5	57388.707949	7.458957E+16	0	0	0.000563	0.50373	0	0
0	0	0	36.086954	5.998488	-35.992415	5.998488	1.378811E+12	1.721123E-5	58101.599404	7.458921E+16	0	0	0.000241	0.499112	0	0
0	0	0	35.987901	6.00082	-36.932433	6.00082	1.306929E+12	1.70312E-5	58715.761262	7.458887E+16	0	0	0.002385	0.494643	0	0
0	0	0	35.888243	6.003013	-37.876949	6.003013	1.238389E+12	1.683426E-5	59402.680347	7.458855E+16	0	0	-0.00042	0.490137	0	0
0	0	0	35.787948	6.004909	-38.824253	6.004909	1.173039E+12	1.656404E-5	60371.754049	7.458824E+16	0	0	-0.000926	0.485627	0	0
0	0	0	35.687049	6.006856	-39.778277	6.006856	1.110775E+12	1.633474E-5	61219.232766	7.458795E+16	0	0	-0.001104	0.48117	0	0
0	0	0	35.585595	6.008793	-40.737821	6.008793	1.0515E+12	1.612762E-5	62005.441224	7.458767E+16	0	0	0.000252	0.47666	0	0
0	0	0	35.483226	6.010665	-41.70552	6.010665	9.948955E+11	1.592122E-5	62809.271327	7.458741E+16	0	0	0.001803	0.47229	0	0
0	0	0	35.378341	6.012481	-42.696206	6.012481	9.40059E+11	1.570405E-5	63677.846145	7.458715E+16	0	0	8.250456E-5	0.467932	0	0
0	0	0	35.275629	6.014162	-43.665605	6.014162	8.892885E+11	1.548532E-5	64577.295689	7.458691E+16	0	0	-9.19752E-5	0.463718	0	0
0	0	0	35.172459	6.015669	-44.637382	6.015669	8.410519E+11	1.522342E-5	65688.263149	7.458669E+16	0	0	-0.00133	0.459584	0	0
0	0	0	35.068636	6.017004	-45.613311	6.017004	7.951507E+11	1.49141E-5	67050.623142	7.458647E+16	0	0	0.001511	0.455298	0	0
0	0	0	34.966251	6.018523	-46.578845	6.018523	7.523389E+11	1.471801E-5	67943.974557	7.458627E+16	0	0	0.001524	0.451164	0	0
0	0	0	34.863326	6.019968	-47.548766	6.019968	7.116246E+11	1.451532E-5	68892.750821	7.458608E+16	0	0	0.001538	0.446882	0	0
0	0	0	34.758687	6.021254	-48.532743	6.021254	6.724897E+11	1.425857E-5	70133.257294	7.45859E+16	0	0	0.00265	0.442788	0	0
0	0	0	34.654455	6.022635	-49.514624	6.022635	6.356473E+11	1.407341E-5	71055.973156	7.458572E+16	0	0	0.000826	0.43877	0	0
0	0	0	34.548264	6.024011	-50.514957	6.024011	6.001869E+11	1.390144E-5	71934.984673	7.458556E+16	0	0	0.000461	0.434807	0	0
0	0	0	34.439802	6.024985	-51.530921	6.024985	5.660095E+11	1.355204E-5	73789.637252	7.45854E+16	0	0	0.001029	0.430869	0	0
0	0	0	34.329216	6.026049	-52.568108	6.026049	5.331659E+11	1.325449E-5	75446.137198	7.458524E+16	0	0	0.002174	0.427046	0	0
0	0	0	34.219056	6.027234	-53.603455	6.027234	5.023434E+11	1.304456E-5	76660.321316	7.45851E+16	0	0	0.002194	0.423124	0	0
0	0	0	34.107784	6.028228	-54.646608	6.028228	4.730186E+11	1.275959E-5	78372.437339	7.458496E+16	0	0	0.001249	0.419309	0	0
0	0	0	33.996529	6.029423	-55.692905	6.029423	4.454095E+11	1.260279E-5	79347.527683	7.458483E+16	0	0	-0.001074	0.415658	0	0
0	0	0	33.882807	6.030262	-56.757025	6.030262	4.18853E+11	1.227302E-5	81479.524127	7.458471E+16	0	0	0.001074	0.41192	0	0
0	0	0	33.76933	6.031027	-57.818016	6.031027	3.93932E+11	1.192978E-5	83823.825989	7.458459E+16	0	0	0.001677	0.408129	0	0
0	0	0	33.65489	6.031973	-58.890935	6.031973	3.703008E+11	1.169917E-5	85476.120881	7.458448E+16	0	0	0.001092	0.404518	0	0
0	0	0	33.539698	6.032842	-59.969901	6.032842	3.479458E+11	1.144748E-5	87355.47367	7.458437E+16	0	0	0.000901	0.400831	0	0
0	0	0	33.419426	6.033572	-61.093985	6.033572	3.260437E+11	1.111359E-5	89979.948434	7.458427E+16	0	0	0.001924	0.397232	0	0
0	0	0	33.299579	6.034447	-62.216665	6.034447	3.055905E+11	1.088637E-5	91857.986355	7.458418E+16	0	0	-0.001541	0.393709	0	0
0	0	0	33.177151	6.035128	-63.360399	6.035128	2.860209E+11	1.055958E-5	94700.69869	7.458408E+16	0	0	0.000718	0.390154	0	0
0	0	0	33.053073	6.035751	-64.518705	6.035751	2.674659E+11	1.021457E-5	97899.41598	7.4584E+16	0	0	0.001349	0.386731	0	0
0	0	0	32.925156	6.036673	-65.717635	6.036673	2.495961E+11	1.004386E-5	99563.347449	7.458391E+16	0	0	0.00073	0.38332	0	0
0	0	0	32.795606	6.037295	-66.927069	6.037295	2.327147E+11	9.716971E-6	102912.723643	7.458383E+16	0	0	0.000736	0.379965	0	0
0	0	0	32.662381	6.038049	-68.172937	6.038049	2.165443E+11	9.473268E-6	105560.193289	7.458376E+16	0	0	-0.001393	0.376673	0	0
0	0	0	32.524942	6.038521	-69.453336	6.038521	2.01039E+11	9.065633E-6	110306.692194	7.458368E+16	0	0	0.002041	0.373334	0	0
0	0	0	32.384006	6.039164	-70.769206	6.039164	1.862916E+11	8.768534E-6	114044.147784	7.458362E+16	0	0	0.000538	0.370091	0	0
0	0	0	32.240016	6.039833	-72.114074	6.039833	1.723412E+11	8.4997E-6	117651.214173	7.458355E+16	0	0	-0.000553	0.366867	0	0
0	0	0	32.09325	6.040487	-73.484635	6.040487	1.591963E+11	8.235357E-6	121427.650719	7.458349E+16	0	0	0.000105	0.363612	0	0
0	0	0	31.941485	6.040935	-74.898127	6.040935	1.466571E+11	7.850014E-6	127388.31586	7.458343E+16	0	0	-0.00034	0.36046	0	0
0	0	0	31.79431	6.041315	-76.268082	6.041315	1.354413E+11	7.469905E-6	133870.508443	7.458338E+16	0	0	0.000556	0.357317	0	0
0	0	0	31.632368	6.041995	-77.780388	6.041995	1.240887E+11	7.236286E-6	138192.446587	7.458332E+16	0	0	-0.000345	0.354193	0	0
0	0	0	31.466833	6.042631	-79.325486	6.042631	1.13467E+11	6.992059E-6	143019.391757	7.458327E+16	0	0	-0.000805	0.351105	0	0
0	0	0	31.29741	6.043005	-80.902031	6.043005	1.035367E+11	6.600305E-6	151508.146712	7.458323E+16	0	0	0.00103	0.348054	0	0
0	0	0	31.122678	6.043516	-82.530526	6.043516	9.420476E+10	6.302934E-6	158656.264296	7.458318E+16	0	0	0.001735	0.345058	0	0
0	0	0	30.94334	6.044055	-84.20246	6.044055	8.550072E+10	6.035229E-6	165693.787314	7.458314E+16	0	0	0.001984	0.342018	0	0
0	0	0	30.757387	6.044415	-85.932527	6.044415	7.732386E+10	5.66669E-6	176469.854821	7.45831E+16	0	0	0.002236	0.339106	0	0
0	0	0	30.564295	6.044668	-87.726828	6.044668	6.965967E+10	5.24575E-6	190630.524459	7.458307E+16	0	0	-0.000839	0.336222	0	0
0	0	0	30.365878	6.045237	-89.576875	6.045237	6.257475E+10	5.023527E-6	199063.341936	7.458304E+16	0	0	-0.000606	0.333263	0	0
0	0	0	30.162104	6.04556	-91.471957	6.04556	5.604786E+10	4.675212E-6	213894.036601	7.4583E+16	0	0	-0.000127	0.330431	0	0
0	0	0	29.95093	6.045877	-93.435667	6.045877	5.000134E+10	4.336615E-6	230594.616815	7.458298E+16	0	0	0.002311	0.327559	0	0
0	0	0	29.732095	6.046288	-95.472518	6.046288	4.442278E+10	4.062164E-6	246174.227023	7.458295E+16	0	0	0.001347	0.324703	0	0
0	0	0	29.507395	6.046728	-97.56461	6.046728	3.934169E+10	3.820413E-6	261751.789772	7.458293E+16	0	0	0.000366	0.321839	0	0
0	0	0	29.274692	6.047082	-99.72931	6.047082	3.469135E+10	3.544921E-6	282093.701186	7.45829E+16	0	0	-0.000882	0.318859	0	0
0	0	0	29.034344	6.047241	-101.960888	6.047241	3.046454E+10	3.187783E-6	313697.604942	7.458288E+16	0	0	0.003653	0.316051	0	0
0	0	0	28.784882	6.047601	-104.281505	6.047601	2.662124E+10	2.946292E-6	339409.702602	7.458287E+16	0	0	0.000121	0.313259	0	0
0	0	0	28.526321	6.048018	-106.688001	6.048018	2.314866E+10	2.74541E-6	364244.290595	7.458285E+16	0	0	0.004229	0.310539	0	0
0	0	0	28.260769	6.048193	-109.154121	6.048193	2.005312E+10	2.452064E-6	407819.695895	7.458284E+16	0	0	0.002711	0.307894	0	0
0	0	0	27.988568	6.048526	-111.685657	6.048526	1.730921E+10	2.249122E-6	444617.911356	7.458282E+16	0	0	0.000646	0.305266	0	0
0	0	0	27.704248	6.048775	-114.327859	6.048775	1.484319E+10	2.023477E-6	494198.761173	7.458281E+16	0	0	0.002754	0.302746	0	0
0	0	0	27.411694	6.049098	-117.04836	6.049098	1.267197E+10	1.845041E-6	541993.376976	7.45828E+16	0	0	0.003573	0.300129	0	0
0	0	0	27.110565	6.049401	-119.848158	6.049401	1.076832E+10	1.674705E-6	597119.913611	7.458279E+16	0	0	0.002266	0.297517	0	0
0	0	0	26.798949	6.049566	-122.742056	6.049566	9.098918E+9	1.46966E-6	680429.542508	7.458278E+16	0	0	0.003093	0.294949	0	0
0	0	0	26.479738	6.049731	-125.706536	6.049731	7.656817E+9	1.286334E-6	777402.962542	7.458278E+16	0	0	0.000401	0.292484	0	0
0	0	0	26.151216	6.049936	-128.758542	6.049936	6.410928E+9	1.13359E-6	882153.316244	7.458277E+16	0	0	-0.000418	0.289992	0	0
0	0	0	25.813301	6.050199	-131.899331	6.050199	5.34058E+9	1.012271E-6	987877.59631	7.458277E+16	0	0	-0.000145	0.287567	0	0
0	0	0	25.467971	6.050417	-135.107986	6.050417	4.431134E+9	8.93464E-7	1119239.263242	7.458276E+16	0	0	0.000689	0.285122	0	0
0	0	0	25.114652	6.050629	-138.390753	6.050629	3.660717E+9	7.867551E-7	1271043.512892	7.458276E+16	0	0	0.002378	0.28277	0	0
0	0	0	24.75204	6.050861	-141.760491	6.050861	3.009091E+9	6.96993E-7	1434734.694293	7.458276E+16	0	0	0.002397	0.280409	0	0
0	0	0	24.38291	6.050995	-145.188184	6.050995	2.464758E+9	5.97871E-7	1672601.500878	7.458275E+16	0	0	-0.00015	0.278036	0	0
0	0	0	24.003767	6.050992	-148.704964	6.050992	2.007995E+9	4.865291E-7	2055375.657013	7.458275E+16	0	0	-0.000726	0.275776	0	0
0	0	0	23.620099	6.051285	-152.272302	6.051285	1.631881E+9	4.405578E-7	2269849.713725	7.458275E+16	0	0	0.003904	0.273431	0	0
0	0	0	23.22975	6.051342	-155.894962	6.051342	1.321436E+9	3.649037E-7	2740449.214233	7.458275E+16	0	0	0.006564	0.271126	0	0
0	0	0	22.833994	6.05157	-159.573001	6.05157	1.066926E+9	3.24227E-7	3084258.931829	7.458275E+16	0	0	0.003378	0.268913	0	0
0	0	0	22.434286	6.051681	-163.284351	6.051681	8.595959E+8	2.74617E-7	3641434.558585	7.458275E+16	0	0	0.000141	0.266621	0	0
0	0	0	22.029269	6.051869	-167.047485	6.051869	6.905707E+8	2.416375E-7	4138430.414034	7.458275E+16	0	0	0.002535	0.264376	0	0
0	0	0	21.622765	6.051916	-170.820131	6.051916	5.543358E+8	1.987044E-7	5032602.431001	7.458274E+16	0	0	0.001349	0.262187	0	0
0	0	0	21.213844	6.052104	-174.619821	6.052104	4.44396E+8	1.765227E-7	5664992.369325	7.458274E+16	0	0	-0.001376	0.259954	0	0
0	0	0	20.803093	6.052262	-178.435699	6.052262	3.559081E+8	1.55486E-7	6431449.189563	7.458274E+16	0	0	0.000146	0.257825	0	0
0	0	0	20.394008	6.052239	-182.230225	6.052239	2.852967E+8	1.228147E-7	8142345.977591	7.458274E+16	0	0	0.003235	0.255644	0	0
0	0	0	19.984581	6.052309	-186.031108	6.052309	2.28652E+8	1.029556E-7	9712923.379448	7.458274E+16	0	0	-0.002343	0.253531	0	0
0	0	0	19.576803	6.052508	-189.821179	6.052508	1.834175E+8	9.483425E-8	1.054471E+7	7.458274E+16	0	0	0.001718	0.251398	0	0
0	0	0	19.170969	6.052605	-193.589893	6.052605	1.472864E+8	8.214025E-8	1.21743E+7	7.458274E+16	0	0	0.004579	0.249313	0	0
0	0	0	18.770051	6.052612	-197.309861	6.052612	1.185875E+8	6.649631E-8	1.503843E+7	7.458274E+16	0	0	0.000789	0.24726	0	0
0	0	0	18.372646	6.05277	-201.002729	6.05277	9.56621E+7	6.152241E-8	1.625424E+7	7.458274E+16	0	0	0.005294	0.245219	0	0
0	0	0	17.979014	6.05283	-204.657175	6.05283	7.732618E+7	5.269551E-8	1.897695E+7	7.458274E+16	0	0	0.001449	0.24321	0	0
0	0	0	17.592226	6.052978	-208.251441	6.052978	6.273647E+7	5.004719E-8	1.998114E+7	7.458274E+16	0	0	0.001134	0.241184	0	0
0	0	0	17.209326	6.052813	-211.797974	6.052813	5.100659E+7	3.419358E-8	2.924526E+7	7.458274E+16	0	0	0.000156	0.239247	0	0
0	0	0	16.836668	6.052931	-215.260127	6.052931	4.170009E+7	3.155322E-8	3.169249E+7	7.458274E+16	0	0	0.001153	0.237194	0	0
0	0	0	16.468077	6.053095	-218.686487	6.053095	3.416666E+7	3.153614E-8	3.170965E+7	7.458274E+16	0	0	0.000493	0.235305	0	0
0	0	0	16.104974	6.053062	-222.05429	6.053062	2.807739E+7	2.480304E-8	4.031764E+7	7.458274E+16	0	0	0.003866	0.23334	0	0
0	0	0	15.747981	6.053169	-225.370994	6.053169	2.314968E+7	2.370736E-8	4.2181E+7	7.458274E+16	0	0	0.002199	0.23139	0	0
0	0	0	15.396508	6.053287	-228.636979	6.053287	1.914386E+7	2.374113E-8	4.2121E+7	7.458274E+16	0	0	0.0029	0.229569	0	0
0	0	0	15.053366	6.053247	-231.819338	6.053247	1.590267E+7	1.839134E-8	5.437341E+7	7.458274E+16	0	0	0.000509	0.227636	0	0
0	0	0	14.715158	6.053213	-234.956163	6.053213	1.32455E+7	1.450314E-8	6.89506E+7	7.458274E+16	0	0	0.000165	0.22575	0	0
0	0	0	14.382666	6.053253	-238.04299	6.053253	1.106647E+7	1.294387E-8	7.725667E+7	7.458274E+16	0	0	0.001918	0.223977	0	0
0	0	0	14.05715	6.053381	-241.068814	6.053381	9280840	1.384662E-8	7.221981E+7	7.458274E+16	0	0	0.002287	0.222051	0	0
0	0	0	13.737073	6.053307	-244.035696	6.053307	7806251	1.00442E-8	9.955991E+7	7.458274E+16	0	0	0.004439	0.22033	0	0
0	0	0	13.421879	6.053324	-246.961096	6.053324	6583311	8.744092E-9	1.143629E+8	7.458274E+16	0	0	0.002681	0.218477	0	0
0	0	0	13.116422	6.05324	-249.791798	6.05324	5581254	6.382971E-9	1.566668E+8	7.458274E+16	0	0	0.002702	0.216731	0	0
0	0	0	12.815097	6.053384	-252.594098	6.053384	4742305	7.127023E-9	1.40311E+8	7.458274E+16	0	0	-0.000191	0.214958	0	0
0	0	0	12.517725	6.053492	-255.3582	6.053492	4038083	7.919938E-9	1.262636E+8	7.458274E+16	0	0	0.001643	0.213192	0	0
0	0	0	12.226641	6.053482	-258.058785	6.053482	3450145	6.578671E-9	1.520064E+8	7.458274E+16	0	0	0.003875	0.21149	0	0
0	0	0	11.940524	6.053428	-260.711317	6.053428	2955734	4.908137E-9	2.037433E+8	7.458274E+16	0	0	0.002041	0.209817	0	0
0	0	0	11.65885	6.053599	-263.332802	6.053599	2538262	7.163597E-9	1.395947E+8	7.458274E+16	0	0	0.001306	0.208079	0	0
0	0	0	11.384199	6.053592	-265.881087	6.053592	2188046	6.010313E-9	1.663807E+8	7.458274E+16	0	0	-0.003607	0.206394	0	0
0	0	0	11.113697	6.053492	-268.386525	6.053492	1890387	3.707645E-9	2.69713E+8	7.458274E+16	0	0	-0.0002	0.204752	0	0
0	0	0	10.847427	6.053569	-270.860915	6.053569	1636960	4.112226E-9	2.431773E+8	7.458274E+16	0	0	0.002875	0.203046	0	0
0	0	0	10.586334	6.053576	-273.284004	6.053576	1421481	3.660304E-9	2.732013E+8	7.458274E+16	0	0	0.005998	0.201381	0	0
0	0	0	10.330713	6.053673	-275.660604	6.053673	1238023	5.004188E-9	1.998326E+8	7.458274E+16	0	0	0.000967	0.199775	0	0
0	0	0	10.079535	6.053707	-277.993005	6.053707	1080835	5.436993E-9	1.839252E+8	7.458274E+16	0	0	0.002548	0.198197	0	0
0	0	0	9.830481	6.053687	-280.30315	6.053687	944689	4.144183E-9	2.413021E+8	7.458274E+16	0	0	-0.002984	0.196567	0	0
0	0	0	9.588696	6.053797	-282.552149	6.053797	828943	1.226963E-8	8.150205E+7	7.458274E+16	0	0	0.002587	0.195014	0	0
0	0	0	9.350341	6.053592	-284.754052	6.053592	728729	2.001739E-9	4.995656E+8	7.458274E+16	0	0	-0.001822	0.193428	0	0
0	0	0	9.11522	6.053713	-286.941743	6.053713	641751	3.39422E-9	2.946185E+8	7.458274E+16	0	0	0.007909	0.191734	0	0
0	0	0	8.882615	6.053589	-289.094099	6.053589	565923	1.534048E-9	6.518702E+8	7.458274E+16	0	0	0.00224	0.190244	0	0
0	0	0	8.656331	6.053801	-291.204353	6.053801	500764	7.98667E-9	1.252086E+8	7.458274E+16	0	0	-0.002278	0.188727	0	0
0	0	0	8.434311	6.053818	-293.265467	6.053818	444129	1.156655E-8	8.645619E+7	7.458274E+16	0	0	-0.000218	0.187233	0	0
0	0	0	8.214855	6.053841	-295.30313	6.053841	394446	9.01687E-8	1.109032E+7	7.458274E+16	0	0	-0.001894	0.185763	0	0
0	0	0	7.999025	6.053807	-297.304276	6.053807	351007	6.625397E-9	1.509344E+8	7.458274E+16	0	0	0.005265	0.184117	0	0
0	0	0	7.788488	6.053754	-299.255269	6.053754	313248	2.395848E-9	4.173888E+8	7.458274E+16	0	0	0.008283	0.182655	0	0
0	0	0	7.581333	6.05372	-301.175882	6.05372	280062	1.561533E-9	6.403964E+8	7.458274E+16	0	0	0.001061	0.181153	0	0
0	0	0	7.377329	6.053895	-303.0779	6.053895	250819	-3.417492E-9	-2.926123E+8	7.458274E+16	0	0	0.003659	0.179779	0	0
0	0	0	7.177214	6.053908	-304.935626	6.053908	225102	-2.424766E-9	-4.124109E+8	7.458274E+16	0	0	0.003687	0.178341	0	0
0	0	0	6.978617	6.053764	-306.771082	6.053764	202188	1.740527E-9	5.745386E+8	7.458274E+16	0	0	0.00547	0.176895	0	0
0	0	0	6.784251	6.053942	-308.583996	6.053942	182022	-1.286929E-9	-7.770436E+8	7.458274E+16	0	0	0.003744	0.175485	0	0
0	0	0	6.593022	6.053948	-310.358934	6.053948	164145	-1.085903E-9	-9.208928E+8	7.458274E+16	0	0	0.006444	0.174079	0	0
0	0	0	6.40452	6.053875	-312.104319	6.053875	148242	-3.351613E-9	-2.983638E+8	7.458274E+16	0	0	0.006939	0.172749	0	0
0	0	0	6.218436	6.053999	-313.837708	6.053999	134056	-5.982861E-10	-1.671441E+9	7.458274E+16	0	0	-0.001141	0.171335	0	0
0	0	0	6.034949	6.053885	-315.534392	6.053885	121397	-2.064174E-9	-4.844552E+8	7.458274E+16	0	0	-0.000239	0.170033	0	0
0	0	0	5.85535	6.053915	-317.202649	6.053915	110165	-1.074199E-9	-9.30926E+8	7.458274E+16	0	0	-0.002994	0.168643	0	0
0	0	0	5.678789	6.053979	-318.844527	6.053979	100136	-5.137708E-10	-1.946393E+9	7.458274E+16	0	0	0.008081	0.167261	0	0
0	0	0	5.50636	6.053781	-320.43398	6.053781	91224	9.930491E-10	1.007E+9	7.458274E+16	0	0	0.002551	0.165955	0	0
0	0	0	5.335516	6.053992	-322.030793	6.053992	83177	-3.880505E-10	-2.576984E+9	7.458274E+16	0	0	0.001631	0.164676	0	0
0	0	0	5.166812	6.053885	-323.59052	6.053885	75927	-1.291025E-9	-7.745785E+8	7.458274E+16	0	0	0.003061	0.163402	0	0
0	0	0	5.002861	6.053875	-325.111399	6.053875	69487	-1.571035E-9	-6.36523E+8	7.458274E+16	0	0	0.004037	0.162108	0	0
0	0	0	4.841655	6.053868	-326.606992	6.053868	63688	-1.845538E-9	-5.418474E+8	7.458274E+16	0	0	0.007426	0.160858	0	0
0	0	0	4.683176	6.053969	-328.083175	6.053969	58459	-3.241911E-10	-3.084601E+9	7.458274E+16	0	0	0.008452	0.159556	0	0
0	0	0	4.526445	6.053928	-329.535399	6.053928	53710	-4.402557E-10	-2.271407E+9	7.458274E+16	0	0	-0.000256	0.158369	0	0
0	0	0	4.371544	6.054032	-330.978627	6.054032	49396	-1.811559E-10	-5.520107E+9	7.458274E+16	0	0	-0.000258	0.157091	0	0
0	0	0	4.217917	6.053888	-332.396257	6.053888	45459	-7.139572E-10	-1.400644E+9	7.458274E+16	0	0	-0.001248	0.155929	0	0
0	0	0	4.067524	6.053979	-333.796934	6.053979	41910	-2.150289E-10	-4.650538E+9	7.458274E+16	0	0	0.009699	0.154703	0	0
0	0	0	3.919271	6.053925	-335.169701	6.053925	38682	-3.302292E-10	-3.0282E+9	7.458274E+16	0	0	0.008267	0.153476	0	0
0	0	0	3.772373	6.053891	-336.530998	6.053891	35729	-5.213451E-10	-1.918115E+9	7.458274E+16	0	0	0.009339	0.15229	0	0
0	0	0	3.62528	6.053965	-337.900164	6.053965	32998	-1.880633E-10	-5.31736E+9	7.458274E+16	0	0	0.004826	0.151092	0	0
0	0	0	3.480016	6.053918	-339.245537	6.053918	30506	-2.839988E-10	-3.521141E+9	7.458274E+16	0	0	0.00127	0.149949	0	0
0	0	0	3.332678	6.054012	-340.618156	6.054012	28170	-1.156838E-10	-8.64425E+9	7.458274E+16	0	0	0.012645	0.148843	0	0
0	0	0	3.185519	6.053901	-341.977465	6.053901	26016	-3.13017E-10	-3.194714E+9	7.458274E+16	0	0	0.007014	0.14768	0	0
0	0	0	3.039912	6.053935	-343.330592	6.053935	24047	-1.82564E-10	-5.477531E+9	7.458274E+16	0	0	0.001822	0.146578	0	0
0	0	0	2.893913	6.054039	-344.691419	6.054039	22222	-7.869199E-11	-1.270777E+10	7.458274E+16	0	0	-0.001334	0.145416	0	0
0	0	0	2.754382	6.053959	-345.981619	6.053959	20607	-1.243323E-10	-8.042963E+9	7.458274E+16	0	0	0.003445	0.144297	0	0
0	0	0	2.623297	6.053955	-347.197884	6.053955	19198	-1.193305E-10	-8.380086E+9	7.458274E+16	0	0	0.003471	0.143191	0	0
0	0	0	2.499693	6.053891	-348.341219	6.053891	17957	-2.620223E-10	-3.816469E+9	7.458274E+16	0	0	0.000796	0.142112	0	0
0	0	0	2.381495	6.054123	-349.451534	6.054123	16845	-4.170552E-11	-2.397764E+10	7.458274E+16	0	0	-0.005722	0.141058	0	0
0	0	0	2.27189	6.053969	-350.459684	6.053969	15876	-8.804217E-11	-1.135819E+10	7.458274E+16	0	0	0.004643	0.139927	0	0
0	0	0	2.168639	6.054103	-351.425692	6.054103	15014	-4.006504E-11	-2.495942E+10	7.458274E+16	0	0	0.003574	0.138837	0	0
0	0	0	2.071072	6.054002	-352.325222	6.054002	14243	-6.221629E-11	-1.607296E+10	7.458274E+16	0	0	0.013047	0.137826	0	0
0	0	0	1.978634	6.054012	-353.183631	6.054012	13549	-5.564076E-11	-1.797244E+10	7.458274E+16	0	0	0.001385	0.1368	0	0
0	0	0	1.890852	6.054043	-354.000024	6.054043	12921	-4.498132E-11	-2.223145E+10	7.458274E+16	0	0	0.003648	0.135845	0	0
0	0	0	1.807921	6.054016	-354.768042	6.054016	12355	-4.974454E-11	-2.010271E+10	7.458274E+16	0	0	0.00822	0.134751	0	0
0	0	0	1.733255	6.053948	-355.456973	6.053948	11866	-7.849961E-11	-1.273892E+10	7.458274E+16	0	0	0.009994	0.13374	0	0
0	0	0	1.658132	6.054002	-356.157281	6.054002	11393	-4.976692E-11	-2.009367E+10	7.458274E+16	0	0	0.002002	0.13271	0	0
0	0	0	1.587109	6.053948	-356.81319	6.053948	10965	-7.253904E-11	-1.378568E+10	7.458274E+16	0	0	0.002595	0.131791	0	0
0	0	0	1.517818	6.054073	-357.463575	6.054073	10561	-3.190667E-11	-3.134141E+10	7.458274E+16	0	0	0.002614	0.130808	0	0
0	0	0	1.453312	6.053935	-358.054012	6.053935	10200	-7.743805E-11	-1.291355E+10	7.458274E+16	0	0	0.002632	0.12983	0	0
0	0	0	1.392629	6.053938	-358.617343	6.053938	9870	-7.226606E-11	-1.383775E+10	7.458274E+16	0	0	0.009166	0.128891	0	0
0	0	0	1.333988	6.054026	-359.166727	6.054026	9562	-3.636428E-11	-2.749951E+10	7.458274E+16	0	0	0.007444	0.127884	0	0
0	0	0	1.278564	6.054103	-359.685661	6.054103	9280	-2.476379E-11	-4.038154E+10	7.458274E+16	0	0	0.002088	0.12695	0	0
0	0	0	1.226049	6.053975	-360.165394	6.053975	9020	-4.74628E-11	-2.106913E+10	7.458274E+16	0	0	0.000287	0.126003	0	0
0	0	0	1.175379	6.053922	-360.632396	6.053922	8777	-7.817316E-11	-1.279211E+10	7.458274E+16	0	0	0.008823	0.125056	0	0
0	0	0	1.127469	6.054137	-361.089849	6.054137	8552	-2.020101E-11	-4.950248E+10	7.458274E+16	0	0	0.000905	0.124198	0	0
0	0	0	1.081765	6.053942	-361.502324	6.053942	8343	-5.898652E-11	-1.695303E+10	7.458274E+16	0	0	0.003383	0.123275	0	0
0	0	0	1.037302	6.054093	-361.923995	6.054093	8145	-2.261499E-11	-4.421846E+10	7.458274E+16	0	0	0.003406	0.122384	0	0
0	0	0	0.996008	6.054049	-362.304586	6.054049	7966	-2.682394E-11	-3.728013E+10	7.458274E+16	0	0	0.004685	0.121453	0	0
0	0	0	0.954926	6.054043	-362.68542	6.054043	7791	-2.712247E-11	-3.68698E+10	7.458274E+16	0	0	-0.001594	0.120551	0	0
0	0	0	0.917242	6.054103	-363.038762	6.054103	7633	-2.036875E-11	-4.909481E+10	7.458274E+16	0	0	0.00856	0.119728	0	0
0	0	0	0.880783	6.054036	-363.373063	6.054036	7484	-2.696629E-11	-3.708334E+10	7.458274E+16	0	0	0.002864	0.118801	0	0
0	0	0	0.845011	6.054079	-363.707664	6.054079	7341	-2.154571E-11	-4.641296E+10	7.458274E+16	0	0	-0.000338	0.117946	0	0
0	0	0	0.811688	6.053898	-364.005971	6.053898	7210	-9.213676E-11	-1.085343E+10	7.458274E+16	0	0	0.004849	0.117108	0	0
0	0	0	0.779656	6.053901	-364.303427	6.053901	7086	-8.525671E-11	-1.172928E+10	7.458274E+16	0	0	0.008152	0.116221	0	0
0	0	0	0.74777	6.053938	-364.601545	6.053938	6965	-5.099626E-11	-1.960928E+10	7.458274E+16	0	0	-0.003634	0.11543	0	0
0	0	0	0.718205	6.053972	-364.877939	6.053972	6855	-3.701741E-11	-2.701432E+10	7.458274E+16	0	0	-0.002334	0.114627	0	0
0	0	0	0.690109	6.053925	-365.135822	6.053925	6751	-5.763345E-11	-1.735104E+10	7.458274E+16	0	0	0.003653	0.113692	0	0
0	0	0	0.663043	6.054063	-365.395321	6.054063	6653	-2.102617E-11	-4.755979E+10	7.458274E+16	0	0	0.006367	0.112866	0	0
0	0	0	0.636646	6.054103	-365.642722	6.054103	6559	-1.750277E-11	-5.713381E+10	7.458274E+16	0	0	0.005733	0.112067	0	0
0	0	0	0.610249	6.053918	-365.876504	6.053918	6466	-6.019591E-11	-1.661243E+10	7.458274E+16	0	0	0.005772	0.111256	0	0
0	0	0	0.584849	6.053962	-366.11486	6.053962	6378	-3.738531E-11	-2.674848E+10	7.458274E+16	0	0	0.01061	0.110489	0	0
0	0	0	0.562438	6.05418	-366.336062	6.05418	6301	-1.295087E-11	-7.721489E+10	7.458274E+16	0	0	-0.01072	0.109662	0	0
0	0	0	0.540778	6.054056	-366.529534	6.054056	6228	-2.030686E-11	-4.924444E+10	7.458274E+16	0	0	0.007975	0.108911	0	0
0	0	0	0.518432	6.054069	-366.737719	6.054069	6153	-1.886635E-11	-5.300442E+10	7.458274E+16	0	0	0.010137	0.108052	0	0
0	0	0	0.496952	6.053959	-366.930328	6.053959	6082	-3.669573E-11	-2.725112E+10	7.458274E+16	0	0	0.010912	0.107269	0	0
0	0	0	0.477792	6.054026	-367.112214	6.054026	6020	-2.289406E-11	-4.367946E+10	7.458274E+16	0	0	0.007438	0.106483	0	0
0	0	0	0.458892	6.053945	-367.282702	6.053945	5958	-4.072467E-11	-2.455514E+10	7.458274E+16	0	0	-0.003233	0.10578	0	0
0	0	0	0.440745	6.054029	-367.456213	6.054029	5900	-2.203048E-11	-4.539166E+10	7.458274E+16	0	0	-0.001817	0.104989	0	0
0	0	0	0.424426	6.053982	-367.604789	6.053982	5848	-2.927447E-11	-3.415945E+10	7.458274E+16	0	0	0.002518	0.104218	0	0
0	0	0	0.405985	6.054009	-367.777561	6.054009	5790	-2.426167E-11	-4.121729E+10	7.458274E+16	0	0	0.017867	0.103423	0	0
0	0	0	0.389911	6.053999	-367.926108	6.053999	5740	-2.561737E-11	-3.903602E+10	7.458274E+16	0	0	0.001818	0.102732	0	0
0	0	0	0.373626	6.054012	-368.078055	6.054012	5690	-2.336674E-11	-4.279588E+10	7.458274E+16	0	0	0.008493	0.101933	0	0
0	0	0	0.359415	6.053905	-368.203391	6.053905	5646	-6.417795E-11	-1.558168E+10	7.458274E+16	0	0	0.001099	0.101238	0	0
0	0	0	0.344142	6.054043	-368.353506	6.054043	5600	-1.949504E-11	-5.12951E+10	7.458274E+16	0	0	0.002605	0.100571	0	0
0	0	0	0.331923	6.053915	-368.459118	6.053915	5563	-5.42438E-11	-1.843529E+10	7.458274E+16	0	0	-0.004172	0.099808	0	0
0	0	0	0.316748	6.053962	-368.602803	6.053962	5518	-3.234433E-11	-3.091732E+10	7.458274E+16	0	0	-0.002681	0.099049	0	0
0	0	0	0.304971	6.054032	-368.716394	6.054032	5483	-2.010846E-11	-4.97303E+10	7.458274E+16	0	0	-0.001932	0.098398	0	0
0	0	0	0.291119	6.054039	-368.845348	6.054039	5442	-1.927107E-11	-5.189124E+10	7.458274E+16	0	0	0.005762	0.097655	0	0
0	0	0	0.279391	6.053925	-368.947222	6.053925	5407	-4.615969E-11	-2.166392E+10	7.458274E+16	0	0	0.008126	0.097008	0	0
0	0	0	0.266683	6.054056	-369.073145	6.054056	5370	-1.750929E-11	-5.711255E+10	7.458274E+16	0	0	0.003497	0.096257	0	0
0	0	0	0.255085	6.053962	-369.175032	6.053962	5337	-3.128338E-11	-3.196586E+10	7.458274E+16	0	0	0.002735	0.095534	0	0
0	0	0	0.245268	6.054063	-369.272284	6.054063	5308	-1.677542E-11	-5.961102E+10	7.458274E+16	0	0	0.007507	0.094879	0	0
0	0	0	0.233033	6.05409	-369.387462	6.05409	5274	-1.484384E-11	-6.736801E+10	7.458274E+16	0	0	0.007558	0.094196	0	0
0	0	0	0.223625	6.054039	-369.471699	6.054039	5246	-1.8577E-11	-5.382999E+10	7.458274E+16	0	0	-0.001225	0.093505	0	0
0	0	0	0.214869	6.054016	-369.551513	6.054016	5222	-2.102517E-11	-4.756204E+10	7.458274E+16	0	0	-0.002041	0.092902	0	0
0	0	0	0.203778	6.053932	-369.64931	6.053932	5190	-4.091197E-11	-2.444272E+10	7.458274E+16	0	0	0.013417	0.092167	0	0
0	0	0	0.194647	6.05411	-369.744922	6.05411	5165	-1.343437E-11	-7.443593E+10	7.458274E+16	0	0	0.002028	0.091576	0	0
0	0	0	0.186578	6.053942	-369.809543	6.053942	5143	-3.636194E-11	-2.750128E+10	7.458274E+16	0	0	0.014422	0.090881	0	0
0	0	0	0.17645	6.053975	-369.905577	6.053975	5115	-2.691488E-11	-3.715417E+10	7.458274E+16	0	0	0.016186	0.09021	0	0
0	0	0	0.167254	6.053945	-369.989071	6.053945	5089	-3.47848E-11	-2.874819E+10	7.458274E+16	0	0	0.002071	0.089574	0	0
0	0	0	0.160197	6.053818	-370.04675	6.053818	5070	1.320397E-10	7.573482E+9	7.458274E+16	0	0	0.006294	0.088975	0	0
0	0	0	0.151132	6.054009	-370.142587	6.054009	5045	-2.113991E-11	-4.730388E+10	7.458274E+16	0	0	0.002944	0.088388	0	0
0	0	0	0.14187	6.053989	-370.227303	6.053989	5020	-2.396349E-11	-4.173016E+10	7.458274E+16	0	0	0.005527	0.087713	0	0
0	0	0	0.135467	6.053975	-370.285902	6.053975	5002	-2.632028E-11	-3.799352E+10	7.458274E+16	0	0	0.009869	0.087018	0	0
0	0	0	0.128933	6.054043	-370.350646	6.054043	4985	-1.735406E-11	-5.762339E+10	7.458274E+16	0	0	0.007333	0.086467	0	0
0	0	0	0.121468	6.053871	-370.409437	6.053871	4965	-1.261124E-10	-7.929435E+9	7.458274E+16	0	0	-0.0022	0.08584	0	0
0	0	0	0.113431	6.054096	-370.49779	6.054096	4943	-1.354173E-11	-7.38458E+10	7.458274E+16	0	0	-0.00747	0.085308	0	0
0	0	0	0.107322	6.054029	-370.550371	6.054029	4927	-1.839732E-11	-5.435575E+10	7.458274E+16	0	0	-0.001346	0.084685	0	0
0	0	0	0.101948	6.053885	-370.5914	6.053885	4913	-8.353816E-11	-1.197058E+10	7.458274E+16	0	0	0.00842	0.084058	0	0
0	0	0	0.09579	6.054093	-370.661298	6.054093	4896	-1.359398E-11	-7.356196E+10	7.458274E+16	0	0	0.016524	0.083483	0	0
0	0	0	0.089191	6.053962	-370.714516	6.053962	4879	-2.859876E-11	-3.496655E+10	7.458274E+16	0	0	0.00583	0.082896	0	0
0	0	0	0.082461	6.054073	-370.783758	6.054073	4861	-1.468595E-11	-6.809229E+10	7.458274E+16	0	0	-0.011351	0.082333	0	0
0	0	0	0.077446	6.053942	-370.82227	6.053942	4848	-3.427624E-11	-2.917473E+10	7.458274E+16	0	0	0.008648	0.081722	0	0
0	0	0	0.072448	6.054093	-370.877915	6.054093	4835	-1.342461E-11	-7.449004E+10	7.458274E+16	0	0	0.004109	0.08121	0	0
0	0	0	0.067956	6.054036	-370.916103	6.054036	4823	-1.73782E-11	-5.754337E+10	7.458274E+16	0	0	0.00229	0.080543	0	0
0	0	0	0.061291	6.054116	-370.98289	6.054116	4806	-1.219232E-11	-8.201883E+10	7.458274E+16	0	0	-0.007007	0.08002	0	0
0	0	0	0.055509	6.053905	-371.023582	6.053905	4791	-5.445918E-11	-1.836238E+10	7.458274E+16	0	0	0.013579	0.079393	0	0
0	0	0	0.050396	6.054032	-371.078851	6.054032	4778	-1.752293E-11	-5.706807E+10	7.458274E+16	0	0	0.015544	0.07891	0	0
0	0	0	0.046574	6.053982	-371.111234	6.053982	4768	-2.386811E-11	-4.189691E+10	7.458274E+16	0	0	0.007099	0.078366	0	0
0	0	0	0.042163	6.053861	-371.144748	6.053861	4757	-1.919051E-10	-5.210909E+9	7.458274E+16	0	0	0.011926	0.077823	0	0
0	0	0	0.037197	6.054019	-371.200508	6.054019	4744	-1.8734E-11	-5.337889E+10	7.458274E+16	0	0	0.010086	0.077244	0	0
0	0	0	0.033343	6.054012	-371.235871	6.054012	4734	-1.94408E-11	-5.143822E+10	7.458274E+16	0	0	0.00434	0.076665	0	0
0	0	0	0.027919	6.053861	-371.276927	6.053861	4720	-1.904125E-10	-5.251757E+9	7.458274E+16	0	0	0.006317	0.076173	0	0
0	0	0	0.023509	6.053905	-371.320532	6.053905	4709	-5.352709E-11	-1.868213E+10	7.458274E+16	0	0	0.008325	0.075626	0	0
0	0	0	0.020193	6.053975	-371.35563	6.053975	4700	-2.473117E-11	-4.043481E+10	7.458274E+16	0	0	-0.003483	0.075151	0	0
0	0	0	0.017449	6.053979	-371.381302	6.053979	4693	-2.407852E-11	-4.15308E+10	7.458274E+16	0	0	0.002462	0.074616	0	0
0	0	0	0.013888	6.054056	-371.419087	6.054056	4684	-1.527253E-11	-6.547702E+10	7.458274E+16	0	0	0.008491	0.074072	0	0
0	0	0	0.011078	6.054009	-371.442275	6.054009	4677	-1.959789E-11	-5.102589E+10	7.458274E+16	0	0	0.015616	0.073509	0	0
0	0	0	0.007272	6.054019	-371.478212	6.054019	4668	-1.843388E-11	-5.424795E+10	7.458274E+16	0	0	0.003529	0.073014	0	0
0	0	0	0.003564	6.054049	-371.514477	6.054049	4658	-1.56849E-11	-6.375558E+10	7.458274E+16	0	0	0.001507	0.072574	0	0
0	0	0	-0.00016	6.053955	-371.543267	6.053955	4649	-2.889715E-11	-3.460548E+10	7.458274E+16	0	0	0.007688	0.072051	0	0
0	0	0	-0.004538	6.054043	-371.589251	6.054043	4638	-1.614607E-11	-6.193458E+10	7.458274E+16	0	0	-0.000543	0.071596	0	0
0	0	0	-0.006792	6.053895	-371.601099	6.053895	4632	-6.311246E-11	-1.584473E+10	7.458274E+16	0	0	0.010913	0.071077	0	0
0	0	0	-0.009634	6.054083	-371.63902	6.054083	4625	-1.338338E-11	-7.471956E+10	7.458274E+16	0	0	0.000498	0.070609	0	0
0	0	0	-0.012198	6.053915	-371.65251	6.053915	4619	-4.503903E-11	-2.220296E+10	7.458274E+16	0	0	-0.000555	0.070022	0	0
0	0	0	-0.01473	6.054069	-371.68549	6.054069	4612	-1.414133E-11	-7.07147E+10	7.458274E+16	0	0	-0.009057	0.069627	0	0
0	0	0	-0.017426	6.053965	-371.70411	6.053965	4606	-2.625066E-11	-3.809428E+10	7.458274E+16	0	0	-0.00163	0.069183	0	0
0	0	0	-0.019925	6.053891	-371.722765	6.053891	4600	-6.712159E-11	-1.489834E+10	7.458274E+16	0	0	0.006972	0.068652	0	0
0	0	0	-0.022702	6.053848	-371.745853	6.053848	4592	-8.588805E-10	-1.164306E+9	7.458274E+16	0	0	0.004848	0.068205	0	0
0	0	0	-0.025952	6.053948	-371.782205	6.053948	4584	-3.032548E-11	-3.297557E+10	7.458274E+16	0	0	0.008149	0.067749	0	0
0	0	0	-0.029856	6.054039	-371.824002	6.054039	4575	-1.620088E-11	-6.172506E+10	7.458274E+16	0	0	0.000521	0.067294	0	0
0	0	0	-0.032274	6.053841	-371.834267	6.053841	4569	1.044485E-9	9.574097E+8	7.458274E+16	0	0	-0.001685	0.066803	0	0
0	0	0	-0.035312	6.053955	-371.869475	6.053955	4561	-2.835017E-11	-3.527316E+10	7.458274E+16	0	0	0.003871	0.066231	0	0
0	0	0	-0.037925	6.054032	-371.898473	6.054032	4555	-1.67051E-11	-5.986196E+10	7.458274E+16	0	0	-0.002827	0.065868	0	0
0	0	0	-0.040408	6.053871	-371.911611	6.053871	4549	-1.155459E-10	-8.654571E+9	7.458274E+16	0	0	0.020858	0.065309	0	0
0	0	0	-0.042581	6.054029	-371.941469	6.054029	4544	-1.69672E-11	-5.893723E+10	7.458274E+16	0	0	-0.005145	0.064821	0	0
0	0	0	-0.044721	6.054049	-371.962564	6.054049	4538	-1.528083E-11	-6.544149E+10	7.458274E+16	0	0	0.006266	0.064374	0	0
0	0	0	-0.046926	6.053969	-371.978076	6.053969	4533	-2.513827E-11	-3.977999E+10	7.458274E+16	0	0	0.009771	0.063883	0	0
0	0	0	-0.050029	6.053881	-372.001512	6.053881	4525	-8.387241E-11	-1.192287E+10	7.458274E+16	0	0	0.00287	0.063495	0	0
0	0	0	-0.052855	6.054019	-372.036197	6.054019	4518	-1.784153E-11	-5.604901E+10	7.458274E+16	0	0	-0.001783	0.062956	0	0
0	0	0	-0.05591	6.053999	-372.063305	6.053999	4511	-2.013239E-11	-4.967119E+10	7.458274E+16	0	0	-0.000617	0.062577	0	0
0	0	0	-0.058491	6.053932	-372.083127	6.053932	4505	-3.551222E-11	-2.815932E+10	7.458274E+16	0	0	0.018336	0.062069	0	0
0	0	0	-0.061284	6.053922	-372.108429	6.053922	4498	-4.006185E-11	-2.49614E+10	7.458274E+16	0	0	0.011301	0.061642	0	0
0	0	0	-0.064273	6.054079	-372.14587	6.054079	4490	-1.317807E-11	-7.588364E+10	7.458274E+16	0	0	0.001769	0.061282	0	0
0	0	0	-0.066478	6.054056	-372.164889	6.054056	4485	-1.462368E-11	-6.838225E+10	7.458274E+16	0	0	0.009025	0.060851	0	0
0	0	0	-0.068357	6.053922	-372.174064	6.053922	4481	-3.991044E-11	-2.50561E+10	7.458274E+16	0	0	0.003007	0.060444	0	0
0	0	0	-0.070088	6.054036	-372.197151	6.054036	4476	-1.612789E-11	-6.20044E+10	7.458274E+16	0	0	0.005474	0.060016	0	0
0	0	0	-0.072669	6.053999	-372.21883	6.053999	4470	-1.994941E-11	-5.012679E+10	7.458274E+16	0	0	0.004279	0.059605	0	0
0	0	0	-0.074139	6.053959	-372.229996	6.053959	4467	-2.695163E-11	-3.71035E+10	7.458274E+16	0	0	0.019177	0.059201	0	0
0	0	0	-0.076034	6.054036	-372.252328	6.054036	4462	-1.607744E-11	-6.219894E+10	7.458274E+16	0	0	0.003082	0.05889	0	0
0	0	0	-0.077864	6.054019	-372.268273	6.054019	4457	-1.760064E-11	-5.681612E+10	7.458274E+16	0	0	0.008125	0.058426	0	0
0	0	0	-0.080379	6.054029	-372.292237	6.054029	4452	-1.662368E-11	-6.015516E+10	7.458274E+16	0	0	0.024562	0.058107	0	0
0	0	0	-0.082045	6.054006	-372.306253	6.054006	4447	-1.902154E-11	-5.257199E+10	7.458274E+16	0	0	-0.001939	0.057624	0	0
0	0	0	-0.08376	6.053972	-372.320104	6.053972	4443	-2.399247E-11	-4.167975E+10	7.458274E+16	0	0	0.014694	0.057192	0	0
0	0	0	-0.085917	6.054056	-372.345276	6.054056	4438	-1.447043E-11	-6.910644E+10	7.458274E+16	0	0	0.005763	0.056845	0	0
0	0	0	-0.088007	6.054076	-372.365918	6.054076	4433	-1.319907E-11	-7.576293E+10	7.458274E+16	0	0	0.010993	0.056417	0	0
0	0	0	-0.089641	6.053888	-372.369511	6.053888	4429	-6.955974E-11	-1.437613E+10	7.458274E+16	0	0	0.016251	0.056158	0	0
0	0	0	-0.090948	6.053996	-372.388247	6.053996	4426	-2.019103E-11	-4.952695E+10	7.458274E+16	0	0	0.020335	0.05565	0	0
0	0	0	-0.093104	6.054009	-372.409082	6.054009	4421	-1.852519E-11	-5.398057E+10	7.458274E+16	0	0	0.009879	0.055315	0	0
0	0	0	-0.094411	6.053955	-372.417904	6.053955	4418	-2.746131E-11	-3.641487E+10	7.458274E+16	0	0	0.009956	0.054867	0	0
0	0	0	-0.095717	6.05409	-372.438293	6.05409	4415	-1.242616E-11	-8.04754E+10	7.458274E+16	0	0	0.016718	0.054508	0	0
0	0	0	-0.096747	6.053962	-372.439994	6.053962	4412	-2.586139E-11	-3.866768E+10	7.458274E+16	0	0	0.008719	0.054228	0	0
0	0	0	-0.097841	6.053908	-372.446845	6.053908	4410	-4.750384E-11	-2.105093E+10	7.458274E+16	0	0	-0.000712	0.053809	0	0
0	0	0	-0.098886	6.053932	-372.457992	6.053932	4407	-3.47397E-11	-2.878551E+10	7.458274E+16	0	0	-0.003447	0.053453	0	0
0	0	0	-0.099883	6.053925	-372.466826	6.053925	4405	-3.760559E-11	-2.659179E+10	7.458274E+16	0	0	0.010272	0.053082	0	0
0	0	0	-0.100585	6.053898	-372.471691	6.053898	4403	-5.626604E-11	-1.777271E+10	7.458274E+16	0	0	-0.004877	0.052699	0	0
0	0	0	-0.101729	6.054012	-372.489326	6.054012	4400	-1.806918E-11	-5.534285E+10	7.458274E+16	0	0	0.004837	0.052371	0	0
0	0	0	-0.102104	6.054063	-372.495911	6.054063	4400	-1.390578E-11	-7.191256E+10	7.458274E+16	0	0	0.002065	0.052047	0	0
0	0	0	-0.103248	6.053928	-372.498258	6.053928	4397	-3.604178E-11	-2.774557E+10	7.458274E+16	0	0	0.004895	0.051708	0	0
0	0	0	-0.103803	6.054002	-372.507957	6.054002	4396	-1.920261E-11	-5.207625E+10	7.458274E+16	0	0	0.01201	0.051384	0	0
0	0	0	-0.105028	6.054029	-372.520979	6.054029	4392	-1.639964E-11	-6.097695E+10	7.458274E+16	0	0	0.007816	0.050989	0	0
0	0	0	-0.10609	6.053952	-372.52608	6.053952	4390	-2.813734E-11	-3.553996E+10	7.458274E+16	0	0	0.019376	0.050601	0	0
0	0	0	-0.10756	6.053982	-372.541582	6.053982	4387	-2.196086E-11	-4.553556E+10	7.458274E+16	0	0	0.006465	0.050346	0	0
0	0	0	-0.108066	6.053992	-372.546901	6.053992	4386	-2.046226E-11	-4.887046E+10	7.458274E+16	0	0	-0.000764	0.049994	0	0
0	0	0	-0.10903	6.054019	-372.557497	6.054019	4383	-1.730841E-11	-5.777537E+10	7.458274E+16	0	0	0.006553	0.049635	0	0
0	0	0	-0.109945	6.053865	-372.556481	6.053865	4381	-1.477634E-10	-6.767575E+9	7.458274E+16	0	0	0.024288	0.049287	0	0
0	0	0	-0.11148	6.054056	-372.582508	6.054056	4377	-1.427154E-11	-7.006954E+10	7.458274E+16	0	0	0.015544	0.048948	0	0
0	0	0	-0.113097	6.054133	-372.602268	6.054133	4374	-1.045199E-11	-9.567552E+10	7.458274E+16	0	0	0.024595	0.048636	0	0
0	0	0	-0.114045	6.053948	-372.599694	6.053948	4371	-2.891638E-11	-3.458247E+10	7.458274E+16	0	0	0.023243	0.048325	0	0
0	0	0	-0.115662	6.053952	-372.614908	6.053952	4367	-2.798992E-11	-3.572714E+10	7.458274E+16	0	0	0.026407	0.048013	0	0
0	0	0	-0.116985	6.054123	-372.637726	6.054123	4365	-1.080704E-11	-9.253228E+10	7.458274E+16	0	0	0.025039	0.047722	0	0
0	0	0	-0.118145	6.053972	-372.639189	6.053972	4362	-2.355506E-11	-4.245372E+10	7.458274E+16	0	0	0.002259	0.047338	0	0
0	0	0	-0.119713	6.053938	-372.651674	6.053938	4358	-3.190836E-11	-3.133975E+10	7.458274E+16	0	0	0.011512	0.047062	0	0
0	0	0	-0.121363	6.053965	-372.668637	6.053965	4354	-2.481446E-11	-4.029909E+10	7.458274E+16	0	0	0.011573	0.046799	0	0
0	0	0	-0.122425	6.054032	-372.682624	6.054032	4352	-1.596061E-11	-6.265424E+10	7.458274E+16	0	0	0.022568	0.046455	0	0
0	0	0	-0.123274	6.054116	-372.695673	6.054116	4349	-1.103296E-11	-9.06375E+10	7.458274E+16	0	0	0.000746	0.046128	0	0
0	0	0	-0.124368	6.053996	-372.698389	6.053996	4347	-1.983064E-11	-5.042703E+10	7.458274E+16	0	0	0.002331	0.045792	0	0
0	0	0	-0.125283	6.054043	-372.709771	6.054043	4345	-1.512606E-11	-6.611107E+10	7.458274E+16	0	0	0.011869	0.045565	0	0
0	0	0	-0.12659	6.053901	-372.713217	6.053901	4342	-5.224169E-11	-1.91418E+10	7.458274E+16	0	0	0.015148	0.045237	0	0
0	0	0	-0.127439	6.053965	-372.725026	6.053965	4340	-2.473467E-11	-4.042909E+10	7.458274E+16	0	0	0.015232	0.044973	0	0
0	0	0	-0.128076	6.053935	-372.729078	6.053935	4338	-3.293395E-11	-3.036381E+10	7.458274E+16	0	0	0.010467	0.04471	0	0
0	0	0	-0.129154	6.054083	-372.748178	6.054083	4336	-1.25471E-11	-7.969972E+10	7.458274E+16	0	0	0.013798	0.044374	0	0
0	0	0	-0.129857	6.054056	-372.753042	6.054056	4334	-1.413133E-11	-7.076474E+10	7.458274E+16	0	0	0.022095	0.044047	0	0
0	0	0	-0.13051	6.054083	-372.760759	6.054083	4332	-1.253552E-11	-7.977331E+10	7.458274E+16	0	0	0.032091	0.043815	0	0
0	0	0	-0.131392	6.054069	-372.768118	6.054069	4331	-1.327973E-11	-7.530274E+10	7.458274E+16	0	0	-0.004188	0.043511	0	0
0	0	0	-0.131931	6.054009	-372.769399	6.054009	4329	-1.813968E-11	-5.512776E+10	7.458274E+16	0	0	0.000793	0.043204	0	0
0	0	0	-0.13283	6.054069	-372.781458	6.054069	4327	-1.326746E-11	-7.537236E+10	7.458274E+16	0	0	0.004158	0.042928	0	0
0	0	0	-0.133695	6.053928	-372.780809	6.053928	4325	-3.545161E-11	-2.820747E+10	7.458274E+16	0	0	0.017697	0.042673	0	0
0	0	0	-0.13394	6.05411	-372.794246	6.05411	4324	-1.12469E-11	-8.891341E+10	7.458274E+16	0	0	0.004205	0.042421	0	0
0	0	0	-0.135035	6.054016	-372.798614	6.054016	4322	-1.740153E-11	-5.746622E+10	7.458274E+16	0	0	0.002527	0.04205	0	0
0	0	0	-0.134986	6.054069	-372.801467	6.054069	4322	-1.325213E-11	-7.545955E+10	7.458274E+16	0	0	0.033569	0.041782	0	0
0	0	0	-0.13577	6.054012	-372.805229	6.054012	4320	-1.774065E-11	-5.636772E+10	7.458274E+16	0	0	0.002553	0.041598	0	0
0	0	0	-0.136227	6.053905	-372.802857	6.053905	4319	-4.909397E-11	-2.03691E+10	7.458274E+16	0	0	0.009539	0.041307	0	0
0	0	0	-0.136979	6.054056	-372.819134	6.054056	4318	-1.407916E-11	-7.102695E+10	7.458274E+16	0	0	0.018382	0.040999	0	0
0	0	0	-0.137648	6.054009	-372.822454	6.054009	4316	-1.808521E-11	-5.529381E+10	7.458274E+16	0	0	0.02203	0.040727	0	0
0	0	0	-0.138024	6.05411	-372.832143	6.05411	4315	-1.122349E-11	-8.909886E+10	7.458274E+16	0	0	0.018624	0.040436	0	0
0	0	0	-0.137779	6.054043	-372.825734	6.054043	4315	-1.502162E-11	-6.65707E+10	7.458274E+16	0	0	0.034837	0.040176	0	0
0	0	0	-0.138204	6.054039	-372.829469	6.054039	4315	-1.528017E-11	-6.54443E+10	7.458274E+16	0	0	0.008047	0.039953	0	0
0	0	0	-0.138972	6.053979	-372.832872	6.053979	4313	-2.212884E-11	-4.51899E+10	7.458274E+16	0	0	0.01172	0.039677	0	0
0	0	0	-0.139445	6.053932	-372.834373	6.053932	4312	-3.399083E-11	-2.94197E+10	7.458274E+16	0	0	0.00815	0.039421	0	0
0	0	0	-0.14005	6.053952	-372.841222	6.053952	4310	-2.762459E-11	-3.619964E+10	7.458274E+16	0	0	0.004535	0.039166	0	0
0	0	0	-0.140393	6.053972	-372.845646	6.053972	4310	-2.327426E-11	-4.296593E+10	7.458274E+16	0	0	0.017464	0.038926	0	0
0	0	0	-0.139854	6.053962	-372.840023	6.053962	4311	-2.526937E-11	-3.95736E+10	7.458274E+16	0	0	0.004587	0.038698	0	0
0	0	0	-0.140393	6.054063	-372.851228	6.054063	4310	-1.362134E-11	-7.341422E+10	7.458274E+16	0	0	-0.006573	0.038447	0	0
0	0	0	-0.141013	6.054039	-372.855541	6.054039	4308	-1.525538E-11	-6.555064E+10	7.458274E+16	0	0	0.012131	0.038255	0	0
0	0	0	-0.141699	6.054153	-372.868938	6.054153	4306	-9.619177E-12	-1.03959E+11	7.458274E+16	0	0	-0.000991	0.037939	0	0
0	0	0	-0.142582	6.053969	-372.865751	6.053969	4305	-2.387387E-11	-4.18868E+10	7.458274E+16	0	0	0.004706	0.037672	0	0
0	0	0	-0.142287	6.053979	-372.863643	6.053979	4305	-2.208779E-11	-4.527388E+10	7.458274E+16	0	0	-0.001003	0.03746	0	0
0	0	0	-0.142385	6.054002	-372.866	6.054002	4305	-1.880511E-11	-5.317705E+10	7.458274E+16	0	0	0.010524	0.037236	0	0
0	0	0	-0.14299	6.053985	-372.870575	6.053985	4303	-2.102872E-11	-4.755402E+10	7.458274E+16	0	0	0.006715	0.037029	0	0
0	0	0	-0.142729	6.053985	-372.868149	6.053985	4304	-2.10336E-11	-4.754297E+10	7.458274E+16	0	0	0.012576	0.036825	0	0
0	0	0	-0.144003	6.053959	-372.878319	6.053959	4301	-2.595007E-11	-3.853554E+10	7.458274E+16	0	0	0.010748	0.036421	0	0
0	0	0	-0.144182	6.054133	-372.890739	6.054133	4301	-1.027756E-11	-9.72994E+10	7.458274E+16	0	0	0.012739	0.03633	0	0
0	0	0	-0.144672	6.053915	-372.881846	6.053915	4299	-4.191877E-11	-2.385566E+10	7.458274E+16	0	0	0.026709	0.036046	0	0
0	0	0	-0.145162	6.053996	-372.891356	6.053996	4298	-1.96071E-11	-5.100193E+10	7.458274E+16	0	0	0.004934	0.035826	0	0
0	0	0	-0.145783	6.053948	-372.894221	6.053948	4297	-2.842683E-11	-3.517803E+10	7.458274E+16	0	0	-0.001054	0.035567	0	0
0	0	0	-0.146338	6.053972	-372.900822	6.053972	4296	-2.319866E-11	-4.310594E+10	7.458274E+16	0	0	0.00701	0.035383	0	0
0	0	0	-0.1474	6.053922	-372.907573	6.053922	4293	-3.8236E-11	-2.615336E+10	7.458274E+16	0	0	0.019233	0.035147	0	0
0	0	0	-0.148429	6.053959	-372.919398	6.053959	4291	-2.588974E-11	-3.862534E+10	7.458274E+16	0	0	0.017306	0.034928	0	0
0	0	0	-0.14874	6.054046	-372.927655	6.054046	4290	-1.46861E-11	-6.809162E+10	7.458274E+16	0	0	0.015337	0.034748	0	0
0	0	0	-0.149311	6.053895	-372.923654	6.053895	4289	-5.843898E-11	-1.711187E+10	7.458274E+16	0	0	0.036075	0.034524	0	0
0	0	0	-0.1507	6.053912	-372.937573	6.053912	4285	-4.386098E-11	-2.279931E+10	7.458274E+16	0	0	0.007217	0.034304	0	0
0	0	0	-0.150406	6.053945	-372.936912	6.053945	4286	-2.929606E-11	-3.413428E+10	7.458274E+16	0	0	-0.00319	0.034049	0	0
0	0	0	-0.151108	6.054046	-372.949635	6.054046	4285	-1.466898E-11	-6.817107E+10	7.458274E+16	0	0	0.013637	0.033805	0	0
0	0	0	-0.152137	6.054106	-372.962907	6.054106	4282	-1.128026E-11	-8.865043E+10	7.458274E+16	0	0	0.011583	0.033641	0	0
0	0	0	-0.152693	6.054291	-372.979436	6.054291	4281	-6.617451E-12	-1.511156E+11	7.458274E+16	0	0	0.026538	0.033446	0	0
0	0	0	-0.153509	6.054133	-372.977295	6.054133	4279	-1.022498E-11	-9.779966E+10	7.458274E+16	0	0	-0.013946	0.033278	0	0
0	0	0	-0.153705	6.053996	-372.970635	6.053996	4279	-1.952043E-11	-5.122839E+10	7.458274E+16	0	0	0.003173	0.033054	0	0
0	0	0	-0.153689	6.053935	-372.96676	6.053935	4279	-3.248602E-11	-3.078247E+10	7.458274E+16	0	0	0.011849	0.032843	0	0
0	0	0	-0.154277	6.054006	-372.976561	6.054006	4277	-1.829438E-11	-5.466159E+10	7.458274E+16	0	0	0.018445	0.032647	0	0
0	0	0	-0.154783	6.054184	-372.992222	6.054184	4276	-8.70182E-12	-1.149185E+11	7.458274E+16	0	0	0.014188	0.032415	0	0
0	0	0	-0.155535	6.054116	-372.995058	6.054116	4275	-1.084523E-11	-9.220643E+10	7.458274E+16	0	0	0.023105	0.032191	0	0
0	0	0	-0.155862	6.053982	-372.989816	6.053982	4273	-2.139019E-11	-4.675041E+10	7.458274E+16	0	0	0.012117	0.032072	0	0
0	0	0	-0.156401	6.05411	-373.002678	6.05411	4272	-1.111164E-11	-8.999569E+10	7.458274E+16	0	0	-0.01007	0.031884	0	0
0	0	0	-0.155715	6.054046	-372.992382	6.054046	4274	-1.463132E-11	-6.834652E+10	7.458274E+16	0	0	0.005537	0.031704	0	0
0	0	0	-0.156515	6.053982	-372.99588	6.053982	4272	-2.138518E-11	-4.676135E+10	7.458274E+16	0	0	0.012341	0.031457	0	0
0	0	0	-0.157038	6.053989	-373.001144	6.053989	4271	-2.038806E-11	-4.904832E+10	7.458274E+16	0	0	0.021512	0.031221	0	0
0	0	0	-0.157315	6.054076	-373.009099	6.054076	4270	-1.271374E-11	-7.865505E+10	7.458274E+16	0	0	0.003362	0.031089	0	0
0	0	0	-0.157217	6.053989	-373.002812	6.053989	4271	-2.038806E-11	-4.904832E+10	7.458274E+16	0	0	0.001091	0.030853	0	0
0	0	0	-0.157364	6.053955	-373.002107	6.053955	4270	-2.654137E-11	-3.767702E+10	7.458274E+16	0	0	0.010309	0.030738	0	0
0	0	0	-0.157528	6.053999	-373.006312	6.053999	4269	-1.905236E-11	-5.248694E+10	7.458274E+16	0	0	0.015009	0.030538	0	0
0	0	0	-0.157544	6.053992	-373.00605	6.053992	4269	-1.991641E-11	-5.020985E+10	7.458274E+16	0	0	0.01743	0.030346	0	0
0	0	0	-0.157707	6.054009	-373.0086	6.054009	4269	-1.788826E-11	-5.590257E+10	7.458274E+16	0	0	-0.001233	0.030122	0	0
0	0	0	-0.157544	6.054174	-373.017219	6.054174	4269	-8.953249E-12	-1.116913E+11	7.458274E+16	0	0	0.017648	0.029951	0	0
0	0	0	-0.158181	6.054073	-373.016926	6.054073	4268	-1.289439E-11	-7.75531E+10	7.458274E+16	0	0	-0.003623	0.029751	0	0
0	0	0	-0.157789	6.054029	-373.010599	6.054029	4269	-1.594036E-11	-6.273385E+10	7.458274E+16	0	0	-0.015597	0.029563	0	0
0	0	0	-0.157903	6.053999	-373.009799	6.053999	4269	-1.905236E-11	-5.248694E+10	7.458274E+16	0	0	0.003541	0.029423	0	0
0	0	0	-0.158067	6.054049	-373.014417	6.054049	4268	-1.437165E-11	-6.958142E+10	7.458274E+16	0	0	0.005986	0.029196	0	0
0	0	0	-0.157691	6.054103	-373.01424	6.054103	4269	-1.139188E-11	-8.778184E+10	7.458274E+16	0	0	0.023042	0.029028	0	0
0	0	0	-0.157773	6.053925	-373.004035	6.053925	4269	-3.644455E-11	-2.743894E+10	7.458274E+16	0	0	0.027989	0.028932	0	0
0	0	0	-0.157985	6.054093	-373.016348	6.054093	4269	-1.185309E-11	-8.436621E+10	7.458274E+16	0	0	0.008537	0.028716	0	0
0	0	0	-0.158214	6.054069	-373.017022	6.054069	4268	-1.308656E-11	-7.641429E+10	7.458274E+16	0	0	-0.035922	0.028517	0	0
0	0	0	-0.157936	6.054049	-373.013204	6.054049	4269	-1.437502E-11	-6.956512E+10	7.458274E+16	0	0	0.016086	0.028377	0	0
0	0	0	-0.158181	6.054039	-373.014858	6.054039	4268	-1.511374E-11	-6.616498E+10	7.458274E+16	0	0	-0.016317	0.028181	0	0
0	0	0	-0.157936	6.054029	-373.011963	6.054029	4269	-1.594036E-11	-6.273385E+10	7.458274E+16	0	0	0.031351	0.028033	0	0
0	0	0	-0.15805	6.054147	-373.020264	6.054147	4268	-9.745927E-12	-1.02607E+11	7.458274E+16	0	0	0.036631	0.02783	0	0
0	0	0	-0.158377	6.053952	-373.011299	6.053952	4268	-2.735539E-11	-3.655587E+10	7.458274E+16	0	0	0.011371	0.027706	0	0
0	0	0	-0.157952	6.053938	-373.00653	6.053938	4269	-3.125672E-11	-3.199312E+10	7.458274E+16	0	0	-0.011581	0.027498	0	0
0	0	0	-0.158736	6.054126	-373.02539	6.054126	4267	-1.043879E-11	-9.579654E+10	7.458274E+16	0	0	-0.003918	0.027382	0	0
0	0	0	-0.15841	6.054086	-373.019876	6.054086	4268	-1.217903E-11	-8.210835E+10	7.458274E+16	0	0	0.055512	0.027206	0	0
0	0	0	-0.158867	6.054006	-373.019156	6.054006	4267	-1.825161E-11	-5.47897E+10	7.458274E+16	0	0	0	0	0	0
0	0	0	-0.159602	6.054093	-373.031355	6.054093	4265	-1.184198E-11	-8.444533E+10	7.458274E+16	0	0	0	0	0	0
0	0	0	-0.15957	6.05415	-373.034569	6.05415	4265	-9.632171E-12	-1.038188E+11	7.458274E+16	0	0	0	0	0	0
0	0	0	-0.159733	6.05413	-373.034843	6.05413	4264	-1.030887E-11	-9.700382E+10	7.458274E+16	0	0	0	0	0	0
0	0	0	-0.160305	6.053938	-373.028358	6.053938	4263	-3.121279E-11	-3.203815E+10	7.458274E+16	0	0	0	0	0	0
0	0	0	-0.160452	6.054006	-373.03386	6.054006	4263	-1.82345E-11	-5.484111E+10	7.458274E+16	0	0	0	0	0	0
0	0	0	-0.160729	6.054039	-373.038505	6.054039	4262	-1.509249E-11	-6.625813E+10	7.458274E+16	0	0	0	0	0	0
0	0	0	-0.160925	6.054106	-373.044461	6.054106	4262	-1.122757E-11	-8.906643E+10	7.458274E+16	0	0	0	0	0	0
0	0	0	-0.160876	6.054026	-373.039042	6.054026	4262	-1.620838E-11	-6.169647E+10	7.458274E+16	0	0	0	0	0	0
0	0	0	-0.16184	6.054194	-373.058328	6.054194	4260	-8.419424E-12	-1.18773E+11	7.458274E+16	0	0	0	0	0	0
